2550	
	0.4818893501	0.4761498264	0.4768722293	0.4747684888	  0
	  0	0.4320230569	0.3987779991	0.364696587	0.275540147
	0.37067069	0.2824674813	0.2778901702	0.3558706726	0.3787968521
	0.4584280888	0.422275061	0.4102322226	0.4792474227	0.5306672607
	0.5932144251	0.5321110194	0.5824042277	0.6753270595	0.5794656088
	0.6394555404	0.580656043	0.6796430291	0.5795947466	0.5768971862
	0.6755997669	0.6744907211	  0	1.070302919e-42	  0
	9.397660958e-14	4.614874845e-42	  0	  0	3.633045629e-42
	  0	  0	4.073835701e-14	1.302771273e-14	2.548719159e-42
	2.576295432e-42	3.41881302e-42	2.61410433e-42	1.0199552e-13	6.554627392e-41
	1.072305645e-13	  0	2.843292299e-41	2.35175767e-13	3.329755384e-41
	  0	  0	6.823340183e-41	2.006871996e-41	1.193933024e-13
	2.191853175e-41	2.517880194e-42	2.457932322e-42	  0	  0
	  0	4.323723882e-42	2.576177483e-42	1.097446458e-13	4.034306426e-14
	  0	2.014863387e-43	1.718329121e-13	1.716884768e-13	6.672099665e-13
	0.3928844332	0.302357271	0.3675302343	0.3357303461	0.2671431947
	0.2598059211	0.323192039	0.3416774062	0.3350961418	0.2596345287
	0.2810553506	0.2041569924	0.137034963	0.201790997	0.2002370158
	0.1402199179	0.1545540069	0.2042860584	0.4357878691	0.454486452
	0.3917632154	0.4505271921	0.5125664137	0.5482844519	0.5727261231
	0.6140899984	0.5101861836	0.6452583876	0.6904790942	0.6483132141
	0.5831750518	0.5352586398	0.5139771824	0.6448464182	0.610765163
	0.5739518575	0.7004554443	0.7324877353	0.7848266961	0.7423502281
	0.7563627291	0.7638238341	0.8265190705	0.8327973093	0.8106308818
	0.8348799524	0.7606694785	0.4545799227	  0	  0
	3.985592924e-41	1.048040147e-12	4.043814931e-13	6.61198013e-13	3.124474657e-13
	9.46345207e-13	  0	1.895418676e-12	3.964682204e-12	1.406339537e-12
	5.045827676e-13	  0	  0	  0	1.387984519e-12
	3.738010465e-12	  0	3.168129786e-12	0.3207125656	0.3588056225
	0.304535917	0.3961556415	0.2678672751	0.336045708	0.1975427578
	0.2541012716	0.2358435272	0.2829511224	0.1749758968	0.1226992159
	0.2155214204	0.2252774976	0.202928389	0.1662739188	0.1752826355
	0.151065576	0.1121492086	0.09029978618	0.08603438616	0.06082641853
	0.05600199448	0.1028801707	0.4934868537	0.6294025034	0.5980563716
	0.6563019789	0.553758447	0.6300367604	0.6706097008	0.6976341581
	0.7371712778	0.7839825828	0.7455251325	0.7066680806	0.769352835
	0.7797143229	0.8474879224	0.8184263893	0.814764719	0.8017097925
	0.7241038621	0.7814300313	0.7295087162	0.6991624887	0.7567312322
	0.8057494402	0.8361533964	0.791600929	0.8797911492	0.8849021798
	0.91737976	0.8507326323	0.9003726586	0.8701034611	0.8766767215
	0.9213268457	0.9266095611	0.8879513224	0.9153753096	0.536962946
	0.3923139017	0.4900218536	0.4312847892	0.5948186405	0.4466730022
	0.4504435067	0.5211809813	0.4906297992	0.300871176	0.3507900819
	0.2576377906	0.389737031	0.2991842723	0.4879585446	0.4390316584
	0.331470813	0.3821219945	0.4259808567	  0	6.405492301e-40
	  0	  0	2.218102731e-12	6.625356874e-12	1.057611301e-11
	  0	1.039189685e-11	1.330178353e-11	  0	  0
	1.294547826e-12	0.04650366647	0.1735699007	0.2224250435	0.1515679182
	0.1928585372	0.216654306	0.1618063872	0.2520940143	0.1265092243
	0.08742650331	0.13342307	0.03649328416	0.06672772938	0.08966616752
	0.1343651604	0.09404074706	0.06297817585	0.1330431079	0.03445965703
	0.01238764158	0.0267825463	0.6394865016	0.746755036	0.7370387894
	0.7841399171	0.8068112251	0.6958840082	0.6795082154	0.8373835902
	0.8831075675	0.8739330144	0.8338842248	0.8917923222	0.8218880728
	0.8453213038	0.8615292321	0.9127135599	0.8973834738	0.9312703973
	0.9179424163	0.8722586669	0.8514243122	0.8820308177	0.8964833205
	0.8556719067	0.8466605932	0.8934080517	0.8949354631	0.8931400863
	0.9286933237	0.9109706478	0.9130318569	0.9491353072	0.9661630568
	0.9442894917	0.9652994912	0.9458325303	0.9589691514	0.9676246096
	0.9356554768	0.9524779338	0.9459630303	0.5338909579	0.6132219949
	0.6291482724	0.6352273414	0.6423863154	0.5473678493	0.5516070782
	0.7161488102	0.7228609724	0.7701121169	0.7881963236	0.6424928291
	0.6594487809	0.5817831044	0.5478222679	0.6598469821	0.5847326954
	0.5526310249	0.6452013452	0.6899007728	0.6872116186	0.6140340721
	0.1820792938	0.1473031961	0.2147445248	0.1511667101	0.2479790181
	0.29163287	0.2303638067	0.1755477517	0.5377619215	0.5003024749
	0.4507768391	0.4333836455	0.5183126395	0.4257366148	0.3460736361
	0.3369689585	0.2676624935	4.169311011e-11	7.229683436e-39	1.284460351e-11
	6.696630535e-39	6.415535799e-11	  0	  0	2.161489045e-10
	3.783117465e-11	  0	0.01094360267	0.006691091507	0.03481679666
	0.01767002574	0.01981221709	0.05451315283	0.1225176498	0.02822124453
	0.07525430008	0.08372105751	0.1157631686	0.0566414208	0.004161140298
	0.005042557053	0.0002162528106	0.000731658158	0.8324618191	0.8163605194
	0.8660333643	0.8745336495	0.9340631205	0.9103624042	0.9038391794
	0.9163049509	0.9660608451	0.9255728738	0.9543240518	0.9423119453
	0.9644305917	0.9551627386	0.9411040178	0.9428654396	0.929457447
	0.9267509203	0.9507071933	0.9516225108	0.9282654933	0.9426433527
	0.9640556601	0.9610533965	0.9680576505	0.9534051387	0.973894913
	0.9837069906	0.9762015859	0.9848332737	0.9807125424	0.9791263317
	0.973341883	0.5388983215	0.5548787776	0.6304935595	0.6673115066
	0.5946915237	0.7175517367	0.702307644	0.6351555076	0.6329987245
	0.7141171739	0.7832597236	0.7328801068	0.6999108062	0.7271862193
	0.8053752436	0.7948278656	0.7424454954	0.7280379793	0.7931496282
	0.8042664553	0.740631683	0.855395819	0.8936917135	0.8857393843
	0.8462285187	0.7563290751	0.7518162176	0.7547361938	0.823501359
	0.8171083952	0.8217306107	0.8138690196	0.07693949288	0.1616561599
	0.1294804461	0.1209576955	0.084974969	0.5406129956	0.53656542
	0.4397778824	0.3447005505	0.1653330133	0.2365305501	0.3974655358
	0.305776233	0.2067796506	0.4428203303	0.3500151282	0.2734083488
	  0	2.544277082e-10	  0	2.990752662e-10	  0
	8.152276816e-37	  0	1.29474942e-09	5.652317368e-10	3.411897551e-09
	0.0005020270623	0.005857428793	0.002778429535	0.00202694363	0.01233315918
	0.03098961636	0.02512336784	0.00538395909	0.04705944372	0.0548773453
	0.01718782092	0.0002084337548	  0	0.0002655391657	6.267230768e-06
	0.0001587280813	0.0003737824472	0.000285193787	2.82508401e-07	0.9386129827
	0.9223556807	0.9446818618	0.9160075436	0.9600058594	0.955179585
	0.9617543678	0.9705434527	0.9720297086	0.9822060603	0.9757863383
	0.9807554529	0.9670497474	0.9749781177	0.9781279865	0.9844512501
	0.9833110145	0.9794077726	0.973273048	0.9885191235	0.9925017831
	0.9861257013	0.9927012973	0.9874905291	0.9889321235	0.9907641239
	0.5405896461	0.6111415711	0.6433482617	0.7191510316	0.7036890627
	0.733553567	0.7300052844	0.6399051232	0.6354246325	0.7631196068
	0.8097938364	0.7772438398	0.8327299346	0.7898547619	0.7996451939
	0.8488282234	0.8434612611	0.8948003176	0.8577017122	0.8488636352
	0.8683770398	0.8654778071	0.8708043425	0.9033094933	0.9012041954
	0.8697608747	0.9068698376	0.8632630514	0.8999057811	0.9276411723
	0.9487543877	0.9329617754	0.9509724496	0.9110852367	0.8751168275
	0.9072910995	0.9303136444	0.05649665338	0.03123774554	0.0866261923
	0.06274444407	0.1852473481	0.1430123598	0.09320852157	0.1276426541
	0.4557598147	0.474731958	0.3412318653	0.4054298449	0.5064191322
	0.4342026671	0.3171523233	0.2569955209	0.2015581736	0.2581638137
	2.364346004e-09	  0	  0	1.238602819e-09	  0
	3.649442221e-36	  0	3.597480409e-10	  0	2.947118035e-08
	1.296590838e-08	0.003661213492	0.006248712866	0.0005129296823	0.002303795386
	0.01685285877	0.0355048734	0.02549886425	0.009976767764	0.0007478779307
	4.034677547e-07	3.58202346e-10	3.861315831e-09	9.464477765e-08	1.744766152e-05
	3.773024076e-08	2.60124193e-05	5.420842429e-06	3.20830687e-06	3.128419015e-05
	4.066567577e-05	  0	8.615936121e-07	3.087343593e-06	0.0001653641107
	0.0003603222158	9.301547772e-05	  0	0.9767366734	0.9656340786
	0.9638569681	0.9736637689	0.9877801422	0.9831391984	0.9806502653
	0.9843281796	0.9921233225	0.9887125024	0.9915862992	0.988318968
	0.9901419156	0.9870907121	0.991581651	0.9959383229	0.9950104518
	0.9965215387	0.9973482399	0.9942669379	0.9956335296	0.993679725
	0.9978471219	0.9983161991	0.9990940926	0.9986338072	0.5137007698
	0.5771634499	0.5390992327	0.6043813316	0.649520312	0.5588208452
	0.6735686756	0.6670671055	0.757621964	0.7527203718	0.8101253841
	0.7841134183	0.8077514665	0.8561516641	0.8640335822	0.832593147
	0.9004027452	0.8851887581	0.8898525622	0.9204943336	0.9091773439
	0.8936911289	0.9255847641	0.9238007207	0.9283557551	0.9440016788
	0.9532178267	0.9377672547	0.9579014679	0.9544400229	0.9777696277
	0.9315159072	0.9373214546	0.9452794947	0.9669095202	0.9598761485
	0.9709753908	0.9347022755	0.9664410902	0.9638364544	0.9560121441
	0.5792280448	0.06380723697	0.0993223709	0.08748490481	0.05849982794
	0.04578442882	0.5762937534	0.1944626655	0.1502889723	0.1848901135
	0.1324230243	0.2951712762	0.4868475646	0.3625223092	0.4908615855
	0.4132046009	0.4323516717	0.2342644947	0.3076920745	0.3745622841
	0.247504046	7.950494166e-09	  0	1.594816669e-08	  0
	2.571043293e-09	  0	2.122027958e-36	  0	  0
	1.122823774e-35	6.626968436e-36	  0	1.56187326e-07	6.892044025e-11
	1.163056044e-07	0.0120085953	0.04095913622	0.0195201915	0.008426023136
	0.00185634395	0.004684118748	0.03082496662	0.0007986603702	0.001184144799
	0.002466713432	2.59009691e-05	1.07187517e-06	1.346663443e-07	1.879490659e-06
	1.089474367e-05	1.280393592e-07	8.567723104e-07	3.851082155e-07	0.0001462966466
	4.322045317e-05	6.787163512e-05	1.074707037e-05	0.9805620849	0.9907117603
	0.9849786499	0.9893992496	0.9873235811	0.9933991771	0.9973501924
	0.9922380605	0.9944875273	0.9936178635	0.9981025467	0.9970384006
	0.9961618027	0.9960441863	0.9954555375	0.9990466161	0.9992612134
	0.9994681711	0.9982379762	0.9987382935	0.9994640954	0.7083879228
	0.6641808568	0.733020224	0.6659636839	0.7465368645	0.8127311851
	0.8057036257	0.7702729454	0.8537879898	0.8824800617	0.8944529063
	0.8599585105	0.9059202581	0.9162626555	0.9354050174	0.9303326469
	0.9485260322	0.9526609198	0.9455571442	0.9640110652	0.9597502133
	0.9631404568	0.9473175504	0.9728040438	0.9700446122	0.974306876
	0.978573231	0.9725283555	0.9804681049	0.9832049445	0.0735388589
	0.04702183411	0.07200213585	0.02247048908	0.04801182433	0.5780790217
	0.5916040433	0.6737706411	0.7415580152	0.7308575431	0.6601538893
	0.1074107805	0.1530122995	0.1511731647	0.1127790618	0.4153683994
	0.4219770828	0.3520420921	0.2735914616	0.2121063615	0.509552486
	0.4374742843	0.2799916528	0.4905292974	0.2137712159	0.3420481328
	  0	4.764881846e-10	1.301896845e-07	  0	4.121769402e-08
	1.144946628e-07	3.063683762e-09	3.620997262e-08	2.685081197e-08	3.394071068e-08
	1.407868449e-06	6.589521646e-07	  0	  0	0.0121771728
	0.01095474967	0.02356894568	0.003499211033	0.001056019517	0.001759653212
	0.004272763824	8.881445436e-05	1.266099764e-05	0.0001566770152	2.933186587e-05
	0.0001997311625	9.157965925e-06	2.332116929e-08	  0	0.9921259717
	0.989104168	0.9871987797	0.9913237469	0.9961879616	0.9955615234
	0.9938175203	0.9942560605	0.9971224554	0.9972753341	0.9985634753
	0.99784775	0.9992020055	0.9988766921	0.7910319087	0.8466216556
	0.8010066769	0.8314113783	0.864951662	0.8782675238	0.9052717463
	0.8988890845	0.9426270423	0.9248133327	0.9491030172	0.930054959
	0.9560681651	0.9613657586	0.9697093896	0.9670936575	0.9830698373
	0.9748743762	0.9806440156	0.986945511	0.9896586417	0.9847391451
	0.9772749232	0.1488153279	0.1920080076	0.0719164535	0.1061778028
	0.1230328217	0.1386330205	0.04558743375	0.02526030329	0.05792855067
	0.08024353842	0.5300844261	0.526766451	0.6090473424	0.6169068472
	0.759778443	0.7526926472	0.6937729827	0.6854245266	0.8540814543
	0.8160113681	0.8622375122	0.8093152343	0.2705386556	0.2002571937
	0.2716850031	0.2354242461	0.6192776155	0.6198811727	0.357485281
	0.4397214312	0.5255844465	0.5311610636	0.3520173037	0.4351971181
	0.3107335543	4.230814032e-07	  0	3.390680288e-07	6.746448709e-07
	3.28766055e-06	1.022552456e-06	1.899177898e-08	6.713461128e-08	2.235204581e-06
	5.345758732e-06	1.013293383e-05	0.01211223079	0.03038264291	0.02064457343
	0.005447893015	0.0001033934833	0.008036955357	0.003364150318	9.959351904e-05
	0.0003518762208	0.001980134215	0.0002405682037	0.0001688196082	4.275348152e-06
	0.0003038763587	0.0001088270429	3.332011033e-05	0.0007518007908	0.9950810368
	0.991158196	0.9929759655	0.9940130086	0.9973452652	0.9958906251
	0.9965110831	0.99749778	0.9981354382	0.9988133614	0.9981758699
	0.8895773452	0.8965212353	0.9242787728	0.914731827	0.9525565124
	0.9557166843	0.9343991989	0.9421882462	0.9829913126	0.9781694919
	0.97341633	0.9681804427	0.9846113915	0.9656309694	0.9790891849
	0.9797954	0.9876422975	0.9884376627	0.9916351127	0.992319365
	0.2832259004	0.2320010464	0.3349025472	0.2053019724	0.1764428808
	0.2664492478	0.1570072525	0.2186493703	0.1531787071	0.1816218759
	0.09696570856	0.1363287997	0.1075073942	0.06607011193	0.04757522527
	0.09332903114	0.06455590694	0.2003818334	0.7002020906	0.7662311642
	0.7701236074	0.701890666	0.821299228	0.8670234575	0.8254208873
	0.8704749806	0.8734064189	0.9053626738	0.9023624406	0.928933675
	0.9323414137	0.3849818544	0.4491141267	0.4357091983	0.355824481
	0.7709483525	0.6136330374	0.7017122956	0.7022434456	0.6141640191
	0.5332893703	0.7688915358	0.5184877032	0.4783532494	0.457077104
	0.3524174793	0.4971727696	0.4098253614	9.082989605e-06	9.737851937e-06
	1.582865958e-05	2.528724197e-05	0.0001619377383	0.0003041113157	0.000141872975
	0.0002496417226	0.03121278043	0.0273784909	0.01266816413	0.00543547106
	0.002099925228	0.001289908164	0.002994719218	0.009640294271	0.05284608804
	0.005436827392	0.001072476661	0.0001595744292	0.001069909865	0.0003879933928
	0.005596040994	0.003621923043	0.006826358581	0.001713245488	0.01237108043
	0.01133218673	0.01465428056	0.006431993151	0.9964185147	0.9968003592
	0.9944145823	0.9948032308	0.997791736	0.998699025	0.998773078
	0.9992027231	0.999465729	0.9980065961	0.999201129	0.9994653524
	0.9513948798	0.9485631845	0.9702145355	0.9656889721	0.9609540666
	0.9740603823	0.9788420361	0.9815016982	0.9882968296	0.9904412512
	0.990016497	0.9848742103	0.9907783138	0.9855929692	0.9860867328
	0.9937313602	0.9961007424	0.995787993	0.993896494	0.3951528681
	0.2655826223	0.2796463991	0.3337789615	0.2359273551	0.2961148454
	0.3702703435	0.04241075767	0.08990058378	0.1468632797	0.1674612982
	0.2383211055	0.2167053897	0.1442370011	0.08415882398	0.1256591512
	0.1305423529	0.1051893602	0.1895273057	0.1731291498	0.386940899
	0.3003548586	0.3266968196	0.415728451	0.3947554101	0.8282239295
	0.8273500666	0.8737642388	0.8735039023	0.9083763086	0.9077140447
	0.9342546973	0.9082091089	0.9341522284	0.9343539125	0.9085507731
	0.9536323595	0.9671288909	0.9674130752	0.953553885	0.8725564299
	0.5656783492	0.64274438	0.6265005553	0.5453011706	0.8252022739
	0.8722040535	0.7686584231	0.8275233182	0.7008061548	0.7160675443
	0.7708197621	0.4768114805	0.6607846794	0.5841621875	0.5448229631
	0.6518494097	0.5861291558	0.6138852604	0.503706279	0.873727986
	0.0331471534	0.04387226662	0.07273902671	0.001012123487	0.0001818254236
	0.0008152251917	0.001129561993	0.02053358874	0.0069492862	0.002795719565
	0.03054903728	0.004243139766	0.007336404636	0.01876990367	0.04986413796
	0.03026041044	0.07200474373	0.04465277563	0.0587073222	0.01030380246
	0.005695016432	0.01272430568	0.004351377488	0.0262863435	0.03228444042
	0.04689310782	0.03186651594	0.0568953992	0.02013714896	0.03627739934
	0.03979254511	0.05318525497	0.02841813802	0.05953760115	0.09185524375
	0.9996403953	0.9997630616	0.9996588148	0.9975053224	0.9985694213
	0.9982852466	0.9973522162	0.9991553753	0.9993721055	0.9990202132
	0.9994710039	0.9996666219	0.9997657334	0.9996118413	0.9997714813
	0.1033027214	0.9855689882	0.977111934	0.9770944028	0.9845712952
	0.9981640986	0.9922679338	0.9969336857	0.9980322959	0.995269586
	0.9944700773	0.9956144342	0.9908707259	0.9934101781	0.9902511422
	0.9971280307	0.4488899686	0.5592020463	0.5588948672	0.4798670358
	0.138462497	0.09420782753	0.1426331675	0.1365892937	0.2019366084
	0.2025187777	0.2467096392	0.2126019988	0.2753451429	0.1933919405
	0.2734493018	0.2527227418	0.3441030177	0.3647440138	0.3194333455
	0.2983624767	0.2314118951	0.5098843781	0.589375474	0.4888789979
	0.5882717904	0.4665553725	0.5667824491	0.5380206515	0.4444206963
	0.9344980537	0.9085471069	0.9350566921	0.9085050531	0.9670097217
	0.9532945933	0.9539873317	0.9667897448	0.9767660882	0.9844189898
	0.9766965161	0.9839218696	0.9083265724	0.9339550569	0.934930362
	0.9080484909	0.7224105231	0.7294088697	0.7997832648	0.8287897513
	0.8431095381	0.7832879381	0.8736897155	0.6646246422	0.7560341537
	0.6644510948	0.7935591291	0.7137126631	0.7767168539	0.6902212786
	0.7424034865	0.9341015284	0.9271056987	0.9081547839	0.8848199206
	0.09263619275	0.05430325688	0.08032311457	0.07809231997	0.1471305529
	0.1326953679	0.1100557834	0.1305053256	0.1584795114	0.0133664608
	0.02310666932	0.01765335165	0.0387313685	0.007682704306	0.01900607049
	0.03707036464	0.07183686442	0.1455454154	0.1133895505	0.104209075
	0.1191809746	0.1634210127	0.07435673111	0.09391575986	0.05840229432
	0.06518815612	0.05060927984	0.0368406103	0.1191803849	0.09969450753
	0.120986693	0.08380715481	0.08899646907	0.1705927249	0.08556048454
	0.1265792464	0.1136596994	0.1107667326	0.09477874826	0.1274988545
	0.07479593234	0.2171947076	0.1635624441	0.213203982	0.215166725
	0.1677809904	0.9998933547	0.9998400528	0.9998425109	0.99925996
	0.9988182531	0.9991700915	0.9987651918	0.9991211195	0.9994785371
	0.9997247443	0.9995287518	0.9996791569	0.999633542	0.9998107755
	0.9998944261	0.9998927057	0.9998639227	0.999836704	0.2628745823
	0.2512979363	0.1925459345	0.2075813859	0.9895285263	0.9892704538
	0.9929902085	0.9941045782	0.9986728018	0.9991378365	0.9988116947
	0.9978920037	0.9965847359	0.9975106227	0.9960051617	0.9981098791
	0.6636331023	0.7379675261	0.7422328651	0.6635877426	0.2095129731
	0.2616696492	0.2989115834	0.2563059102	0.3342815656	0.3201124058
	0.4036242996	0.3629907139	0.3081875641	0.3563339589	0.3974184619
	0.3412279963	0.3744790332	0.421280873	0.3986095367	0.5027537632
	0.4777507151	0.5152786556	0.4337889796	0.5970457338	0.7372546398
	0.7268547036	0.6622604714	0.6364004308	0.6081652036	0.6736915918
	0.7027840049	0.9671720721	0.9676202602	0.9537478915	0.9542936005
	0.9837988412	0.9768544743	0.9830171419	0.9764536446	0.9888764439
	0.9921341175	0.9883982028	0.9927563982	0.9480552566	0.9528016341
	0.9657816433	0.9671082769	0.8939633126	0.9076862191	0.8554790266
	0.8435415997	0.8047141881	0.8193080265	0.8727337702	0.8642446935
	0.8568845854	0.8078180648	0.8294645984	0.8841983111	0.9574503869
	0.9334878409	0.9621371445	0.942262057	0.2618966721	0.2062735166
	0.2286603779	0.1529270849	0.2218475059	0.2892057123	0.2705827563
	0.2751806906	0.2275881237	0.1885291123	0.2805084624	0.185579255
	0.3367522046	0.3421535585	0.4206711743	0.2795208084	0.06581670597
	0.1178462459	0.09975664887	0.1039632166	0.2478479654	0.1690708453
	0.1980028004	0.1627060072	0.2235480624	0.1422486315	0.183081661
	0.1783966863	0.4038157747	0.3253635523	0.3894147867	0.2965357138
	0.2201901066	0.1109868562	0.1695919377	0.1339651805	0.2035141036
	0.2266740697	0.1643566203	0.1398929024	0.1952711039	0.2250009383
	0.1567318985	0.2087326579	0.364632237	0.2881084815	0.2774560318
	0.3464832473	0.2401138342	0.2147942355	0.1611698261	0.1653028236
	0.2283148127	0.1675381703	0.2364928551	0.3463230825	0.2746062785
	0.3542046606	0.2774296499	0.3004857296	0.2693946108	0.3554792986
	0.3501271209	0.9999307035	0.9999523321	0.999928325	0.999590073
	0.9994147392	0.9996050209	0.9994280183	0.9994337412	0.9996136846
	0.9995331211	0.9992340141	0.9998343658	0.9998412416	0.9997106439
	0.9997781876	0.9997231907	0.9998100799	0.9997478753	0.9999118246
	0.9998845913	0.9998805508	0.9999223827	0.9999400954	0.9999545297
	0.9999533338	0.9999311877	0.3469109041	0.4192710051	0.4002549396
	0.4465355752	0.9952677464	0.9949127851	0.9968320611	0.9970461541
	0.9993575807	0.9989289934	0.9991475866	0.9985945365	0.9981231636
	0.9988693575	0.9986581222	0.998017199	0.8463800277	0.8539161921
	0.7924661668	0.8006491132	0.5229989306	0.5822509136	0.5515003738
	0.5968068864	0.4067856744	0.4933971022	0.4508354214	0.5064722888
	0.450081041	0.5404117712	0.5993064212	0.4946746119	0.5514166562
	0.6421588219	0.6625013496	0.6932075139	0.5839277604	0.8285588505
	0.8080892479	0.8391051407	0.7604951683	0.7337075204	0.7830095109
	0.7596038313	0.9770558799	0.9877958068	0.9832750814	0.9893567399
	0.9917445986	0.976290622	0.9854709619	0.9965734542	0.9944465846
	0.9929211448	0.995902251	0.9849190062	0.9723007762	0.9752192381
	0.9831178414	0.8894495398	0.9507799966	0.915202919	0.9442239615
	0.9228620704	0.9217784352	0.9279509071	0.9009929125	0.932056086
	0.8949605287	0.9062348052	0.9380882912	0.9811045213	0.977107226
	0.9645951986	0.9687695403	0.4376663205	0.4187191796	0.3419197972
	0.4542147144	0.356776703	0.3245758942	0.3886719155	0.4879984109
	0.4555208168	0.5605373657	0.5038302018	0.5382028823	0.5783791993
	0.4712287026	0.5213791475	0.4863738113	0.5544811853	0.6136351915
	0.6503554034	0.6121689144	0.4428268331	0.5056201787	0.4207752759
	0.4936879452	0.4319917192	0.2335892465	0.3252674027	0.2825103719
	0.1981704638	0.2323472092	0.2672592238	0.3553536515	0.291629423
	0.3604899191	0.3263008229	0.27072171	0.4217494591	0.5650940292
	0.5636728984	0.5023075777	0.4545925032	0.3743286864	0.2948149988
	0.3686906317	0.2658265758	0.273283461	0.3341957372	0.3213224248
	0.2360377126	0.3640661099	0.413646511	0.3839422725	0.3110138727
	0.5142754443	0.4596762321	0.5444764295	0.4555740252	0.5750853854
	0.3106958079	0.3211528295	0.410041073	0.4512399288	0.4215673724
	0.390241669	0.3311089321	0.438799661	0.4457216476	0.5157155312
	0.5152582311	0.5458516348	0.5521629515	0.4515723351	0.9999688507
	0.9999785537	0.9999676503	0.9994843504	0.9998034166	0.9997321906
	0.9998176827	0.9996809759	0.9996132393	0.9996798257	0.9997625459
	0.9998667703	0.9998746331	0.9999191668	0.9999213011	0.9999603988
	0.9999791443	0.9999469431	0.9999695475	0.9999490981	0.9999773212
	0.9999704931	0.5509308813	0.6599176244	0.6103194573	0.6072651838
	0.9978643073	0.9985702021	0.9985495893	0.9975046303	0.999302686
	0.9994537966	0.999180926	0.9995731094	0.9990230181	0.9993475191
	0.9990237807	0.9172891234	0.9128140024	0.875159615	0.8830227763
	0.666907744	0.6801339466	0.7477274656	0.7129639124	0.650637322
	0.7128455943	0.6531684308	0.6920316666	0.6063870747	0.7587317612
	0.7501301382	0.7522530952	0.7433453491	0.6962270001	0.7786123043
	0.8293359868	0.8165705455	0.8483461286	0.7848142961	0.9040142245
	0.9063970918	0.8820366754	0.8660622183	0.9907178414	0.9970059458
	0.9897524196	0.9950467242	0.9947247432	0.997154334	0.9982867483
	0.9884740672	0.9944940228	0.9860599353	0.9918591817	0.9469268823
	0.9587517075	0.9600788831	0.9390142114	0.9421306791	0.9731868405
	0.9557936376	0.975640427	0.9634290198	0.9739416028	0.9901745908
	0.984216239	0.9596335902	0.9511932824	0.9831036757	0.9908668247
	0.5922395275	0.6432093943	0.5962290016	0.5190762864	0.7099515943
	0.6600026013	0.7447149107	0.707714414	0.6697250668	0.7039021292
	0.7528194852	0.7121165888	0.6687686367	0.665307314	0.7019093835
	0.7354854992	0.781434141	0.7966562055	0.7336917472	0.7681897778
	0.6203474734	0.5794699474	0.671605355	0.6621909614	0.5658505352
	0.5899252365	0.6259992176	0.6507734132	0.4933222634	0.5704724204
	0.540320823	0.4241062378	0.3846972855	0.4649142256	0.4608523501
	0.5012365991	0.7355588016	0.7562878816	0.5474623485	0.6102248915
	0.6546963936	0.6693420598	0.711469282	0.5837173135	0.4476774278
	0.4719707065	0.4198292481	0.5323269483	0.4343481545	0.5471600754
	0.5377509739	0.6210582851	0.5845396109	0.6015854348	0.5241806317
	0.6346906198	0.7062802862	0.6552475894	0.6824103818	0.7435955205
	0.7576075445	0.7184342778	0.6252245968	0.6992517136	0.620156391
	0.5149107804	0.5477294544	0.6860045091	0.6150534854	0.6500453282
	0.5787283809	0.6489223759	0.6995788331	0.7430451504	0.7177358811
	0.9999853104	0.999990182	0.9999846995	0.9996619106	0.9997336002
	0.9998558217	0.9998606069	0.9997937694	0.9998071212	0.9999156105
	0.9998959612	0.9999717534	0.9999498619	0.9999410605	0.999968196
	0.9998908117	0.9999829197	0.9999895358	0.9999894998	0.9999816629
	0.7546618972	0.7864953095	0.7866475693	0.8154697039	0.9989921812
	0.9995581367	0.9997295693	0.9995822636	0.9984091519	0.9993508267
	0.9993365942	0.9340320243	0.9537506713	0.9563293794	0.9354333048
	0.8413730256	0.8635747296	0.8618686103	0.814880934	0.8082734502
	0.8236102545	0.8003864271	0.85808163	0.8572387677	0.8723548988
	0.8748862138	0.8962966476	0.843982217	0.9525440846	0.9459714529
	0.9159336433	0.9326543709	0.9159989085	0.8958073687	0.9321892463
	0.9972769869	0.9989513715	0.9983038723	0.9975255503	0.9955870593
	0.9960647272	0.9941223409	0.9717132043	0.9812955095	0.9798647477
	0.9725608396	0.9689091549	0.9792890574	0.9806322043	0.9706697624
	0.9981423998	0.9914799187	0.9863511574	0.9929802555	0.9852060353
	0.9976571564	0.9958754407	0.9983284063	0.9966664047	0.8410506549
	0.8517107923	0.7504842427	0.814617447	0.7883137769	0.8257841029
	0.7844332354	0.8652945863	0.821287896	0.8544372019	0.834831291
	0.875213611	0.8106658822	0.8509498918	0.8217922049	0.7929901374
	0.846727713	0.8732670167	0.8967692129	0.8851265637	0.7845598481
	0.7445408128	0.7368129312	0.7770498772	0.8078332811	0.8007541173
	0.7271425571	0.8646265752	0.6923443167	0.7563871744	0.6463718786
	0.6734611546	0.6168585138	0.7392208407	0.6868646064	0.7142141501
	0.8538692023	0.8782943247	0.8265087044	0.7903747323	0.7733013436
	0.821491125	0.7486507902	0.8408853991	0.7523513586	0.6768456895
	0.7717803093	0.6410552236	0.7096016203	0.7801702064	0.7067014878
	0.8038964377	0.8264540447	0.7639661227	0.7811523811	0.8692737172
	0.8398944251	0.8523817843	0.8088764591	0.8621376285	0.8198413825
	0.7961761439	0.7477144811	0.7933020736	0.7144777353	0.8470326289
	0.8197811192	0.799538639	0.7770068914	0.8702094944	0.8637736517
	0.8405219802	0.8192158252	0.999993329	0.9999933725	0.999995579
	0.9998344812	0.9997424549	0.9998726199	0.9999021128	0.9999274926
	0.9999886638	0.9999263828	0.9999381023	0.9999795665	0.9999616106
	0.999980491	0.9999631939	0.9999558218	0.9999675363	0.9999336154
	0.9999873799	0.9999931459	0.9999926988	0.9999955461	0.9999954321
	0.9999759526	0.8640417142	0.9043439654	0.8856974528	0.8824941603
	0.9998080936	0.999693067	0.9993333217	0.9995586412	0.9998569551
	0.9721017927	0.9624673993	0.9755373505	0.9780530336	0.9668878097
	0.9177711037	0.9280219116	0.8984390332	0.8999757461	0.9290262546
	0.9327073823	0.9011907827	0.9176777563	0.9324572296	0.9000473982
	0.9006759485	0.9461509617	0.953367953	0.9629780184	0.9694760879
	0.9447596071	0.9323516692	0.9569175428	0.9995146154	0.9994146757
	0.9990305227	0.9988738585	0.991998584	0.9911007931	0.9863794534
	0.9872107301	0.9837793179	0.9904657432	0.9853735392	0.9893608575
	0.9994752646	0.9993159901	0.9987998069	0.9991279734	0.9970956132
	0.9965778423	0.994400235	0.994872253	0.997992579	0.9990363823
	0.9987502367	0.9982904971	0.9040196659	0.9201279939	0.8937663883
	0.9291630102	0.9211863483	0.8997255087	0.882048061	0.914637413
	0.9335148287	0.9421258666	0.9240642912	0.9446294395	0.9485855641
	0.8952338319	0.9156020979	0.9305434721	0.9321896004	0.9066403292
	0.8583540945	0.9062865953	0.8862483458	0.8851244771	0.8317455472
	0.9165430194	0.9327110137	0.8986220028	0.938233023	0.8587560443
	0.8106089606	0.9073646353	0.8241357776	0.872261745	0.9176704895
	0.7952115421	0.8701257388	0.8770209215	0.840604649	0.8920816626
	0.8861886863	0.9318215412	0.9068569408	0.9016730348	0.9247894751
	0.8378436543	0.8778279856	0.8581219197	0.8939898594	0.9077918918
	0.8752710856	0.9125267577	0.9203006409	0.9275716257	0.8954494818
	0.9003684123	0.878982835	0.8553427559	0.936373918	0.8984580462
	0.9328535933	0.9040382943	0.9175873089	0.9086198104	0.9255415515
	0.9999969474	0.9999968912	0.9999979895	0.9999460152	0.9999459641
	0.9999169497	0.9999019317	0.9999676215	0.9999781462	0.9999813497
	0.9999679524	0.9999920709	0.9999858348	0.9999906071	0.9999950377
	0.9999937914	0.9999882523	0.9999811149	0.9999967414	0.9999979167
	0.9999961357	0.9999976406	0.9999927457	0.9999868906	0.9999913811
	0.999993302	0.9999887395	0.9415311935	0.9535623989	0.9421907368
	0.9335427456	0.999871068	0.9998503391	0.999721314	0.9997679461
	0.9999104393	0.9999513338	0.9999508214	0.999923714	0.9737711559
	0.9783220999	0.9854567552	0.9802308417	0.9827223858	0.9867173095
	0.988181772	0.9818660833	0.9493089894	0.9595904606	0.9656950289
	0.9522336357	0.9620597489	0.9763712622	0.971783698	0.9547098637
	0.9789677828	0.9680364609	0.9676235406	0.9995753092	0.9997558876
	0.9998169454	0.9996628894	0.9956894118	0.9937843001	0.9961689612
	0.9930799049	0.9912733347	0.9951713447	0.9941500933	0.9922142541
	0.999278301	0.9996857594	0.9994367811	0.9995376632	0.9985187994
	0.9973574314	0.9976297671	0.9984347935	0.9990579851	0.9990186338
	0.9993963787	0.9585711586	0.9591543677	0.9553907581	0.9480328307
	0.9712038262	0.9612285794	0.9666200571	0.9696248101	0.9670756791
	0.954674019	0.9678918723	0.9507738744	0.939223181	0.9580013501
	0.9488243451	0.9454943166	0.9417520574	0.9217663752	0.9273306864
	0.9088140965	0.9580023902	0.9539197815	0.9420770911	0.9458066793
	0.9283965211	0.9440272005	0.9647177075	0.9564580154	0.9257970965
	0.9050102143	0.9620721875	0.9553984286	0.9394511103	0.9622714266
	0.9500695066	0.9503860159	0.9363286166	0.9579288119	0.932380157
	0.9454323241	0.9551782822	0.9330251425	0.946373936	0.9713909846
	0.964332292	0.9561957649	0.9651040507	0.9999984445	0.9999990739
	0.9999986005	0.9999780962	0.9999898498	0.9999683715	0.999967202
	0.9999861444	0.9999843869	0.9999799575	0.9999975067	0.9999971254
	0.9999984633	0.9999956393	0.9999989554	0.999995184	0.999998217
	0.9999908917	0.999994782	0.9999970364	0.9999977211	0.9999959422
	0.999996195	0.9999942402	0.999993133	0.9738401159	0.9788892574
	0.9675652992	0.972671568	0.9999800792	0.9999428426	0.999958645
	0.9999763411	0.9998908581	0.9998619209	0.9999251251	0.999967066
	0.9883773523	0.9844967069	0.9921475345	0.9861641179	0.9901230998
	0.9906807359	0.9934153484	0.9860176795	0.9798603149	0.9820884054
	0.9766578684	0.9824834504	0.9878415579	0.9895187601	0.9997339188
	0.9998560645	0.9999018252	0.9998149534	0.9963824589	0.9979801083
	0.9982348149	0.9970157105	0.9975430289	0.9955760603	0.9947519774
	0.9967099569	0.9996080571	0.9989664357	0.9988196399	0.999366181
	0.9996195372	0.9997898579	0.9993729672	0.9759814542	0.9770113077
	0.9825554787	0.9777289865	0.9829204351	0.9861900778	0.9785637422
	0.9837495395	0.9841427611	0.98310097	0.9771797676	0.9729943868
	0.9800192714	0.9771375992	0.9712394884	0.9716111783	0.9631242155
	0.9656361018	0.9756625811	0.9674314634	0.9810175216	0.9675089002
	0.9785048693	0.979796386	0.9707509539	0.9773373521	0.980497788
	0.9703864468	0.9769625431	0.9848611212	0.9876823353	0.9843800312
	0.9814387121	0.9999995563	0.9999991167	0.9999993391	0.9999873818
	0.999985318	0.9999908339	0.9999921922	0.9999986658	0.9999983303
	0.9999990991	0.9999993815	0.9999950575	0.9999977718	0.9999967581
	0.9999942808	0.999996908	0.9999980028	0.999998838	0.9860982289
	0.9889520839	0.9917619832	0.9892257021	0.999979872	0.9999890046
	0.9999817042	0.9999696169	0.9999450865	0.9999229552	0.9999643939
	0.9936725518	0.9927117547	0.9914467246	0.996074947	0.9935131426
	0.9957117889	0.9962599915	0.9997952229	0.9998834706	0.9998862216
	0.9999484738	0.9992850928	0.9990493695	0.9986349472	0.9981870345
	0.9975601093	0.9976758054	0.9987282227	0.9996246937	0.9995094848
	0.9997846041	0.9885367819	0.9894748547	0.9913753316	0.9872485005
	0.9934234185	0.9910346928	0.9929464599	0.9946495966	0.9921710417
	0.9889539375	0.9859623081	0.9854776326	0.9930282139	0.9900227547
	0.986868559	0.9920984849	0.9894419308	0.9839894304	0.9907519324
	0.9932599173	0.9945620195	0.99008189	0.9871984744	0.9916554939
	0.9917697127	0.9935144275	0.9999995803	0.9999996595	0.999999814
	0.9999876659	0.9999945312	0.9999965377	0.9999929202	0.9999996619
	0.9999994222	0.9999993195	0.9999989367	0.9999973913	0.9999988612
	0.9999979593	0.9967272028	0.9975564519	0.9960321373	0.9949925264
	0.9999486257	0.9999781121	0.9999908569	0.9999745975	0.9977355869
	0.9988156222	0.9983288359	0.9998751234	0.9992586437	0.9995716192
	0.9993349991	0.9997304444	0.9998306134	0.9999519515	0.9950210257
	0.9966039503	0.9940881644	0.9957496568	0.9975122116	0.9983662669
	0.9980478177	0.996802328	0.9955821236	0.9954261519	0.997040784
	0.9969512803	0.9975491916	0.9948472624	0.9937698417	0.9958027913
	0.9975414973	0.996804341	0.9977256323	0.9964432961	0.9945395689
	0.9999996966	0.9999997788	0.9999999441	0.9999954643	0.9999990144
	0.9999986986	0.9999995694	0.999999504	0.999991572	0.9999968582
	0.9994480679	0.9987451185	0.9990059671	0.9995650181	0.9999749181
	0.9999330303	0.9999976535	0.9999765867	0.9997938092	0.9999342335
	0.99973446	0.998729155	0.9979197172	0.998363801	0.9991328258
	0.9991690466	0.9996984823	0.9994680566	0.9996453363	0.9984810668
	0.9985698968	0.9982280414	0.9992153459	0.9994500193	0.9992603508
	0.9999971431	0.9999997434	0.999999442	0.9999996166	  1
	0.9999968731	0.9999979012	0.999989553	0.9999817508	0.9998333759
	0.9999760503	0.9998698672	0.9999968717	0.9999473105	0.9997994202
	0.9995752056	0.9997252452	0.9998958615	0.9999679818	0.9998884443
	0.999985246	0.9999459112	0.9999194124	0.9997264633	0.9999317624
	0.9999990268	0.9999998846	0.999999483	0.9999979772	0.9999989125
	0.9999999967	0.999998268	0.9999979852	0.9999827859	0.9999920785
	  1	0.9999931211	0.9999617417	0.9999837061	0.9999999809
	0.9999881836	0.9999986105	0.999998735	0.9999897164	  1
	0.9999990684	0.9999995325	0.999999912	0.9999999874	0.9999999999
	  1	0.999998659	0.9999999273	0.9999999167	0.9999998841
	  1	0.9999998852	0.9999996481	0.9999999011	  1
	