0 0 0 0 0 0 0 0 0 0 0 
0.005 0 0 0 0 0 0 0 0 0 0 
0.0025 0 0 0 0 0 0 0 0 0 0 
0.01 0 0 0 0 0 0 0 0 0 0 
0.0075 0 0 0 0 0 0 0 0 0 0 
0.015 0 0 0 0 0 0 0 0 0 0 
0.0125 0 0 0 0 0 0 0 0 0 0 
0.02 0 0 0 0 0 0 0 0 0 0 
0.0175 0 0 0 0 0 0 0 0 0 0 
0.025 0 0 0 0 0 0 0 0 0 0 
0.0225 0 0 0 0 0 0 0 0 0 0 
0.03 0 0 0 0 0 0 0 0 0 0 
0.0275 0 0 0 0 0 0 0 0 0 0 
0.035 0 0 0 0 0 0 0 0 0 0 
0.0325 0 0 0 0 0 0 0 0 0 0 
0.04 0 0 0 0 0 0 0 0 0 0 
0.0375 0 0 0 0 0 0 0 0 0 0 
0.045 0 0 0 0 0 0 0 0 0 0 
0.0425 0 0 0 0 0 0 0 0 0 0 
0.05 0 0 0 0 0 0 0 0 0 0 
0.0475 0 0 0 0 0 0 0 0 0 0 
0.055 0 0 0 0 0 0 0 0 0 0 
0.0525 0 0 0 0 0 0 0 0 0 0 
0.06 0 0 0 0 0 0 0 0 0 0 
0.0575 0 0 0 0 0 0 0 0 0 0 
0.065 0 0 0 0 0 0 0 0 0 0 
0.0625 0 0 0 0 0 0 0 0 0 0 
0.07 0 0 0 0 0 0 0 0 0 0 
0.0675 0 0 0 0 0 0 0 0 0 0 
0.075 0 0 0 0 0 0 0 0 0 0 
0.0725 0 0 0 0 0 0 0 0 0 0 
0.08 0 0 0 0 0 0 0 0 0 0 
0.0775 0 0 0 0 0 0 0 0 0 0 
0.085 0 0 0 0 0 0 0 0 0 0 
0.0825 0 0 0 0 0 0 0 0 0 0 
0.09 0 0 0 0 0 0 0 0 0 0 
0.0875 0 0 0 0 0 0 0 0 0 0 
0.095 0 0 0 0 0 0 0 0 0 0 
0.0925 0 0 0 0 0 0 0 0 0 0 
0.1 0 0 0 0 0 0 0 0 0 0 
0.0975 0 0 0 0 0 0 0 0 0 0 
0.105 0 0 0 0 0 0 0 0 0 0 
0.1025 0 0 0 0 0 0 0 0 0 0 
0.11 0 0 0 0 0 0 0 0 0 0 
0.1075 0 0 0 0 0 0 0 0 0 0 
0.115 0 0 0 0 0 0 0 0 0 0 
0.1125 0 0 0 0 0 0 0 0 0 0 
0.12 0 0 0 0 0 0 0 0 0 0 
0.1175 0 0 0 0 0 0 0 0 0 0 
0.125 0 0 0 0 0 0 0 0 0 0 
0.1225 0 0 0 0 0 0 0 0 0 0 
0.13 0 0 0 0 0 0 0 0 0 0 
0.1275 0 0 0 0 0 0 0 0 0 0 
0.135 0 0 0 0 0 0 0 0 0 0 
0.1325 0 0 0 0 0 0 0 0 0 0 
0.14 0 0 0 0 0 0 0 0 0 0 
0.1375 0 0 0 0 0 0 0 0 0 0 
0.145 0 0 0 0 0 0 0 0 0 0 
0.1425 0 0 0 0 0 0 0 0 0 0 
0.15 0 0 0 0 0 0 0 0 0 0 
0.1475 0 0 0 0 0 0 0 0 0 0 
0.155 0 0 0 0 0 0 0 0 0 0 
0.1525 0 0 0 0 0 0 0 0 0 0 
0.16 0 0 0 0 0 0 0 0 0 0 
0.1575 0 0 0 0 0 0 0 0 0 0 
0.165 0 0 0 0 0 0 0 0 0 0 
0.1625 0 0 0 0 0 0 0 0 0 0 
0.17 0 0 0 0 0 0 0 0 0 0 
0.1675 0 0 0 0 0 0 0 0 0 0 
0.175 0 0 0 0 0 0 0 0 0 0 
0.1725 0 0 0 0 0 0 0 0 0 0 
0.18 0 0 0 0 0 0 0 0 0 0 
0.1775 0 0 0 0 0 0 0 0 0 0 
0.185 0 0 0 0 0 0 0 0 0 0 
0.1825 0 0 0 0 0 0 0 0 0 0 
0.19 0 0 0 0 0 0 0 0 0 0 
0.1875 0 0 0 0 0 0 0 0 0 0 
0.195 0 0 0 0 0 0 0 0 0 0 
0.1925 0 0 0 0 0 0 0 0 0 0 
0.2 0 0 0 0 0 0 0 0 0 0 
0.1975 0 0 0 0 0 0 0 0 0 0 
0.205 0 0 0 0 0 0 0 0 0 0 
0.2025 0 0 0 0 0 0 0 0 0 0 
0.21 0 0 0 0 0 0 0 0 0 0 
0.2075 0 0 0 0 0 0 0 0 0 0 
0.215 0 0 0 0 0 0 0 0 0 0 
0.2125 0 0 0 0 0 0 0 0 0 0 
0.22 0 0 0 0 0 0 0 0 0 0 
0.2175 0 0 0 0 0 0 0 0 0 0 
0.225 0 0 0 0 0 0 0 0 0 0 
0.2225 0 0 0 0 0 0 0 0 0 0 
0.23 0 0 0 0 0 0 0 0 0 0 
0.2275 0 0 0 0 0 0 0 0 0 0 
0.235 0 0 0 0 0 0 0 0 0 0 
0.2325 0 0 0 0 0 0 0 0 0 0 
0.24 0 0 0 0 0 0 0 0 0 0 
0.2375 0 0 0 0 0 0 0 0 0 0 
0.245 0 0 0 0 0 0 0 0 0 0 
0.2425 0 0 0 0 0 0 0 0 0 0 
0.25 0 0 0 0 0 0 0 0 0 0 
0.2475 0 0 0 0 0 0 0 0 0 0 
0.255 0 0 0 0 0 0 0 0 0 0 
0.2525 0 0 0 0 0 0 0 0 0 0 
0.26 0 0 0 0 0 0 0 0 0 0 
0.2575 0 0 0 0 0 0 0 0 0 0 
0.265 0 0 0 0 0 0 0 0 0 0 
0.2625 0 0 0 0 0 0 0 0 0 0 
0.27 0 0 0 0 0 0 0 0 0 0 
0.2675 0 0 0 0 0 0 0 0 0 0 
0.275 0 0 0 0 0 0 0 0 0 0 
0.2725 0 0 0 0 0 0 0 0 0 0 
0.28 0 0 0 0 0 0 0 0 0 0 
0.2775 0 0 0 0 0 0 0 0 0 0 
0.285 0 0 0 0 0 0 0 0 0 0 
0.2825 0 0 0 0 0 0 0 0 0 0 
0.29 0 0 0 0 0 0 0 0 0 0 
0.2875 0 0 0 0 0 0 0 0 0 0 
0.295 0 0 0 0 0 0 0 0 0 0 
0.2925 0 0 0 0 0 0 0 0 0 0 
0.3 0 0 0 0 0 0 0 0 0 0 
0.2975 0 0 0 0 0 0 0 0 0 0 
0.305 0 0 0 0 0 0 0 0 0 0 
0.3025 0 0 0 0 0 0 0 0 0 0 
0.31 0 0 0 0 0 0 0 0 0 0 
0.3075 0 0 0 0 0 0 0 0 0 0 
0.315 0 0 0 0 0 0 0 0 0 0 
0.3125 0 0 0 0 0 0 0 0 0 0 
0.32 0 0 0 0 0 0 0 0 0 0 
0.3175 0 0 0 0 0 0 0 0 0 0 
0.325 0 0 0 0 0 0 0 0 0 0 
0.3225 0 0 0 0 0 0 0 0 0 0 
0.33 0 0 0 0 0 0 0 0 0 0 
0.3275 0 0 0 0 0 0 0 0 0 0 
0.335 0 0 0 0 0 0 0 0 0 0 
0.3325 0 0 0 0 0 0 0 0 0 0 
0.34 0 0 0 0 0 0 0 0 0 0 
0.3375 0 0 0 0 0 0 0 0 0 0 
0.345 0 0 0 0 0 0 0 0 0 0 
0.3425 0 0 0 0 0 0 0 0 0 0 
0.35 0 0 0 0 0 0 0 0 0 0 
0.3475 0 0 0 0 0 0 0 0 0 0 
0.355 0 0 0 0 0 0 0 0 0 0 
0.3525 0 0 0 0 0 0 0 0 0 0 
0.36 0 0 0 0 0 0 0 0 0 0 
0.3575 0 0 0 0 0 0 0 0 0 0 
0.365 0 0 0 0 0 0 0 0 0 0 
0.3625 0 0 0 0 0 0 0 0 0 0 
0.37 0 0 0 0 0 0 0 0 0 0 
0.3675 0 0 0 0 0 0 0 0 0 0 
0.375 0 0 0 0 0 0 0 0 0 0 
0.3725 0 0 0 0 0 0 0 0 0 0 
0.38 0 0 0 0 0 0 0 0 0 0 
0.3775 0 0 0 0 0 0 0 0 0 0 
0.385 0 0 0 0 0 0 0 0 0 0 
0.3825 0 0 0 0 0 0 0 0 0 0 
0.39 0 0 0 0 0 0 0 0 0 0 
0.3875 0 0 0 0 0 0 0 0 0 0 
0.395 0 0 0 0 0 0 0 0 0 0 
0.3925 0 0 0 0 0 0 0 0 0 0 
0.4 0 0 0 0 0 0 0 0 0 0 
0.3975 0 0 0 0 0 0 0 0 0 0 
0.405 0 0 0 0 0 0 0 0 0 0 
0.4025 0 0 0 0 0 0 0 0 0 0 
0.41 0 0 0 0 0 0 0 0 0 0 
0.4075 0 0 0 0 0 0 0 0 0 0 
0.415 0 0 0 0 0 0 0 0 0 0 
0.4125 0 0 0 0 0 0 0 0 0 0 
0.42 0 0 0 0 0 0 0 0 0 0 
0.4175 0 0 0 0 0 0 0 0 0 0 
0.425 0 0 0 0 0 0 0 0 0 0 
0.4225 0 0 0 0 0 0 0 0 0 0 
0.43 0 0 0 0 0 0 0 0 0 0 
0.4275 0 0 0 0 0 0 0 0 0 0 
0.435 0 0 0 0 0 0 0 0 0 0 
0.4325 0 0 0 0 0 0 0 0 0 0 
0.44 0 0 0 0 0 0 0 0 0 0 
0.4375 0 0 0 0 0 0 0 0 0 0 
0.445 0 0 0 0 0 0 0 0 0 0 
0.4425 0 0 0 0 0 0 0 0 0 0 
0.45 0 0 0 0 0 0 0 0 0 0 
0.4475 0 0 0 0 0 0 0 0 0 0 
0.455 0 0 0 0 0 0 0 0 0 0 
0.4525 0 0 0 0 0 0 0 0 0 0 
0.46 0 0 0 0 0 0 0 0 0 0 
0.4575 0 0 0 0 0 0 0 0 0 0 
0.465 0 0 0 0 0 0 0 0 0 0 
0.4625 0 0 0 0 0 0 0 0 0 0 
0.47 0 0 0 0 0 0 0 0 0 0 
0.4675 0 0 0 0 0 0 0 0 0 0 
0.475 0 0 0 0 0 0 0 0 0 0 
0.4725 0 0 0 0 0 0 0 0 0 0 
0.48 0 0 0 0 0 0 0 0 0 0 
0.4775 0 0 0 0 0 0 0 0 0 0 
0.485 0 0 0 0 0 0 0 0 0 0 
0.4825 0 0 0 0 0 0 0 0 0 0 
0.49 0 0 0 0 0 0 0 0 0 0 
0.4875 0 0 0 0 0 0 0 0 0 0 
0.495 0 0 0 0 0 0 0 0 0 0 
0.4925 0 0 0 0 0 0 0 0 0 0 
0.5 0 0 0 0 0 0 0 0 0 0 
0.4975 0 0 0 0 0 0 0 0 0 0 
0.505 0 0 0 0 0 0 0 0 0 0 
0.5025 0 0 0 0 0 0 0 0 0 0 
0.51 0 0 0 0 0 0 0 0 0 0 
0.5075 0 0 0 0 0 0 0 0 0 0 
0.515 0 0 0 0 0 0 0 0 0 0 
0.5125 0 0 0 0 0 0 0 0 0 0 
0.52 0 0 0 0 0 0 0 0 0 0 
0.5175 0 0 0 0 0 0 0 0 0 0 
0.525 0 0 0 0 0 0 0 0 0 0 
0.5225 0 0 0 0 0 0 0 0 0 0 
0.53 8.41539e-08 0 0 0 0 0 0 0 0 0 
0.5275 0 0 0 0 0 0 0 0 0 0 
0.535 9.5053e-08 1.46202e-08 0 0 0 0 0 0 0 0 
0.5325 8.96118e-08 0 0 0 0 0 0 0 0 0 
0.54 1.07328e-07 1.73424e-08 0 0 0 0 0 0 0 0 
0.5375 1.01199e-07 1.59826e-08 0 0 0 0 0 0 0 0 
0.545 1.21195e-07 2.03043e-08 2.9917e-10 0 0 0 0 0 0 0 
0.5425 1.1427e-07 1.88247e-08 2.36254e-10 0 0 0 0 0 0 0 
0.55 1.36883e-07 2.35374e-08 4.30955e-10 1.58827e-10 0 0 0 0 0 0 
0.5475 1.29048e-07 2.19223e-08 3.65131e-10 1.42984e-10 0 0 0 0 0 0 
0.555 1.54641e-07 2.70763e-08 5.7003e-10 1.93018e-10 1.07546e-10 6.26773e-11 0 0 0 0 
0.5525 1.45772e-07 2.53084e-08 5.00565e-10 1.75944e-10 9.9648e-11 0 0 0 0 0 
0.56 1.74736e-07 3.09583e-08 7.18319e-10 2.30055e-10 1.24985e-10 7.19061e-11 4.11227e-11 2.30836e-11 1.27934e-11 7.01814e-12 
0.5575 1.647e-07 2.90189e-08 6.44251e-10 2.11559e-10 1.16277e-10 6.72974e-11 3.86107e-11 2.1719e-11 1.20531e-11 6.61835e-12 
0.565 1.97462e-07 3.52243e-08 8.77857e-10 2.70527e-10 1.44232e-10 8.2159e-11 4.67322e-11 2.61466e-11 1.44568e-11 7.91681e-12 
0.5625 1.86111e-07 3.3093e-08 7.9817e-10 2.50315e-10 1.3462e-10 7.70388e-11 4.39308e-11 2.46169e-11 1.36261e-11 7.46801e-12 
0.57 2.23141e-07 3.99186e-08 1.05082e-09 3.15065e-10 1.65588e-10 9.3595e-11 5.30069e-11 2.95788e-11 1.63229e-11 8.92581e-12 
0.5675 2.10315e-07 3.75733e-08 9.64424e-10 2.92822e-10 1.54923e-10 8.78837e-11 4.98732e-11 2.78647e-11 1.53909e-11 8.42189e-12 
0.575 2.5213e-07 4.50893e-08 1.23952e-09 3.64352e-10 1.89381e-10 1.06389e-10 6.00416e-11 3.34316e-11 1.84195e-11 1.00599e-11 
0.5725 2.3765e-07 4.25059e-08 1.14526e-09 3.39737e-10 1.77498e-10 9.99993e-11 5.65283e-11 3.15074e-11 1.73724e-11 9.4935e-12 
0.58 2.84824e-07 5.07891e-08 1.44651e-09 4.19133e-10 2.15973e-10 1.20733e-10 6.79409e-11 3.77617e-11 2.07772e-11 1.13356e-11 
0.5775 2.68493e-07 4.79413e-08 1.34312e-09 3.91774e-10 2.02692e-10 1.13569e-10 6.39957e-11 3.55991e-11 1.95997e-11 1.06985e-11 
0.585 3.2166e-07 5.70757e-08 1.67453e-09 4.80227e-10 2.4576e-10 1.36841e-10 7.6821e-11 4.26324e-11 2.34302e-11 1.27711e-11 
0.5825 3.03259e-07 5.39347e-08 1.56063e-09 4.49714e-10 2.30883e-10 1.28796e-10 7.23858e-11 4.01997e-11 2.21051e-11 1.20541e-11 
0.59 3.63126e-07 6.40123e-08 1.92659e-09 5.48539e-10 2.79186e-10 1.54949e-10 8.68114e-11 4.81139e-11 2.64163e-11 1.43868e-11 
0.5875 3.42413e-07 6.05466e-08 1.80068e-09 5.1442e-10 2.62492e-10 1.45905e-10 8.18216e-11 4.53761e-11 2.49248e-11 1.35798e-11 
0.595 4.09767e-07 7.16684e-08 2.20602e-09 6.25073e-10 3.16742e-10 1.75323e-10 9.80567e-11 5.4285e-11 2.97782e-11 1.62055e-11 
0.5925 3.86469e-07 6.78432e-08 2.06644e-09 5.86847e-10 2.97985e-10 1.65147e-10 9.244e-11 5.12027e-11 2.8099e-11 1.52971e-11 
0.6 4.62189e-07 8.01206e-08 2.5165e-09 7.1095e-10 3.58979e-10 1.98259e-10 1.10719e-10 6.12337e-11 3.35635e-11 1.82527e-11 
0.5975 4.36003e-07 7.58977e-08 2.36141e-09 6.68057e-10 3.37883e-10 1.86804e-10 1.04394e-10 5.7763e-11 3.16728e-11 1.72302e-11 
0.605 5.21069e-07 8.94533e-08 2.86212e-09 8.07421e-10 4.06511e-10 2.24089e-10 1.24979e-10 6.90589e-11 3.78255e-11 2.05572e-11 
0.6025 4.91657e-07 8.47904e-08 2.68948e-09 7.59237e-10 3.82771e-10 2.11188e-10 1.17856e-10 6.51503e-11 3.56967e-11 1.94061e-11 
0.61 5.87165e-07 9.97595e-08 3.24741e-09 9.15891e-10 4.60031e-10 2.53185e-10 1.41041e-10 7.78712e-11 4.26241e-11 2.31509e-11 
0.6075 5.54148e-07 9.46102e-08 3.05495e-09 8.61714e-10 4.333e-10 2.38653e-10 1.33018e-10 7.34696e-11 4.02272e-11 2.18554e-11 
0.615 6.61323e-07 1.11142e-07 3.67746e-09 1.03793e-09 5.20314e-10 2.85966e-10 1.59133e-10 8.77952e-11 4.80266e-11 2.607e-11 
0.6125 6.24278e-07 1.05455e-07 3.46265e-09 9.76976e-10 4.90205e-10 2.69593e-10 1.50096e-10 8.28383e-11 4.53281e-11 2.46119e-11 
0.62 7.44489e-07 1.23715e-07 4.15793e-09 1.17531e-09 5.88232e-10 3.22903e-10 1.79513e-10 9.89708e-11 5.41085e-11 2.93548e-11 
0.6175 7.02944e-07 1.17433e-07 3.91793e-09 1.10669e-09 5.54309e-10 3.04454e-10 1.69334e-10 9.33887e-11 5.10706e-11 2.77141e-11 
0.625 8.37721e-07 1.37604e-07 4.69515e-09 1.33001e-09 6.64766e-10 3.64524e-10 2.0247e-10 1.11555e-10 6.09548e-11 3.3051e-11 
0.6225 7.91148e-07 1.30665e-07 4.4268e-09 1.25274e-09 6.26539e-10 3.43735e-10 1.91003e-10 1.05269e-10 5.75351e-11 3.12048e-11 
0.63 9.422e-07 1.52949e-07 5.29621e-09 1.50428e-09 7.51022e-10 4.11426e-10 2.28329e-10 1.25726e-10 6.8661e-11 3.72096e-11 
0.6275 8.90009e-07 1.45282e-07 4.99597e-09 1.41724e-09 7.07939e-10 3.87999e-10 2.15413e-10 1.18648e-10 6.48118e-11 3.51324e-11 
0.635 1.05925e-06 1.69903e-07 5.96907e-09 1.70063e-09 8.48242e-10 4.6428e-10 2.57456e-10 1.41681e-10 7.73345e-11 4.18881e-11 
0.6325 1.00078e-06 1.61432e-07 5.63297e-09 1.60256e-09 7.99683e-10 4.3788e-10 2.42907e-10 1.33711e-10 7.30021e-11 3.95512e-11 
0.64 1.19034e-06 1.88637e-07 6.72264e-09 1.9219e-09 9.5783e-10 5.23841e-10 2.90264e-10 1.59644e-10 8.70961e-11 4.71512e-11 
0.6375 1.12485e-06 1.79277e-07 6.34623e-09 1.81138e-09 9.03094e-10 4.94091e-10 2.73877e-10 1.50672e-10 8.22202e-11 4.45223e-11 
0.645 1.33712e-06 2.09341e-07 7.56692e-09 2.17127e-09 1.08136e-09 5.9096e-10 3.27216e-10 1.79869e-10 9.80818e-11 5.30714e-11 
0.6425 1.2638e-06 1.98997e-07 7.1452e-09 2.04672e-09 1.01966e-09 5.57435e-10 3.08759e-10 1.69767e-10 9.25944e-11 5.01142e-11 
0.65 1.50143e-06 2.32224e-07 8.51313e-09 2.45236e-09 1.22062e-09 6.66595e-10 3.68836e-10 2.02638e-10 1.10444e-10 5.97306e-11 
0.6475 1.41935e-06 2.20792e-07 8.04049e-09 2.31197e-09 1.15107e-09 6.28816e-10 3.48047e-10 1.91265e-10 1.04269e-10 5.64043e-11 
0.655 1.68531e-06 2.57519e-07 9.57388e-09 2.76922e-09 1.37761e-09 7.51827e-10 4.15711e-10 2.28271e-10 1.24356e-10 6.72205e-11 
0.6525 1.59345e-06 2.44881e-07 9.04403e-09 2.61096e-09 1.2992e-09 7.09255e-10 3.92297e-10 2.15467e-10 1.17407e-10 6.34792e-11 
0.66 1.89106e-06 2.85481e-07 1.07633e-08 3.12642e-09 1.55459e-09 8.47872e-10 4.68503e-10 2.57126e-10 1.4001e-10 7.56445e-11 
0.6575 1.78828e-06 2.7151e-07 1.01692e-08 2.94801e-09 1.46619e-09 7.99899e-10 4.42134e-10 2.42713e-10 1.32191e-10 7.14367e-11 
0.665 2.12122e-06 3.16396e-07 1.20973e-08 3.52912e-09 1.75411e-09 9.56101e-10 5.2796e-10 2.89609e-10 1.57624e-10 8.51189e-11 
0.6625 2.00624e-06 3.0095e-07 1.14309e-08 3.32799e-09 1.65446e-09 9.02042e-10 4.98262e-10 2.73384e-10 1.48826e-10 8.03864e-11 
0.67 2.37862e-06 3.5058e-07 1.35937e-08 3.98314e-09 1.97905e-09 1.07806e-09 5.9492e-10 3.26175e-10 1.77444e-10 9.57743e-11 
0.6675 2.25003e-06 3.33501e-07 1.28462e-08 3.75637e-09 1.8667e-09 1.01714e-09 5.61474e-10 3.07911e-10 1.67544e-10 9.04518e-11 
0.675 2.66644e-06 3.88382e-07 1.52726e-08 4.49503e-09 2.23263e-09 1.21548e-09 6.7033e-10 3.67336e-10 1.99744e-10 1.07758e-10 
0.6725 2.52266e-06 3.69495e-07 1.4434e-08 4.23935e-09 2.10597e-09 1.14684e-09 6.32663e-10 3.46777e-10 1.88605e-10 1.01772e-10 
0.68 2.98819e-06 4.30188e-07 1.71564e-08 5.07218e-09 2.51851e-09 1.37034e-09 7.55255e-10 4.1367e-10 2.24835e-10 1.21234e-10 
0.6775 2.82746e-06 4.09301e-07 1.62154e-08 4.78391e-09 2.37572e-09 1.29299e-09 7.12835e-10 3.90526e-10 2.12302e-10 1.14503e-10 
0.685 3.34779e-06 4.76429e-07 1.92706e-08 5.72292e-09 2.84082e-09 1.54483e-09 8.50894e-10 4.65824e-10 2.53067e-10 1.3639e-10 
0.6825 3.16815e-06 4.53326e-07 1.82146e-08 5.39789e-09 2.67983e-09 1.45767e-09 8.03123e-10 4.39773e-10 2.38965e-10 1.2882e-10 
0.69 3.74962e-06 5.27578e-07 2.16436e-08 6.45666e-09 3.20418e-09 1.74145e-09 9.586e-10 5.24531e-10 2.84831e-10 1.53434e-10 
0.6875 3.54888e-06 5.02023e-07 2.04583e-08 6.09018e-09 3.02269e-09 1.64324e-09 9.04802e-10 4.95207e-10 2.68965e-10 1.4492e-10 
0.695 4.19852e-06 5.84162e-07 2.43073e-08 7.28399e-09 3.61383e-09 1.963e-09 1.07989e-09 5.90612e-10 3.20569e-10 1.72601e-10 
0.6925 3.97427e-06 5.55892e-07 2.29768e-08 6.87076e-09 3.40922e-09 1.85234e-09 1.01931e-09 5.57605e-10 3.02718e-10 1.63027e-10 
0.7 4.69991e-06 6.46763e-07 2.72978e-08 8.21686e-09 4.07567e-09 2.21264e-09 1.21648e-09 6.64995e-10 3.60779e-10 1.94156e-10 
0.6975 4.44943e-06 6.15486e-07 2.58041e-08 7.75092e-09 3.84499e-09 2.08795e-09 1.14826e-09 6.27841e-10 3.40694e-10 1.83389e-10 
0.705 5.25979e-06 7.16027e-07 3.06554e-08 9.26876e-09 4.59635e-09 2.49393e-09 1.37031e-09 7.4872e-10 4.0602e-10 2.18395e-10 
0.7025 4.98009e-06 6.81422e-07 2.89783e-08 8.74337e-09 4.33629e-09 2.35343e-09 1.29347e-09 7.06899e-10 3.83422e-10 2.06287e-10 
0.71 5.88486e-06 7.92669e-07 3.44255e-08 1.04549e-08 5.18337e-09 2.81089e-09 1.54353e-09 8.42962e-10 4.5692e-10 2.45654e-10 
0.7075 5.5726e-06 7.54377e-07 3.25423e-08 9.86245e-09 4.89017e-09 2.65257e-09 1.45701e-09 7.95888e-10 4.31495e-10 2.32038e-10 
0.715 6.58255e-06 8.7748e-07 3.86593e-08 1.17924e-08 5.84518e-09 3.16803e-09 1.7386e-09 9.49041e-10 5.14188e-10 2.76307e-10 
0.7125 6.23401e-06 8.35107e-07 3.65445e-08 1.11243e-08 5.51462e-09 2.98965e-09 1.64117e-09 8.96055e-10 4.85583e-10 2.60995e-10 
0.72 7.36113e-06 9.71337e-07 4.34141e-08 1.33005e-08 6.59131e-09 3.57045e-09 1.95828e-09 1.06844e-09 5.78621e-10 3.10779e-10 
0.7175 6.97218e-06 9.24445e-07 4.10391e-08 1.25472e-08 6.21864e-09 3.36945e-09 1.84855e-09 1.0088e-09 5.46436e-10 2.9356e-10 
0.725 8.22979e-06 1.07521e-06 4.87545e-08 1.50012e-08 7.43251e-09 4.02389e-09 2.20566e-09 1.20284e-09 6.51113e-10 3.49543e-10 
0.7225 7.79584e-06 1.02332e-06 4.6087e-08 1.41518e-08 7.01235e-09 3.7974e-09 2.08209e-09 1.13571e-09 6.14903e-10 3.3018e-10 
0.73 9.19875e-06 1.19018e-06 5.47531e-08 1.69189e-08 8.3809e-09 4.53481e-09 2.48424e-09 1.35412e-09 7.32673e-10 3.93136e-10 
0.7275 8.71469e-06 1.13274e-06 5.17568e-08 1.59611e-08 7.9072e-09 4.27961e-09 2.34509e-09 1.27856e-09 6.91934e-10 3.71361e-10 
0.735 1.02794e-05 1.31744e-06 6.14915e-08 1.90815e-08 9.45013e-09 5.1105e-09 2.79796e-09 1.52439e-09 8.24436e-10 4.42157e-10 
0.7325 9.73952e-06 1.25386e-06 5.81257e-08 1.80013e-08 8.91607e-09 4.82295e-09 2.64126e-09 1.43934e-09 7.786e-10 4.1767e-10 
0.74 1.14842e-05 1.45831e-06 6.90615e-08 2.15201e-08 1.06556e-08 5.75916e-09 3.15123e-09 1.71606e-09 9.27678e-10 4.97283e-10 
0.7375 1.08823e-05 1.38793e-06 6.52803e-08 2.03021e-08 1.00535e-08 5.43516e-09 2.97477e-09 1.62032e-09 8.76108e-10 4.69747e-10 
0.745 1.28274e-05 1.61424e-06 7.75662e-08 2.427e-08 1.20147e-08 6.49006e-09 3.54907e-09 1.93179e-09 1.04383e-09 5.59275e-10 
0.7425 1.21564e-05 1.53633e-06 7.33182e-08 2.28965e-08 1.13359e-08 6.12499e-09 3.35035e-09 1.82403e-09 9.85813e-10 5.28309e-10 
0.75 1.43243e-05 1.78687e-06 8.71218e-08 2.7371e-08 1.3547e-08 7.3136e-09 3.99707e-09 2.17461e-09 1.17452e-09 6.28986e-10 
0.7475 1.35765e-05 1.70062e-06 8.23489e-08 2.58221e-08 1.27816e-08 6.90225e-09 3.77329e-09 2.05332e-09 1.10924e-09 5.94164e-10 
0.755 1.59924e-05 1.97799e-06 9.78587e-08 3.08679e-08 1.52745e-08 8.24153e-09 4.50157e-09 2.44793e-09 1.32155e-09 7.07378e-10 
0.7525 1.51591e-05 1.8825e-06 9.24957e-08 2.91213e-08 1.44117e-08 7.77804e-09 4.24957e-09 2.31141e-09 1.24811e-09 6.6822e-10 
0.76 1.78508e-05 2.18959e-06 1.09924e-07 3.48113e-08 1.72222e-08 9.28708e-09 5.06968e-09 2.75557e-09 1.48697e-09 7.95532e-10 
0.7575 1.69224e-05 2.08387e-06 1.03897e-07 3.28417e-08 1.62494e-08 8.76484e-09 4.78591e-09 2.6019e-09 1.40434e-09 7.51498e-10 
0.765 1.99208e-05 2.42388e-06 1.23482e-07 3.92582e-08 1.94182e-08 1.04652e-08 5.70945e-09 3.10184e-09 1.67308e-09 8.94664e-10 
0.7625 1.88867e-05 2.30682e-06 1.1671e-07 3.70371e-08 1.83213e-08 9.87673e-09 5.38989e-09 2.92888e-09 1.58012e-09 8.45147e-10 
0.77 2.22261e-05 2.6833e-06 1.38719e-07 4.42729e-08 2.18939e-08 1.17926e-08 6.42988e-09 3.4916e-09 1.88247e-09 1.00614e-09 
0.7675 2.10744e-05 2.55369e-06 1.31108e-07 4.17682e-08 2.06573e-08 1.11295e-08 6.07003e-09 3.29692e-09 1.77788e-09 9.50457e-10 
0.775 2.47928e-05 2.97056e-06 1.55844e-07 4.9928e-08 2.46852e-08 1.32882e-08 7.24116e-09 3.93031e-09 2.11806e-09 1.1315e-09 
0.7725 2.35105e-05 2.82704e-06 1.4729e-07 4.71035e-08 2.32911e-08 1.25412e-08 6.83593e-09 3.71117e-09 2.00038e-09 1.06888e-09 
0.78 2.76501e-05 3.28867e-06 1.75091e-07 5.63052e-08 2.78323e-08 1.49734e-08 8.15475e-09 4.4241e-09 2.3831e-09 1.27246e-09 
0.7775 2.62226e-05 3.12974e-06 1.65478e-07 5.312e-08 2.62604e-08 1.41317e-08 7.69842e-09 4.17745e-09 2.25071e-09 1.20205e-09 
0.785 3.08304e-05 3.64095e-06 1.96726e-07 6.34968e-08 3.13804e-08 1.68722e-08 9.18353e-09 4.9799e-09 2.6813e-09 1.43098e-09 
0.7825 2.92416e-05 3.46495e-06 1.8592e-07 5.99049e-08 2.96082e-08 1.59238e-08 8.66966e-09 4.70228e-09 2.53235e-09 1.3518e-09 
0.79 3.43695e-05 4.03111e-06 2.21044e-07 7.16068e-08 3.53808e-08 1.90117e-08 1.0342e-08 5.60549e-09 3.01679e-09 1.60924e-09 
0.7875 3.26014e-05 3.83618e-06 2.08898e-07 6.75561e-08 3.33827e-08 1.79431e-08 9.76337e-09 5.29301e-09 2.84921e-09 1.5202e-09 
0.795 3.83071e-05 4.46322e-06 2.48382e-07 8.07525e-08 3.9891e-08 2.14223e-08 1.16466e-08 6.30964e-09 3.39424e-09 1.8097e-09 
0.7925 3.63399e-05 4.24733e-06 2.34727e-07 7.61845e-08 3.76382e-08 2.02183e-08 1.0995e-08 5.95792e-09 3.2057e-09 1.70957e-09 
0.8 4.26873e-05 4.94183e-06 2.79113e-07 9.10661e-08 4.4976e-08 2.41385e-08 1.31157e-08 7.1022e-09 3.8189e-09 2.03511e-09 
0.7975 4.0499e-05 4.70271e-06 2.63763e-07 8.59148e-08 4.24362e-08 2.27818e-08 1.23819e-08 6.70632e-09 3.60678e-09 1.92251e-09 
0.805 4.75591e-05 5.47196e-06 3.13663e-07 1.02697e-07 5.07092e-08 2.71988e-08 1.477e-08 7.99428e-09 4.29666e-09 2.28858e-09 
0.8025 4.51252e-05 5.2071e-06 2.96406e-07 9.68877e-08 4.78456e-08 2.56702e-08 1.39437e-08 7.54869e-09 4.05802e-09 2.16197e-09 
0.81 5.29767e-05 6.0592e-06 3.52507e-07 1.15813e-07 5.71731e-08 3.0647e-08 1.66329e-08 8.99838e-09 4.83418e-09 2.57362e-09 
0.8075 5.02701e-05 5.76581e-06 3.33105e-07 1.09262e-07 5.39445e-08 2.89247e-08 1.57024e-08 8.49683e-09 4.56569e-09 2.43124e-09 
0.815 5.90002e-05 6.70973e-06 3.96181e-07 1.30604e-07 6.44609e-08 3.45322e-08 1.87307e-08 1.01286e-08 5.43892e-09 2.89415e-09 
0.8125 5.59909e-05 6.38472e-06 3.74367e-07 1.23217e-07 6.08208e-08 3.25916e-08 1.76829e-08 9.56403e-09 5.13685e-09 2.73404e-09 
0.82 6.56963e-05 7.4304e-06 4.45288e-07 1.47285e-07 7.26775e-08 3.89097e-08 2.1093e-08 1.14006e-08 6.11929e-09 3.25458e-09 
0.8175 6.23509e-05 7.07035e-06 4.2076e-07 1.38953e-07 6.85735e-08 3.67232e-08 1.9913e-08 1.07652e-08 5.77944e-09 3.07454e-09 
0.825 7.31388e-05 8.22883e-06 5.00506e-07 1.66095e-07 8.19414e-08 4.3842e-08 2.37531e-08 1.28324e-08 6.88474e-09 3.65988e-09 
0.8225 6.94206e-05 7.82993e-06 4.72926e-07 1.567e-07 7.73143e-08 4.13784e-08 2.24244e-08 1.21172e-08 6.50239e-09 3.45743e-09 
0.83 8.14098e-05 9.11345e-06 5.62599e-07 1.87308e-07 9.23861e-08 4.93993e-08 2.67486e-08 1.4444e-08 7.74591e-09 4.11565e-09 
0.8275 7.72777e-05 8.67149e-06 5.31584e-07 1.76713e-07 8.71692e-08 4.66235e-08 2.52523e-08 1.3639e-08 7.31575e-09 3.88799e-09 
0.835 9.05999e-05 1.00936e-05 6.32425e-07 2.1123e-07 1.04162e-07 5.56607e-08 3.01217e-08 1.62579e-08 8.71478e-09 4.62815e-09 
0.8325 8.60086e-05 9.60392e-06 5.97548e-07 1.99282e-07 9.82802e-08 5.25332e-08 2.84368e-08 1.53518e-08 8.23083e-09 4.37215e-09 
0.84 0.00010081 1.11797e-05 7.1095e-07 2.38208e-07 1.17439e-07 6.27156e-08 3.39201e-08 1.82995e-08 9.80481e-09 5.20445e-09 
0.8375 9.57089e-05 1.06371e-05 6.71728e-07 2.24734e-07 1.10807e-07 5.91918e-08 3.20228e-08 1.72797e-08 9.26033e-09 4.91658e-09 
0.845 0.000112151 1.23833e-05 7.99263e-07 2.68631e-07 1.32408e-07 7.06644e-08 3.81974e-08 2.05975e-08 1.10311e-08 5.8525e-09 
0.8425 0.000106485 1.1782e-05 7.55152e-07 2.53436e-07 1.24931e-07 6.66941e-08 3.60609e-08 1.94497e-08 1.04186e-08 5.5288e-09 
0.85 0.000124746 1.3717e-05 8.98588e-07 3.02939e-07 1.49285e-07 7.96204e-08 4.30139e-08 2.3184e-08 1.24108e-08 6.58123e-09 
0.8475 0.000118454 1.30507e-05 8.48977e-07 2.85803e-07 1.40855e-07 7.5147e-08 4.06081e-08 2.1892e-08 1.17217e-08 6.21722e-09 
0.855 0.000138733 1.51952e-05 1.0103e-06 3.4163e-07 1.68313e-07 8.97111e-08 4.84376e-08 2.60952e-08 1.3963e-08 7.40066e-09 
0.8525 0.000131746 1.44567e-05 9.54503e-07 3.22305e-07 1.58809e-07 8.46709e-08 4.57285e-08 2.4641e-08 1.31877e-08 6.99135e-09 
0.86 0.000154264 1.68335e-05 1.13596e-06 3.85261e-07 1.89767e-07 1.0108e-07 5.4545e-08 2.93718e-08 1.57093e-08 8.3221e-09 
0.8575 0.000146505 1.6015e-05 1.07319e-06 3.63469e-07 1.79051e-07 9.54016e-08 5.14944e-08 2.77351e-08 1.4837e-08 7.86183e-09 
0.865 0.000171504 1.86494e-05 1.27729e-06 4.34465e-07 2.13954e-07 1.1389e-07 6.14223e-08 3.30599e-08 1.76739e-08 9.35825e-09 
0.8625 0.000162891 1.77422e-05 1.2067e-06 4.09889e-07 2.01873e-07 1.07492e-07 5.79871e-08 3.12177e-08 1.66926e-08 8.84068e-09 
0.87 0.000190642 2.06623e-05 1.43628e-06 4.89954e-07 2.41225e-07 1.28323e-07 6.91666e-08 3.72109e-08 1.98842e-08 1.05234e-08 
0.8675 0.000181081 1.96566e-05 1.35687e-06 4.62239e-07 2.27604e-07 1.21114e-07 6.52984e-08 3.51374e-08 1.87802e-08 9.94137e-09 
0.875 0.000211882 2.28936e-05 1.61513e-06 5.52528e-07 2.71971e-07 1.44584e-07 7.78871e-08 4.1883e-08 2.23709e-08 1.18335e-08 
0.8725 0.00020127 2.17788e-05 1.5258e-06 5.21274e-07 2.56614e-07 1.36462e-07 7.35313e-08 3.95493e-08 2.11288e-08 1.11791e-08 
0.88 0.000235452 2.53672e-05 1.81632e-06 6.23095e-07 3.06636e-07 1.62905e-07 8.77069e-08 4.71417e-08 2.51684e-08 1.33067e-08 
0.8775 0.000223676 2.41314e-05 1.71583e-06 5.87849e-07 2.89322e-07 1.53754e-07 8.2802e-08 4.4515e-08 2.3771e-08 1.25708e-08 
0.885 0.000261605 2.81097e-05 2.04267e-06 7.02674e-07 3.4572e-07 1.83547e-07 9.87644e-08 5.30604e-08 2.83158e-08 1.49633e-08 
0.8825 0.000248539 2.67396e-05 1.92961e-06 6.62927e-07 3.26199e-07 1.73237e-07 9.32412e-08 5.0104e-08 2.67437e-08 1.41358e-08 
0.89 0.000290621 3.11504e-05 2.29732e-06 7.92417e-07 3.89784e-07 2.06804e-07 1.11216e-07 5.97222e-08 3.18567e-08 1.68261e-08 
0.8875 0.000276124 2.96313e-05 2.17012e-06 7.47593e-07 3.67775e-07 1.95188e-07 1.04996e-07 5.63946e-08 3.0088e-08 1.58956e-08 
0.895 0.000322808 3.4522e-05 2.58382e-06 8.9362e-07 4.39465e-07 2.33008e-07 1.25237e-07 6.72202e-08 3.58402e-08 1.89207e-08 
0.8925 0.000306727 3.28376e-05 2.44071e-06 8.43072e-07 4.1465e-07 2.1992e-07 1.18233e-07 6.34749e-08 3.38504e-08 1.78744e-08 
0.9 0.000358509 3.82608e-05 2.90616e-06 1.00775e-06 4.95477e-07 2.62531e-07 1.41025e-07 7.56594e-08 4.03218e-08 2.1276e-08 
0.8975 0.000340672 3.63929e-05 2.74516e-06 9.50745e-07 4.675e-07 2.47784e-07 1.33139e-07 7.1444e-08 3.80832e-08 2.00995e-08 
0.905 0.000398103 4.2407e-05 3.26885e-06 1.13645e-06 5.58628e-07 2.95793e-07 1.58803e-07 8.51579e-08 4.53637e-08 2.39245e-08 
0.9025 0.000378321 4.03356e-05 3.0877e-06 1.07217e-06 5.27085e-07 2.79179e-07 1.49923e-07 8.04134e-08 4.28452e-08 2.26015e-08 
0.91 0.00044201 4.70053e-05 3.67696e-06 1.28159e-06 6.29827e-07 3.33269e-07 1.78821e-07 9.58488e-08 5.10359e-08 2.69025e-08 
0.9075 0.000420073 4.4708e-05 3.47312e-06 1.2091e-06 5.94264e-07 3.1455e-07 1.68822e-07 9.05087e-08 4.82026e-08 2.54149e-08 
0.915 0.000490694 5.21053e-05 4.13617e-06 1.44527e-06 7.10099e-07 3.75492e-07 2.01363e-07 1.07881e-07 5.74172e-08 3.02512e-08 
0.9125 0.000466371 4.95574e-05 3.9068e-06 1.36352e-06 6.70005e-07 3.54402e-07 1.90104e-07 1.01871e-07 5.42297e-08 2.85785e-08 
0.92 0.000544669 5.77623e-05 4.65291e-06 1.62985e-06 8.00602e-07 4.23062e-07 2.26746e-07 1.21425e-07 6.45963e-08 3.40166e-08 
0.9175 0.000517703 5.49361e-05 4.39481e-06 1.53766e-06 7.55398e-07 3.99301e-07 2.14067e-07 1.1466e-07 6.10103e-08 3.21358e-08 
0.925 0.000604505 6.40375e-05 5.23441e-06 1.838e-06 9.02639e-07 4.76658e-07 2.55328e-07 1.36667e-07 7.26729e-08 3.82506e-08 
0.9225 0.00057461 6.09025e-05 4.94397e-06 1.73404e-06 8.51674e-07 4.49888e-07 2.41051e-07 1.29054e-07 6.86386e-08 3.61357e-08 
0.93 0.00067083 7.0999e-05 5.88881e-06 2.07274e-06 1.01768e-06 5.37043e-07 2.87512e-07 1.53823e-07 8.17591e-08 4.30116e-08 
0.9275 0.000637693 6.75211e-05 5.56195e-06 1.95549e-06 9.60219e-07 5.06881e-07 2.71436e-07 1.45254e-07 7.72205e-08 4.06334e-08 
0.935 0.000744341 7.87223e-05 6.62526e-06 2.33745e-06 1.14738e-06 6.05075e-07 3.23752e-07 1.73133e-07 9.19812e-08 4.83649e-08 
0.9325 0.000707614 7.48638e-05 6.25742e-06 2.20523e-06 1.0826e-06 5.71094e-07 3.0565e-07 1.63488e-07 8.68752e-08 4.56909e-08 
0.94 0.000825809 8.72915e-05 7.45408e-06 2.63596e-06 1.29361e-06 6.81723e-07 3.64559e-07 1.94866e-07 1.03481e-07 5.43845e-08 
0.9375 0.000785107 8.30104e-05 7.0401e-06 2.48686e-06 1.22057e-06 6.43438e-07 3.44176e-07 1.8401e-07 9.77368e-08 5.13776e-08 
0.945 0.000916087 9.67999e-05 8.38689e-06 2.9726e-06 1.45847e-06 7.68078e-07 4.10509e-07 2.19326e-07 1.16418e-07 6.1153e-08 
0.9425 0.000870983 9.20496e-05 7.92097e-06 2.80446e-06 1.37612e-06 7.24945e-07 3.87557e-07 2.07108e-07 1.09956e-07 5.77721e-08 
0.95 0.00101612 0.000107351 9.43676e-06 3.35222e-06 1.64434e-06 8.6537e-07 4.6225e-07 2.46856e-07 1.30973e-07 6.87639e-08 
0.9475 0.000966141 0.00010208 8.91237e-06 3.16261e-06 1.5515e-06 8.16774e-07 4.36406e-07 2.33105e-07 1.23703e-07 6.49622e-08 
0.955 0.00112695 0.000119061 1.06184e-05 3.78032e-06 1.8539e-06 9.74983e-07 5.2051e-07 2.77842e-07 1.47347e-07 7.73217e-08 
0.9525 0.00107158 0.000113211 1.00282e-05 3.5665e-06 1.74923e-06 9.20233e-07 4.91409e-07 2.62365e-07 1.39168e-07 7.3047e-08 
0.96 0.00124973 0.000132057 1.19485e-05 4.26309e-06 2.09015e-06 1.09848e-06 5.86112e-07 3.12716e-07 1.65767e-07 8.69443e-08 
0.9575 0.00118838 0.000125564 1.12841e-05 4.02196e-06 1.97215e-06 1.03679e-06 5.53344e-07 2.95296e-07 1.56566e-07 8.21377e-08 
0.965 0.00138574 0.000146482 1.34456e-05 4.80751e-06 2.35651e-06 1.23761e-06 6.59981e-07 3.51967e-07 1.8649e-07 9.77643e-08 
0.9625 0.00131779 0.000139275 1.26978e-05 4.53559e-06 2.22347e-06 1.16811e-06 6.23084e-07 3.32361e-07 1.76139e-07 9.23596e-08 
0.97 0.00153639 0.000162494 1.51308e-05 5.42144e-06 2.65682e-06 1.39436e-06 7.43158e-07 3.96143e-07 2.09803e-07 1.0993e-07 
0.9675 0.00146112 0.000154495 1.4289e-05 5.1148e-06 2.50682e-06 1.31606e-06 7.01612e-07 3.74077e-07 1.98158e-07 1.03853e-07 
0.975 0.00170325 0.000180269 1.70277e-05 6.11377e-06 2.99538e-06 1.57096e-06 8.36816e-07 4.45864e-07 2.3603e-07 1.2361e-07 
0.9725 0.00161989 0.000171389 1.60802e-05 5.76797e-06 2.82628e-06 1.48275e-06 7.90035e-07 4.21028e-07 2.2293e-07 1.16777e-07 
0.98 0.00188805 0.000200004 1.91631e-05 6.8945e-06 3.37708e-06 1.76992e-06 9.42275e-07 5.01824e-07 2.65535e-07 1.38992e-07 
0.9775 0.00179572 0.000190145 1.80965e-05 6.50454e-06 3.18643e-06 1.67054e-06 8.89599e-07 4.73872e-07 2.50797e-07 1.31309e-07 
0.985 0.00209269 0.000221915 2.1567e-05 7.77491e-06 3.80742e-06 1.99407e-06 1.06102e-06 5.64806e-07 2.98728e-07 1.56288e-07 
0.9825 0.00199045 0.000210969 2.03663e-05 7.33517e-06 3.59248e-06 1.88211e-06 1.00171e-06 5.33346e-07 2.82148e-07 1.47648e-07 
0.99 0.0023193 0.000246245 2.42732e-05 8.76775e-06 4.29258e-06 2.24661e-06 1.19473e-06 6.35691e-07 3.36069e-07 1.75735e-07 
0.9875 0.00220608 0.00023409 2.29215e-05 8.27185e-06 4.05025e-06 2.12047e-06 1.12794e-06 6.00284e-07 3.17417e-07 1.66021e-07 
0.995 0.00257021 0.000273263 2.73198e-05 9.88735e-06 4.83956e-06 2.53111e-06 1.34529e-06 7.15472e-07 3.78077e-07 1.97602e-07 
0.9925 0.00244485 0.000259765 2.57981e-05 9.32814e-06 4.56636e-06 2.38901e-06 1.27009e-06 6.75621e-07 3.57093e-07 1.86679e-07 
1 0.00284801 0.000303268 3.07497e-05 1.11499e-05 5.45622e-06 2.85164e-06 1.51481e-06 8.05263e-07 4.25334e-07 2.22189e-07 
0.9975 0.00270921 0.000288278 2.90366e-05 1.05193e-05 5.14821e-06 2.69154e-06 1.43014e-06 7.60412e-07 4.01729e-07 2.09907e-07 
1.005 0.00315556 0.000336594 3.46113e-05 1.25736e-05 6.15144e-06 3.21275e-06 1.7057e-06 9.06322e-07 4.78498e-07 2.49835e-07 
1.0025 0.0030019 0.000319945 3.26825e-05 1.18625e-05 5.80419e-06 3.03238e-06 1.61035e-06 8.55843e-07 4.51943e-07 2.36025e-07 
1.01 0.00349604 0.000373612 3.8959e-05 1.41792e-05 6.93523e-06 3.61958e-06 1.92063e-06 1.02006e-06 5.38306e-07 2.80919e-07 
1.0075 0.00332593 0.000355119 3.67874e-05 1.33773e-05 6.54375e-06 3.41638e-06 1.81327e-06 9.63248e-07 5.08432e-07 2.65392e-07 
1.015 0.00387292 0.000414733 4.38541e-05 1.59897e-05 7.81887e-06 4.07791e-06 2.16264e-06 1.14807e-06 6.05588e-07 3.15871e-07 
1.0125 0.00368462 0.00039419 4.14091e-05 1.50854e-05 7.37751e-06 3.84898e-06 2.04176e-06 1.08413e-06 5.7198e-07 2.98412e-07 
1.02 0.0042901 0.000460416 4.93657e-05 1.80313e-05 8.81507e-06 4.59427e-06 2.43514e-06 1.29214e-06 6.81278e-07 3.55171e-07 
1.0175 0.00408167 0.000437594 4.66128e-05 1.70116e-05 8.31749e-06 4.33635e-06 2.29903e-06 1.22018e-06 6.4347e-07 3.3554e-07 
1.025 0.00475184 0.000511173 5.55716e-05 2.03336e-05 9.93818e-06 5.17599e-06 2.74197e-06 1.45429e-06 7.66426e-07 3.99359e-07 
1.0225 0.00452115 0.000485816 5.24719e-05 1.91837e-05 9.37721e-06 4.88543e-06 2.58871e-06 1.3733e-06 7.23894e-07 3.77286e-07 
1.03 0.00526288 0.00056757 6.25593e-05 2.29299e-05 1.12043e-05 5.83135e-06 3.08746e-06 1.63678e-06 8.62214e-07 4.49043e-07 
1.0275 0.00500756 0.000539395 5.90691e-05 2.16331e-05 1.05719e-05 5.504e-06 2.91489e-06 1.54563e-06 8.14368e-07 4.24225e-07 
1.035 0.00582846 0.000630242 7.04277e-05 2.58575e-05 1.26318e-05 6.56967e-06 3.47646e-06 1.84217e-06 9.69973e-07 5.04907e-07 
1.0325 0.00554588 0.000598933 6.64976e-05 2.43952e-05 1.19188e-05 6.20089e-06 3.28215e-06 1.73958e-06 9.16147e-07 4.77002e-07 
1.04 0.00645435 0.000699892 7.92878e-05 2.91589e-05 1.42411e-05 7.40144e-06 3.91447e-06 2.07333e-06 1.0912e-06 5.6772e-07 
1.0375 0.00614164 0.000665096 7.48624e-05 2.751e-05 1.34373e-05 6.98598e-06 3.69569e-06 1.95787e-06 1.03064e-06 5.36344e-07 
1.045 0.00714695 0.000777303 8.9265e-05 3.28818e-05 1.60553e-05 8.3385e-06 4.40766e-06 2.33349e-06 1.22757e-06 6.38346e-07 
1.0425 0.00680091 0.00073863 8.42817e-05 3.10223e-05 1.51491e-05 7.87045e-06 4.16131e-06 2.20354e-06 1.15945e-06 6.03067e-07 
1.05 0.00791334 0.000863348 0.0001005 3.70798e-05 1.81006e-05 9.39417e-06 4.96297e-06 2.62629e-06 1.38098e-06 7.17755e-07 
1.0475 0.00753043 0.000820362 9.48886e-05 3.4983e-05 1.7079e-05 8.86688e-06 4.68559e-06 2.48004e-06 1.30435e-06 6.78089e-07 
1.055 0.00876133 0.000959 0.000113153 4.18137e-05 2.04064e-05 1.05835e-05 5.58823e-06 2.95582e-06 1.55356e-06 8.07041e-07 
1.0525 0.00833765 0.000911215 0.000106833 3.94493e-05 1.92547e-05 9.98942e-06 5.27591e-06 2.79122e-06 1.46735e-06 7.62442e-07 
1.06 0.00969957 0.00106534 0.000127401 4.71519e-05 2.30059e-05 1.19233e-05 6.29225e-06 3.32669e-06 1.7477e-06 9.07432e-07 
1.0575 0.0092308 0.00101221 0.000120284 4.44857e-05 2.17075e-05 1.1254e-05 5.94059e-06 3.14144e-06 1.65072e-06 8.57285e-07 
1.065 0.0107376 0.00118357 0.000143447 5.31715e-05 2.59364e-05 1.34326e-05 7.08494e-06 3.74409e-06 1.96609e-06 1.02031e-06 
1.0625 0.010219 0.00112451 0.000135433 5.01649e-05 2.44726e-05 1.26787e-05 6.68899e-06 3.5356e-06 1.857e-06 9.63925e-07 
1.07 0.011886 0.00131504 0.000161519 5.99593e-05 2.92401e-05 1.5133e-05 7.97748e-06 4.21385e-06 2.21178e-06 1.14722e-06 
1.0675 0.0113123 0.00124936 0.000152492 5.6569e-05 2.75899e-05 1.42837e-05 7.53166e-06 3.9792e-06 2.08906e-06 1.08383e-06 
1.075 0.0131565 0.00146124 0.000181871 6.76135e-05 3.29645e-05 1.70486e-05 8.98243e-06 4.74253e-06 2.48816e-06 1.28992e-06 
1.0725 0.0125218 0.0013882 0.000171705 6.37904e-05 3.11042e-05 1.60918e-05 8.48046e-06 4.47845e-06 2.35011e-06 1.21864e-06 
1.08 0.0145619 0.00162383 0.000204793 7.62445e-05 3.71631e-05 1.92066e-05 1.0114e-05 5.33754e-06 2.79907e-06 1.45036e-06 
1.0775 0.0138598 0.0015426 0.000193344 7.19336e-05 3.5066e-05 1.81287e-05 9.54877e-06 5.04033e-06 2.64377e-06 1.37022e-06 
1.085 0.0161166 0.00180467 0.000230609 8.59771e-05 4.18964e-05 2.16378e-05 1.1388e-05 6.00718e-06 3.14882e-06 1.63075e-06 
1.0825 0.0153399 0.00171433 0.000217714 8.1116e-05 3.95322e-05 2.04234e-05 1.07516e-05 5.6727e-06 2.97412e-06 1.54065e-06 
1.09 0.0178363 0.00200584 0.000259685 9.69517e-05 4.72324e-05 2.43765e-05 1.28225e-05 6.76083e-06 3.54227e-06 1.83358e-06 
1.0875 0.0169771 0.00190534 0.000245162 9.14702e-05 4.45672e-05 2.30085e-05 1.2106e-05 6.38438e-06 3.34574e-06 1.73227e-06 
1.095 0.0197384 0.00222962 0.000292434 0.000109327 5.32477e-05 2.74618e-05 1.44376e-05 7.609e-06 3.98487e-06 2.06163e-06 
1.0925 0.018788 0.00211782 0.000276077 0.000103146 5.02432e-05 2.59207e-05 1.36309e-05 7.18534e-06 3.76379e-06 1.94772e-06 
1.1 0.0218422 0.00247859 0.000329321 0.000123281 6.0029e-05 3.09375e-05 1.62562e-05 8.56356e-06 4.48277e-06 2.31803e-06 
1.0975 0.0207911 0.00235421 0.000310897 0.000116311 5.66419e-05 2.92014e-05 1.53478e-05 8.08676e-06 4.23406e-06 2.18996e-06 
1.105 0.024169 0.00275561 0.000370868 0.000139016 6.76735e-05 3.48529e-05 1.83038e-05 9.63785e-06 5.04286e-06 2.60632e-06 
1.1025 0.0230065 0.00261722 0.000350116 0.000131157 6.38552e-05 3.28972e-05 1.7281e-05 9.10124e-06 4.76309e-06 2.46232e-06 
1.11 0.0267424 0.00306387 0.000417667 0.000156758 7.62912e-05 3.92638e-05 2.06092e-05 1.08469e-05 5.67291e-06 2.93045e-06 
1.1075 0.0254566 0.00290987 0.000394292 0.000147896 7.19869e-05 3.70606e-05 1.94576e-05 1.0243e-05 5.35819e-06 2.76855e-06 
1.115 0.0295883 0.00340692 0.00047038 0.000176764 8.6006e-05 4.42327e-05 2.32049e-05 1.22076e-05 6.38167e-06 3.29489e-06 
1.1125 0.0281664 0.00323555 0.000444051 0.000166772 8.11537e-05 4.17508e-05 2.19084e-05 1.15279e-05 6.02764e-06 3.11285e-06 
1.12 0.0327355 0.00378873 0.000529757 0.000199323 9.69574e-05 4.98303e-05 2.61275e-05 1.37389e-05 7.17897e-06 3.70464e-06 
1.1175 0.0311631 0.00359799 0.0005001 0.000188055 9.14874e-05 4.70344e-05 2.46677e-05 1.2974e-05 6.78071e-06 3.49996e-06 
1.125 0.0362158 0.00421371 0.000596642 0.000224759 0.000109303 5.6136e-05 2.94181e-05 1.54623e-05 8.07585e-06 4.16533e-06 
1.1225 0.0344769 0.0040014 0.000563235 0.000212054 0.000103136 5.29864e-05 2.77745e-05 1.46014e-05 7.62785e-06 3.93521e-06 
1.13 0.0400642 0.00468679 0.000671984 0.00025344 0.000123219 6.32394e-05 3.31231e-05 1.74018e-05 9.08476e-06 4.68329e-06 
1.1275 0.0381414 0.00445045 0.000634353 0.000239115 0.000116268 5.96913e-05 3.12725e-05 1.6433e-05 8.58081e-06 4.42456e-06 
1.135 0.0443195 0.00521346 0.000756856 0.00028578 0.000138907 7.12414e-05 3.72945e-05 1.95846e-05 1.02197e-05 5.26566e-06 
1.1325 0.0421934 0.00495035 0.000714465 0.000269627 0.000131071 6.72445e-05 3.52109e-05 1.84943e-05 9.65279e-06 4.97476e-06 
1.14 0.0490245 0.00579984 0.000852462 0.000322244 0.000156591 8.02555e-05 4.19911e-05 2.20411e-05 1.14964e-05 5.92042e-06 
1.1375 0.0466737 0.0055069 0.000804709 0.000304031 0.000147758 7.57531e-05 3.96452e-05 2.0814e-05 1.08587e-05 5.59336e-06 
1.145 0.0542265 0.00645277 0.000960163 0.000363359 0.000176526 9.04099e-05 4.72791e-05 2.48056e-05 1.29325e-05 6.65659e-06 
1.1425 0.0516274 0.00612659 0.000906369 0.000342823 0.000166569 8.53379e-05 4.46378e-05 2.34247e-05 1.22152e-05 6.28886e-06 
1.15 0.0599779 0.00717986 0.00108149 0.000409717 0.000198998 0.000101849 5.32328e-05 2.79168e-05 1.4548e-05 7.48427e-06 
1.1475 0.0571043 0.00681663 0.00102089 0.000386563 0.000187774 9.61351e-05 5.02589e-05 2.63628e-05 1.37411e-05 7.07083e-06 
1.155 0.0663362 0.00798961 0.00121817 0.000461987 0.000224328 0.000114734 5.99361e-05 3.14182e-05 1.63653e-05 8.41484e-06 
1.1525 0.0631594 0.00758509 0.0011499 0.00043588 0.000211676 0.000108298 5.65878e-05 2.96693e-05 1.54576e-05 7.95001e-06 
1.16 0.0733652 0.0088915 0.00137214 0.000520922 0.000252882 0.000129249 6.74832e-05 3.53586e-05 1.84096e-05 9.46109e-06 
1.1575 0.0698533 0.00844095 0.00129524 0.000491485 0.00023862 0.000121999 6.37134e-05 3.33904e-05 1.73885e-05 8.93848e-06 
1.165 0.0811353 0.0098961 0.0015456 0.00058737 0.000285068 0.0001456 7.59804e-05 3.97932e-05 2.07091e-05 1.06374e-05 
1.1625 0.0772531 0.00939424 0.00145896 0.000554181 0.000268991 0.000137433 7.17361e-05 3.75781e-05 1.95605e-05 1.00498e-05 
1.17 0.0897241 0.0110152 0.00174102 0.00066229 0.000321348 0.000164018 8.55473e-05 4.47837e-05 2.32958e-05 1.19599e-05 
1.1675 0.0854329 0.0104561 0.00164341 0.000624869 0.000303227 0.000154818 8.07687e-05 4.22909e-05 2.20038e-05 1.12993e-05 
1.175 0.0992174 0.012262 0.00196116 0.000746759 0.000362244 0.000184766 9.63184e-05 5.04001e-05 2.62056e-05 1.34468e-05 
1.1725 0.0944743 0.0116391 0.00185121 0.000704569 0.000341817 0.000174402 9.09383e-05 4.75947e-05 2.47522e-05 1.27041e-05 
1.18 0.10971 0.0136511 0.00220918 0.000841994 0.00040834 0.000208136 0.000108445 5.67206e-05 2.94787e-05 1.51186e-05 
1.1775 0.104467 0.0129571 0.0020853 0.000794427 0.000385316 0.000196463 0.000102388 5.35635e-05 2.78438e-05 1.42835e-05 
1.185 0.121306 0.0151989 0.00248859 0.000949367 0.0004603 0.000234462 0.000122099 6.38335e-05 3.31606e-05 1.69981e-05 
1.1825 0.115512 0.0144257 0.00234903 0.000895737 0.000434347 0.000221313 0.000115279 6.02806e-05 3.13215e-05 1.60592e-05 
1.19 0.13412 0.0169237 0.00280337 0.00107042 0.000518867 0.000264116 0.000137471 7.18383e-05 3.73022e-05 1.91112e-05 
1.1875 0.127717 0.0160621 0.00264614 0.00100996 0.000489614 0.000249304 0.000129792 6.78399e-05 3.52334e-05 1.80557e-05 
1.195 0.14828 0.0188459 0.003158 0.0012069 0.000584882 0.000297519 0.000154777 8.08466e-05 4.1961e-05 2.1487e-05 
1.1925 0.141205 0.0178857 0.00298087 0.00113873 0.000551909 0.000280835 0.000146133 7.63469e-05 3.96339e-05 2.03003e-05 
1.2 0.163926 0.0209882 0.00355752 0.00136076 0.00065929 0.000335145 0.000174262 9.09843e-05 4.72015e-05 2.4158e-05 
1.1975 0.156109 0.019918 0.00335797 0.00128391 0.000622124 0.000316351 0.000164529 8.59205e-05 4.45838e-05 2.28238e-05 
1.205 0.181212 0.0233761 0.00400762 0.00153422 0.000743158 0.000377527 0.000196199 0.000102393 5.30964e-05 2.7161e-05 
1.2025 0.172575 0.0221832 0.0037828 0.00144758 0.000701267 0.000356358 0.000185241 9.66943e-05 5.01518e-05 2.5661e-05 
1.21 0.200308 0.0260378 0.00451469 0.00172978 0.000837687 0.000425266 0.000220896 0.000115232 5.97272e-05 3.05372e-05 
1.2075 0.190767 0.0247081 0.00426142 0.0016321 0.000790471 0.000401421 0.00020856 0.000108819 5.64151e-05 2.88507e-05 
1.215 0.221402 0.0290049 0.00508595 0.00195023 0.000944232 0.000479039 0.000248702 0.00012968 6.71861e-05 3.43329e-05 
1.2125 0.210862 0.0275226 0.00480062 0.00184012 0.000891015 0.00045218 0.000234813 0.000122463 6.34603e-05 3.24369e-05 
1.22 0.2447 0.0323127 0.00572952 0.00219875 0.00106432 0.000539609 0.000280006 0.000145939 7.55761e-05 3.86004e-05 
1.2175 0.233059 0.0306603 0.00540807 0.00207462 0.00100434 0.000509355 0.00026437 0.000137818 7.13852e-05 3.64688e-05 
1.225 0.270429 0.0360007 0.00645454 0.00247891 0.00119966 0.000607833 0.00031525 0.000164237 8.50137e-05 4.33982e-05 
1.2225 0.257573 0.0341583 0.00609241 0.00233898 0.00113206 0.000573755 0.000297646 0.000155097 8.02996e-05 4.10017e-05 
1.23 0.298839 0.0401125 0.00727131 0.00279472 0.00135221 0.000684678 0.000354928 0.000184828 9.56296e-05 4.87922e-05 
1.2275 0.284644 0.0380584 0.00686336 0.00263698 0.00127602 0.000646295 0.000335109 0.000174543 9.03269e-05 4.60978e-05 
1.235 0.330205 0.0446974 0.00819145 0.00315072 0.00152414 0.000771234 0.000399598 0.000208 0.000107571 5.48564e-05 
1.2325 0.314533 0.042407 0.00773186 0.00297291 0.00143826 0.000728 0.000377286 0.000196426 0.000101606 5.18273e-05 
1.24 0.36483 0.0498099 0.009228 0.00355201 0.00171791 0.000868727 0.000449889 0.000234077 0.000121003 6.16742e-05 
1.2375 0.34753 0.0472559 0.00871027 0.00335158 0.00162112 0.00082003 0.000424769 0.000221052 0.000114293 5.82686e-05 
1.245 0.403045 0.055511 0.0103957 0.00400435 0.00193629 0.000978538 0.000506508 0.000263422 0.000136112 6.93392e-05 
1.2425 0.383951 0.052663 0.00981246 0.00377842 0.00182721 0.000923689 0.000478227 0.000248764 0.000128565 6.55104e-05 
1.25 0.445215 0.0618687 0.0117111 0.00451422 0.00218242 0.00110222 0.000570249 0.000296445 0.000153107 7.79565e-05 
1.2475 0.424145 0.0586927 0.0110541 0.00425955 0.00205948 0.00104044 0.00053841 0.00027995 0.000144617 7.3652e-05 
1.255 0.491739 0.068959 0.0131928 0.00508892 0.0024598 0.00124153 0.000642009 0.000333607 0.000172223 8.76445e-05 
1.2525 0.468493 0.065417 0.0124527 0.00480187 0.00232125 0.00117195 0.000606165 0.000315044 0.000162674 8.28052e-05 
1.26 0.543056 0.0768666 0.0148619 0.00573669 0.0027724 0.00139844 0.000722797 0.000375426 0.000193726 9.85363e-05 
1.2575 0.517415 0.0729163 0.0140282 0.00541314 0.00261626 0.00132007 0.000682444 0.000354537 0.000182985 9.30957e-05 
1.265 0.599646 0.0856859 0.016742 0.00646679 0.0031247 0.00157517 0.000813748 0.000422486 0.000217913 0.000110781 
1.2625 0.57137 0.0812802 0.015803 0.00610212 0.00294873 0.0014869 0.000768318 0.00039898 0.000205831 0.000104665 
1.27 0.662034 0.0955223 0.0188598 0.00728968 0.00352173 0.00177422 0.000916139 0.000475444 0.000245119 0.000124548 
1.2675 0.630861 0.0906085 0.0178021 0.00687867 0.00332342 0.0016748 0.000864995 0.000448992 0.000231529 0.000117671 
1.275 0.730795 0.106493 0.0212452 0.00821713 0.00396916 0.00199841 0.00103141 0.000535039 0.000275721 0.000140024 
1.2725 0.696438 0.101013 0.0200538 0.00775389 0.00374568 0.00188643 0.000973833 0.000505271 0.000260435 0.000132293 
1.28 0.806558 0.11873 0.0239321 0.0092624 0.00447338 0.00225092 0.00116118 0.000602102 0.000310143 0.000157424 
1.2775 0.768702 0.112617 0.0225901 0.00874031 0.00422153 0.0021248 0.00109636 0.000568604 0.000292949 0.000148732 
1.285 0.890007 0.13238 0.0269583 0.0104404 0.00504161 0.00253532 0.00130727 0.000677569 0.000348861 0.000176985 
1.2825 0.84831 0.125561 0.0254468 0.00985204 0.00475779 0.00239327 0.0012343 0.000639873 0.000329521 0.000167214 
1.29 0.98189 0.147604 0.0303668 0.0117681 0.00568195 0.00285563 0.00147174 0.000762492 0.000392413 0.000198976 
1.2875 0.935978 0.139999 0.0286643 0.011105 0.00536211 0.00269564 0.00138959 0.000720073 0.000370658 0.000187991 
1.295 1.08302 0.164586 0.0342057 0.0132643 0.00640355 0.00321639 0.00165689 0.000858057 0.000441399 0.000223699 
1.2925 1.03249 0.156103 0.0322883 0.012517 0.00604312 0.00303619 0.00156441 0.000810322 0.00041693 0.000211349 
1.3 1.19428 0.183529 0.0385293 0.0149505 0.00721671 0.0036227 0.00186533 0.000965597 0.0004965 0.000251493 
1.2975 1.13869 0.174066 0.0363697 0.0141083 0.00681055 0.00341975 0.00176121 0.00091188 0.000468977 0.00023761 
1.305 1.31664 0.20466 0.0433986 0.0168508 0.00813304 0.00408032 0.00209998 0.00108661 0.000558478 0.00028274 
1.3025 1.2555 0.194104 0.0409665 0.0159016 0.00767535 0.00385174 0.00198277 0.00102616 0.00052752 0.000267132 
1.31 1.45114 0.228231 0.0488826 0.0189922 0.00916563 0.00459571 0.00236414 0.00122279 0.000628192 0.000317869 
1.3075 1.38393 0.216456 0.0461435 0.0179226 0.00864987 0.00433827 0.00223219 0.00115477 0.000593369 0.000300322 
1.315 1.59891 0.254525 0.0550586 0.0214053 0.0103292 0.00517617 0.00266151 0.00137603 0.000706606 0.000357362 
1.3125 1.52507 0.24139 0.0519738 0.0202 0.00974802 0.00488623 0.00251298 0.00129949 0.000667438 0.000337635 
1.32 1.76118 0.283856 0.0620139 0.0241246 0.0116404 0.0058299 0.00299629 0.00154847 0.000794807 0.000401761 
1.3175 1.6801 0.269204 0.0585399 0.0227664 0.0109855 0.00550337 0.00282907 0.00146234 0.00075075 0.000379583 
1.325 1.93928 0.316578 0.0698467 0.027189 0.0131178 0.00656617 0.00337316 0.00174252 0.000894016 0.000451675 
1.3225 1.85028 0.300232 0.0659344 0.0256584 0.0123799 0.00619841 0.00318491 0.00164559 0.00084446 0.000426742 
1.33 2.13463 0.353082 0.0786676 0.030642 0.0147827 0.00739537 0.00379742 0.00196088 0.00100561 0.00050779 
1.3275 2.03701 0.334847 0.0742618 0.0289173 0.0139511 0.00698119 0.0035855 0.00185181 0.000949866 0.00047976 
1.335 2.34878 0.393807 0.0886013 0.034533 0.0166587 0.00832923 0.00427502 0.0022066 0.00113112 0.000570876 
1.3325 2.24177 0.373463 0.0836397 0.0325896 0.0157217 0.00786278 0.00403646 0.00208386 0.00106843 0.000539364 
1.34 2.5834 0.439243 0.0997878 0.0389175 0.0187725 0.00938096 0.00481268 0.0024831 0.00127231 0.000641799 
1.3375 2.46616 0.416546 0.0942004 0.0367276 0.0177167 0.00885563 0.00454412 0.00234499 0.00120179 0.000606372 
1.345 2.84029 0.489936 0.112385 0.043858 0.0211544 0.0105654 0.00541794 0.00279425 0.00143111 0.000721533 
1.3425 2.71192 0.464612 0.106093 0.0413904 0.0199647 0.0099738 0.00511561 0.00263883 0.00135179 0.000681705 
1.35 3.12136 0.546497 0.126572 0.0494249 0.0238382 0.0118994 0.0060993 0.00314439 0.00160974 0.000811173 
1.3475 2.9809 0.518242 0.119486 0.0466444 0.0224977 0.0112331 0.00575896 0.0029695 0.00152052 0.000766396 
1.355 3.42868 0.609608 0.142547 0.0556975 0.0268622 0.0134017 0.00686632 0.0035384 0.00181066 0.00091195 
1.3525 3.2751 0.578081 0.134568 0.0525645 0.0253518 0.0126513 0.0064832 0.00334159 0.0017103 0.00086161 
1.36 3.76446 0.680031 0.160537 0.0627653 0.0302696 0.0150935 0.00772979 0.00398177 0.00203667 0.00102525 
1.3575 3.59666 0.644851 0.151552 0.0592351 0.0285677 0.0142485 0.00729849 0.00376031 0.00192378 0.000968654 
1.365 4.13107 0.758617 0.180796 0.0707288 0.0341087 0.0169989 0.00870182 0.00448071 0.00229088 0.00115263 
1.3625 3.94786 0.71936 0.170677 0.0667512 0.0321911 0.0160472 0.00821629 0.00423149 0.0021639 0.001089 
1.37 4.53103 0.846316 0.20361 0.0797015 0.0384344 0.0191446 0.00979606 0.00504216 0.00257684 0.00129583 
1.3675 4.33115 0.802506 0.192215 0.0752198 0.0362738 0.0180728 0.00924949 0.00476172 0.002434 0.0012243 
1.375 4.96702 0.944191 0.2293 0.0898109 0.0433081 0.0215611 0.0110279 0.00567398 0.0028985 0.00145684 
1.3725 4.74913 0.895298 0.216468 0.0847615 0.0408737 0.0203541 0.0104126 0.00535839 0.00273783 0.00137641 
1.38 5.44188 1.05343 0.258229 0.101201 0.0487992 0.0242824 0.0124146 0.00638499 0.00326032 0.00163786 
1.3775 5.20456 0.998859 0.24378 0.0955119 0.0460565 0.0229232 0.0117219 0.00602984 0.00307959 0.00154744 
1.385 5.9586 1.17535 0.290805 0.114033 0.0549859 0.0273471 0.0139757 0.00718512 0.00366733 0.00184138 
1.3825 5.70036 1.11444 0.274534 0.107624 0.0518957 0.0258163 0.0131959 0.00678546 0.00346403 0.00173972 
1.39 6.52034 1.31143 0.327488 0.128491 0.061956 0.0307984 0.0157331 0.00808557 0.00412518 0.00207021 
1.3875 6.2396 1.24345 0.309166 0.12127 0.0584745 0.0290745 0.0148553 0.0076358 0.00389648 0.00195591 
1.395 7.13039 1.46332 0.368793 0.144778 0.0698088 0.0346851 0.0177116 0.00909891 0.00464024 0.0023275 
1.3925 6.8255 1.38745 0.348162 0.136643 0.0658865 0.0327437 0.0167233 0.00859275 0.00438297 0.00219898 
1.4 7.79217 1.63287 0.415302 0.163125 0.0786558 0.0390622 0.0199389 0.0102393 0.00521966 0.00261681 
1.3975 7.46141 1.54817 0.392072 0.153961 0.0742369 0.0368759 0.0188263 0.0096697 0.00493024 0.0024723 
1.405 8.50918 1.82212 0.467669 0.183794 0.0886227 0.0439914 0.0224464 0.0115228 0.00587152 0.00294211 
1.4025 8.15081 1.72758 0.441513 0.17347 0.0836444 0.0415293 0.0211939 0.0108817 0.00554592 0.00277962 
1.41 9.28502 2.03335 0.526627 0.207075 0.0998511 0.0495427 0.0252695 0.0129674 0.00660489 0.00330792 
1.4075 8.89724 1.92783 0.497179 0.195447 0.0942427 0.0467699 0.0238594 0.0122458 0.00623857 0.00312519 
1.415 10.1233 2.26913 0.593003 0.233299 0.112501 0.0557945 0.0284479 0.0145933 0.00743001 0.00371928 
1.4125 9.7043 2.15135 0.559849 0.220201 0.106182 0.0526718 0.0268603 0.0137812 0.00701786 0.0035138 
1.42 11.0276 2.53227 0.667723 0.262835 0.126751 0.0628353 0.0320265 0.0164234 0.00835841 0.00418191 
1.4175 10.5756 2.40082 0.630402 0.248082 0.119633 0.0593185 0.030239 0.0155093 0.00789468 0.00395082 
1.425 12.0015 2.82594 0.751831 0.2961 0.142804 0.070765 0.036056 0.0184835 0.00940308 0.00470222 
1.4225 11.5147 2.67924 0.709821 0.279485 0.134786 0.0668042 0.0340433 0.0174545 0.00888127 0.00444232 
1.43 13.0483 3.15365 0.846493 0.333562 0.160889 0.0796962 0.0405934 0.0208025 0.0105787 0.00528745 
1.4275 12.525 2.98994 0.799211 0.314851 0.151856 0.0752352 0.038327 0.0196442 0.00999147 0.00499513 
1.435 14.1711 3.51928 0.953022 0.37575 0.181262 0.0897559 0.045703 0.0234134 0.0119017 0.00594577 
1.4325 13.6098 3.33662 0.899812 0.354678 0.171086 0.0847312 0.0431508 0.0221093 0.0112409 0.00561694 
1.44 15.373 3.92714 1.07289 0.423256 0.204214 0.101087 0.0514575 0.0263531 0.0133909 0.00668636 
1.4375 14.7722 3.72339 1.01302 0.399527 0.19275 0.0954274 0.0485832 0.0248848 0.012647 0.00631643 
1.445 16.6562 4.38204 1.20774 0.476748 0.230072 0.113852 0.0579391 0.0296634 0.0150671 0.00751963 
1.4425 16.0146 4.15479 1.14038 0.450029 0.217156 0.107476 0.0547017 0.02801 0.0142298 0.00710341 
1.45 18.0228 4.88924 1.35942 0.536978 0.259205 0.128233 0.0652404 0.0333916 0.0169544 0.00845728 
1.4475 17.3395 4.63585 1.28366 0.506894 0.244654 0.12105 0.0615935 0.0315294 0.0160117 0.00798892 
1.455 19.4742 5.45459 1.53001 0.604794 0.292031 0.144437 0.0734664 0.0375909 0.0190794 0.00951257 
1.4525 18.7485 5.17215 1.4448 0.570921 0.275635 0.136344 0.0693577 0.0354934 0.0180179 0.00898546 
1.46 21.0113 6.08451 1.72181 0.681151 0.329022 0.162698 0.0827357 0.042322 0.0214726 0.0107005 
1.4575 20.2428 5.76981 1.62601 0.643012 0.310546 0.153578 0.0781058 0.0399589 0.0202772 0.0101071 
1.465 22.6343 6.78609 1.93743 0.767126 0.370712 0.183281 0.0931828 0.0476531 0.0241685 0.012038 
1.4625 21.8228 6.43559 1.82973 0.724183 0.349889 0.173001 0.0879647 0.0449903 0.022822 0.0113699 
1.47 24.3425 7.56705 2.17977 0.863939 0.417706 0.206485 0.10496 0.0536621 0.0272061 0.0135442 
1.4675 23.4884 7.17688 2.05872 0.815584 0.394234 0.194896 0.0990778 0.0506608 0.0256889 0.0127918 
1.475 26.1348 8.43588 2.4521 0.972966 0.47069 0.232653 0.118241 0.0604369 0.0306297 0.0152409 
1.4725 25.2386 8.00181 2.31608 0.91851 0.444226 0.219583 0.111608 0.0570531 0.0289197 0.0143934 
1.48 28.0091 9.40179 2.75809 1.09577 0.530444 0.262171 0.133223 0.0680778 0.0344896 0.0171529 
1.4775 27.0719 8.91921 2.60525 1.03443 0.5006 0.247428 0.12574 0.0642614 0.0325617 0.0161979 
1.485 29.9627 10.4748 3.10186 1.23412 0.597858 0.295481 0.15013 0.0766988 0.0388431 0.0193083 
1.4825 28.9858 9.9387 2.93015 1.16502 0.564188 0.278844 0.141686 0.072393 0.0366687 0.0182317 
1.49 31.9924 11.6658 3.48808 1.39005 0.673945 0.333088 0.169217 0.0864301 0.0437553 0.0217389 
1.4875 30.9775 11.0707 3.29517 1.31217 0.635944 0.314305 0.159684 0.0815698 0.0413018 0.0205249 
1.495 34.0944 12.9864 3.92204 1.56586 0.759866 0.375568 0.190778 0.0974201 0.0493007 0.0244813 
1.4925 33.0433 12.3265 3.70529 1.47805 0.716955 0.354352 0.180009 0.0919312 0.046531 0.0231116 
1.5 36.2644 14.4492 4.40977 1.76419 0.856952 0.423582 0.215148 0.109839 0.0555646 0.0275771 
1.4975 35.1793 13.7183 4.16617 1.66514 0.808466 0.399603 0.202977 0.103637 0.0524362 0.0260309 
1.505 38.4976 16.068 4.95817 1.98811 0.966738 0.477892 0.242712 0.123882 0.0626445 0.031074 
1.5025 37.3809 15.2592 4.68427 1.87628 0.911911 0.450769 0.228946 0.116869 0.0591085 0.0293275 
1.51 40.7891 17.8576 5.57523 2.24113 1.091 0.539376 0.273915 0.139774 0.0706525 0.0350268 
1.5075 39.6432 16.9634 5.26706 2.11478 1.02894 0.508671 0.258332 0.131838 0.0666531 0.0330527 
1.515 43.1334 19.8343 6.27029 2.52738 1.23179 0.609052 0.309269 0.157774 0.0797177 0.0394982 
1.5125 41.9611 18.8467 5.92319 2.38444 1.16148 0.574257 0.291614 0.148785 0.0751904 0.0372651 
1.52 45.5248 22.0165 7.05431 2.85167 1.39151 0.6881 0.34937 0.178181 0.0899891 0.0445609 
1.5175 44.3288 20.9262 6.66281 2.68974 1.31175 0.648626 0.329345 0.16799 0.0848595 0.0420325 
1.525 47.9568 24.4256 7.94038 3.21968 1.57299 0.777904 0.39491 0.201344 0.101639 0.0502985 
1.5225 46.7405 23.2221 7.49796 3.03593 1.48237 0.733061 0.372169 0.189777 0.0958213 0.0474331 
1.53 50.4222 27.0876 8.94432 3.6382 1.77954 0.880081 0.446697 0.227666 0.114869 0.0568081 
1.5275 49.1891 25.758 8.44311 3.42925 1.67641 0.829062 0.420838 0.214522 0.108262 0.0535573 
1.535 52.9127 30.0355 10.0855 4.11535 2.01512 0.996541 0.505678 0.25762 0.12991 0.0642026 
1.5325 51.667 28.5635 9.51585 3.87715 1.8975 0.938393 0.476227 0.242663 0.122399 0.06051 
1.54 55.4185 33.3137 11.3879 4.66101 2.28444 1.12954 0.572968 0.29176 0.147037 0.0726132 
1.5375 54.1651 31.6774 10.7379 4.38864 2.14999 1.06314 0.53937 0.274713 0.138485 0.0684133 
1.545 57.9289 36.9844 12.8822 5.28728 2.59318 1.28178 0.649883 0.330735 0.166566 0.0821936 
1.5425 56.673 35.1531 12.1366 4.97471 2.43906 1.20578 0.611481 0.311275 0.156815 0.0774097 
1.55 60.438 41.1392 14.6076 6.00918 2.94823 1.45647 0.737985 0.375313 0.188875 0.0931237 
1.5475 59.1799 39.068 13.747 5.64894 2.77101 1.36927 0.694 0.353056 0.177736 0.087666 
1.555 63.3061 45.9172 16.616 6.84558 3.35802 1.65749 0.839132 0.426399 0.214402 0.105615 
1.5525 61.6668 43.5377 15.6145 6.42828 3.1535 1.55715 0.788636 0.400893 0.201656 0.0993779 
1.56 0 51.5346 18.9773 7.82053 3.83292 1.88952 0.955541 0.485068 0.24367 0.119916 
1.5575 0 48.7399 17.8004 7.33421 3.59593 1.7737 0.897428 0.455777 0.229057 0.112775 
1.565 0 58.3259 21.7886 8.96508 4.38586 2.15824 1.08987 0.552595 0.277293 0.13632 
1.5625 0 54.9507 20.3883 8.39431 4.10997 2.02412 1.02281 0.518883 0.260506 0.12813 
1.57 0 66.9776 25.1876 10.3201 5.03304 2.47059 1.2453 0.630499 0.316001 0.155174 
1.5675 0 62.5929 23.4957 9.64459 4.71017 2.3147 1.16771 0.591608 0.296676 0.145761 
1.575 0 0 29.371 11.9402 5.795 2.83508 1.42568 0.720588 0.360658 0.176889 
1.5725 0 72.2319 27.2908 11.1329 5.41493 2.65318 1.33565 0.675615 0.338364 0.166048 
1.58 0 0 0 13.9651 6.70484 3.26447 1.63644 0.825304 0.41239 0.201983 
1.5775 0 0 32.0209 12.9243 6.24772 3.04906 1.53084 0.772885 0.386513 0.189437 
1.585 0 0 0 0 0 0 0 0 0 0 
1.5825 0 0 0 0 7.23491 3.51271 1.75792 0.885608 0.442182 0.216439 
1.59 0 0 0 0 0 0 0 0 0 0 
1.5875 0 0 0 0 0 0 0 0 0 0 
1.595 0 0 0 0 0 0 0 0 0 0 
1.5925 0 0 0 0 0 0 0 0 0 0 
1.6 0 0 0 0 0 0 0 0 0 0 
1.5975 0 0 0 0 0 0 0 0 0 0 
1.605 0 0 0 0 0 0 0 0 0 0 
1.6025 0 0 0 0 0 0 0 0 0 0 
1.61 0 0 0 0 0 0 0 0 0 0 
1.6075 0 0 0 0 0 0 0 0 0 0 
1.615 0 0 0 0 0 0 0 0 0 0 
1.6125 0 0 0 0 0 0 0 0 0 0 
1.62 0 0 0 0 0 0 0 0 0 0 
1.6175 0 0 0 0 0 0 0 0 0 0 
1.625 0 0 0 0 0 0 0 0 0 0 
1.6225 0 0 0 0 0 0 0 0 0 0 
1.63 0 0 0 0 0 0 0 0 0 0 
1.6275 0 0 0 0 0 0 0 0 0 0 
1.635 0 0 0 0 0 0 0 0 0 0 
1.6325 0 0 0 0 0 0 0 0 0 0 
1.64 0 0 0 0 0 0 0 0 0 0 
1.6375 0 0 0 0 0 0 0 0 0 0 
1.645 0 0 0 0 0 0 0 0 0 0 
1.6425 0 0 0 0 0 0 0 0 0 0 
1.65 0 0 0 0 0 0 0 0 0 0 
1.6475 0 0 0 0 0 0 0 0 0 0 
1.655 0 0 0 0 0 0 0 0 0 0 
1.6525 0 0 0 0 0 0 0 0 0 0 
1.66 0 0 0 0 0 0 0 0 0 0 
1.6575 0 0 0 0 0 0 0 0 0 0 
1.665 0 0 0 0 0 0 0 0 0 0 
1.6625 0 0 0 0 0 0 0 0 0 0 
1.67 0 0 0 0 0 0 0 0 0 0 
1.6675 0 0 0 0 0 0 0 0 0 0 
1.675 0 0 0 0 0 0 0 0 0 0 
1.6725 0 0 0 0 0 0 0 0 0 0 
1.68 0 0 0 0 0 0 0 0 0 0 
1.6775 0 0 0 0 0 0 0 0 0 0 
1.685 0 0 0 0 0 0 0 0 0 0 
1.6825 0 0 0 0 0 0 0 0 0 0 
1.69 0 0 0 0 0 0 0 0 0 0 
1.6875 0 0 0 0 0 0 0 0 0 0 
1.695 0 0 0 0 0 0 0 0 0 0 
1.6925 0 0 0 0 0 0 0 0 0 0 
1.7 0 0 0 0 0 0 0 0 0 0 
1.6975 0 0 0 0 0 0 0 0 0 0 
1.705 0 0 0 0 0 0 0 0 0 0 
1.7025 0 0 0 0 0 0 0 0 0 0 
1.71 0 0 0 0 0 0 0 0 0 0 
1.7075 0 0 0 0 0 0 0 0 0 0 
1.715 0 0 0 0 0 0 0 0 0 0 
1.7125 0 0 0 0 0 0 0 0 0 0 
1.72 0 0 0 0 0 0 0 0 0 0 
1.7175 0 0 0 0 0 0 0 0 0 0 
1.725 0 0 0 0 0 0 0 0 0 0 
1.7225 0 0 0 0 0 0 0 0 0 0 
1.73 0 0 0 0 0 0 0 0 0 0 
1.7275 0 0 0 0 0 0 0 0 0 0 
1.735 0 0 0 0 0 0 0 0 0 0 
1.7325 0 0 0 0 0 0 0 0 0 0 
1.74 0 0 0 0 0 0 0 0 0 0 
1.7375 0 0 0 0 0 0 0 0 0 0 
1.745 0 0 0 0 0 0 0 0 0 0 
1.7425 0 0 0 0 0 0 0 0 0 0 
1.75 0 0 0 0 0 0 0 0 0 0 
1.7475 0 0 0 0 0 0 0 0 0 0 
1.755 0 0 0 0 0 0 0 0 0 0 
1.7525 0 0 0 0 0 0 0 0 0 0 
1.76 0 0 0 0 0 0 0 0 0 0 
1.7575 0 0 0 0 0 0 0 0 0 0 
1.765 0 0 0 0 0 0 0 0 0 0 
1.7625 0 0 0 0 0 0 0 0 0 0 
1.77 0 0 0 0 0 0 0 0 0 0 
1.7675 0 0 0 0 0 0 0 0 0 0 
1.775 0 0 0 0 0 0 0 0 0 0 
1.7725 0 0 0 0 0 0 0 0 0 0 
1.78 0 0 0 0 0 0 0 0 0 0 
1.7775 0 0 0 0 0 0 0 0 0 0 
1.785 0 0 0 0 0 0 0 0 0 0 
1.7825 0 0 0 0 0 0 0 0 0 0 
1.79 0 0 0 0 0 0 0 0 0 0 
1.7875 0 0 0 0 0 0 0 0 0 0 
1.795 0 0 0 0 0 0 0 0 0 0 
1.7925 0 0 0 0 0 0 0 0 0 0 
1.8 0 0 0 0 0 0 0 0 0 0 
1.7975 0 0 0 0 0 0 0 0 0 0 
1.805 0 0 0 0 0 0 0 0 0 0 
1.8025 0 0 0 0 0 0 0 0 0 0 
1.81 0 0 0 0 0 0 0 0 0 0 
1.8075 0 0 0 0 0 0 0 0 0 0 
1.815 0 0 0 0 0 0 0 0 0 0 
1.8125 0 0 0 0 0 0 0 0 0 0 
1.82 0 0 0 0 0 0 0 0 0 0 
1.8175 0 0 0 0 0 0 0 0 0 0 
1.825 0 0 0 0 0 0 0 0 0 0 
1.8225 0 0 0 0 0 0 0 0 0 0 
1.83 0 0 0 0 0 0 0 0 0 0 
1.8275 0 0 0 0 0 0 0 0 0 0 
1.835 0 0 0 0 0 0 0 0 0 0 
1.8325 0 0 0 0 0 0 0 0 0 0 
1.84 0 0 0 0 0 0 0 0 0 0 
1.8375 0 0 0 0 0 0 0 0 0 0 
1.845 0 0 0 0 0 0 0 0 0 0 
1.8425 0 0 0 0 0 0 0 0 0 0 
1.85 0 0 0 0 0 0 0 0 0 0 
1.8475 0 0 0 0 0 0 0 0 0 0 
1.855 0 0 0 0 0 0 0 0 0 0 
1.8525 0 0 0 0 0 0 0 0 0 0 
1.86 0 0 0 0 0 0 0 0 0 0 
1.8575 0 0 0 0 0 0 0 0 0 0 
1.865 0 0 0 0 0 0 0 0 0 0 
1.8625 0 0 0 0 0 0 0 0 0 0 
1.87 0 0 0 0 0 0 0 0 0 0 
1.8675 0 0 0 0 0 0 0 0 0 0 
1.875 0 0 0 0 0 0 0 0 0 0 
1.8725 0 0 0 0 0 0 0 0 0 0 
1.88 0 0 0 0 0 0 0 0 0 0 
1.8775 0 0 0 0 0 0 0 0 0 0 
1.885 0 0 0 0 0 0 0 0 0 0 
1.8825 0 0 0 0 0 0 0 0 0 0 
1.89 0 0 0 0 0 0 0 0 0 0 
1.8875 0 0 0 0 0 0 0 0 0 0 
1.895 0 0 0 0 0 0 0 0 0 0 
1.8925 0 0 0 0 0 0 0 0 0 0 
1.9 0 0 0 0 0 0 0 0 0 0 
1.8975 0 0 0 0 0 0 0 0 0 0 
1.905 0 0 0 0 0 0 0 0 0 0 
1.9025 0 0 0 0 0 0 0 0 0 0 
1.91 0 0 0 0 0 0 0 0 0 0 
1.9075 0 0 0 0 0 0 0 0 0 0 
1.915 0 0 0 0 0 0 0 0 0 0 
1.9125 0 0 0 0 0 0 0 0 0 0 
1.92 0 0 0 0 0 0 0 0 0 0 
1.9175 0 0 0 0 0 0 0 0 0 0 
1.925 0 0 0 0 0 0 0 0 0 0 
1.9225 0 0 0 0 0 0 0 0 0 0 
1.93 0 0 0 0 0 0 0 0 0 0 
1.9275 0 0 0 0 0 0 0 0 0 0 
1.935 0 0 0 0 0 0 0 0 0 0 
1.9325 0 0 0 0 0 0 0 0 0 0 
1.94 0 0 0 0 0 0 0 0 0 0 
1.9375 0 0 0 0 0 0 0 0 0 0 
1.945 0 0 0 0 0 0 0 0 0 0 
1.9425 0 0 0 0 0 0 0 0 0 0 
1.95 0 0 0 0 0 0 0 0 0 0 
1.9475 0 0 0 0 0 0 0 0 0 0 
1.955 0 0 0 0 0 0 0 0 0 0 
1.9525 0 0 0 0 0 0 0 0 0 0 
1.96 0 0 0 0 0 0 0 0 0 0 
1.9575 0 0 0 0 0 0 0 0 0 0 
1.965 0 0 0 0 0 0 0 0 0 0 
1.9625 0 0 0 0 0 0 0 0 0 0 
1.97 0 0 0 0 0 0 0 0 0 0 
1.9675 0 0 0 0 0 0 0 0 0 0 
1.975 0 0 0 0 0 0 0 0 0 0 
1.9725 0 0 0 0 0 0 0 0 0 0 
1.98 0 0 0 0 0 0 0 0 0 0 
1.9775 0 0 0 0 0 0 0 0 0 0 
1.985 0 0 0 0 0 0 0 0 0 0 
1.9825 0 0 0 0 0 0 0 0 0 0 
1.99 0 0 0 0 0 0 0 0 0 0 
1.9875 0 0 0 0 0 0 0 0 0 0 
1.995 0 0 0 0 0 0 0 0 0 0 
1.9925 0 0 0 0 0 0 0 0 0 0 
2 0 0 0 0 0 0 0 0 0 0 
1.9975 0 0 0 0 0 0 0 0 0 0 
2.005 0 0 0 0 0 0 0 0 0 0 
2.0025 0 0 0 0 0 0 0 0 0 0 
2.01 0 0 0 0 0 0 0 0 0 0 
2.0075 0 0 0 0 0 0 0 0 0 0 
2.015 0 0 0 0 0 0 0 0 0 0 
2.0125 0 0 0 0 0 0 0 0 0 0 
2.02 0 0 0 0 0 0 0 0 0 0 
2.0175 0 0 0 0 0 0 0 0 0 0 
2.025 0 0 0 0 0 0 0 0 0 0 
2.0225 0 0 0 0 0 0 0 0 0 0 
2.03 0 0 0 0 0 0 0 0 0 0 
2.0275 0 0 0 0 0 0 0 0 0 0 
2.035 0 0 0 0 0 0 0 0 0 0 
2.0325 0 0 0 0 0 0 0 0 0 0 
2.04 0 0 0 0 0 0 0 0 0 0 
2.0375 0 0 0 0 0 0 0 0 0 0 
2.045 0 0 0 0 0 0 0 0 0 0 
2.0425 0 0 0 0 0 0 0 0 0 0 
2.05 0 0 0 0 0 0 0 0 0 0 
2.0475 0 0 0 0 0 0 0 0 0 0 
2.055 0 0 0 0 0 0 0 0 0 0 
2.0525 0 0 0 0 0 0 0 0 0 0 
2.06 0 0 0 0 0 0 0 0 0 0 
2.0575 0 0 0 0 0 0 0 0 0 0 
2.065 0 0 0 0 0 0 0 0 0 0 
2.0625 0 0 0 0 0 0 0 0 0 0 
2.07 0 0 0 0 0 0 0 0 0 0 
2.0675 0 0 0 0 0 0 0 0 0 0 
2.075 0 0 0 0 0 0 0 0 0 0 
2.0725 0 0 0 0 0 0 0 0 0 0 
2.08 0 0 0 0 0 0 0 0 0 0 
2.0775 0 0 0 0 0 0 0 0 0 0 
2.085 0 0 0 0 0 0 0 0 0 0 
2.0825 0 0 0 0 0 0 0 0 0 0 
2.09 0 0 0 0 0 0 0 0 0 0 
2.0875 0 0 0 0 0 0 0 0 0 0 
2.095 0 0 0 0 0 0 0 0 0 0 
2.0925 0 0 0 0 0 0 0 0 0 0 
2.1 0 0 0 0 0 0 0 0 0 0 
2.0975 0 0 0 0 0 0 0 0 0 0 
2.105 0 0 0 0 0 0 0 0 0 0 
2.1025 0 0 0 0 0 0 0 0 0 0 
2.11 0 0 0 0 0 0 0 0 0 0 
2.1075 0 0 0 0 0 0 0 0 0 0 
2.115 0 0 0 0 0 0 0 0 0 0 
2.1125 0 0 0 0 0 0 0 0 0 0 
2.12 0 0 0 0 0 0 0 0 0 0 
2.1175 0 0 0 0 0 0 0 0 0 0 
2.125 0 0 0 0 0 0 0 0 0 0 
2.1225 0 0 0 0 0 0 0 0 0 0 
2.13 0 0 0 0 0 0 0 0 0 0 
2.1275 0 0 0 0 0 0 0 0 0 0 
2.135 0 0 0 0 0 0 0 0 0 0 
2.1325 0 0 0 0 0 0 0 0 0 0 
2.14 0 0 0 0 0 0 0 0 0 0 
2.1375 0 0 0 0 0 0 0 0 0 0 
2.145 0 0 0 0 0 0 0 0 0 0 
2.1425 0 0 0 0 0 0 0 0 0 0 
2.15 0 0 0 0 0 0 0 0 0 0 
2.1475 0 0 0 0 0 0 0 0 0 0 
2.155 0 0 0 0 0 0 0 0 0 0 
2.1525 0 0 0 0 0 0 0 0 0 0 
2.16 0 0 0 0 0 0 0 0 0 0 
2.1575 0 0 0 0 0 0 0 0 0 0 
2.165 0 0 0 0 0 0 0 0 0 0 
2.1625 0 0 0 0 0 0 0 0 0 0 
2.17 0 0 0 0 0 0 0 0 0 0 
2.1675 0 0 0 0 0 0 0 0 0 0 
2.175 0 0 0 0 0 0 0 0 0 0 
2.1725 0 0 0 0 0 0 0 0 0 0 
2.18 0 0 0 0 0 0 0 0 0 0 
2.1775 0 0 0 0 0 0 0 0 0 0 
2.185 0 0 0 0 0 0 0 0 0 0 
2.1825 0 0 0 0 0 0 0 0 0 0 
2.19 0 0 0 0 0 0 0 0 0 0 
2.1875 0 0 0 0 0 0 0 0 0 0 
2.195 0 0 0 0 0 0 0 0 0 0 
2.1925 0 0 0 0 0 0 0 0 0 0 
2.2 0 0 0 0 0 0 0 0 0 0 
2.1975 0 0 0 0 0 0 0 0 0 0 
2.205 0 0 0 0 0 0 0 0 0 0 
2.2025 0 0 0 0 0 0 0 0 0 0 
2.21 0 0 0 0 0 0 0 0 0 0 
2.2075 0 0 0 0 0 0 0 0 0 0 
2.215 0 0 0 0 0 0 0 0 0 0 
2.2125 0 0 0 0 0 0 0 0 0 0 
2.22 0 0 0 0 0 0 0 0 0 0 
2.2175 0 0 0 0 0 0 0 0 0 0 
2.225 0 0 0 0 0 0 0 0 0 0 
2.2225 0 0 0 0 0 0 0 0 0 0 
2.23 0 0 0 0 0 0 0 0 0 0 
2.2275 0 0 0 0 0 0 0 0 0 0 
2.235 0 0 0 0 0 0 0 0 0 0 
2.2325 0 0 0 0 0 0 0 0 0 0 
2.24 0 0 0 0 0 0 0 0 0 0 
2.2375 0 0 0 0 0 0 0 0 0 0 
2.245 0 0 0 0 0 0 0 0 0 0 
2.2425 0 0 0 0 0 0 0 0 0 0 
2.25 0 0 0 0 0 0 0 0 0 0 
2.2475 0 0 0 0 0 0 0 0 0 0 
2.255 0 0 0 0 0 0 0 0 0 0 
2.2525 0 0 0 0 0 0 0 0 0 0 
2.26 0 0 0 0 0 0 0 0 0 0 
2.2575 0 0 0 0 0 0 0 0 0 0 
2.265 0 0 0 0 0 0 0 0 0 0 
2.2625 0 0 0 0 0 0 0 0 0 0 
2.27 0 0 0 0 0 0 0 0 0 0 
2.2675 0 0 0 0 0 0 0 0 0 0 
2.275 0 0 0 0 0 0 0 0 0 0 
2.2725 0 0 0 0 0 0 0 0 0 0 
2.28 0 0 0 0 0 0 0 0 0 0 
2.2775 0 0 0 0 0 0 0 0 0 0 
2.285 0 0 0 0 0 0 0 0 0 0 
2.2825 0 0 0 0 0 0 0 0 0 0 
2.29 0 0 0 0 0 0 0 0 0 0 
2.2875 0 0 0 0 0 0 0 0 0 0 
2.295 0 0 0 0 0 0 0 0 0 0 
2.2925 0 0 0 0 0 0 0 0 0 0 
2.3 0 0 0 0 0 0 0 0 0 0 
2.2975 0 0 0 0 0 0 0 0 0 0 
2.305 0 0 0 0 0 0 0 0 0 0 
2.3025 0 0 0 0 0 0 0 0 0 0 
2.31 0 0 0 0 0 0 0 0 0 0 
2.3075 0 0 0 0 0 0 0 0 0 0 
2.315 0 0 0 0 0 0 0 0 0 0 
2.3125 0 0 0 0 0 0 0 0 0 0 
2.32 0 0 0 0 0 0 0 0 0 0 
2.3175 0 0 0 0 0 0 0 0 0 0 
2.325 0 0 0 0 0 0 0 0 0 0 
2.3225 0 0 0 0 0 0 0 0 0 0 
2.33 0 0 0 0 0 0 0 0 0 0 
2.3275 0 0 0 0 0 0 0 0 0 0 
2.335 0 0 0 0 0 0 0 0 0 0 
2.3325 0 0 0 0 0 0 0 0 0 0 
2.34 0 0 0 0 0 0 0 0 0 0 
2.3375 0 0 0 0 0 0 0 0 0 0 
2.345 0 0 0 0 0 0 0 0 0 0 
2.3425 0 0 0 0 0 0 0 0 0 0 
2.35 0 0 0 0 0 0 0 0 0 0 
2.3475 0 0 0 0 0 0 0 0 0 0 
2.355 0 0 0 0 0 0 0 0 0 0 
2.3525 0 0 0 0 0 0 0 0 0 0 
2.36 0 0 0 0 0 0 0 0 0 0 
2.3575 0 0 0 0 0 0 0 0 0 0 
2.365 0 0 0 0 0 0 0 0 0 0 
2.3625 0 0 0 0 0 0 0 0 0 0 
2.37 0 0 0 0 0 0 0 0 0 0 
2.3675 0 0 0 0 0 0 0 0 0 0 
2.375 0 0 0 0 0 0 0 0 0 0 
2.3725 0 0 0 0 0 0 0 0 0 0 
2.38 0 0 0 0 0 0 0 0 0 0 
2.3775 0 0 0 0 0 0 0 0 0 0 
2.385 0 0 0 0 0 0 0 0 0 0 
2.3825 0 0 0 0 0 0 0 0 0 0 
2.39 0 0 0 0 0 0 0 0 0 0 
2.3875 0 0 0 0 0 0 0 0 0 0 
2.395 0 0 0 0 0 0 0 0 0 0 
2.3925 0 0 0 0 0 0 0 0 0 0 
2.4 0 0 0 0 0 0 0 0 0 0 
2.3975 0 0 0 0 0 0 0 0 0 0 
2.405 0 0 0 0 0 0 0 0 0 0 
2.4025 0 0 0 0 0 0 0 0 0 0 
2.41 0 0 0 0 0 0 0 0 0 0 
2.4075 0 0 0 0 0 0 0 0 0 0 
2.415 0 0 0 0 0 0 0 0 0 0 
2.4125 0 0 0 0 0 0 0 0 0 0 
2.42 0 0 0 0 0 0 0 0 0 0 
2.4175 0 0 0 0 0 0 0 0 0 0 
2.425 0 0 0 0 0 0 0 0 0 0 
2.4225 0 0 0 0 0 0 0 0 0 0 
2.43 0 0 0 0 0 0 0 0 0 0 
2.4275 0 0 0 0 0 0 0 0 0 0 
2.435 0 0 0 0 0 0 0 0 0 0 
2.4325 0 0 0 0 0 0 0 0 0 0 
2.44 0 0 0 0 0 0 0 0 0 0 
2.4375 0 0 0 0 0 0 0 0 0 0 
2.445 0 0 0 0 0 0 0 0 0 0 
2.4425 0 0 0 0 0 0 0 0 0 0 
2.45 0 0 0 0 0 0 0 0 0 0 
2.4475 0 0 0 0 0 0 0 0 0 0 
2.455 0 0 0 0 0 0 0 0 0 0 
2.4525 0 0 0 0 0 0 0 0 0 0 
2.46 0 0 0 0 0 0 0 0 0 0 
2.4575 0 0 0 0 0 0 0 0 0 0 
2.465 0 0 0 0 0 0 0 0 0 0 
2.4625 0 0 0 0 0 0 0 0 0 0 
2.47 0 0 0 0 0 0 0 0 0 0 
2.4675 0 0 0 0 0 0 0 0 0 0 
2.475 0 0 0 0 0 0 0 0 0 0 
2.4725 0 0 0 0 0 0 0 0 0 0 
2.48 0 0 0 0 0 0 0 0 0 0 
2.4775 0 0 0 0 0 0 0 0 0 0 
2.485 0 0 0 0 0 0 0 0 0 0 
2.4825 0 0 0 0 0 0 0 0 0 0 
2.49 0 0 0 0 0 0 0 0 0 0 
2.4875 0 0 0 0 0 0 0 0 0 0 
2.495 0 0 0 0 0 0 0 0 0 0 
2.4925 0 0 0 0 0 0 0 0 0 0 
2.5 0 0 0 0 0 0 0 0 0 0 
2.4975 0 0 0 0 0 0 0 0 0 0 
2.505 0 0 0 0 0 0 0 0 0 0 
2.5025 0 0 0 0 0 0 0 0 0 0 
2.51 0 0 0 0 0 0 0 0 0 0 
2.5075 0 0 0 0 0 0 0 0 0 0 
2.515 0 0 0 0 0 0 0 0 0 0 
2.5125 0 0 0 0 0 0 0 0 0 0 
2.52 0 0 0 0 0 0 0 0 0 0 
2.5175 0 0 0 0 0 0 0 0 0 0 
2.525 0 0 0 0 0 0 0 0 0 0 
2.5225 0 0 0 0 0 0 0 0 0 0 
2.53 0 0 0 0 0 0 0 0 0 0 
2.5275 0 0 0 0 0 0 0 0 0 0 
2.535 0 0 0 0 0 0 0 0 0 0 
2.5325 0 0 0 0 0 0 0 0 0 0 
2.54 0 0 0 0 0 0 0 0 0 0 
2.5375 0 0 0 0 0 0 0 0 0 0 
2.545 0 0 0 0 0 0 0 0 0 0 
2.5425 0 0 0 0 0 0 0 0 0 0 
2.55 0 0 0 0 0 0 0 0 0 0 
2.5475 0 0 0 0 0 0 0 0 0 0 
2.555 0 0 0 0 0 0 0 0 0 0 
2.5525 0 0 0 0 0 0 0 0 0 0 
2.56 0 0 0 0 0 0 0 0 0 0 
2.5575 0 0 0 0 0 0 0 0 0 0 
2.565 0 0 0 0 0 0 0 0 0 0 
2.5625 0 0 0 0 0 0 0 0 0 0 
2.57 0 0 0 0 0 0 0 0 0 0 
2.5675 0 0 0 0 0 0 0 0 0 0 
2.575 0 0 0 0 0 0 0 0 0 0 
2.5725 0 0 0 0 0 0 0 0 0 0 
2.58 0 0 0 0 0 0 0 0 0 0 
2.5775 0 0 0 0 0 0 0 0 0 0 
2.585 0 0 0 0 0 0 0 0 0 0 
2.5825 0 0 0 0 0 0 0 0 0 0 
2.59 0 0 0 0 0 0 0 0 0 0 
2.5875 0 0 0 0 0 0 0 0 0 0 
2.595 0 0 0 0 0 0 0 0 0 0 
2.5925 0 0 0 0 0 0 0 0 0 0 
2.6 0 0 0 0 0 0 0 0 0 0 
2.5975 0 0 0 0 0 0 0 0 0 0 
2.605 0 0 0 0 0 0 0 0 0 0 
2.6025 0 0 0 0 0 0 0 0 0 0 
2.61 0 0 0 0 0 0 0 0 0 0 
2.6075 0 0 0 0 0 0 0 0 0 0 
2.615 0 0 0 0 0 0 0 0 0 0 
2.6125 0 0 0 0 0 0 0 0 0 0 
2.62 0 0 0 0 0 0 0 0 0 0 
2.6175 0 0 0 0 0 0 0 0 0 0 
2.625 0 0 0 0 0 0 0 0 0 0 
2.6225 0 0 0 0 0 0 0 0 0 0 
2.63 0 0 0 0 0 0 0 0 0 0 
2.6275 0 0 0 0 0 0 0 0 0 0 
2.635 0 0 0 0 0 0 0 0 0 0 
2.6325 0 0 0 0 0 0 0 0 0 0 
2.64 0 0 0 0 0 0 0 0 0 0 
2.6375 0 0 0 0 0 0 0 0 0 0 
2.645 0 0 0 0 0 0 0 0 0 0 
2.6425 0 0 0 0 0 0 0 0 0 0 
2.65 0 0 0 0 0 0 0 0 0 0 
2.6475 0 0 0 0 0 0 0 0 0 0 
2.655 0 0 0 0 0 0 0 0 0 0 
2.6525 0 0 0 0 0 0 0 0 0 0 
2.66 0 0 0 0 0 0 0 0 0 0 
2.6575 0 0 0 0 0 0 0 0 0 0 
2.665 0 0 0 0 0 0 0 0 0 0 
2.6625 0 0 0 0 0 0 0 0 0 0 
2.67 0 0 0 0 0 0 0 0 0 0 
2.6675 0 0 0 0 0 0 0 0 0 0 
2.675 0 0 0 0 0 0 0 0 0 0 
2.6725 0 0 0 0 0 0 0 0 0 0 
2.68 0 0 0 0 0 0 0 0 0 0 
2.6775 0 0 0 0 0 0 0 0 0 0 
2.685 0 0 0 0 0 0 0 0 0 0 
2.6825 0 0 0 0 0 0 0 0 0 0 
2.69 0 0 0 0 0 0 0 0 0 0 
2.6875 0 0 0 0 0 0 0 0 0 0 
2.695 0 0 0 0 0 0 0 0 0 0 
2.6925 0 0 0 0 0 0 0 0 0 0 
2.7 0 0 0 0 0 0 0 0 0 0 
2.6975 0 0 0 0 0 0 0 0 0 0 
2.705 0 0 0 0 0 0 0 0 0 0 
2.7025 0 0 0 0 0 0 0 0 0 0 
2.71 0 0 0 0 0 0 0 0 0 0 
2.7075 0 0 0 0 0 0 0 0 0 0 
2.715 0 0 0 0 0 0 0 0 0 0 
2.7125 0 0 0 0 0 0 0 0 0 0 
2.72 0 0 0 0 0 0 0 0 0 0 
2.7175 0 0 0 0 0 0 0 0 0 0 
2.725 0 0 0 0 0 0 0 0 0 0 
2.7225 0 0 0 0 0 0 0 0 0 0 
2.73 0 0 0 0 0 0 0 0 0 0 
2.7275 0 0 0 0 0 0 0 0 0 0 
2.735 0 0 0 0 0 0 0 0 0 0 
2.7325 0 0 0 0 0 0 0 0 0 0 
2.74 0 0 0 0 0 0 0 0 0 0 
2.7375 0 0 0 0 0 0 0 0 0 0 
2.745 0 0 0 0 0 0 0 0 0 0 
2.7425 0 0 0 0 0 0 0 0 0 0 
2.75 0 0 0 0 0 0 0 0 0 0 
2.7475 0 0 0 0 0 0 0 0 0 0 
2.755 0 0 0 0 0 0 0 0 0 0 
2.7525 0 0 0 0 0 0 0 0 0 0 
2.76 0 0 0 0 0 0 0 0 0 0 
2.7575 0 0 0 0 0 0 0 0 0 0 
2.765 0 0 0 0 0 0 0 0 0 0 
2.7625 0 0 0 0 0 0 0 0 0 0 
2.77 0 0 0 0 0 0 0 0 0 0 
2.7675 0 0 0 0 0 0 0 0 0 0 
2.775 0 0 0 0 0 0 0 0 0 0 
2.7725 0 0 0 0 0 0 0 0 0 0 
2.78 0 0 0 0 0 0 0 0 0 0 
2.7775 0 0 0 0 0 0 0 0 0 0 
2.785 0 0 0 0 0 0 0 0 0 0 
2.7825 0 0 0 0 0 0 0 0 0 0 
2.79 0 0 0 0 0 0 0 0 0 0 
2.7875 0 0 0 0 0 0 0 0 0 0 
2.795 0 0 0 0 0 0 0 0 0 0 
2.7925 0 0 0 0 0 0 0 0 0 0 
2.8 0 0 0 0 0 0 0 0 0 0 
2.7975 0 0 0 0 0 0 0 0 0 0 
2.805 0 0 0 0 0 0 0 0 0 0 
2.8025 0 0 0 0 0 0 0 0 0 0 
2.81 0 0 0 0 0 0 0 0 0 0 
2.8075 0 0 0 0 0 0 0 0 0 0 
2.815 0 0 0 0 0 0 0 0 0 0 
2.8125 0 0 0 0 0 0 0 0 0 0 
2.82 0 0 0 0 0 0 0 0 0 0 
2.8175 0 0 0 0 0 0 0 0 0 0 
2.825 0 0 0 0 0 0 0 0 0 0 
2.8225 0 0 0 0 0 0 0 0 0 0 
2.83 0 0 0 0 0 0 0 0 0 0 
2.8275 0 0 0 0 0 0 0 0 0 0 
2.835 0 0 0 0 0 0 0 0 0 0 
2.8325 0 0 0 0 0 0 0 0 0 0 
2.84 0 0 0 0 0 0 0 0 0 0 
2.8375 0 0 0 0 0 0 0 0 0 0 
2.845 0 0 0 0 0 0 0 0 0 0 
2.8425 0 0 0 0 0 0 0 0 0 0 
2.85 0 0 0 0 0 0 0 0 0 0 
2.8475 0 0 0 0 0 0 0 0 0 0 
2.855 0 0 0 0 0 0 0 0 0 0 
2.8525 0 0 0 0 0 0 0 0 0 0 
2.86 0 0 0 0 0 0 0 0 0 0 
2.8575 0 0 0 0 0 0 0 0 0 0 
2.865 0 0 0 0 0 0 0 0 0 0 
2.8625 0 0 0 0 0 0 0 0 0 0 
2.87 0 0 0 0 0 0 0 0 0 0 
2.8675 0 0 0 0 0 0 0 0 0 0 
2.875 0 0 0 0 0 0 0 0 0 0 
2.8725 0 0 0 0 0 0 0 0 0 0 
2.88 0 0 0 0 0 0 0 0 0 0 
2.8775 0 0 0 0 0 0 0 0 0 0 
2.885 0 0 0 0 0 0 0 0 0 0 
2.8825 0 0 0 0 0 0 0 0 0 0 
2.89 0 0 0 0 0 0 0 0 0 0 
2.8875 0 0 0 0 0 0 0 0 0 0 
2.895 0 0 0 0 0 0 0 0 0 0 
2.8925 0 0 0 0 0 0 0 0 0 0 
2.9 0 0 0 0 0 0 0 0 0 0 
2.8975 0 0 0 0 0 0 0 0 0 0 
2.905 0 0 0 0 0 0 0 0 0 0 
2.9025 0 0 0 0 0 0 0 0 0 0 
2.91 0 0 0 0 0 0 0 0 0 0 
2.9075 0 0 0 0 0 0 0 0 0 0 
2.915 0 0 0 0 0 0 0 0 0 0 
2.9125 0 0 0 0 0 0 0 0 0 0 
2.92 0 0 0 0 0 0 0 0 0 0 
2.9175 0 0 0 0 0 0 0 0 0 0 
2.925 0 0 0 0 0 0 0 0 0 0 
2.9225 0 0 0 0 0 0 0 0 0 0 
2.93 0 0 0 0 0 0 0 0 0 0 
2.9275 0 0 0 0 0 0 0 0 0 0 
2.935 0 0 0 0 0 0 0 0 0 0 
2.9325 0 0 0 0 0 0 0 0 0 0 
2.94 0 0 0 0 0 0 0 0 0 0 
2.9375 0 0 0 0 0 0 0 0 0 0 
2.945 0 0 0 0 0 0 0 0 0 0 
2.9425 0 0 0 0 0 0 0 0 0 0 
2.95 0 0 0 0 0 0 0 0 0 0 
2.9475 0 0 0 0 0 0 0 0 0 0 
2.955 0 0 0 0 0 0 0 0 0 0 
2.9525 0 0 0 0 0 0 0 0 0 0 
2.96 0 0 0 0 0 0 0 0 0 0 
2.9575 0 0 0 0 0 0 0 0 0 0 
2.965 0 0 0 0 0 0 0 0 0 0 
2.9625 0 0 0 0 0 0 0 0 0 0 
2.97 0 0 0 0 0 0 0 0 0 0 
2.9675 0 0 0 0 0 0 0 0 0 0 
2.975 0 0 0 0 0 0 0 0 0 0 
2.9725 0 0 0 0 0 0 0 0 0 0 
2.98 0 0 0 0 0 0 0 0 0 0 
2.9775 0 0 0 0 0 0 0 0 0 0 
2.985 0 0 0 0 0 0 0 0 0 0 
2.9825 0 0 0 0 0 0 0 0 0 0 
2.99 0 0 0 0 0 0 0 0 0 0 
2.9875 0 0 0 0 0 0 0 0 0 0 
2.995 0 0 0 0 0 0 0 0 0 0 
2.9925 0 0 0 0 0 0 0 0 0 0 
3 0 0 0 0 0 0 0 0 0 0 
2.9975 0 0 0 0 0 0 0 0 0 0 
3.005 0 0 0 0 0 0 0 0 0 0 
3.0025 0 0 0 0 0 0 0 0 0 0 
3.01 0 0 0 0 0 0 0 0 0 0 
3.0075 0 0 0 0 0 0 0 0 0 0 
3.015 0 0 0 0 0 0 0 0 0 0 
3.0125 0 0 0 0 0 0 0 0 0 0 
3.02 0 0 0 0 0 0 0 0 0 0 
3.0175 0 0 0 0 0 0 0 0 0 0 
3.025 0 0 0 0 0 0 0 0 0 0 
3.0225 0 0 0 0 0 0 0 0 0 0 
3.03 0 0 0 0 0 0 0 0 0 0 
3.0275 0 0 0 0 0 0 0 0 0 0 
3.035 0 0 0 0 0 0 0 0 0 0 
3.0325 0 0 0 0 0 0 0 0 0 0 
3.04 0 0 0 0 0 0 0 0 0 0 
3.0375 0 0 0 0 0 0 0 0 0 0 
3.045 0 0 0 0 0 0 0 0 0 0 
3.0425 0 0 0 0 0 0 0 0 0 0 
3.05 0 0 0 0 0 0 0 0 0 0 
3.0475 0 0 0 0 0 0 0 0 0 0 
3.055 0 0 0 0 0 0 0 0 0 0 
3.0525 0 0 0 0 0 0 0 0 0 0 
3.06 0 0 0 0 0 0 0 0 0 0 
3.0575 0 0 0 0 0 0 0 0 0 0 
3.065 0 0 0 0 0 0 0 0 0 0 
3.0625 0 0 0 0 0 0 0 0 0 0 
3.07 0 0 0 0 0 0 0 0 0 0 
3.0675 0 0 0 0 0 0 0 0 0 0 
3.075 0 0 0 0 0 0 0 0 0 0 
3.0725 0 0 0 0 0 0 0 0 0 0 
3.08 0 0 0 0 0 0 0 0 0 0 
3.0775 0 0 0 0 0 0 0 0 0 0 
3.085 0 0 0 0 0 0 0 0 0 0 
3.0825 0 0 0 0 0 0 0 0 0 0 
3.09 0 0 0 0 0 0 0 0 0 0 
3.0875 0 0 0 0 0 0 0 0 0 0 
3.095 0 0 0 0 0 0 0 0 0 0 
3.0925 0 0 0 0 0 0 0 0 0 0 
3.1 0 0 0 0 0 0 0 0 0 0 
3.0975 0 0 0 0 0 0 0 0 0 0 
3.105 0 0 0 0 0 0 0 0 0 0 
3.1025 0 0 0 0 0 0 0 0 0 0 
3.11 0 0 0 0 0 0 0 0 0 0 
3.1075 0 0 0 0 0 0 0 0 0 0 
3.115 0 0 0 0 0 0 0 0 0 0 
3.1125 0 0 0 0 0 0 0 0 0 0 
3.12 0 0 0 0 0 0 0 0 0 0 
3.1175 0 0 0 0 0 0 0 0 0 0 
3.125 0 0 0 0 0 0 0 0 0 0 
3.1225 0 0 0 0 0 0 0 0 0 0 
3.13 0 0 0 0 0 0 0 0 0 0 
3.1275 0 0 0 0 0 0 0 0 0 0 
3.135 0 0 0 0 0 0 0 0 0 0 
3.1325 0 0 0 0 0 0 0 0 0 0 
3.14 0 0 0 0 0 0 0 0 0 0 
3.1375 0 0 0 0 0 0 0 0 0 0 
3.145 0 0 0 0 0 0 0 0 0 0 
3.1425 0 0 0 0 0 0 0 0 0 0 
3.15 0 0 0 0 0 0 0 0 0 0 
3.1475 0 0 0 0 0 0 0 0 0 0 
3.155 0 0 0 0 0 0 0 0 0 0 
3.1525 0 0 0 0 0 0 0 0 0 0 
3.16 0 0 0 0 0 0 0 0 0 0 
3.1575 0 0 0 0 0 0 0 0 0 0 
3.165 0 0 0 0 0 0 0 0 0 0 
3.1625 0 0 0 0 0 0 0 0 0 0 
3.17 0 0 0 0 0 0 0 0 0 0 
3.1675 0 0 0 0 0 0 0 0 0 0 
3.175 0 0 0 0 0 0 0 0 0 0 
3.1725 0 0 0 0 0 0 0 0 0 0 
3.18 0 0 0 0 0 0 0 0 0 0 
3.1775 0 0 0 0 0 0 0 0 0 0 
3.185 0 0 0 0 0 0 0 0 0 0 
3.1825 0 0 0 0 0 0 0 0 0 0 
3.19 0 0 0 0 0 0 0 0 0 0 
3.1875 0 0 0 0 0 0 0 0 0 0 
3.195 0 0 0 0 0 0 0 0 0 0 
3.1925 0 0 0 0 0 0 0 0 0 0 
3.2 0 0 0 0 0 0 0 0 0 0 
3.1975 0 0 0 0 0 0 0 0 0 0 
3.205 0 0 0 0 0 0 0 0 0 0 
3.2025 0 0 0 0 0 0 0 0 0 0 
3.21 0 0 0 0 0 0 0 0 0 0 
3.2075 0 0 0 0 0 0 0 0 0 0 
3.215 0 0 0 0 0 0 0 0 0 0 
3.2125 0 0 0 0 0 0 0 0 0 0 
3.22 0 0 0 0 0 0 0 0 0 0 
3.2175 0 0 0 0 0 0 0 0 0 0 
3.225 0 0 0 0 0 0 0 0 0 0 
3.2225 0 0 0 0 0 0 0 0 0 0 
3.23 0 0 0 0 0 0 0 0 0 0 
3.2275 0 0 0 0 0 0 0 0 0 0 
3.235 0 0 0 0 0 0 0 0 0 0 
3.2325 0 0 0 0 0 0 0 0 0 0 
3.24 0 0 0 0 0 0 0 0 0 0 
3.2375 0 0 0 0 0 0 0 0 0 0 
3.245 0 0 0 0 0 0 0 0 0 0 
3.2425 0 0 0 0 0 0 0 0 0 0 
3.25 0 0 0 0 0 0 0 0 0 0 
3.2475 0 0 0 0 0 0 0 0 0 0 
3.255 0 0 0 0 0 0 0 0 0 0 
3.2525 0 0 0 0 0 0 0 0 0 0 
3.26 0 0 0 0 0 0 0 0 0 0 
3.2575 0 0 0 0 0 0 0 0 0 0 
3.265 0 0 0 0 0 0 0 0 0 0 
3.2625 0 0 0 0 0 0 0 0 0 0 
3.27 0 0 0 0 0 0 0 0 0 0 
3.2675 0 0 0 0 0 0 0 0 0 0 
3.275 0 0 0 0 0 0 0 0 0 0 
3.2725 0 0 0 0 0 0 0 0 0 0 
3.28 0 0 0 0 0 0 0 0 0 0 
3.2775 0 0 0 0 0 0 0 0 0 0 
3.285 0 0 0 0 0 0 0 0 0 0 
3.2825 0 0 0 0 0 0 0 0 0 0 
3.29 0 0 0 0 0 0 0 0 0 0 
3.2875 0 0 0 0 0 0 0 0 0 0 
3.295 0 0 0 0 0 0 0 0 0 0 
3.2925 0 0 0 0 0 0 0 0 0 0 
3.3 0 0 0 0 0 0 0 0 0 0 
3.2975 0 0 0 0 0 0 0 0 0 0 
3.305 0 0 0 0 0 0 0 0 0 0 
3.3025 0 0 0 0 0 0 0 0 0 0 
3.31 0 0 0 0 0 0 0 0 0 0 
3.3075 0 0 0 0 0 0 0 0 0 0 
3.315 0 0 0 0 0 0 0 0 0 0 
3.3125 0 0 0 0 0 0 0 0 0 0 
3.32 0 0 0 0 0 0 0 0 0 0 
3.3175 0 0 0 0 0 0 0 0 0 0 
3.325 0 0 0 0 0 0 0 0 0 0 
3.3225 0 0 0 0 0 0 0 0 0 0 
3.33 0 0 0 0 0 0 0 0 0 0 
3.3275 0 0 0 0 0 0 0 0 0 0 
3.335 0 0 0 0 0 0 0 0 0 0 
3.3325 0 0 0 0 0 0 0 0 0 0 
3.34 0 0 0 0 0 0 0 0 0 0 
3.3375 0 0 0 0 0 0 0 0 0 0 
3.345 0 0 0 0 0 0 0 0 0 0 
3.3425 0 0 0 0 0 0 0 0 0 0 
3.35 0 0 0 0 0 0 0 0 0 0 
3.3475 0 0 0 0 0 0 0 0 0 0 
3.355 0 0 0 0 0 0 0 0 0 0 
3.3525 0 0 0 0 0 0 0 0 0 0 
3.36 0 0 0 0 0 0 0 0 0 0 
3.3575 0 0 0 0 0 0 0 0 0 0 
3.365 0 0 0 0 0 0 0 0 0 0 
3.3625 0 0 0 0 0 0 0 0 0 0 
3.37 0 0 0 0 0 0 0 0 0 0 
3.3675 0 0 0 0 0 0 0 0 0 0 
3.375 0 0 0 0 0 0 0 0 0 0 
3.3725 0 0 0 0 0 0 0 0 0 0 
3.38 0 0 0 0 0 0 0 0 0 0 
3.3775 0 0 0 0 0 0 0 0 0 0 
3.385 0 0 0 0 0 0 0 0 0 0 
3.3825 0 0 0 0 0 0 0 0 0 0 
3.39 0 0 0 0 0 0 0 0 0 0 
3.3875 0 0 0 0 0 0 0 0 0 0 
3.395 0 0 0 0 0 0 0 0 0 0 
3.3925 0 0 0 0 0 0 0 0 0 0 
3.4 0 0 0 0 0 0 0 0 0 0 
3.3975 0 0 0 0 0 0 0 0 0 0 
3.405 0 0 0 0 0 0 0 0 0 0 
3.4025 0 0 0 0 0 0 0 0 0 0 
3.41 0 0 0 0 0 0 0 0 0 0 
3.4075 0 0 0 0 0 0 0 0 0 0 
3.415 0 0 0 0 0 0 0 0 0 0 
3.4125 0 0 0 0 0 0 0 0 0 0 
3.42 0 0 0 0 0 0 0 0 0 0 
3.4175 0 0 0 0 0 0 0 0 0 0 
3.425 0 0 0 0 0 0 0 0 0 0 
3.4225 0 0 0 0 0 0 0 0 0 0 
3.43 0 0 0 0 0 0 0 0 0 0 
3.4275 0 0 0 0 0 0 0 0 0 0 
3.435 0 0 0 0 0 0 0 0 0 0 
3.4325 0 0 0 0 0 0 0 0 0 0 
3.44 0 0 0 0 0 0 0 0 0 0 
3.4375 0 0 0 0 0 0 0 0 0 0 
3.445 0 0 0 0 0 0 0 0 0 0 
3.4425 0 0 0 0 0 0 0 0 0 0 
3.45 0 0 0 0 0 0 0 0 0 0 
3.4475 0 0 0 0 0 0 0 0 0 0 
3.455 0 0 0 0 0 0 0 0 0 0 
3.4525 0 0 0 0 0 0 0 0 0 0 
3.46 0 0 0 0 0 0 0 0 0 0 
3.4575 0 0 0 0 0 0 0 0 0 0 
3.465 0 0 0 0 0 0 0 0 0 0 
3.4625 0 0 0 0 0 0 0 0 0 0 
3.47 0 0 0 0 0 0 0 0 0 0 
3.4675 0 0 0 0 0 0 0 0 0 0 
3.475 0 0 0 0 0 0 0 0 0 0 
3.4725 0 0 0 0 0 0 0 0 0 0 
3.48 0 0 0 0 0 0 0 0 0 0 
3.4775 0 0 0 0 0 0 0 0 0 0 
3.485 0 0 0 0 0 0 0 0 0 0 
3.4825 0 0 0 0 0 0 0 0 0 0 
3.49 0 0 0 0 0 0 0 0 0 0 
3.4875 0 0 0 0 0 0 0 0 0 0 
3.495 0 0 0 0 0 0 0 0 0 0 
3.4925 0 0 0 0 0 0 0 0 0 0 
3.5 0 0 0 0 0 0 0 0 0 0 
3.4975 0 0 0 0 0 0 0 0 0 0 
3.505 0 0 0 0 0 0 0 0 0 0 
3.5025 0 0 0 0 0 0 0 0 0 0 
3.51 0 0 0 0 0 0 0 0 0 0 
3.5075 0 0 0 0 0 0 0 0 0 0 
3.515 0 0 0 0 0 0 0 0 0 0 
3.5125 0 0 0 0 0 0 0 0 0 0 
3.52 0 0 0 0 0 0 0 0 0 0 
3.5175 0 0 0 0 0 0 0 0 0 0 
3.525 0 0 0 0 0 0 0 0 0 0 
3.5225 0 0 0 0 0 0 0 0 0 0 
3.53 0 0 0 0 0 0 0 0 0 0 
3.5275 0 0 0 0 0 0 0 0 0 0 
3.535 0 0 0 0 0 0 0 0 0 0 
3.5325 0 0 0 0 0 0 0 0 0 0 
3.54 0 0 0 0 0 0 0 0 0 0 
3.5375 0 0 0 0 0 0 0 0 0 0 
3.545 0 0 0 0 0 0 0 0 0 0 
3.5425 0 0 0 0 0 0 0 0 0 0 
3.55 0 0 0 0 0 0 0 0 0 0 
3.5475 0 0 0 0 0 0 0 0 0 0 
3.555 0 0 0 0 0 0 0 0 0 0 
3.5525 0 0 0 0 0 0 0 0 0 0 
3.56 0 0 0 0 0 0 0 0 0 0 
3.5575 0 0 0 0 0 0 0 0 0 0 
3.565 0 0 0 0 0 0 0 0 0 0 
3.5625 0 0 0 0 0 0 0 0 0 0 
3.57 0 0 0 0 0 0 0 0 0 0 
3.5675 0 0 0 0 0 0 0 0 0 0 
3.575 0 0 0 0 0 0 0 0 0 0 
3.5725 0 0 0 0 0 0 0 0 0 0 
3.58 0 0 0 0 0 0 0 0 0 0 
3.5775 0 0 0 0 0 0 0 0 0 0 
3.585 0 0 0 0 0 0 0 0 0 0 
3.5825 0 0 0 0 0 0 0 0 0 0 
3.59 0 0 0 0 0 0 0 0 0 0 
3.5875 0 0 0 0 0 0 0 0 0 0 
3.595 0 0 0 0 0 0 0 0 0 0 
3.5925 0 0 0 0 0 0 0 0 0 0 
3.6 0 0 0 0 0 0 0 0 0 0 
3.5975 0 0 0 0 0 0 0 0 0 0 
3.605 0 0 0 0 0 0 0 0 0 0 
3.6025 0 0 0 0 0 0 0 0 0 0 
3.61 0 0 0 0 0 0 0 0 0 0 
3.6075 0 0 0 0 0 0 0 0 0 0 
3.615 0 0 0 0 0 0 0 0 0 0 
3.6125 0 0 0 0 0 0 0 0 0 0 
3.62 0 0 0 0 0 0 0 0 0 0 
3.6175 0 0 0 0 0 0 0 0 0 0 
3.625 0 0 0 0 0 0 0 0 0 0 
3.6225 0 0 0 0 0 0 0 0 0 0 
3.63 0 0 0 0 0 0 0 0 0 0 
3.6275 0 0 0 0 0 0 0 0 0 0 
3.635 0 0 0 0 0 0 0 0 0 0 
3.6325 0 0 0 0 0 0 0 0 0 0 
3.64 0 0 0 0 0 0 0 0 0 0 
3.6375 0 0 0 0 0 0 0 0 0 0 
3.645 0 0 0 0 0 0 0 0 0 0 
3.6425 0 0 0 0 0 0 0 0 0 0 
3.65 0 0 0 0 0 0 0 0 0 0 
3.6475 0 0 0 0 0 0 0 0 0 0 
3.655 0 0 0 0 0 0 0 0 0 0 
3.6525 0 0 0 0 0 0 0 0 0 0 
3.66 0 0 0 0 0 0 0 0 0 0 
3.6575 0 0 0 0 0 0 0 0 0 0 
3.665 0 0 0 0 0 0 0 0 0 0 
3.6625 0 0 0 0 0 0 0 0 0 0 
3.67 0 0 0 0 0 0 0 0 0 0 
3.6675 0 0 0 0 0 0 0 0 0 0 
3.675 0 0 0 0 0 0 0 0 0 0 
3.6725 0 0 0 0 0 0 0 0 0 0 
3.68 0 0 0 0 0 0 0 0 0 0 
3.6775 0 0 0 0 0 0 0 0 0 0 
3.685 0 0 0 0 0 0 0 0 0 0 
3.6825 0 0 0 0 0 0 0 0 0 0 
3.69 0 0 0 0 0 0 0 0 0 0 
3.6875 0 0 0 0 0 0 0 0 0 0 
3.695 0 0 0 0 0 0 0 0 0 0 
3.6925 0 0 0 0 0 0 0 0 0 0 
3.7 0 0 0 0 0 0 0 0 0 0 
3.6975 0 0 0 0 0 0 0 0 0 0 
3.705 0 0 0 0 0 0 0 0 0 0 
3.7025 0 0 0 0 0 0 0 0 0 0 
3.71 0 0 0 0 0 0 0 0 0 0 
3.7075 0 0 0 0 0 0 0 0 0 0 
3.715 0 0 0 0 0 0 0 0 0 0 
3.7125 0 0 0 0 0 0 0 0 0 0 
3.72 0 0 0 0 0 0 0 0 0 0 
3.7175 0 0 0 0 0 0 0 0 0 0 
3.725 0 0 0 0 0 0 0 0 0 0 
3.7225 0 0 0 0 0 0 0 0 0 0 
3.73 0 0 0 0 0 0 0 0 0 0 
3.7275 0 0 0 0 0 0 0 0 0 0 
3.735 0 0 0 0 0 0 0 0 0 0 
3.7325 0 0 0 0 0 0 0 0 0 0 
3.74 0 0 0 0 0 0 0 0 0 0 
3.7375 0 0 0 0 0 0 0 0 0 0 
3.745 0 0 0 0 0 0 0 0 0 0 
3.7425 0 0 0 0 0 0 0 0 0 0 
3.75 0 0 0 0 0 0 0 0 0 0 
3.7475 0 0 0 0 0 0 0 0 0 0 
3.755 0 0 0 0 0 0 0 0 0 0 
3.7525 0 0 0 0 0 0 0 0 0 0 
3.76 0 0 0 0 0 0 0 0 0 0 
3.7575 0 0 0 0 0 0 0 0 0 0 
3.765 0 0 0 0 0 0 0 0 0 0 
3.7625 0 0 0 0 0 0 0 0 0 0 
3.77 0 0 0 0 0 0 0 0 0 0 
3.7675 0 0 0 0 0 0 0 0 0 0 
3.775 0 0 0 0 0 0 0 0 0 0 
3.7725 0 0 0 0 0 0 0 0 0 0 
3.78 0 0 0 0 0 0 0 0 0 0 
3.7775 0 0 0 0 0 0 0 0 0 0 
3.785 0 0 0 0 0 0 0 0 0 0 
3.7825 0 0 0 0 0 0 0 0 0 0 
3.79 0 0 0 0 0 0 0 0 0 0 
3.7875 0 0 0 0 0 0 0 0 0 0 
3.795 0 0 0 0 0 0 0 0 0 0 
3.7925 0 0 0 0 0 0 0 0 0 0 
3.8 0 0 0 0 0 0 0 0 0 0 
3.7975 0 0 0 0 0 0 0 0 0 0 
3.805 0 0 0 0 0 0 0 0 0 0 
3.8025 0 0 0 0 0 0 0 0 0 0 
3.81 0 0 0 0 0 0 0 0 0 0 
3.8075 0 0 0 0 0 0 0 0 0 0 
3.815 0 0 0 0 0 0 0 0 0 0 
3.8125 0 0 0 0 0 0 0 0 0 0 
3.82 0 0 0 0 0 0 0 0 0 0 
3.8175 0 0 0 0 0 0 0 0 0 0 
3.825 0 0 0 0 0 0 0 0 0 0 
3.8225 0 0 0 0 0 0 0 0 0 0 
3.83 0 0 0 0 0 0 0 0 0 0 
3.8275 0 0 0 0 0 0 0 0 0 0 
3.835 0 0 0 0 0 0 0 0 0 0 
3.8325 0 0 0 0 0 0 0 0 0 0 
3.84 0 0 0 0 0 0 0 0 0 0 
3.8375 0 0 0 0 0 0 0 0 0 0 
3.845 0 0 0 0 0 0 0 0 0 0 
3.8425 0 0 0 0 0 0 0 0 0 0 
3.85 0 0 0 0 0 0 0 0 0 0 
3.8475 0 0 0 0 0 0 0 0 0 0 
3.855 0 0 0 0 0 0 0 0 0 0 
3.8525 0 0 0 0 0 0 0 0 0 0 
3.86 0 0 0 0 0 0 0 0 0 0 
3.8575 0 0 0 0 0 0 0 0 0 0 
3.865 0 0 0 0 0 0 0 0 0 0 
3.8625 0 0 0 0 0 0 0 0 0 0 
3.87 0 0 0 0 0 0 0 0 0 0 
3.8675 0 0 0 0 0 0 0 0 0 0 
3.875 0 0 0 0 0 0 0 0 0 0 
3.8725 0 0 0 0 0 0 0 0 0 0 
3.88 0 0 0 0 0 0 0 0 0 0 
3.8775 0 0 0 0 0 0 0 0 0 0 
3.885 0 0 0 0 0 0 0 0 0 0 
3.8825 0 0 0 0 0 0 0 0 0 0 
3.89 0 0 0 0 0 0 0 0 0 0 
3.8875 0 0 0 0 0 0 0 0 0 0 
3.895 0 0 0 0 0 0 0 0 0 0 
3.8925 0 0 0 0 0 0 0 0 0 0 
3.9 0 0 0 0 0 0 0 0 0 0 
3.8975 0 0 0 0 0 0 0 0 0 0 
3.905 0 0 0 0 0 0 0 0 0 0 
3.9025 0 0 0 0 0 0 0 0 0 0 
3.91 0 0 0 0 0 0 0 0 0 0 
3.9075 0 0 0 0 0 0 0 0 0 0 
3.915 0 0 0 0 0 0 0 0 0 0 
3.9125 0 0 0 0 0 0 0 0 0 0 
3.92 0 0 0 0 0 0 0 0 0 0 
3.9175 0 0 0 0 0 0 0 0 0 0 
3.925 0 0 0 0 0 0 0 0 0 0 
3.9225 0 0 0 0 0 0 0 0 0 0 
3.93 0 0 0 0 0 0 0 0 0 0 
3.9275 0 0 0 0 0 0 0 0 0 0 
3.935 0 0 0 0 0 0 0 0 0 0 
3.9325 0 0 0 0 0 0 0 0 0 0 
3.94 0 0 0 0 0 0 0 0 0 0 
3.9375 0 0 0 0 0 0 0 0 0 0 
3.945 0 0 0 0 0 0 0 0 0 0 
3.9425 0 0 0 0 0 0 0 0 0 0 
3.95 0 0 0 0 0 0 0 0 0 0 
3.9475 0 0 0 0 0 0 0 0 0 0 
3.955 0 0 0 0 0 0 0 0 0 0 
3.9525 0 0 0 0 0 0 0 0 0 0 
3.96 0 0 0 0 0 0 0 0 0 0 
3.9575 0 0 0 0 0 0 0 0 0 0 
3.965 0 0 0 0 0 0 0 0 0 0 
3.9625 0 0 0 0 0 0 0 0 0 0 
3.97 0 0 0 0 0 0 0 0 0 0 
3.9675 0 0 0 0 0 0 0 0 0 0 
3.975 0 0 0 0 0 0 0 0 0 0 
3.9725 0 0 0 0 0 0 0 0 0 0 
3.98 0 0 0 0 0 0 0 0 0 0 
3.9775 0 0 0 0 0 0 0 0 0 0 
3.985 0 0 0 0 0 0 0 0 0 0 
3.9825 0 0 0 0 0 0 0 0 0 0 
3.99 0 0 0 0 0 0 0 0 0 0 
3.9875 0 0 0 0 0 0 0 0 0 0 
3.995 0 0 0 0 0 0 0 0 0 0 
3.9925 0 0 0 0 0 0 0 0 0 0 
4 0 0 0 0 0 0 0 0 0 0 
3.9975 0 0 0 0 0 0 0 0 0 0 
4.005 0 0 0 0 0 0 0 0 0 0 
4.0025 0 0 0 0 0 0 0 0 0 0 
4.01 0 0 0 0 0 0 0 0 0 0 
4.0075 0 0 0 0 0 0 0 0 0 0 
4.015 0 0 0 0 0 0 0 0 0 0 
4.0125 0 0 0 0 0 0 0 0 0 0 
4.02 0 0 0 0 0 0 0 0 0 0 
4.0175 0 0 0 0 0 0 0 0 0 0 
4.025 0 0 0 0 0 0 0 0 0 0 
4.0225 0 0 0 0 0 0 0 0 0 0 
4.03 0 0 0 0 0 0 0 0 0 0 
4.0275 0 0 0 0 0 0 0 0 0 0 
4.035 0 0 0 0 0 0 0 0 0 0 
4.0325 0 0 0 0 0 0 0 0 0 0 
4.04 0 0 0 0 0 0 0 0 0 0 
4.0375 0 0 0 0 0 0 0 0 0 0 
4.045 0 0 0 0 0 0 0 0 0 0 
4.0425 0 0 0 0 0 0 0 0 0 0 
4.05 0 0 0 0 0 0 0 0 0 0 
4.0475 0 0 0 0 0 0 0 0 0 0 
4.055 0 0 0 0 0 0 0 0 0 0 
4.0525 0 0 0 0 0 0 0 0 0 0 
4.06 0 0 0 0 0 0 0 0 0 0 
4.0575 0 0 0 0 0 0 0 0 0 0 
4.065 0 0 0 0 0 0 0 0 0 0 
4.0625 0 0 0 0 0 0 0 0 0 0 
4.07 0 0 0 0 0 0 0 0 0 0 
4.0675 0 0 0 0 0 0 0 0 0 0 
4.075 0 0 0 0 0 0 0 0 0 0 
4.0725 0 0 0 0 0 0 0 0 0 0 
4.08 0 0 0 0 0 0 0 0 0 0 
4.0775 0 0 0 0 0 0 0 0 0 0 
4.085 0 0 0 0 0 0 0 0 0 0 
4.0825 0 0 0 0 0 0 0 0 0 0 
4.09 0 0 0 0 0 0 0 0 0 0 
4.0875 0 0 0 0 0 0 0 0 0 0 
4.095 0 0 0 0 0 0 0 0 0 0 
4.0925 0 0 0 0 0 0 0 0 0 0 
4.1 0 0 0 0 0 0 0 0 0 0 
4.0975 0 0 0 0 0 0 0 0 0 0 
4.105 0 0 0 0 0 0 0 0 0 0 
4.1025 0 0 0 0 0 0 0 0 0 0 
4.11 0 0 0 0 0 0 0 0 0 0 
4.1075 0 0 0 0 0 0 0 0 0 0 
4.115 0 0 0 0 0 0 0 0 0 0 
4.1125 0 0 0 0 0 0 0 0 0 0 
4.12 0 0 0 0 0 0 0 0 0 0 
4.1175 0 0 0 0 0 0 0 0 0 0 
4.125 0 0 0 0 0 0 0 0 0 0 
4.1225 0 0 0 0 0 0 0 0 0 0 
4.13 0 0 0 0 0 0 0 0 0 0 
4.1275 0 0 0 0 0 0 0 0 0 0 
4.135 0 0 0 0 0 0 0 0 0 0 
4.1325 0 0 0 0 0 0 0 0 0 0 
4.14 0 0 0 0 0 0 0 0 0 0 
4.1375 0 0 0 0 0 0 0 0 0 0 
4.145 0 0 0 0 0 0 0 0 0 0 
4.1425 0 0 0 0 0 0 0 0 0 0 
4.15 0 0 0 0 0 0 0 0 0 0 
4.1475 0 0 0 0 0 0 0 0 0 0 
4.155 0 0 0 0 0 0 0 0 0 0 
4.1525 0 0 0 0 0 0 0 0 0 0 
4.16 0 0 0 0 0 0 0 0 0 0 
4.1575 0 0 0 0 0 0 0 0 0 0 
4.165 0 0 0 0 0 0 0 0 0 0 
4.1625 0 0 0 0 0 0 0 0 0 0 
4.17 0 0 0 0 0 0 0 0 0 0 
4.1675 0 0 0 0 0 0 0 0 0 0 
4.175 0 0 0 0 0 0 0 0 0 0 
4.1725 0 0 0 0 0 0 0 0 0 0 
4.18 0 0 0 0 0 0 0 0 0 0 
4.1775 0 0 0 0 0 0 0 0 0 0 
4.185 0 0 0 0 0 0 0 0 0 0 
4.1825 0 0 0 0 0 0 0 0 0 0 
4.19 0 0 0 0 0 0 0 0 0 0 
4.1875 0 0 0 0 0 0 0 0 0 0 
4.195 0 0 0 0 0 0 0 0 0 0 
4.1925 0 0 0 0 0 0 0 0 0 0 
4.2 0 0 0 0 0 0 0 0 0 0 
4.1975 0 0 0 0 0 0 0 0 0 0 
4.205 0 0 0 0 0 0 0 0 0 0 
4.2025 0 0 0 0 0 0 0 0 0 0 
4.21 0 0 0 0 0 0 0 0 0 0 
4.2075 0 0 0 0 0 0 0 0 0 0 
4.215 0 0 0 0 0 0 0 0 0 0 
4.2125 0 0 0 0 0 0 0 0 0 0 
4.22 0 0 0 0 0 0 0 0 0 0 
4.2175 0 0 0 0 0 0 0 0 0 0 
4.225 0 0 0 0 0 0 0 0 0 0 
4.2225 0 0 0 0 0 0 0 0 0 0 
4.23 0 0 0 0 0 0 0 0 0 0 
4.2275 0 0 0 0 0 0 0 0 0 0 
4.235 0 0 0 0 0 0 0 0 0 0 
4.2325 0 0 0 0 0 0 0 0 0 0 
4.24 0 0 0 0 0 0 0 0 0 0 
4.2375 0 0 0 0 0 0 0 0 0 0 
4.245 0 0 0 0 0 0 0 0 0 0 
4.2425 0 0 0 0 0 0 0 0 0 0 
4.25 0 0 0 0 0 0 0 0 0 0 
4.2475 0 0 0 0 0 0 0 0 0 0 
4.255 0 0 0 0 0 0 0 0 0 0 
4.2525 0 0 0 0 0 0 0 0 0 0 
4.26 0 0 0 0 0 0 0 0 0 0 
4.2575 0 0 0 0 0 0 0 0 0 0 
4.265 0 0 0 0 0 0 0 0 0 0 
4.2625 0 0 0 0 0 0 0 0 0 0 
4.27 0 0 0 0 0 0 0 0 0 0 
4.2675 0 0 0 0 0 0 0 0 0 0 
4.275 0 0 0 0 0 0 0 0 0 0 
4.2725 0 0 0 0 0 0 0 0 0 0 
4.28 0 0 0 0 0 0 0 0 0 0 
4.2775 0 0 0 0 0 0 0 0 0 0 
4.285 0 0 0 0 0 0 0 0 0 0 
4.2825 0 0 0 0 0 0 0 0 0 0 
4.29 0 0 0 0 0 0 0 0 0 0 
4.2875 0 0 0 0 0 0 0 0 0 0 
4.295 0 0 0 0 0 0 0 0 0 0 
4.2925 0 0 0 0 0 0 0 0 0 0 
4.3 0 0 0 0 0 0 0 0 0 0 
4.2975 0 0 0 0 0 0 0 0 0 0 
4.305 0 0 0 0 0 0 0 0 0 0 
4.3025 0 0 0 0 0 0 0 0 0 0 
4.31 0 0 0 0 0 0 0 0 0 0 
4.3075 0 0 0 0 0 0 0 0 0 0 
4.315 0 0 0 0 0 0 0 0 0 0 
4.3125 0 0 0 0 0 0 0 0 0 0 
4.32 0 0 0 0 0 0 0 0 0 0 
4.3175 0 0 0 0 0 0 0 0 0 0 
4.325 0 0 0 0 0 0 0 0 0 0 
4.3225 0 0 0 0 0 0 0 0 0 0 
4.33 0 0 0 0 0 0 0 0 0 0 
4.3275 0 0 0 0 0 0 0 0 0 0 
4.335 0 0 0 0 0 0 0 0 0 0 
4.3325 0 0 0 0 0 0 0 0 0 0 
4.34 0 0 0 0 0 0 0 0 0 0 
4.3375 0 0 0 0 0 0 0 0 0 0 
4.345 0 0 0 0 0 0 0 0 0 0 
4.3425 0 0 0 0 0 0 0 0 0 0 
4.35 0 0 0 0 0 0 0 0 0 0 
4.3475 0 0 0 0 0 0 0 0 0 0 
4.355 0 0 0 0 0 0 0 0 0 0 
4.3525 0 0 0 0 0 0 0 0 0 0 
4.36 0 0 0 0 0 0 0 0 0 0 
4.3575 0 0 0 0 0 0 0 0 0 0 
4.365 0 0 0 0 0 0 0 0 0 0 
4.3625 0 0 0 0 0 0 0 0 0 0 
4.37 0 0 0 0 0 0 0 0 0 0 
4.3675 0 0 0 0 0 0 0 0 0 0 
4.375 0 0 0 0 0 0 0 0 0 0 
4.3725 0 0 0 0 0 0 0 0 0 0 
4.38 0 0 0 0 0 0 0 0 0 0 
4.3775 0 0 0 0 0 0 0 0 0 0 
4.385 0 0 0 0 0 0 0 0 0 0 
4.3825 0 0 0 0 0 0 0 0 0 0 
4.39 0 0 0 0 0 0 0 0 0 0 
4.3875 0 0 0 0 0 0 0 0 0 0 
4.395 0 0 0 0 0 0 0 0 0 0 
4.3925 0 0 0 0 0 0 0 0 0 0 
4.4 0 0 0 0 0 0 0 0 0 0 
4.3975 0 0 0 0 0 0 0 0 0 0 
4.405 0 0 0 0 0 0 0 0 0 0 
4.4025 0 0 0 0 0 0 0 0 0 0 
4.41 0 0 0 0 0 0 0 0 0 0 
4.4075 0 0 0 0 0 0 0 0 0 0 
4.415 0 0 0 0 0 0 0 0 0 0 
4.4125 0 0 0 0 0 0 0 0 0 0 
4.42 0 0 0 0 0 0 0 0 0 0 
4.4175 0 0 0 0 0 0 0 0 0 0 
4.425 0 0 0 0 0 0 0 0 0 0 
4.4225 0 0 0 0 0 0 0 0 0 0 
4.43 0 0 0 0 0 0 0 0 0 0 
4.4275 0 0 0 0 0 0 0 0 0 0 
4.435 0 0 0 0 0 0 0 0 0 0 
4.4325 0 0 0 0 0 0 0 0 0 0 
4.44 0 0 0 0 0 0 0 0 0 0 
4.4375 0 0 0 0 0 0 0 0 0 0 
4.445 0 0 0 0 0 0 0 0 0 0 
4.4425 0 0 0 0 0 0 0 0 0 0 
4.45 0 0 0 0 0 0 0 0 0 0 
4.4475 0 0 0 0 0 0 0 0 0 0 
4.455 0 0 0 0 0 0 0 0 0 0 
4.4525 0 0 0 0 0 0 0 0 0 0 
4.46 0 0 0 0 0 0 0 0 0 0 
4.4575 0 0 0 0 0 0 0 0 0 0 
4.465 0 0 0 0 0 0 0 0 0 0 
4.4625 0 0 0 0 0 0 0 0 0 0 
4.47 0 0 0 0 0 0 0 0 0 0 
4.4675 0 0 0 0 0 0 0 0 0 0 
4.475 0 0 0 0 0 0 0 0 0 0 
4.4725 0 0 0 0 0 0 0 0 0 0 
4.48 0 0 0 0 0 0 0 0 0 0 
4.4775 0 0 0 0 0 0 0 0 0 0 
4.485 0 0 0 0 0 0 0 0 0 0 
4.4825 0 0 0 0 0 0 0 0 0 0 
4.49 0 0 0 0 0 0 0 0 0 0 
4.4875 0 0 0 0 0 0 0 0 0 0 
4.495 0 0 0 0 0 0 0 0 0 0 
4.4925 0 0 0 0 0 0 0 0 0 0 
4.5 0 0 0 0 0 0 0 0 0 0 
4.4975 0 0 0 0 0 0 0 0 0 0 
4.505 0 0 0 0 0 0 0 0 0 0 
4.5025 0 0 0 0 0 0 0 0 0 0 
4.51 0 0 0 0 0 0 0 0 0 0 
4.5075 0 0 0 0 0 0 0 0 0 0 
4.515 0 0 0 0 0 0 0 0 0 0 
4.5125 0 0 0 0 0 0 0 0 0 0 
4.52 0 0 0 0 0 0 0 0 0 0 
4.5175 0 0 0 0 0 0 0 0 0 0 
4.525 0 0 0 0 0 0 0 0 0 0 
4.5225 0 0 0 0 0 0 0 0 0 0 
4.53 0 0 0 0 0 0 0 0 0 0 
4.5275 0 0 0 0 0 0 0 0 0 0 
4.535 0 0 0 0 0 0 0 0 0 0 
4.5325 0 0 0 0 0 0 0 0 0 0 
4.54 0 0 0 0 0 0 0 0 0 0 
4.5375 0 0 0 0 0 0 0 0 0 0 
4.545 0 0 0 0 0 0 0 0 0 0 
4.5425 0 0 0 0 0 0 0 0 0 0 
4.55 0 0 0 0 0 0 0 0 0 0 
4.5475 0 0 0 0 0 0 0 0 0 0 
4.555 0 0 0 0 0 0 0 0 0 0 
4.5525 0 0 0 0 0 0 0 0 0 0 
4.56 0 0 0 0 0 0 0 0 0 0 
4.5575 0 0 0 0 0 0 0 0 0 0 
4.565 0 0 0 0 0 0 0 0 0 0 
4.5625 0 0 0 0 0 0 0 0 0 0 
4.57 0 0 0 0 0 0 0 0 0 0 
4.5675 0 0 0 0 0 0 0 0 0 0 
4.575 0 0 0 0 0 0 0 0 0 0 
4.5725 0 0 0 0 0 0 0 0 0 0 
4.58 0 0 0 0 0 0 0 0 0 0 
4.5775 0 0 0 0 0 0 0 0 0 0 
4.585 0 0 0 0 0 0 0 0 0 0 
4.5825 0 0 0 0 0 0 0 0 0 0 
4.59 0 0 0 0 0 0 0 0 0 0 
4.5875 0 0 0 0 0 0 0 0 0 0 
4.595 0 0 0 0 0 0 0 0 0 0 
4.5925 0 0 0 0 0 0 0 0 0 0 
4.6 0 0 0 0 0 0 0 0 0 0 
4.5975 0 0 0 0 0 0 0 0 0 0 
4.605 0 0 0 0 0 0 0 0 0 0 
4.6025 0 0 0 0 0 0 0 0 0 0 
4.61 0 0 0 0 0 0 0 0 0 0 
4.6075 0 0 0 0 0 0 0 0 0 0 
4.615 0 0 0 0 0 0 0 0 0 0 
4.6125 0 0 0 0 0 0 0 0 0 0 
4.62 0 0 0 0 0 0 0 0 0 0 
4.6175 0 0 0 0 0 0 0 0 0 0 
4.625 0 0 0 0 0 0 0 0 0 0 
4.6225 0 0 0 0 0 0 0 0 0 0 
4.63 0 0 0 0 0 0 0 0 0 0 
4.6275 0 0 0 0 0 0 0 0 0 0 
4.635 0 0 0 0 0 0 0 0 0 0 
4.6325 0 0 0 0 0 0 0 0 0 0 
4.64 0 0 0 0 0 0 0 0 0 0 
4.6375 0 0 0 0 0 0 0 0 0 0 
4.645 0 0 0 0 0 0 0 0 0 0 
4.6425 0 0 0 0 0 0 0 0 0 0 
4.65 0 0 0 0 0 0 0 0 0 0 
4.6475 0 0 0 0 0 0 0 0 0 0 
4.655 0 0 0 0 0 0 0 0 0 0 
4.6525 0 0 0 0 0 0 0 0 0 0 
4.66 0 0 0 0 0 0 0 0 0 0 
4.6575 0 0 0 0 0 0 0 0 0 0 
4.665 0 0 0 0 0 0 0 0 0 0 
4.6625 0 0 0 0 0 0 0 0 0 0 
4.67 0 0 0 0 0 0 0 0 0 0 
4.6675 0 0 0 0 0 0 0 0 0 0 
4.675 0 0 0 0 0 0 0 0 0 0 
4.6725 0 0 0 0 0 0 0 0 0 0 
4.68 0 0 0 0 0 0 0 0 0 0 
4.6775 0 0 0 0 0 0 0 0 0 0 
4.685 0 0 0 0 0 0 0 0 0 0 
4.6825 0 0 0 0 0 0 0 0 0 0 
4.69 0 0 0 0 0 0 0 0 0 0 
4.6875 0 0 0 0 0 0 0 0 0 0 
4.695 0 0 0 0 0 0 0 0 0 0 
4.6925 0 0 0 0 0 0 0 0 0 0 
4.7 0 0 0 0 0 0 0 0 0 0 
4.6975 0 0 0 0 0 0 0 0 0 0 
4.705 0 0 0 0 0 0 0 0 0 0 
4.7025 0 0 0 0 0 0 0 0 0 0 
4.71 0 0 0 0 0 0 0 0 0 0 
4.7075 0 0 0 0 0 0 0 0 0 0 
4.715 0 0 0 0 0 0 0 0 0 0 
4.7125 0 0 0 0 0 0 0 0 0 0 
4.72 0 0 0 0 0 0 0 0 0 0 
4.7175 0 0 0 0 0 0 0 0 0 0 
4.725 0 0 0 0 0 0 0 0 0 0 
4.7225 0 0 0 0 0 0 0 0 0 0 
4.73 0 0 0 0 0 0 0 0 0 0 
4.7275 0 0 0 0 0 0 0 0 0 0 
4.735 0 0 0 0 0 0 0 0 0 0 
4.7325 0 0 0 0 0 0 0 0 0 0 
4.74 0 0 0 0 0 0 0 0 0 0 
4.7375 0 0 0 0 0 0 0 0 0 0 
4.745 0 0 0 0 0 0 0 0 0 0 
4.7425 0 0 0 0 0 0 0 0 0 0 
4.75 0 0 0 0 0 0 0 0 0 0 
4.7475 0 0 0 0 0 0 0 0 0 0 
4.755 0 0 0 0 0 0 0 0 0 0 
4.7525 0 0 0 0 0 0 0 0 0 0 
4.76 0 0 0 0 0 0 0 0 0 0 
4.7575 0 0 0 0 0 0 0 0 0 0 
4.765 0 0 0 0 0 0 0 0 0 0 
4.7625 0 0 0 0 0 0 0 0 0 0 
4.77 0 0 0 0 0 0 0 0 0 0 
4.7675 0 0 0 0 0 0 0 0 0 0 
4.775 0 0 0 0 0 0 0 0 0 0 
4.7725 0 0 0 0 0 0 0 0 0 0 
4.78 0 0 0 0 0 0 0 0 0 0 
4.7775 0 0 0 0 0 0 0 0 0 0 
4.785 0 0 0 0 0 0 0 0 0 0 
4.7825 0 0 0 0 0 0 0 0 0 0 
4.79 0 0 0 0 0 0 0 0 0 0 
4.7875 0 0 0 0 0 0 0 0 0 0 
4.795 0 0 0 0 0 0 0 0 0 0 
4.7925 0 0 0 0 0 0 0 0 0 0 
4.8 0 0 0 0 0 0 0 0 0 0 
4.7975 0 0 0 0 0 0 0 0 0 0 
4.805 0 0 0 0 0 0 0 0 0 0 
4.8025 0 0 0 0 0 0 0 0 0 0 
4.81 0 0 0 0 0 0 0 0 0 0 
4.8075 0 0 0 0 0 0 0 0 0 0 
4.815 0 0 0 0 0 0 0 0 0 0 
4.8125 0 0 0 0 0 0 0 0 0 0 
4.82 0 0 0 0 0 0 0 0 0 0 
4.8175 0 0 0 0 0 0 0 0 0 0 
4.825 0 0 0 0 0 0 0 0 0 0 
4.8225 0 0 0 0 0 0 0 0 0 0 
4.83 0 0 0 0 0 0 0 0 0 0 
4.8275 0 0 0 0 0 0 0 0 0 0 
4.835 0 0 0 0 0 0 0 0 0 0 
4.8325 0 0 0 0 0 0 0 0 0 0 
4.84 0 0 0 0 0 0 0 0 0 0 
4.8375 0 0 0 0 0 0 0 0 0 0 
4.845 0 0 0 0 0 0 0 0 0 0 
4.8425 0 0 0 0 0 0 0 0 0 0 
4.85 0 0 0 0 0 0 0 0 0 0 
4.8475 0 0 0 0 0 0 0 0 0 0 
4.855 0 0 0 0 0 0 0 0 0 0 
4.8525 0 0 0 0 0 0 0 0 0 0 
4.86 0 0 0 0 0 0 0 0 0 0 
4.8575 0 0 0 0 0 0 0 0 0 0 
4.865 0 0 0 0 0 0 0 0 0 0 
4.8625 0 0 0 0 0 0 0 0 0 0 
4.87 0 0 0 0 0 0 0 0 0 0 
4.8675 0 0 0 0 0 0 0 0 0 0 
4.875 0 0 0 0 0 0 0 0 0 0 
4.8725 0 0 0 0 0 0 0 0 0 0 
4.88 0 0 0 0 0 0 0 0 0 0 
4.8775 0 0 0 0 0 0 0 0 0 0 
4.885 0 0 0 0 0 0 0 0 0 0 
4.8825 0 0 0 0 0 0 0 0 0 0 
4.89 0 0 0 0 0 0 0 0 0 0 
4.8875 0 0 0 0 0 0 0 0 0 0 
4.895 0 0 0 0 0 0 0 0 0 0 
4.8925 0 0 0 0 0 0 0 0 0 0 
4.9 0 0 0 0 0 0 0 0 0 0 
4.8975 0 0 0 0 0 0 0 0 0 0 
4.905 0 0 0 0 0 0 0 0 0 0 
4.9025 0 0 0 0 0 0 0 0 0 0 
4.91 0 0 0 0 0 0 0 0 0 0 
4.9075 0 0 0 0 0 0 0 0 0 0 
4.915 0 0 0 0 0 0 0 0 0 0 
4.9125 0 0 0 0 0 0 0 0 0 0 
4.92 0 0 0 0 0 0 0 0 0 0 
4.9175 0 0 0 0 0 0 0 0 0 0 
4.925 0 0 0 0 0 0 0 0 0 0 
4.9225 0 0 0 0 0 0 0 0 0 0 
4.93 0 0 0 0 0 0 0 0 0 0 
4.9275 0 0 0 0 0 0 0 0 0 0 
4.935 0 0 0 0 0 0 0 0 0 0 
4.9325 0 0 0 0 0 0 0 0 0 0 
4.94 0 0 0 0 0 0 0 0 0 0 
4.9375 0 0 0 0 0 0 0 0 0 0 
4.945 0 0 0 0 0 0 0 0 0 0 
4.9425 0 0 0 0 0 0 0 0 0 0 
4.95 0 0 0 0 0 0 0 0 0 0 
4.9475 0 0 0 0 0 0 0 0 0 0 
4.955 0 0 0 0 0 0 0 0 0 0 
4.9525 0 0 0 0 0 0 0 0 0 0 
4.96 0 0 0 0 0 0 0 0 0 0 
4.9575 0 0 0 0 0 0 0 0 0 0 
4.965 0 0 0 0 0 0 0 0 0 0 
4.9625 0 0 0 0 0 0 0 0 0 0 
4.97 0 0 0 0 0 0 0 0 0 0 
4.9675 0 0 0 0 0 0 0 0 0 0 
4.975 0 0 0 0 0 0 0 0 0 0 
4.9725 0 0 0 0 0 0 0 0 0 0 
4.98 0 0 0 0 0 0 0 0 0 0 
4.9775 0 0 0 0 0 0 0 0 0 0 
4.985 0 0 0 0 0 0 0 0 0 0 
4.9825 0 0 0 0 0 0 0 0 0 0 
4.99 0 0 0 0 0 0 0 0 0 0 
4.9875 0 0 0 0 0 0 0 0 0 0 
4.995 0 0 0 0 0 0 0 0 0 0 
4.9925 0 0 0 0 0 0 0 0 0 0 
5 0 0 0 0 0 0 0 0 0 0 
4.9975 0 0 0 0 0 0 0 0 0 0 
