0 7.94758e-06 
0.005 8.02511e-06 
0.0025 7.96694e-06 
0.01 8.259e-06 
0.0075 8.12233e-06 
0.015 8.65322e-06 
0.0125 8.43572e-06 
0.02 9.21443e-06 
0.0175 8.91243e-06 
0.025 9.95208e-06 
0.0225 9.56049e-06 
0.03 1.08786e-05 
0.0275 1.03908e-05 
0.035 1.20094e-05 
0.0325 1.14174e-05 
0.04 1.33636e-05 
0.0375 1.26573e-05 
0.045 1.49634e-05 
0.0425 1.41312e-05 
0.05 1.68354e-05 
0.0475 1.58635e-05 
0.055 1.90103e-05 
0.0525 1.78829e-05 
0.06 2.15236e-05 
0.0575 2.02222e-05 
0.065 2.44163e-05 
0.0625 2.29198e-05 
0.07 2.77348e-05 
0.0675 2.60191e-05 
0.075 3.15324e-05 
0.0725 2.95701e-05 
0.08 3.58695e-05 
0.0775 3.36294e-05 
0.085 4.08147e-05 
0.0825 3.82615e-05 
0.09 4.64457e-05 
0.0875 4.35392e-05 
0.095 5.28502e-05 
0.0925 4.95453e-05 
0.1 6.01274e-05 
0.0975 5.6373e-05 
0.105 6.83891e-05 
0.1025 6.41276e-05 
0.11 7.77616e-05 
0.1075 7.2928e-05 
0.115 8.8387e-05 
0.1125 8.29081e-05 
0.12 0.000100425 
0.1175 9.42188e-05 
0.125 0.000114057 
0.1225 0.00010703 
0.13 0.000129484 
0.1275 0.000121532 
0.135 0.000146935 
0.1325 0.000137941 
0.14 0.000166666 
0.1375 0.000156498 
0.145 0.000188964 
0.1425 0.000177475 
0.15 0.000214154 
0.1475 0.000201176 
0.155 0.000242597 
0.1525 0.000227944 
0.16 0.000274702 
0.1575 0.000258165 
0.165 0.000310926 
0.1625 0.000292269 
0.17 0.000351782 
0.1675 0.000330741 
0.175 0.000397847 
0.1725 0.000374125 
0.18 0.000449764 
0.1775 0.00042303 
0.185 0.00050826 
0.1825 0.000478141 
0.19 0.000574144 
0.1875 0.000540224 
0.195 0.000648327 
0.1925 0.000610137 
0.2 0.000731827 
0.1975 0.000688844 
0.205 0.000825786 
0.2025 0.000777423 
0.21 0.000931482 
0.2075 0.000877081 
0.215 0.00105035 
0.2125 0.000989172 
0.22 0.00118398 
0.2175 0.00111521 
0.225 0.00133418 
0.2225 0.00125689 
0.23 0.00150296 
0.2275 0.00141611 
0.235 0.00169255 
0.2325 0.001595 
0.24 0.00190546 
0.2375 0.00179592 
0.245 0.00214451 
0.2425 0.00202153 
0.25 0.00241284 
0.2475 0.0022748 
0.255 0.00271394 
0.2525 0.00255906 
0.26 0.00305174 
0.2575 0.00287799 
0.265 0.00343061 
0.2625 0.00323575 
0.27 0.00385543 
0.2675 0.00363695 
0.275 0.00433165 
0.2725 0.00408675 
0.28 0.00486534 
0.2775 0.00459091 
0.285 0.00546329 
0.2825 0.00515583 
0.29 0.00613302 
0.2875 0.00578868 
0.295 0.00688295 
0.2925 0.0064974 
0.3 0.00772242 
0.2975 0.00729087 
0.305 0.00866182 
0.3025 0.00817894 
0.31 0.0097127 
0.3075 0.00917256 
0.315 0.0108879 
0.3125 0.0102839 
0.32 0.0122015 
0.3175 0.0115264 
0.325 0.0136694 
0.3225 0.0129151 
0.33 0.0153089 
0.3275 0.0144666 
0.335 0.0171393 
0.3325 0.016199 
0.34 0.0191816 
0.3375 0.0181325 
0.345 0.0214593 
0.3425 0.0202895 
0.35 0.023998 
0.3475 0.0226943 
0.355 0.0268256 
0.3525 0.0253738 
0.36 0.0299729 
0.3575 0.0283573 
0.365 0.0334733 
0.3625 0.0316767 
0.37 0.037363 
0.3675 0.0353671 
0.375 0.0416813 
0.3725 0.039466 
0.38 0.0464705 
0.3775 0.0440143 
0.385 0.051776 
0.3825 0.0490558 
0.39 0.057646 
0.3875 0.0546373 
0.395 0.0641318 
0.3925 0.0608087 
0.4 0.0712872 
0.3975 0.0676223 
0.405 0.0791682 
0.4025 0.0751334 
0.41 0.0878328 
0.4075 0.0833989 
0.415 0.0973399 
0.4125 0.0924773 
0.42 0.107749 
0.4175 0.102428 
0.425 0.119118 
0.4225 0.11331 
0.43 0.131505 
0.4275 0.125181 
0.435 0.144961 
0.4325 0.138096 
0.44 0.159535 
0.4375 0.152106 
0.445 0.175269 
0.4425 0.167255 
0.45 0.192193 
0.4475 0.183581 
0.455 0.210329 
0.4525 0.201109 
0.46 0.229684 
0.4575 0.219854 
0.465 0.250251 
0.4625 0.239817 
0.47 0.272003 
0.4675 0.260981 
0.475 0.294898 
0.4725 0.283311 
0.48 0.318871 
0.4775 0.306754 
0.485 0.343839 
0.4825 0.331237 
0.49 0.369697 
0.4875 0.356664 
0.495 0.396323 
0.4925 0.382923 
0.5 0.423575 
0.4975 0.40988 
0.505 0.451299 
0.5025 0.437388 
0.51 0.479327 
0.5075 0.465285 
0.515 0.507485 
0.5125 0.493401 
0.52 0.535597 
0.5175 0.521558 
0.525 0.563485 
0.5225 0.54958 
0.53 0.59098 
0.5275 0.577292 
0.535 0.617918 
0.5325 0.604528 
0.54 0.644154 
0.5375 0.631133 
0.545 0.669556 
0.5425 0.656967 
0.55 0.694009 
0.5475 0.681907 
0.555 0.71742 
0.5525 0.70585 
0.56 0.739717 
0.5575 0.728712 
0.565 0.760846 
0.5625 0.75043 
0.57 0.780773 
0.5675 0.770961 
0.575 0.799483 
0.5725 0.790281 
0.58 0.816976 
0.5775 0.808381 
0.585 0.833267 
0.5825 0.82527 
0.59 0.848382 
0.5875 0.84097 
0.595 0.86236 
0.5925 0.855511 
0.6 0.875243 
0.5975 0.868935 
0.605 0.887084 
0.6025 0.881291 
0.61 0.897938 
0.6075 0.892631 
0.615 0.907862 
0.6125 0.903013 
0.62 0.916916 
0.6175 0.912494 
0.625 0.925158 
0.6225 0.921134 
0.63 0.932647 
0.6275 0.928993 
0.635 0.939441 
0.6325 0.936128 
0.64 0.945594 
0.6375 0.942594 
0.645 0.951158 
0.6425 0.948446 
0.65 0.956184 
0.6475 0.953735 
0.655 0.960717 
0.6525 0.958509 
0.66 0.964803 
0.6575 0.962813 
0.665 0.968481 
0.6625 0.96669 
0.67 0.971789 
0.6675 0.970179 
0.675 0.974762 
0.6725 0.973315 
0.68 0.977431 
0.6775 0.976132 
0.685 0.979827 
0.6825 0.978662 
0.69 0.981976 
0.6875 0.980931 
0.695 0.983902 
0.6925 0.982965 
0.7 0.985627 
0.6975 0.984789 
0.705 0.987172 
0.7025 0.986421 
0.71 0.988555 
0.7075 0.987883 
0.715 0.989792 
0.7125 0.989191 
0.72 0.990898 
0.7175 0.990361 
0.725 0.991887 
0.7225 0.991407 
0.73 0.992771 
0.7275 0.992341 
0.735 0.99356 
0.7325 0.993177 
0.74 0.994265 
0.7375 0.993923 
0.745 0.994894 
0.7425 0.994589 
0.75 0.995456 
0.7475 0.995183 
0.755 0.995957 
0.7525 0.995714 
0.76 0.996404 
0.7575 0.996187 
0.765 0.996802 
0.7625 0.996609 
0.77 0.997157 
0.7675 0.996985 
0.775 0.997474 
0.7725 0.99732 
0.78 0.997756 
0.7775 0.997619 
0.785 0.998007 
0.7825 0.997885 
0.79 0.998231 
0.7875 0.998122 
0.795 0.99843 
0.7925 0.998333 
0.8 0.998607 
0.7975 0.998521 
0.805 0.998765 
0.8025 0.998688 
0.81 0.998905 
0.8075 0.998837 
0.815 0.999029 
0.8125 0.998969 
0.82 0.99914 
0.8175 0.999086 
0.825 0.999238 
0.8225 0.999191 
0.83 0.999326 
0.8275 0.999283 
0.835 0.999403 
0.8325 0.999366 
0.84 0.999472 
0.8375 0.999439 
0.845 0.999533 
0.8425 0.999504 
0.85 0.999588 
0.8475 0.999561 
0.855 0.999636 
0.8525 0.999612 
0.86 0.999678 
0.8575 0.999658 
0.865 0.999716 
0.8625 0.999698 
0.87 0.999749 
0.8675 0.999733 
0.875 0.999779 
0.8725 0.999765 
0.88 0.999805 
0.8775 0.999792 
0.885 0.999828 
0.8825 0.999817 
0.89 0.999849 
0.8875 0.999839 
0.895 0.999867 
0.8925 0.999858 
0.9 0.999883 
0.8975 0.999875 
0.905 0.999897 
0.9025 0.99989 
0.91 0.999909 
0.9075 0.999903 
0.915 0.99992 
0.9125 0.999914 
0.92 0.999929 
0.9175 0.999925 
0.925 0.999938 
0.9225 0.999934 
0.93 0.999945 
0.9275 0.999941 
0.935 0.999951 
0.9325 0.999948 
0.94 0.999957 
0.9375 0.999954 
0.945 0.999962 
0.9425 0.999959 
0.95 0.999966 
0.9475 0.999964 
0.955 0.99997 
0.9525 0.999968 
0.96 0.999973 
0.9575 0.999971 
0.965 0.999975 
0.9625 0.999974 
0.97 0.999977 
0.9675 0.999976 
0.975 0.999979 
0.9725 0.999978 
0.98 0.999981 
0.9775 0.99998 
0.985 0.999982 
0.9825 0.999981 
0.99 0.999982 
0.9875 0.999982 
0.995 0.999983 
0.9925 0.999983 
1 0.999983 
0.9975 0.999983 
1.005 0.999983 
1.0025 0.999983 
1.01 0.999982 
1.0075 0.999983 
1.015 0.999982 
1.0125 0.999982 
1.02 0.999981 
1.0175 0.999981 
1.025 0.999979 
1.0225 0.99998 
1.03 0.999978 
1.0275 0.999979 
1.035 0.999976 
1.0325 0.999977 
1.04 0.999974 
1.0375 0.999975 
1.045 0.999971 
1.0425 0.999972 
1.05 0.999968 
1.0475 0.99997 
1.055 0.999964 
1.0525 0.999966 
1.06 0.99996 
1.0575 0.999963 
1.065 0.999956 
1.0625 0.999958 
1.07 0.999951 
1.0675 0.999954 
1.075 0.999945 
1.0725 0.999948 
1.08 0.999939 
1.0775 0.999942 
1.085 0.999932 
1.0825 0.999935 
1.09 0.999923 
1.0875 0.999928 
1.095 0.999914 
1.0925 0.999919 
1.1 0.999904 
1.0975 0.99991 
1.105 0.999893 
1.1025 0.999899 
1.11 0.999881 
1.1075 0.999887 
1.115 0.999867 
1.1125 0.999874 
1.12 0.999851 
1.1175 0.999859 
1.125 0.999834 
1.1225 0.999843 
1.13 0.999814 
1.1275 0.999824 
1.135 0.999793 
1.1325 0.999804 
1.14 0.999769 
1.1375 0.999781 
1.145 0.999743 
1.1425 0.999756 
1.15 0.999713 
1.1475 0.999728 
1.155 0.999681 
1.1525 0.999697 
1.16 0.999644 
1.1575 0.999663 
1.165 0.999604 
1.1625 0.999625 
1.17 0.99956 
1.1675 0.999583 
1.175 0.99951 
1.1725 0.999536 
1.18 0.999455 
1.1775 0.999484 
1.185 0.999395 
1.1825 0.999426 
1.19 0.999327 
1.1875 0.999362 
1.195 0.999253 
1.1925 0.999291 
1.2 0.99917 
1.1975 0.999213 
1.205 0.999079 
1.2025 0.999126 
1.21 0.998978 
1.2075 0.99903 
1.215 0.998866 
1.2125 0.998923 
1.22 0.998742 
1.2175 0.998806 
1.225 0.998605 
1.2225 0.998675 
1.23 0.998453 
1.2275 0.998531 
1.235 0.998286 
1.2325 0.998372 
1.24 0.9981 
1.2375 0.998195 
1.245 0.997896 
1.2425 0.998001 
1.25 0.997669 
1.2475 0.997785 
1.255 0.997419 
1.2525 0.997547 
1.26 0.997142 
1.2575 0.997284 
1.265 0.996837 
1.2625 0.996993 
1.27 0.996499 
1.2675 0.996672 
1.275 0.996126 
1.2725 0.996317 
1.28 0.995715 
1.2775 0.995926 
1.285 0.99526 
1.2825 0.995493 
1.29 0.994759 
1.2875 0.995016 
1.295 0.994205 
1.2925 0.994489 
1.3 0.993594 
1.2975 0.993907 
1.305 0.992919 
1.3025 0.993265 
1.31 0.992175 
1.3075 0.992556 
1.315 0.991355 
1.3125 0.991775 
1.32 0.99045 
1.3175 0.990913 
1.325 0.989452 
1.3225 0.989963 
1.33 0.988352 
1.3275 0.988915 
1.335 0.987139 
1.3325 0.98776 
1.34 0.985803 
1.3375 0.986488 
1.345 0.984332 
1.3425 0.985086 
1.35 0.982712 
1.3475 0.983542 
1.355 0.980929 
1.3525 0.981842 
1.36 0.978966 
1.3575 0.979971 
1.365 0.976808 
1.3625 0.977913 
1.37 0.974435 
1.3675 0.975649 
1.375 0.971827 
1.3725 0.973162 
1.38 0.968963 
1.3775 0.970429 
1.385 0.965819 
1.3825 0.967428 
1.39 0.962371 
1.3875 0.964135 
1.395 0.958592 
1.3925 0.960525 
1.4 0.954452 
1.3975 0.956569 
1.405 0.949923 
1.4025 0.952238 
1.41 0.944971 
1.4075 0.947501 
1.415 0.939563 
1.4125 0.942326 
1.42 0.933664 
1.4175 0.936677 
1.425 0.927238 
1.4225 0.93052 
1.43 0.920248 
1.4275 0.923816 
1.435 0.912655 
1.4325 0.916529 
1.44 0.904421 
1.4375 0.90862 
1.445 0.895507 
1.4425 0.900051 
1.45 0.885878 
1.4475 0.890785 
1.455 0.875498 
1.4525 0.880784 
1.46 0.864333 
1.4575 0.870015 
1.465 0.852354 
1.4625 0.858447 
1.47 0.839536 
1.4675 0.846051 
1.475 0.82586 
1.4725 0.832806 
1.48 0.811313 
1.4775 0.818696 
1.485 0.79589 
1.4825 0.803711 
1.49 0.779596 
1.4875 0.787851 
1.495 0.762444 
1.4925 0.771125 
1.5 0.74446 
1.4975 0.753554 
1.505 0.725681 
1.5025 0.735167 
1.51 0.706157 
1.5075 0.716009 
1.515 0.68595 
1.5125 0.696134 
1.52 0.665133 
1.5175 0.675612 
1.525 0.643794 
1.5225 0.654523 
1.53 0.622029 
1.5275 0.632958 
1.535 0.599946 
1.5325 0.611021 
1.54 0.577659 
1.5375 0.588821 
1.545 0.55529 
1.5425 0.566477 
1.55 0.532964 
1.5475 0.544114 
1.555 0.510808 
1.5525 0.521857 
1.56 0.488949 
1.5575 0.499833 
1.565 0.467511 
1.5625 0.47817 
1.57 0.446614 
1.5675 0.456987 
1.575 0.42637 
1.5725 0.436404 
1.58 0.406886 
1.5775 0.416527 
1.585 0.388258 
1.5825 0.39746 
1.59 0.370572 
1.5875 0.379292 
1.595 0.353906 
1.5925 0.362107 
1.6 0.338326 
1.5975 0.345976 
1.605 0.323889 
1.6025 0.330961 
1.61 0.310644 
1.6075 0.317115 
1.615 0.298629 
1.6125 0.30448 
1.62 0.287876 
1.6175 0.293093 
1.625 0.278409 
1.6225 0.282981 
1.63 0.270246 
1.6275 0.274164 
1.635 0.263399 
1.6325 0.266658 
1.64 0.257873 
1.6375 0.260471 
1.645 0.253671 
1.6425 0.255607 
1.65 0.250788 
1.6475 0.252065 
1.655 0.249218 
1.6525 0.24984 
1.66 0.248949 
1.6575 0.248922 
1.665 0.249966 
1.6625 0.249298 
1.67 0.252251 
1.6675 0.250951 
1.675 0.255782 
1.6725 0.253862 
1.68 0.260536 
1.6775 0.258008 
1.685 0.266486 
1.6825 0.263363 
1.69 0.273604 
1.6875 0.269901 
1.695 0.281862 
1.6925 0.277593 
1.7 0.291226 
1.6975 0.286407 
1.705 0.301665 
1.7025 0.296313 
1.71 0.313142 
1.7075 0.307276 
1.715 0.325621 
1.7125 0.319259 
1.72 0.339062 
1.7175 0.332224 
1.725 0.353423 
1.7225 0.346131 
1.73 0.368656 
1.7275 0.360934 
1.735 0.384713 
1.7325 0.376585 
1.74 0.401538 
1.7375 0.393033 
1.745 0.419072 
1.7425 0.41022 
1.75 0.437251 
1.7475 0.428085 
1.755 0.456006 
1.7525 0.446561 
1.76 0.475262 
1.7575 0.465576 
1.765 0.494942 
1.7625 0.485054 
1.77 0.514961 
1.7675 0.504914 
1.775 0.535232 
1.7725 0.52507 
1.78 0.555666 
1.7775 0.545434 
1.785 0.576171 
1.7825 0.565915 
1.79 0.596655 
1.7875 0.586422 
1.795 0.617027 
1.7925 0.606861 
1.8 0.637197 
1.7975 0.627143 
1.805 0.65708 
1.8025 0.64718 
1.81 0.676593 
1.8075 0.666887 
1.815 0.695662 
1.8125 0.686188 
1.82 0.714219 
1.8175 0.705009 
1.825 0.732202 
1.8225 0.723286 
1.83 0.749559 
1.8275 0.740962 
1.835 0.766248 
1.8325 0.757989 
1.84 0.782232 
1.8375 0.774329 
1.845 0.797486 
1.8425 0.789952 
1.85 0.811994 
1.8475 0.804834 
1.855 0.825746 
1.8525 0.818965 
1.86 0.838739 
1.8575 0.832337 
1.865 0.850981 
1.8625 0.844954 
1.87 0.86248 
1.8675 0.856822 
1.875 0.873254 
1.8725 0.867956 
1.88 0.883323 
1.8775 0.878375 
1.885 0.892711 
1.8825 0.888101 
1.89 0.901446 
1.8875 0.897159 
1.895 0.909556 
1.8925 0.905577 
1.9 0.917072 
1.8975 0.913387 
1.905 0.924026 
1.9025 0.920618 
1.91 0.930449 
1.9075 0.927302 
1.915 0.936372 
1.9125 0.933471 
1.92 0.941828 
1.9175 0.939156 
1.925 0.946846 
1.9225 0.94439 
1.93 0.951458 
1.9275 0.949201 
1.935 0.95569 
1.9325 0.953619 
1.94 0.959571 
1.9375 0.957673 
1.945 0.963127 
1.9425 0.961388 
1.95 0.966382 
1.9475 0.964791 
1.955 0.96936 
1.9525 0.967904 
1.96 0.972082 
1.9575 0.970752 
1.965 0.974569 
1.9625 0.973354 
1.97 0.976841 
1.9675 0.975731 
1.975 0.978914 
1.9725 0.977901 
1.98 0.980805 
1.9775 0.979881 
1.985 0.982529 
1.9825 0.981687 
1.99 0.984101 
1.9875 0.983333 
1.995 0.985534 
1.9925 0.984834 
2 0.986839 
1.9975 0.986202 
2.005 0.988028 
2.0025 0.987447 
2.01 0.98911 
2.0075 0.988582 
2.015 0.990096 
2.0125 0.989615 
2.02 0.990993 
2.0175 0.990555 
2.025 0.991809 
2.0225 0.991411 
2.03 0.992552 
2.0275 0.992189 
2.035 0.993228 
2.0325 0.992898 
2.04 0.993842 
2.0375 0.993542 
2.045 0.994402 
2.0425 0.994129 
2.05 0.99491 
2.0475 0.994662 
2.055 0.995372 
2.0525 0.995147 
2.06 0.995793 
2.0575 0.995588 
2.065 0.996175 
2.0625 0.995988 
2.07 0.996522 
2.0675 0.996353 
2.075 0.996838 
2.0725 0.996684 
2.08 0.997125 
2.0775 0.996985 
2.085 0.997386 
2.0825 0.997259 
2.09 0.997623 
2.0875 0.997508 
2.095 0.997839 
2.0925 0.997734 
2.1 0.998034 
2.0975 0.997939 
2.105 0.998212 
2.1025 0.998125 
2.11 0.998373 
2.1075 0.998295 
2.115 0.99852 
2.1125 0.998448 
2.12 0.998652 
2.1175 0.998588 
2.125 0.998773 
2.1225 0.998714 
2.13 0.998882 
2.1275 0.998829 
2.135 0.998981 
2.1325 0.998933 
2.14 0.999071 
2.1375 0.999027 
2.145 0.999152 
2.1425 0.999112 
2.15 0.999225 
2.1475 0.999189 
2.155 0.999291 
2.1525 0.999259 
2.16 0.999351 
2.1575 0.999322 
2.165 0.999405 
2.1625 0.999378 
2.17 0.999453 
2.1675 0.999429 
2.175 0.999496 
2.1725 0.999475 
2.18 0.999534 
2.1775 0.999516 
2.185 0.999568 
2.1825 0.999552 
2.19 0.999599 
2.1875 0.999584 
2.195 0.999625 
2.1925 0.999612 
2.2 0.999648 
2.1975 0.999637 
2.205 0.999668 
2.2025 0.999659 
2.21 0.999685 
2.2075 0.999677 
2.215 0.999699 
2.2125 0.999693 
2.22 0.999711 
2.2175 0.999705 
2.225 0.99972 
2.2225 0.999716 
2.23 0.999727 
2.2275 0.999724 
2.235 0.999731 
2.2325 0.999729 
2.24 0.999734 
2.2375 0.999733 
2.245 0.999734 
2.2425 0.999734 
2.25 0.999732 
2.2475 0.999733 
2.255 0.999728 
2.2525 0.99973 
2.26 0.999723 
2.2575 0.999726 
2.265 0.999715 
2.2625 0.999719 
2.27 0.999706 
2.2675 0.999711 
2.275 0.999695 
2.2725 0.999701 
2.28 0.999682 
2.2775 0.999689 
2.285 0.999667 
2.2825 0.999675 
2.29 0.99965 
2.2875 0.999659 
2.295 0.999632 
2.2925 0.999641 
2.3 0.999612 
2.2975 0.999622 
2.305 0.99959 
2.3025 0.999601 
2.31 0.999566 
2.3075 0.999578 
2.315 0.99954 
2.3125 0.999553 
2.32 0.999512 
2.3175 0.999526 
2.325 0.999483 
2.3225 0.999498 
2.33 0.999451 
2.3275 0.999467 
2.335 0.999417 
2.3325 0.999434 
2.34 0.999382 
2.3375 0.9994 
2.345 0.999344 
2.3425 0.999363 
2.35 0.999304 
2.3475 0.999324 
2.355 0.999262 
2.3525 0.999283 
2.36 0.999217 
2.3575 0.99924 
2.365 0.999171 
2.3625 0.999194 
2.37 0.999122 
2.3675 0.999146 
2.375 0.99907 
2.3725 0.999096 
2.38 0.999016 
2.3775 0.999043 
2.385 0.998959 
2.3825 0.998988 
2.39 0.9989 
2.3875 0.99893 
2.395 0.998838 
2.3925 0.998869 
2.4 0.998773 
2.3975 0.998806 
2.405 0.998705 
2.4025 0.998739 
2.41 0.998634 
2.4075 0.99867 
2.415 0.99856 
2.4125 0.998597 
2.42 0.998482 
2.4175 0.998521 
2.425 0.998401 
2.4225 0.998442 
2.43 0.998316 
2.4275 0.998359 
2.435 0.998228 
2.4325 0.998272 
2.44 0.998135 
2.4375 0.998182 
2.445 0.998038 
2.4425 0.998087 
2.45 0.997936 
2.4475 0.997988 
2.455 0.99783 
2.4525 0.997884 
2.46 0.997718 
2.4575 0.997775 
2.465 0.997601 
2.4625 0.99766 
2.47 0.997478 
2.4675 0.99754 
2.475 0.997349 
2.4725 0.997414 
2.48 0.997213 
2.4775 0.997282 
2.485 0.99707 
2.4825 0.997142 
2.49 0.996919 
2.4875 0.996996 
2.495 0.99676 
2.4925 0.996841 
2.5 0.996592 
2.4975 0.996677 
2.505 0.996414 
2.5025 0.996505 
2.51 0.996226 
2.5075 0.996322 
2.515 0.996027 
2.5125 0.996128 
2.52 0.995815 
2.5175 0.995923 
2.525 0.99559 
2.5225 0.995704 
2.53 0.995351 
2.5275 0.995472 
2.535 0.995096 
2.5325 0.995225 
2.54 0.994824 
2.5375 0.994962 
2.545 0.994534 
2.5425 0.994681 
2.55 0.994224 
2.5475 0.994381 
2.555 0.993892 
2.5525 0.994061 
2.56 0.993537 
2.5575 0.993718 
2.565 0.993156 
2.5625 0.99335 
2.57 0.992748 
2.5675 0.992956 
2.575 0.99231 
2.5725 0.992533 
2.58 0.991839 
2.5775 0.992078 
2.585 0.991332 
2.5825 0.99159 
2.59 0.990787 
2.5875 0.991065 
2.595 0.990201 
2.5925 0.9905 
2.6 0.989569 
2.5975 0.989891 
2.605 0.988888 
2.6025 0.989235 
2.61 0.988153 
2.6075 0.988527 
2.615 0.987361 
2.6125 0.987764 
2.62 0.986506 
2.6175 0.986941 
2.625 0.985583 
2.6225 0.986053 
2.63 0.984586 
2.6275 0.985094 
2.635 0.983509 
2.6325 0.984058 
2.64 0.982346 
2.6375 0.982939 
2.645 0.98109 
2.6425 0.98173 
2.65 0.979732 
2.6475 0.980424 
2.655 0.978265 
2.6525 0.979013 
2.66 0.976679 
2.6575 0.977488 
2.665 0.974966 
2.6625 0.975839 
2.67 0.973114 
2.6675 0.974058 
2.675 0.971114 
2.6725 0.972134 
2.68 0.968953 
2.6775 0.970054 
2.685 0.966618 
2.6825 0.967808 
2.69 0.964096 
2.6875 0.965381 
2.695 0.961374 
2.6925 0.962761 
2.7 0.958436 
2.6975 0.959933 
2.705 0.955265 
2.7025 0.95688 
2.71 0.951844 
2.7075 0.953587 
2.715 0.948156 
2.7125 0.950035 
2.72 0.944182 
2.7175 0.946206 
2.725 0.939901 
2.7225 0.942081 
2.73 0.935292 
2.7275 0.937639 
2.735 0.930334 
2.7325 0.932858 
2.74 0.925002 
2.7375 0.927716 
2.745 0.919275 
2.7425 0.92219 
2.75 0.913126 
2.7475 0.916255 
2.755 0.906531 
2.7525 0.909886 
2.76 0.899465 
2.7575 0.903059 
2.765 0.8919 
2.7625 0.895746 
2.77 0.88381 
2.7675 0.887922 
2.775 0.875171 
2.7725 0.879561 
2.78 0.865954 
2.7775 0.870636 
2.785 0.856137 
2.7825 0.861122 
2.79 0.845693 
2.7875 0.850995 
2.795 0.834601 
2.7925 0.84023 
2.8 0.82284 
2.7975 0.828806 
2.805 0.810391 
2.8025 0.816703 
2.81 0.797239 
2.8075 0.803904 
2.815 0.783371 
2.8125 0.790395 
2.82 0.76878 
2.8175 0.776166 
2.825 0.753461 
2.8225 0.761211 
2.83 0.737417 
2.8275 0.745529 
2.835 0.720655 
2.8325 0.729125 
2.84 0.703188 
2.8375 0.712008 
2.845 0.685038 
2.8425 0.694197 
2.85 0.666232 
2.8475 0.675715 
2.855 0.646805 
2.8525 0.656594 
2.86 0.6268 
2.8575 0.636872 
2.865 0.606268 
2.8625 0.616597 
2.87 0.585265 
2.8675 0.595821 
2.875 0.563857 
2.8725 0.574607 
2.88 0.542114 
2.8775 0.553023 
2.885 0.520114 
2.8825 0.531141 
2.89 0.497937 
2.8875 0.509042 
2.895 0.475668 
2.8925 0.486809 
2.9 0.453395 
2.8975 0.464527 
2.905 0.431205 
2.9025 0.442284 
2.91 0.409184 
2.9075 0.420168 
2.915 0.387419 
2.9125 0.398265 
2.92 0.365991 
2.9175 0.376658 
2.925 0.344978 
2.9225 0.355428 
2.93 0.32445 
2.9275 0.334649 
2.935 0.304473 
2.9325 0.314389 
2.94 0.285104 
2.9375 0.294709 
2.945 0.266392 
2.9425 0.275663 
2.95 0.248378 
2.9475 0.257295 
2.955 0.231096 
2.9525 0.239644 
2.96 0.21457 
2.9575 0.222737 
2.965 0.198817 
2.9625 0.206596 
2.97 0.183847 
2.9675 0.191234 
2.975 0.169661 
2.9725 0.176656 
2.98 0.156257 
2.9775 0.162862 
2.985 0.143624 
2.9825 0.149844 
2.99 0.131748 
2.9875 0.137592 
2.995 0.120611 
2.9925 0.126089 
3 0.110192 
2.9975 0.115314 
3.005 0.100466 
3.0025 0.105244 
3.01 0.0914057 
3.0075 0.0958542 
3.015 0.082984 
3.0125 0.0871168 
3.02 0.0751716 
3.0175 0.0790034 
3.025 0.0679392 
3.0225 0.0714848 
3.03 0.0612574 
3.0275 0.0645313 
3.035 0.0550968 
3.0325 0.0581137 
3.04 0.0494288 
3.0375 0.0522029 
3.045 0.0442254 
3.0425 0.0467707 
3.05 0.0394597 
3.0475 0.0417895 
3.055 0.0351055 
3.0525 0.0372327 
3.06 0.0311378 
3.0575 0.0330748 
3.065 0.0275324 
3.0625 0.0292913 
3.07 0.0242664 
3.0675 0.0258584 
3.075 0.0213174 
3.0725 0.0227536 
3.08 0.0186641 
3.0775 0.0199551 
3.085 0.0162858 
3.0825 0.0174419 
3.09 0.0141623 
3.0875 0.0151934 
3.095 0.0122741 
3.0925 0.0131899 
3.1 0.0106023 
3.0975 0.0114123 
3.105 0.00912841 
3.1025 0.00984172 
3.11 0.00783473 
3.1075 0.00846014 
3.115 0.00670408 
3.1125 0.00725007 
3.12 0.00572008 
3.1175 0.00619473 
3.125 0.00486721 
3.1225 0.00527818 
3.13 0.00413088 
3.1275 0.00448535 
3.135 0.00349754 
3.1325 0.00380214 
3.14 0.00295466 
3.1375 0.00321553 
3.145 0.00249085 
3.1425 0.00271354 
3.15 0.00209577 
3.1475 0.00228532 
3.155 0.00176018 
3.1525 0.00192107 
3.16 0.00147584 
3.1575 0.00161207 
3.165 0.00123549 
3.1625 0.00135058 
3.17 0.00103277 
3.1675 0.00112979 
3.175 0.000862116 
3.1725 0.000943751 
3.18 0.000718722 
3.1775 0.000787285 
3.185 0.000598434 
3.1825 0.000655925 
3.19 0.000497688 
3.1875 0.00054582 
3.195 0.000413431 
3.1925 0.000453671 
3.2 0.000343061 
3.1975 0.000376657 
3.205 0.000284365 
3.2025 0.000312378 
3.21 0.000235467 
3.2075 0.000258797 
3.215 0.000194778 
3.2125 0.000214185 
3.22 0.000160958 
3.2175 0.000177084 
3.225 0.00013288 
3.2225 0.000146265 
3.23 0.000109592 
3.2275 0.00012069 
3.235 9.02974e-05 
3.2325 9.94899e-05 
3.24 7.4328e-05 
3.2375 8.19343e-05 
3.245 6.11238e-05 
3.2425 6.74114e-05 
3.25 5.02168e-05 
3.2475 5.54092e-05 
3.255 4.12164e-05 
3.2525 4.55e-05 
3.26 3.37965e-05 
3.2575 3.7327e-05 
3.265 2.76855e-05 
3.2625 3.05925e-05 
3.27 2.26575e-05 
3.2675 2.50487e-05 
3.275 1.85246e-05 
3.2725 2.04896e-05 
3.28 1.51308e-05 
3.2775 1.6744e-05 
3.285 1.23466e-05 
3.2825 1.36696e-05 
3.29 1.00648e-05 
3.2875 1.11488e-05 
3.295 8.1965e-06 
3.2925 9.08384e-06 
3.3 6.66838e-06 
3.2975 7.39398e-06 
3.305 5.41972e-06 
3.3025 6.01247e-06 
3.31 4.40043e-06 
3.3075 4.88417e-06 
3.315 3.56922e-06 
3.3125 3.96359e-06 
3.32 2.89207e-06 
3.3175 3.21326e-06 
3.325 2.34099e-06 
3.3225 2.60231e-06 
3.33 1.89297e-06 
3.3275 2.10536e-06 
3.335 1.52911e-06 
3.3325 1.70156e-06 
3.34 1.2339e-06 
3.3375 1.37377e-06 
3.345 9.94646e-07 
3.3425 1.10798e-06 
3.35 8.00943e-07 
3.3475 8.92672e-07 
3.355 6.44282e-07 
3.3525 7.18449e-07 
3.36 5.17715e-07 
3.3575 5.77618e-07 
3.365 4.15569e-07 
3.3625 4.639e-07 
3.37 3.3322e-07 
3.3675 3.72173e-07 
3.375 2.66903e-07 
3.3725 2.98264e-07 
3.38 2.13554e-07 
3.3775 2.38775e-07 
3.385 1.70684e-07 
3.3825 1.90945e-07 
3.39 1.36272e-07 
3.3875 1.52531e-07 
3.395 1.0868e-07 
3.3925 1.21713e-07 
3.4 8.65794e-08 
3.3975 9.70153e-08 
3.405 6.88977e-08 
3.4025 7.72447e-08 
3.41 5.47669e-08 
3.4075 6.14357e-08 
3.415 4.34862e-08 
3.4125 4.88084e-08 
3.42 3.4491e-08 
3.4175 3.87336e-08 
3.425 2.73261e-08 
3.4225 3.07044e-08 
3.43 2.16255e-08 
3.4275 2.43126e-08 
3.435 1.70951e-08 
3.4325 1.923e-08 
3.44 1.34986e-08 
3.4375 1.51929e-08 
3.445 1.06469e-08 
3.4425 1.19899e-08 
3.45 8.38818e-09 
3.4475 9.4516e-09 
3.455 6.60122e-09 
3.4525 7.44229e-09 
3.46 5.18909e-09 
3.4575 5.85354e-09 
3.465 4.07443e-09 
3.4625 4.59875e-09 
3.47 3.1956e-09 
3.4675 3.60886e-09 
3.475 2.50348e-09 
3.4725 2.82885e-09 
3.48 1.95904e-09 
3.4775 2.21491e-09 
3.485 1.53126e-09 
3.4825 1.73224e-09 
3.49 1.19553e-09 
3.4875 1.35321e-09 
3.495 9.32343e-10 
3.4925 1.05592e-09 
3.5 7.26265e-10 
3.4975 8.22994e-10 
3.505 5.65091e-10 
3.5025 6.40719e-10 
3.51 4.39181e-10 
3.5075 4.98244e-10 
3.515 3.40935e-10 
3.5125 3.87007e-10 
3.52 2.64363e-10 
3.5175 3.0026e-10 
3.525 2.04754e-10 
3.5225 2.3269e-10 
3.53 1.58403e-10 
3.5275 1.80119e-10 
3.535 1.22404e-10 
3.5325 1.39265e-10 
3.54 9.44776e-11 
3.5375 1.07553e-10 
3.545 7.28385e-11 
3.5425 8.29672e-11 
3.55 5.60909e-11 
3.5475 6.39276e-11 
3.555 4.31443e-11 
3.5525 4.92005e-11 
3.56 3.31477e-11 
3.5575 3.78225e-11 
3.565 2.54379e-11 
3.5625 2.90422e-11 
3.57 1.94988e-11 
3.5675 2.22744e-11 
3.575 1.49291e-11 
3.5725 1.70641e-11 
3.58 1.14171e-11 
3.5775 1.30574e-11 
3.585 8.72123e-12 
3.5825 9.97995e-12 
3.59 6.65421e-12 
3.5875 7.61901e-12 
3.595 5.07124e-12 
3.5925 5.80988e-12 
3.6 3.86037e-12 
3.5975 4.4252e-12 
3.605 2.93523e-12 
3.6025 3.36664e-12 
3.61 2.22922e-12 
3.6075 2.55834e-12 
3.615 1.69107e-12 
3.6125 1.94186e-12 
3.62 1.28135e-12 
3.6175 1.47223e-12 
3.625 9.69777e-13 
3.6225 1.11489e-12 
3.63 7.33119e-13 
3.6275 8.43304e-13 
3.635 5.53573e-13 
3.6325 6.37142e-13 
3.64 4.17517e-13 
3.6375 4.80824e-13 
3.645 3.14537e-13 
3.6425 3.62439e-13 
3.65 2.36684e-13 
3.6475 2.72886e-13 
3.655 1.77895e-13 
3.6525 2.05224e-13 
3.66 1.33555e-13 
3.6575 1.5416e-13 
3.665 1.00151e-13 
3.6625 1.15669e-13 
3.67 7.50149e-14 
3.6675 8.66885e-14 
3.675 5.61231e-14 
3.6725 6.48942e-14 
3.68 4.19408e-14 
3.6775 4.85233e-14 
3.685 3.13063e-14 
3.6825 3.62406e-14 
3.69 2.33415e-14 
3.6875 2.70359e-14 
3.695 1.73831e-14 
3.6925 2.0146e-14 
3.7 1.29309e-14 
3.6975 1.49947e-14 
3.705 9.60798e-15 
3.7025 1.11478e-14 
3.71 7.13081e-15 
3.7075 8.27839e-15 
3.715 5.28627e-15 
3.7125 6.14051e-15 
3.72 3.91439e-15 
3.7175 4.54953e-15 
3.725 2.89524e-15 
3.7225 3.36693e-15 
3.73 2.139e-15 
3.7275 2.4889e-15 
3.735 1.57849e-15 
3.7325 1.83775e-15 
3.74 1.16355e-15 
3.7375 1.35542e-15 
3.745 8.56706e-16 
3.7425 9.98544e-16 
3.75 6.30072e-16 
3.7475 7.34802e-16 
3.755 4.62869e-16 
3.7525 5.40111e-16 
3.76 3.39656e-16 
3.7575 3.96559e-16 
3.765 2.48961e-16 
3.7625 2.90833e-16 
3.77 1.8228e-16 
3.7675 2.13056e-16 
3.775 1.3331e-16 
3.7725 1.55905e-16 
3.78 9.73878e-17 
3.7775 1.13957e-16 
3.785 7.10666e-17 
3.7825 8.32038e-17 
3.79 5.18022e-17 
3.7875 6.06826e-17 
3.795 3.77185e-17 
3.7925 4.42087e-17 
3.8 2.74338e-17 
3.7975 3.21719e-17 
3.805 1.99319e-17 
3.8025 2.3387e-17 
3.81 1.44658e-17 
3.8075 1.69825e-17 
3.815 1.04875e-17 
3.8125 1.23186e-17 
3.82 7.59523e-18 
3.8175 8.92609e-18 
3.825 5.49483e-18 
3.8225 6.46103e-18 
3.83 3.97114e-18 
3.8275 4.67184e-18 
3.835 2.86702e-18 
3.8325 3.37463e-18 
3.84 2.06779e-18 
3.8375 2.43513e-18 
3.845 1.48988e-18 
3.8425 1.75541e-18 
3.85 1.07243e-18 
3.8475 1.26418e-18 
3.855 7.71203e-19 
3.8525 9.0953e-19 
3.86 5.54067e-19 
3.8575 6.53752e-19 
3.865 3.97705e-19 
3.8625 4.6947e-19 
3.87 2.85218e-19 
3.8675 3.36832e-19 
3.875 2.04372e-19 
3.8725 2.41458e-19 
3.88 1.46324e-19 
3.8775 1.72945e-19 
3.885 1.04682e-19 
3.8825 1.23775e-19 
3.89 7.48371e-20 
3.8875 8.85177e-20 
3.895 5.3465e-20 
3.8925 6.32594e-20 
3.9 3.8173e-20 
3.8975 4.51795e-20 
3.905 2.72401e-20 
3.9025 3.22483e-20 
3.91 1.94293e-20 
3.9075 2.30066e-20 
3.915 1.3853e-20 
3.9125 1.64065e-20 
3.92 9.87429e-21 
3.9175 1.16959e-20 
3.925 7.03711e-21 
3.9225 8.33591e-21 
3.93 5.01489e-21 
3.9275 5.94051e-21 
3.935 3.5741e-21 
3.9325 4.23352e-21 
3.94 2.54786e-21 
3.9375 3.01752e-21 
3.945 1.81703e-21 
3.9425 2.15149e-21 
3.95 1.2966e-21 
3.9475 1.53477e-21 
3.955 9.25973e-22 
3.9525 1.0956e-21 
3.96 6.61961e-22 
3.9575 7.828e-22 
3.965 4.7382e-22 
3.9625 5.59944e-22 
3.97 3.39665e-22 
3.9675 4.01088e-22 
3.975 2.4393e-22 
3.9725 2.87773e-22 
3.98 1.7554e-22 
3.9775 2.0687e-22 
3.985 1.26623e-22 
3.9825 1.49041e-22 
3.99 9.15806e-23 
3.9875 1.07647e-22 
3.995 6.64318e-23 
3.9925 7.79684e-23 
4 4.83454e-23 
3.9975 5.66473e-23 
4.005 3.53069e-23 
4.0025 4.12959e-23 
4.01 2.58819e-23 
4.0075 3.02145e-23 
4.015 1.90486e-23 
4.0125 2.21925e-23 
4.02 1.40778e-23 
4.0175 1.63669e-23 
4.025 1.04489e-23 
4.0225 1.21217e-23 
4.03 7.78956e-24 
4.0275 9.01675e-24 
4.035 5.83275e-24 
4.0325 6.73676e-24 
4.04 4.38678e-24 
4.0375 5.05557e-24 
4.045 3.31359e-24 
4.0425 3.81055e-24 
4.05 2.51352e-24 
4.0475 2.88446e-24 
4.055 1.91436e-24 
4.0525 2.19248e-24 
4.06 1.46365e-24 
4.0575 1.67312e-24 
4.065 1.12311e-24 
4.0625 1.28156e-24 
4.07 8.64712e-25 
4.0675 9.85078e-25 
4.075 6.67828e-25 
4.0725 7.59636e-25 
4.08 5.17229e-25 
4.0775 5.87526e-25 
4.085 4.01612e-25 
4.0825 4.55631e-25 
4.09 3.12548e-25 
4.0875 3.54196e-25 
4.095 2.43723e-25 
4.0925 2.75933e-25 
4.1 1.90387e-25 
4.0975 2.15366e-25 
4.105 1.48948e-25 
4.1025 1.68368e-25 
4.11 1.16679e-25 
4.1075 1.3181e-25 
4.115 9.14997e-26 
4.1125 1.03312e-25 
4.12 7.18183e-26 
4.1175 8.10555e-26 
4.125 5.64109e-26 
4.1225 6.36449e-26 
4.13 4.43339e-26 
4.1275 5.0006e-26 
4.135 3.48571e-26 
4.1325 3.93091e-26 
4.14 2.74142e-26 
4.1375 3.09115e-26 
4.145 2.15645e-26 
4.1425 2.43137e-26 
4.15 1.69644e-26 
4.1475 1.91265e-26 
4.155 1.33454e-26 
4.1525 1.50465e-26 
4.16 1.04975e-26 
4.1575 1.18363e-26 
4.165 8.25598e-27 
4.1625 9.30973e-27 
4.17 6.49162e-27 
4.1675 7.32106e-27 
4.175 5.10287e-27 
4.1725 5.75573e-27 
4.18 4.00987e-27 
4.1775 4.52367e-27 
4.185 3.14979e-27 
4.1825 3.55408e-27 
4.19 2.47315e-27 
4.1875 2.79119e-27 
4.195 1.94097e-27 
4.1925 2.19109e-27 
4.2 1.52257e-27 
4.1975 1.71919e-27 
4.205 1.19374e-27 
4.2025 1.34825e-27 
4.21 9.35412e-28 
4.2075 1.05678e-27 
4.215 7.32571e-28 
4.2125 8.2786e-28 
4.22 5.73376e-28 
4.2175 6.48152e-28 
4.225 4.48501e-28 
4.2225 5.07148e-28 
4.23 3.50601e-28 
4.2275 3.96573e-28 
4.235 2.73894e-28 
4.2325 3.09908e-28 
4.24 2.13827e-28 
4.2375 2.42024e-28 
4.245 1.6682e-28 
4.2425 1.88882e-28 
4.25 1.30057e-28 
4.2475 1.47308e-28 
4.255 1.01324e-28 
4.2525 1.14805e-28 
4.26 7.88821e-29 
4.2575 8.94094e-29 
4.265 6.13661e-29 
4.2625 6.95813e-29 
4.27 4.77043e-29 
4.2675 5.41107e-29 
4.275 3.70562e-29 
4.2725 4.20484e-29 
4.28 2.8763e-29 
4.2775 3.26504e-29 
4.285 2.23086e-29 
4.2825 2.53335e-29 
4.29 1.72891e-29 
4.2875 1.96411e-29 
4.295 1.33885e-29 
4.2925 1.52158e-29 
4.3 1.03597e-29 
4.2975 1.17783e-29 
4.305 8.00959e-30 
4.3025 9.11006e-30 
4.31 6.1876e-30 
4.3075 7.0406e-30 
4.315 4.77616e-30 
4.3125 5.43681e-30 
4.32 3.68364e-30 
4.3175 4.1949e-30 
4.325 2.83866e-30 
4.3225 3.234e-30 
4.33 2.18567e-30 
4.3275 2.49111e-30 
4.335 1.68147e-30 
4.3325 1.91726e-30 
4.34 1.29248e-30 
4.3375 1.47435e-30 
4.345 9.92622e-31 
4.3425 1.13279e-30 
4.35 7.61674e-31 
4.3475 8.69606e-31 
4.355 5.83952e-31 
4.3525 6.6699e-31 
4.36 4.47305e-31 
4.3575 5.11137e-31 
4.365 3.42333e-31 
4.3625 3.91357e-31 
4.37 2.61763e-31 
4.3675 2.99382e-31 
4.375 1.99977e-31 
4.3725 2.28818e-31 
4.38 1.52638e-31 
4.3775 1.7473e-31 
4.385 1.164e-31 
4.3825 1.33308e-31 
4.39 8.8685e-32 
4.3875 1.01613e-31 
4.395 6.75075e-32 
4.3925 7.73837e-32 
4.4 5.13401e-32 
4.3975 5.8878e-32 
4.405 3.90087e-32 
4.4025 4.47567e-32 
4.41 2.96118e-32 
4.4075 3.39909e-32 
4.415 2.24577e-32 
4.4125 2.57908e-32 
4.42 1.70162e-32 
4.4175 1.95508e-32 
4.425 1.28811e-32 
4.4225 1.48067e-32 
4.43 9.74169e-33 
4.4275 1.12032e-32 
4.435 7.3605e-33 
4.4325 8.46878e-33 
4.44 5.55608e-33 
4.4375 6.3957e-33 
4.445 4.19004e-33 
4.4425 4.82552e-33 
4.45 3.15685e-33 
4.4475 3.63736e-33 
4.455 2.37615e-33 
4.4525 2.73914e-33 
4.46 1.78681e-33 
4.4575 2.06076e-33 
4.465 1.34234e-33 
4.4625 1.54889e-33 
4.47 1.00747e-33 
4.4675 1.16305e-33 
4.475 7.554e-34 
4.4725 8.72479e-34 
4.48 5.65851e-34 
4.4775 6.5387e-34 
4.485 4.23453e-34 
4.4825 4.89559e-34 
4.49 3.1658e-34 
4.4875 3.66181e-34 
4.495 2.36449e-34 
4.4925 2.73629e-34 
4.5 1.76428e-34 
4.4975 2.0427e-34 
4.505 1.31513e-34 
4.5025 1.52342e-34 
4.51 9.79361e-35 
4.5075 1.13503e-34 
4.515 7.28599e-35 
4.5125 8.44827e-35 
4.52 5.41507e-35 
4.5175 6.28201e-35 
4.525 4.02059e-35 
4.5225 4.66659e-35 
4.53 2.98225e-35 
4.5275 3.46313e-35 
4.535 2.20987e-35 
4.5325 2.56748e-35 
4.54 1.6359e-35 
4.5375 1.90158e-35 
4.545 1.2098e-35 
4.5425 1.40698e-35 
4.55 8.93788e-36 
4.5475 1.03998e-35 
4.555 6.59662e-36 
4.5525 7.67946e-36 
4.56 4.86377e-36 
4.5575 5.665e-36 
4.565 3.58252e-36 
4.5625 4.17478e-36 
4.57 2.63613e-36 
4.5675 3.07348e-36 
4.575 1.93779e-36 
4.5725 2.26042e-36 
4.58 1.42302e-36 
4.5775 1.66078e-36 
4.585 1.04394e-36 
4.5825 1.21898e-36 
4.59 7.65068e-37 
4.5875 8.938e-37 
4.595 5.60126e-37 
4.5925 6.54705e-37 
4.6 4.09668e-37 
4.5975 4.79084e-37 
4.605 2.99321e-37 
4.6025 3.50217e-37 
4.61 2.18475e-37 
4.6075 2.55754e-37 
4.615 1.59303e-37 
4.6125 1.8658e-37 
4.62 1.16039e-37 
4.6175 1.35978e-37 
4.625 8.44392e-38 
4.6225 9.89983e-38 
4.63 6.1382e-38 
4.6275 7.20022e-38 
4.635 4.45753e-38 
4.6325 5.23143e-38 
4.64 3.23374e-38 
4.6375 3.79711e-38 
4.645 2.34354e-38 
4.6425 2.75322e-38 
4.65 1.69666e-38 
4.6475 1.99428e-38 
4.655 1.22708e-38 
4.6525 1.44307e-38 
4.66 8.86563e-39 
4.6575 1.04315e-38 
4.665 6.39882e-39 
4.6625 7.53282e-39 
4.67 4.61366e-39 
4.6675 5.43407e-39 
4.675 3.32312e-39 
4.6725 3.91605e-39 
4.68 2.39112e-39 
4.6775 2.8192e-39 
4.685 1.71874e-39 
4.6825 2.02749e-39 
4.69 1.23417e-39 
4.6875 1.45662e-39 
4.695 8.85307e-40 
4.6925 1.04541e-39 
4.7 6.34405e-40 
4.6975 7.4952e-40 
4.705 4.54144e-40 
4.7025 5.36825e-40 
4.71 3.24768e-40 
4.7075 3.84093e-40 
4.715 2.32011e-40 
4.7125 2.74533e-40 
4.72 1.65575e-40 
4.7175 1.96022e-40 
4.725 1.18042e-40 
4.7225 1.3982e-40 
4.73 8.40683e-41 
4.7275 9.96294e-41 
4.735 5.98109e-41 
4.7325 7.09185e-41 
4.74 4.25091e-41 
4.7375 5.04295e-41 
4.745 3.01813e-41 
4.7425 3.5823e-41 
4.75 2.14065e-41 
4.7475 2.54211e-41 
4.755 1.51673e-41 
4.7525 1.8021e-41 
4.76 1.07355e-41 
4.7575 1.2762e-41 
4.765 7.59084e-42 
4.7625 9.02835e-42 
4.77 5.3618e-42 
4.7675 6.38047e-42 
4.775 3.78343e-42 
4.7725 4.50454e-42 
4.78 2.66694e-42 
4.7775 3.17689e-42 
4.785 1.87799e-42 
4.7825 2.23824e-42 
4.79 1.32108e-42 
4.7875 1.5753e-42 
4.795 9.28359e-43 
4.7925 1.10758e-42 
4.8 6.51714e-43 
4.7975 7.77927e-43 
4.805 4.57037e-43 
4.8025 5.45829e-43 
4.81 3.20184e-43 
4.8075 3.82585e-43 
4.815 2.24079e-43 
4.8125 2.67888e-43 
4.82 1.5666e-43 
4.8175 1.87384e-43 
4.825 1.09412e-43 
4.8225 1.30937e-43 
4.83 7.63361e-44 
4.8275 9.14008e-44 
4.835 5.32044e-44 
4.8325 6.37368e-44 
4.84 3.70441e-44 
4.8375 4.44002e-44 
4.845 2.57658e-44 
4.8425 3.08982e-44 
4.85 1.79029e-44 
4.8475 2.14801e-44 
4.855 1.24268e-44 
4.8525 1.49174e-44 
4.86 8.61685e-45 
4.8575 1.03492e-44 
4.865 5.96888e-45 
4.8625 7.17252e-45 
4.87 4.13039e-45 
4.8675 4.96585e-45 
4.875 2.85526e-45 
4.8725 3.43455e-45 
4.88 1.97177e-45 
4.8775 2.37302e-45 
4.885 1.36025e-45 
4.8825 1.63791e-45 
4.89 9.37434e-46 
4.8875 1.12936e-45 
4.895 6.45382e-46 
4.8925 7.77911e-46 
4.9 4.43863e-46 
4.8975 5.35284e-46 
4.905 3.04957e-46 
4.9025 3.67955e-46 
4.91 2.09307e-46 
4.9075 2.52674e-46 
4.915 1.43511e-46 
4.9125 1.73334e-46 
4.92 9.82978e-47 
4.9175 1.18786e-46 
4.925 6.72606e-47 
4.9225 8.1321e-47 
4.93 4.59766e-47 
4.9275 5.56159e-47 
4.935 3.1396e-47 
4.9325 3.79975e-47 
4.94 2.14181e-47 
4.9375 2.59344e-47 
4.945 1.45971e-47 
4.9425 1.76835e-47 
4.95 9.93932e-48 
4.9475 1.20463e-47 
4.955 6.76256e-48 
4.9525 8.19908e-48 
4.96 4.59893e-48 
4.9575 5.5769e-48 
4.965 3.12804e-48 
4.9625 3.79248e-48 
4.97 2.13092e-48 
4.9675 2.58089e-48 
4.975 1.45835e-48 
4.9725 1.76129e-48 
4.98 1.00919e-48 
4.9775 1.21071e-48 
4.985 7.1555e-49 
4.9825 8.46157e-49 
4.99 5.32882e-49 
4.9875 6.1241e-49 
4.995 4.33364e-49 
4.9925 4.73934e-49 
5 4.018e-49 
4.9975 4.09611e-49 
