0 7.68149e-06 
0.005 7.75682e-06 
0.0025 7.7003e-06 
0.01 7.98408e-06 
0.0075 7.85127e-06 
0.015 8.36714e-06 
0.0125 8.15579e-06 
0.02 8.9125e-06 
0.0175 8.61902e-06 
0.025 9.62942e-06 
0.0225 9.24883e-06 
0.03 1.053e-05 
0.0275 1.00559e-05 
0.035 1.16294e-05 
0.0325 1.10538e-05 
0.04 1.29461e-05 
0.0375 1.22593e-05 
0.045 1.4502e-05 
0.0425 1.36926e-05 
0.05 1.6323e-05 
0.0475 1.53776e-05 
0.055 1.84392e-05 
0.0525 1.73421e-05 
0.06 2.08852e-05 
0.0575 1.96186e-05 
0.065 2.3701e-05 
0.0625 2.22441e-05 
0.07 2.69322e-05 
0.0675 2.52616e-05 
0.075 3.06308e-05 
0.0725 2.87195e-05 
0.08 3.4856e-05 
0.0775 3.26736e-05 
0.085 3.96749e-05 
0.0825 3.71867e-05 
0.09 4.51633e-05 
0.0875 4.23302e-05 
0.095 5.14073e-05 
0.0925 4.81851e-05 
0.1 5.8504e-05 
0.0975 5.48425e-05 
0.105 6.65628e-05 
0.1025 6.24057e-05 
0.11 7.57073e-05 
0.1075 7.0991e-05 
0.115 8.60767e-05 
0.1125 8.07295e-05 
0.12 9.78278e-05 
0.1175 9.1769e-05 
0.125 0.000111137 
0.1225 0.000104276 
0.13 0.000126203 
0.1275 0.000118437 
0.135 0.000143249 
0.1325 0.000134464 
0.14 0.000162526 
0.1375 0.000152592 
0.145 0.000184317 
0.1425 0.000173088 
0.15 0.000208937 
0.1475 0.000196252 
0.155 0.000236743 
0.1525 0.000222418 
0.16 0.000268134 
0.1575 0.000251963 
0.165 0.000303559 
0.1625 0.000285312 
0.17 0.000343522 
0.1675 0.00032294 
0.175 0.000388585 
0.1725 0.000365378 
0.18 0.000439384 
0.1775 0.000413225 
0.185 0.000496627 
0.1825 0.000467152 
0.19 0.00056111 
0.1875 0.00052791 
0.195 0.000633725 
0.1925 0.000596341 
0.2 0.000715472 
0.1975 0.00067339 
0.205 0.000807469 
0.2025 0.000760114 
0.21 0.000910972 
0.2075 0.000857699 
0.215 0.00102738 
0.2125 0.00096747 
0.22 0.00115828 
0.2175 0.00109092 
0.225 0.00130541 
0.2225 0.0012297 
0.23 0.00147075 
0.2275 0.00138567 
0.235 0.00165651 
0.2325 0.00156093 
0.24 0.00186514 
0.2375 0.0017578 
0.245 0.0020994 
0.2425 0.00197888 
0.25 0.00236236 
0.2475 0.00222709 
0.255 0.00265748 
0.2525 0.00250567 
0.26 0.00298859 
0.2575 0.00281828 
0.265 0.00335998 
0.2625 0.00316896 
0.27 0.00377645 
0.2675 0.00356226 
0.275 0.00424335 
0.2725 0.00400324 
0.28 0.00476663 
0.2775 0.00449754 
0.285 0.00535294 
0.2825 0.00505146 
0.29 0.0060097 
0.2875 0.00567202 
0.295 0.00674514 
0.2925 0.00636703 
0.3 0.00756845 
0.2975 0.0071452 
0.305 0.00848983 
0.3025 0.0080162 
0.31 0.00952063 
0.3075 0.0089908 
0.315 0.0106734 
0.3125 0.0100809 
0.32 0.0119622 
0.3175 0.0112999 
0.325 0.0134023 
0.3225 0.0126623 
0.33 0.015011 
0.3275 0.0141845 
0.335 0.0168071 
0.3325 0.0158844 
0.34 0.0188114 
0.3375 0.0177818 
0.345 0.0210469 
0.3425 0.0198988 
0.35 0.0235388 
0.3475 0.0222592 
0.355 0.0263147 
0.3525 0.0248894 
0.36 0.0294048 
0.3575 0.0278185 
0.365 0.0328421 
0.3625 0.0310779 
0.37 0.0366622 
0.3675 0.0347019 
0.375 0.0409041 
0.3725 0.0387279 
0.38 0.0456093 
0.3775 0.043196 
0.385 0.0508228 
0.3825 0.0481496 
0.39 0.0565924 
0.3875 0.053635 
0.395 0.0629688 
0.3925 0.0597015 
0.4 0.0700053 
0.3975 0.0664011 
0.405 0.0777578 
0.4025 0.0737885 
0.41 0.0862837 
0.4075 0.0819204 
0.415 0.0956421 
0.4125 0.0908552 
0.42 0.105892 
0.4175 0.100652 
0.425 0.117093 
0.4225 0.11137 
0.43 0.129301 
0.4275 0.123067 
0.435 0.14257 
0.4325 0.1358 
0.44 0.15695 
0.4375 0.149618 
0.445 0.172482 
0.4425 0.164569 
0.45 0.1892 
0.4475 0.180691 
0.455 0.207127 
0.4525 0.198012 
0.46 0.226273 
0.4575 0.216548 
0.465 0.246633 
0.4625 0.236303 
0.47 0.268185 
0.4675 0.257262 
0.475 0.290888 
0.4725 0.279396 
0.48 0.314681 
0.4775 0.302653 
0.485 0.339485 
0.4825 0.326963 
0.49 0.365199 
0.4875 0.352236 
0.495 0.391702 
0.4925 0.37836 
0.5 0.418858 
0.4975 0.405208 
0.505 0.446512 
0.5025 0.432632 
0.51 0.4745 
0.5075 0.460475 
0.515 0.502648 
0.5125 0.488565 
0.52 0.53078 
0.5175 0.516728 
0.525 0.558719 
0.5225 0.544785 
0.53 0.586292 
0.5275 0.572562 
0.535 0.613337 
0.5325 0.599891 
0.54 0.639703 
0.5375 0.626614 
0.545 0.665256 
0.5425 0.652589 
0.55 0.689879 
0.5475 0.67769 
0.555 0.713475 
0.5525 0.70181 
0.56 0.735967 
0.5575 0.724863 
0.565 0.757299 
0.5625 0.746781 
0.57 0.777434 
0.5675 0.767518 
0.575 0.796353 
0.5725 0.787046 
0.58 0.814054 
0.5775 0.805355 
0.585 0.830549 
0.5825 0.822451 
0.59 0.845864 
0.5875 0.838352 
0.595 0.860034 
0.5925 0.85309 
0.6 0.873102 
0.5975 0.866702 
0.605 0.885118 
0.6025 0.879238 
0.61 0.896137 
0.6075 0.890749 
0.615 0.906217 
0.6125 0.901291 
0.62 0.915416 
0.6175 0.910923 
0.625 0.923793 
0.6225 0.919703 
0.63 0.931408 
0.6275 0.927692 
0.635 0.938317 
0.6325 0.934947 
0.64 0.944576 
0.6375 0.941524 
0.645 0.950238 
0.6425 0.947478 
0.65 0.955353 
0.6475 0.952861 
0.655 0.959968 
0.6525 0.95772 
0.66 0.964127 
0.6575 0.962102 
0.665 0.967872 
0.6625 0.966049 
0.67 0.971242 
0.6675 0.969602 
0.675 0.97427 
0.6725 0.972796 
0.68 0.97699 
0.6775 0.975666 
0.685 0.979431 
0.6825 0.978243 
0.69 0.98162 
0.6875 0.980555 
0.695 0.983583 
0.6925 0.982628 
0.7 0.985341 
0.6975 0.984486 
0.705 0.986916 
0.7025 0.98615 
0.71 0.988325 
0.7075 0.98764 
0.715 0.989586 
0.7125 0.988973 
0.72 0.990714 
0.7175 0.990166 
0.725 0.991722 
0.7225 0.991232 
0.73 0.992623 
0.7275 0.992185 
0.735 0.993428 
0.7325 0.993037 
0.74 0.994147 
0.7375 0.993798 
0.745 0.994789 
0.7425 0.994477 
0.75 0.995361 
0.7475 0.995083 
0.755 0.995873 
0.7525 0.995624 
0.76 0.996328 
0.7575 0.996107 
0.765 0.996735 
0.7625 0.996537 
0.77 0.997097 
0.7675 0.996921 
0.775 0.99742 
0.7725 0.997263 
0.78 0.997708 
0.7775 0.997568 
0.785 0.997964 
0.7825 0.99784 
0.79 0.998192 
0.7875 0.998082 
0.795 0.998396 
0.7925 0.998297 
0.8 0.998576 
0.7975 0.998489 
0.805 0.998737 
0.8025 0.998659 
0.81 0.99888 
0.8075 0.998811 
0.815 0.999008 
0.8125 0.998946 
0.82 0.999121 
0.8175 0.999066 
0.825 0.999221 
0.8225 0.999172 
0.83 0.99931 
0.8275 0.999267 
0.835 0.99939 
0.8325 0.999351 
0.84 0.99946 
0.8375 0.999426 
0.845 0.999523 
0.8425 0.999492 
0.85 0.999578 
0.8475 0.999551 
0.855 0.999627 
0.8525 0.999603 
0.86 0.999671 
0.8575 0.99965 
0.865 0.999709 
0.8625 0.999691 
0.87 0.999743 
0.8675 0.999727 
0.875 0.999774 
0.8725 0.999759 
0.88 0.999801 
0.8775 0.999788 
0.885 0.999824 
0.8825 0.999813 
0.89 0.999845 
0.8875 0.999835 
0.895 0.999864 
0.8925 0.999855 
0.9 0.99988 
0.8975 0.999872 
0.905 0.999894 
0.9025 0.999887 
0.91 0.999907 
0.9075 0.999901 
0.915 0.999918 
0.9125 0.999913 
0.92 0.999928 
0.9175 0.999923 
0.925 0.999937 
0.9225 0.999933 
0.93 0.999945 
0.9275 0.999941 
0.935 0.999951 
0.9325 0.999948 
0.94 0.999957 
0.9375 0.999954 
0.945 0.999962 
0.9425 0.99996 
0.95 0.999967 
0.9475 0.999965 
0.955 0.999971 
0.9525 0.999969 
0.96 0.999974 
0.9575 0.999972 
0.965 0.999977 
0.9625 0.999975 
0.97 0.999979 
0.9675 0.999978 
0.975 0.999981 
0.9725 0.99998 
0.98 0.999983 
0.9775 0.999982 
0.985 0.999985 
0.9825 0.999984 
0.99 0.999986 
0.9875 0.999985 
0.995 0.999986 
0.9925 0.999986 
1 0.999987 
0.9975 0.999987 
1.005 0.999987 
1.0025 0.999987 
1.01 0.999987 
1.0075 0.999987 
1.015 0.999987 
1.0125 0.999987 
1.02 0.999987 
1.0175 0.999987 
1.025 0.999986 
1.0225 0.999987 
1.03 0.999985 
1.0275 0.999986 
1.035 0.999984 
1.0325 0.999985 
1.04 0.999983 
1.0375 0.999984 
1.045 0.999981 
1.0425 0.999982 
1.05 0.999979 
1.0475 0.99998 
1.055 0.999977 
1.0525 0.999978 
1.06 0.999974 
1.0575 0.999975 
1.065 0.999971 
1.0625 0.999972 
1.07 0.999967 
1.0675 0.999969 
1.075 0.999963 
1.0725 0.999965 
1.08 0.999958 
1.0775 0.99996 
1.085 0.999952 
1.0825 0.999955 
1.09 0.999946 
1.0875 0.999949 
1.095 0.999939 
1.0925 0.999943 
1.1 0.999932 
1.0975 0.999936 
1.105 0.999923 
1.1025 0.999928 
1.11 0.999913 
1.1075 0.999918 
1.115 0.999902 
1.1125 0.999908 
1.12 0.99989 
1.1175 0.999897 
1.125 0.999877 
1.1225 0.999884 
1.13 0.999861 
1.1275 0.999869 
1.135 0.999845 
1.1325 0.999853 
1.14 0.999826 
1.1375 0.999835 
1.145 0.999805 
1.1425 0.999816 
1.15 0.999781 
1.1475 0.999793 
1.155 0.999756 
1.1525 0.999769 
1.16 0.999727 
1.1575 0.999742 
1.165 0.999695 
1.1625 0.999711 
1.17 0.99966 
1.1675 0.999678 
1.175 0.999621 
1.1725 0.999641 
1.18 0.999577 
1.1775 0.999599 
1.185 0.999529 
1.1825 0.999554 
1.19 0.999476 
1.1875 0.999503 
1.195 0.999418 
1.1925 0.999448 
1.2 0.999353 
1.1975 0.999386 
1.205 0.999282 
1.2025 0.999319 
1.21 0.999204 
1.2075 0.999244 
1.215 0.999117 
1.2125 0.999162 
1.22 0.999022 
1.2175 0.999071 
1.225 0.998918 
1.2225 0.998971 
1.23 0.998803 
1.2275 0.998862 
1.235 0.998676 
1.2325 0.998741 
1.24 0.998538 
1.2375 0.998609 
1.245 0.998385 
1.2425 0.998463 
1.25 0.998218 
1.2475 0.998304 
1.255 0.998035 
1.2525 0.998129 
1.26 0.997835 
1.2575 0.997937 
1.265 0.997616 
1.2625 0.997728 
1.27 0.997375 
1.2675 0.997498 
1.275 0.997113 
1.2725 0.997247 
1.28 0.996826 
1.2775 0.996973 
1.285 0.996513 
1.2825 0.996673 
1.29 0.996171 
1.2875 0.996346 
1.295 0.995799 
1.2925 0.995989 
1.3 0.995393 
1.2975 0.9956 
1.305 0.99495 
1.3025 0.995176 
1.31 0.994468 
1.3075 0.994714 
1.315 0.993944 
1.3125 0.994212 
1.32 0.993375 
1.3175 0.993665 
1.325 0.992756 
1.3225 0.993072 
1.33 0.992084 
1.3275 0.992427 
1.335 0.991355 
1.3325 0.991727 
1.34 0.990565 
1.3375 0.990968 
1.345 0.989709 
1.3425 0.990146 
1.35 0.988783 
1.3475 0.989255 
1.355 0.987781 
1.3525 0.988292 
1.36 0.986699 
1.3575 0.98725 
1.365 0.98553 
1.3625 0.986125 
1.37 0.98427 
1.3675 0.984912 
1.375 0.982912 
1.3725 0.983603 
1.38 0.98145 
1.3775 0.982194 
1.385 0.979878 
1.3825 0.980678 
1.39 0.978191 
1.3875 0.979049 
1.395 0.97638 
1.3925 0.977301 
1.4 0.97444 
1.3975 0.975427 
1.405 0.972365 
1.4025 0.97342 
1.41 0.970148 
1.4075 0.971275 
1.415 0.967783 
1.4125 0.968985 
1.42 0.965265 
1.4175 0.966544 
1.425 0.962588 
1.4225 0.963947 
1.43 0.959747 
1.4275 0.961188 
1.435 0.956738 
1.4325 0.958264 
1.44 0.953559 
1.4375 0.95517 
1.445 0.950208 
1.4425 0.951905 
1.45 0.946683 
1.4475 0.948467 
1.455 0.942985 
1.4525 0.944855 
1.46 0.939118 
1.4575 0.941073 
1.465 0.935086 
1.4625 0.937122 
1.47 0.930896 
1.4675 0.93301 
1.475 0.926557 
1.4725 0.928744 
1.48 0.922083 
1.4775 0.924336 
1.485 0.917488 
1.4825 0.9198 
1.49 0.912792 
1.4875 0.915152 
1.495 0.908017 
1.4925 0.910413 
1.5 0.903188 
1.4975 0.905607 
1.505 0.898336 
1.5025 0.900763 
1.51 0.893493 
1.5075 0.895911 
1.515 0.888697 
1.5125 0.891087 
1.52 0.883988 
1.5175 0.886329 
1.525 0.879408 
1.5225 0.881679 
1.53 0.875004 
1.5275 0.877181 
1.535 0.870822 
1.5325 0.872882 
1.54 0.866912 
1.5375 0.86883 
1.545 0.86332 
1.5425 0.865073 
1.55 0.860094 
1.5475 0.861658 
1.555 0.857279 
1.5525 0.858632 
1.56 0.854917 
1.5575 0.856039 
1.565 0.853043 
1.5625 0.853917 
1.57 0.85169 
1.5675 0.8523 
1.575 0.850882 
1.5725 0.851217 
1.58 0.850634 
1.5775 0.850687 
1.585 0.850956 
1.5825 0.850724 
1.59 0.851846 
1.5875 0.85133 
1.595 0.853297 
1.5925 0.852503 
1.6 0.855289 
1.5975 0.854227 
1.605 0.857799 
1.6025 0.856481 
1.61 0.860792 
1.6075 0.859237 
1.615 0.864229 
1.6125 0.862458 
1.62 0.868067 
1.6175 0.866101 
1.625 0.872258 
1.6225 0.870122 
1.63 0.876749 
1.6275 0.874469 
1.635 0.88149 
1.6325 0.879092 
1.64 0.886427 
1.6375 0.883937 
1.645 0.891509 
1.6425 0.888953 
1.65 0.896686 
1.6475 0.894089 
1.655 0.901912 
1.6525 0.899296 
1.66 0.907142 
1.6575 0.904529 
1.665 0.912337 
1.6625 0.909747 
1.67 0.917462 
1.6675 0.914911 
1.675 0.922484 
1.6725 0.919987 
1.68 0.927377 
1.6775 0.924948 
1.685 0.932118 
1.6825 0.929768 
1.69 0.93669 
1.6875 0.934426 
1.695 0.941077 
1.6925 0.938907 
1.7 0.945269 
1.6975 0.943198 
1.705 0.949258 
1.7025 0.947289 
1.71 0.95304 
1.7075 0.951175 
1.715 0.956614 
1.7125 0.954853 
1.72 0.959979 
1.7175 0.958322 
1.725 0.963139 
1.7225 0.961585 
1.73 0.966098 
1.7275 0.964643 
1.735 0.968861 
1.7325 0.967504 
1.74 0.971435 
1.7375 0.970172 
1.745 0.973828 
1.7425 0.972654 
1.75 0.976047 
1.7475 0.974959 
1.755 0.978102 
1.7525 0.977095 
1.76 0.98 
1.7575 0.97907 
1.765 0.981751 
1.7625 0.980893 
1.77 0.983363 
1.7675 0.982574 
1.775 0.984846 
1.7725 0.98412 
1.78 0.986207 
1.7775 0.985541 
1.785 0.987456 
1.7825 0.986845 
1.79 0.988599 
1.7875 0.98804 
1.795 0.989645 
1.7925 0.989134 
1.8 0.990601 
1.7975 0.990134 
1.805 0.991474 
1.8025 0.991047 
1.81 0.99227 
1.8075 0.991881 
1.815 0.992995 
1.8125 0.992641 
1.82 0.993655 
1.8175 0.993333 
1.825 0.994256 
1.8225 0.993963 
1.83 0.994803 
1.8275 0.994536 
1.835 0.995299 
1.8325 0.995057 
1.84 0.995749 
1.8375 0.995529 
1.845 0.996158 
1.8425 0.995959 
1.85 0.996529 
1.8475 0.996348 
1.855 0.996865 
1.8525 0.996701 
1.86 0.997169 
1.8575 0.997021 
1.865 0.997445 
1.8625 0.99731 
1.87 0.997694 
1.8675 0.997573 
1.875 0.99792 
1.8725 0.99781 
1.88 0.998124 
1.8775 0.998024 
1.885 0.998308 
1.8825 0.998218 
1.89 0.998475 
1.8875 0.998394 
1.895 0.998625 
1.8925 0.998552 
1.9 0.998761 
1.8975 0.998695 
1.905 0.998884 
1.9025 0.998824 
1.91 0.998995 
1.9075 0.998941 
1.915 0.999095 
1.9125 0.999046 
1.92 0.999185 
1.9175 0.999141 
1.925 0.999266 
1.9225 0.999226 
1.93 0.999339 
1.9275 0.999303 
1.935 0.999405 
1.9325 0.999373 
1.94 0.999464 
1.9375 0.999435 
1.945 0.999518 
1.9425 0.999492 
1.95 0.999566 
1.9475 0.999543 
1.955 0.999609 
1.9525 0.999588 
1.96 0.999648 
1.9575 0.999629 
1.965 0.999683 
1.9625 0.999666 
1.97 0.999715 
1.9675 0.9997 
1.975 0.999743 
1.9725 0.999729 
1.98 0.999769 
1.9775 0.999756 
1.985 0.999792 
1.9825 0.99978 
1.99 0.999812 
1.9875 0.999802 
1.995 0.99983 
1.9925 0.999821 
2 0.999847 
1.9975 0.999839 
2.005 0.999861 
2.0025 0.999854 
2.01 0.999874 
2.0075 0.999868 
2.015 0.999886 
2.0125 0.99988 
2.02 0.999896 
2.0175 0.999891 
2.025 0.999906 
2.0225 0.999901 
2.03 0.999914 
2.0275 0.99991 
2.035 0.999921 
2.0325 0.999917 
2.04 0.999927 
2.0375 0.999924 
2.045 0.999932 
2.0425 0.99993 
2.05 0.999937 
2.0475 0.999934 
2.055 0.99994 
2.0525 0.999939 
2.06 0.999943 
2.0575 0.999942 
2.065 0.999946 
2.0625 0.999945 
2.07 0.999948 
2.0675 0.999947 
2.075 0.999949 
2.0725 0.999948 
2.08 0.999949 
2.0775 0.999949 
2.085 0.999949 
2.0825 0.99995 
2.09 0.999949 
2.0875 0.999949 
2.095 0.999948 
2.0925 0.999948 
2.1 0.999946 
2.0975 0.999947 
2.105 0.999944 
2.1025 0.999945 
2.11 0.999941 
2.1075 0.999942 
2.115 0.999937 
2.1125 0.999939 
2.12 0.999933 
2.1175 0.999935 
2.125 0.999928 
2.1225 0.999931 
2.13 0.999922 
2.1275 0.999925 
2.135 0.999916 
2.1325 0.999919 
2.14 0.999908 
2.1375 0.999912 
2.145 0.9999 
2.1425 0.999904 
2.15 0.99989 
2.1475 0.999895 
2.155 0.99988 
2.1525 0.999885 
2.16 0.999868 
2.1575 0.999874 
2.165 0.999855 
2.1625 0.999862 
2.17 0.99984 
2.1675 0.999848 
2.175 0.999824 
2.1725 0.999832 
2.18 0.999806 
2.1775 0.999815 
2.185 0.999786 
2.1825 0.999797 
2.19 0.999765 
2.1875 0.999776 
2.195 0.99974 
2.1925 0.999753 
2.2 0.999714 
2.1975 0.999728 
2.205 0.999685 
2.2025 0.9997 
2.21 0.999652 
2.2075 0.999669 
2.215 0.999617 
2.2125 0.999635 
2.22 0.999578 
2.2175 0.999598 
2.225 0.999535 
2.2225 0.999557 
2.23 0.999487 
2.2275 0.999511 
2.235 0.999435 
2.2325 0.999462 
2.24 0.999378 
2.2375 0.999407 
2.245 0.999315 
2.2425 0.999347 
2.25 0.999246 
2.2475 0.999282 
2.255 0.999171 
2.2525 0.99921 
2.26 0.999088 
2.2575 0.99913 
2.265 0.998997 
2.2625 0.999043 
2.27 0.998897 
2.2675 0.998948 
2.275 0.998788 
2.2725 0.998844 
2.28 0.998668 
2.2775 0.998729 
2.285 0.998536 
2.2825 0.998603 
2.29 0.998392 
2.2875 0.998466 
2.295 0.998234 
2.2925 0.998315 
2.3 0.998061 
2.2975 0.998149 
2.305 0.997871 
2.3025 0.997968 
2.31 0.997664 
2.3075 0.99777 
2.315 0.997436 
2.3125 0.997553 
2.32 0.997187 
2.3175 0.997315 
2.325 0.996915 
2.3225 0.997054 
2.33 0.996617 
2.3275 0.996769 
2.335 0.99629 
2.3325 0.996457 
2.34 0.995933 
2.3375 0.996116 
2.345 0.995542 
2.3425 0.995742 
2.35 0.995115 
2.3475 0.995334 
2.355 0.994647 
2.3525 0.994886 
2.36 0.994136 
2.3575 0.994397 
2.365 0.993576 
2.3625 0.993862 
2.37 0.992965 
2.3675 0.993277 
2.375 0.992296 
2.3725 0.992638 
2.38 0.991564 
2.3775 0.991938 
2.385 0.990765 
2.3825 0.991174 
2.39 0.989892 
2.3875 0.990338 
2.395 0.988937 
2.3925 0.989425 
2.4 0.987894 
2.3975 0.988427 
2.405 0.986755 
2.4025 0.987337 
2.41 0.98551 
2.4075 0.986146 
2.415 0.984151 
2.4125 0.984846 
2.42 0.982668 
2.4175 0.983426 
2.425 0.981048 
2.4225 0.981876 
2.43 0.979281 
2.4275 0.980184 
2.435 0.977354 
2.4325 0.978339 
2.44 0.975252 
2.4375 0.976326 
2.445 0.97296 
2.4425 0.974131 
2.45 0.970463 
2.4475 0.971739 
2.455 0.967743 
2.4525 0.969132 
2.46 0.964782 
2.4575 0.966294 
2.465 0.961559 
2.4625 0.963204 
2.47 0.958053 
2.4675 0.959843 
2.475 0.954243 
2.4725 0.956188 
2.48 0.950104 
2.4775 0.952216 
2.485 0.94561 
2.4825 0.947903 
2.49 0.940737 
2.4875 0.943223 
2.495 0.935455 
2.4925 0.938148 
2.5 0.929735 
2.4975 0.932651 
2.505 0.923549 
2.5025 0.926702 
2.51 0.916864 
2.5075 0.92027 
2.515 0.909649 
2.5125 0.913324 
2.52 0.901871 
2.5175 0.905832 
2.525 0.893499 
2.5225 0.897762 
2.53 0.8845 
2.5275 0.88908 
2.535 0.874841 
2.5325 0.879755 
2.54 0.864493 
2.5375 0.869755 
2.545 0.853424 
2.5425 0.85905 
2.55 0.841609 
2.5475 0.847612 
2.555 0.829022 
2.5525 0.835413 
2.56 0.815641 
2.5575 0.822432 
2.565 0.801449 
2.5625 0.808647 
2.57 0.786433 
2.5675 0.794045 
2.575 0.770585 
2.5725 0.778613 
2.58 0.753904 
2.5775 0.762349 
2.585 0.736395 
2.5825 0.745252 
2.59 0.71807 
2.5875 0.727333 
2.595 0.698949 
2.5925 0.708607 
2.6 0.679061 
2.5975 0.689098 
2.605 0.658442 
2.6025 0.66884 
2.61 0.637138 
2.6075 0.647873 
2.615 0.615203 
2.6125 0.626246 
2.62 0.592698 
2.6175 0.604018 
2.625 0.569695 
2.6225 0.581254 
2.63 0.546269 
2.6275 0.558029 
2.635 0.522505 
2.6325 0.534423 
2.64 0.498492 
2.6375 0.510524 
2.645 0.474325 
2.6425 0.486422 
2.65 0.450101 
2.6475 0.462214 
2.655 0.425919 
2.6525 0.437998 
2.66 0.401882 
2.6575 0.413876 
2.665 0.378087 
2.6625 0.389948 
2.67 0.354635 
2.6675 0.366312 
2.675 0.331619 
2.6725 0.343067 
2.68 0.30913 
2.6775 0.320303 
2.685 0.287253 
2.6825 0.29811 
2.69 0.266066 
2.6875 0.276569 
2.695 0.245638 
2.6925 0.255753 
2.7 0.226031 
2.6975 0.235728 
2.705 0.207298 
2.7025 0.216552 
2.71 0.189481 
2.7075 0.198273 
2.715 0.172615 
2.7125 0.180928 
2.72 0.156721 
2.7175 0.164545 
2.725 0.141815 
2.7225 0.149144 
2.73 0.1279 
2.7275 0.134734 
2.735 0.11497 
2.7325 0.121312 
2.74 0.103013 
2.7375 0.108872 
2.745 0.0920075 
2.7425 0.0973932 
2.75 0.0819237 
2.7475 0.0868523 
2.755 0.0727271 
2.7525 0.0772169 
2.76 0.0643773 
2.7575 0.0684491 
2.765 0.0568297 
2.7625 0.0605062 
2.77 0.050036 
2.7675 0.0533417 
2.775 0.0439461 
2.7725 0.0469063 
2.78 0.0385084 
2.7775 0.041149 
2.785 0.033671 
2.7825 0.0360179 
2.79 0.0293827 
2.7875 0.0314613 
2.795 0.0255935 
2.7925 0.0274287 
2.8 0.0222555 
2.7975 0.023871 
2.805 0.0193231 
2.8025 0.0207413 
2.81 0.0167537 
2.8075 0.0179956 
2.815 0.0145075 
2.8125 0.0155926 
2.82 0.0125481 
2.8175 0.0134941 
2.825 0.0108421 
2.8225 0.0116654 
2.83 0.00935921 
2.8275 0.0100745 
2.835 0.0080723 
2.8325 0.00869284 
2.84 0.00695698 
2.8375 0.0074946 
2.845 0.00599157 
2.8425 0.00645679 
2.85 0.00515684 
2.8475 0.00555898 
2.855 0.00443581 
2.8525 0.00478309 
2.86 0.00381354 
2.8575 0.00411319 
2.865 0.00327693 
2.8625 0.00353528 
2.87 0.00281451 
2.8675 0.0030371 
2.875 0.00241628 
2.8725 0.00260794 
2.88 0.00207354 
2.8775 0.00223848 
2.885 0.00177871 
2.8825 0.00192057 
2.89 0.00152522 
2.8875 0.00164717 
2.895 0.00130736 
2.8925 0.00141216 
2.9 0.00112022 
2.8975 0.00121023 
2.905 0.000959523 
2.9025 0.00103681 
2.91 0.000821586 
2.9075 0.000887919 
2.915 0.00070323 
2.9125 0.000760141 
2.92 0.000601711 
2.9175 0.000650521 
2.925 0.000514664 
2.9225 0.000556513 
2.93 0.000440051 
2.9275 0.000475919 
2.935 0.000376119 
2.9325 0.00040685 
2.94 0.000321356 
2.9375 0.000347677 
2.945 0.000274463 
2.9425 0.000296999 
2.95 0.000234323 
2.9475 0.000253612 
2.955 0.000199975 
2.9525 0.000216479 
2.96 0.000170594 
2.9575 0.00018471 
2.965 0.00014547 
2.9625 0.00015754 
2.97 0.000123994 
2.9675 0.00013431 
2.975 0.000105643 
2.9725 0.000114457 
2.98 8.99689e-05 
2.9775 9.74969e-05 
2.985 7.6586e-05 
2.9825 8.30129e-05 
2.99 6.51638e-05 
2.9875 7.06485e-05 
2.995 5.54192e-05 
2.9925 6.00978e-05 
3 4.71091e-05 
2.9975 5.10985e-05 
3.005 4.00255e-05 
3.0025 4.34258e-05 
3.01 3.399e-05 
3.0075 3.68868e-05 
3.015 2.88498e-05 
3.0125 3.13166e-05 
3.02 2.44741e-05 
3.0175 2.65738e-05 
3.025 2.07511e-05 
3.0225 2.25373e-05 
3.03 1.75848e-05 
3.0275 1.91037e-05 
3.035 1.48934e-05 
3.0325 1.61843e-05 
3.04 1.26067e-05 
3.0375 1.37034e-05 
3.045 1.06651e-05 
3.0425 1.15962e-05 
3.05 9.01716e-06 
3.0475 9.80728e-06 
3.055 7.61934e-06 
3.0525 8.28946e-06 
3.06 6.43431e-06 
3.0575 7.00233e-06 
3.065 5.43025e-06 
3.0625 5.91145e-06 
3.07 4.58e-06 
3.0675 4.98743e-06 
3.075 3.86044e-06 
3.0725 4.20519e-06 
3.08 3.25183e-06 
3.0775 3.54337e-06 
3.085 2.73738e-06 
3.0825 2.98378e-06 
3.09 2.3028e-06 
3.0875 2.51092e-06 
3.095 1.93592e-06 
3.0925 2.11158e-06 
3.1 1.62638e-06 
3.0975 1.77456e-06 
3.105 1.3654e-06 
3.1025 1.49032e-06 
3.11 1.1455e-06 
3.1075 1.25074e-06 
3.115 9.60346e-07 
3.1125 1.04894e-06 
3.12 8.04546e-07 
3.1175 8.79079e-07 
3.125 6.7354e-07 
3.1225 7.362e-07 
3.13 5.63457e-07 
3.1275 6.161e-07 
3.135 4.71023e-07 
3.1325 5.15218e-07 
3.14 3.93462e-07 
3.1375 4.30539e-07 
3.145 3.28428e-07 
3.1425 3.59511e-07 
3.15 2.73938e-07 
3.1475 2.99976e-07 
3.155 2.28317e-07 
3.1525 2.50113e-07 
3.16 1.90148e-07 
3.1575 2.0838e-07 
3.165 1.58239e-07 
3.1625 1.73478e-07 
3.17 1.31583e-07 
3.1675 1.44311e-07 
3.175 1.09333e-07 
3.1725 1.19955e-07 
3.18 9.0774e-08 
3.1775 9.96318e-08 
3.185 7.53064e-08 
3.1825 8.26874e-08 
3.19 6.24252e-08 
3.1875 6.85707e-08 
3.195 5.17064e-08 
3.1925 5.68192e-08 
3.2 4.2794e-08 
3.1975 4.70443e-08 
3.205 3.53895e-08 
3.2025 3.89199e-08 
3.21 2.92427e-08 
3.2075 3.21729e-08 
3.215 2.41442e-08 
3.2125 2.65741e-08 
3.22 1.99185e-08 
3.2175 2.1932e-08 
3.225 1.64191e-08 
3.2225 1.80861e-08 
3.23 1.35235e-08 
3.2275 1.49026e-08 
3.235 1.11295e-08 
3.2325 1.22695e-08 
3.24 9.15187e-09 
3.2375 1.00934e-08 
3.245 7.51952e-09 
3.2425 8.29648e-09 
3.25 6.17329e-09 
3.2475 6.81392e-09 
3.255 5.06394e-09 
3.2525 5.59173e-09 
3.26 4.15056e-09 
3.2575 4.58502e-09 
3.265 3.39915e-09 
3.2625 3.75649e-09 
3.27 2.7815e-09 
3.2675 3.07517e-09 
3.275 2.27424e-09 
3.2725 2.51537e-09 
3.28 1.85797e-09 
3.2775 2.0558e-09 
3.285 1.51666e-09 
3.2825 1.67883e-09 
3.29 1.23705e-09 
3.2875 1.36988e-09 
3.295 1.00818e-09 
3.2925 1.11688e-09 
3.3 8.20985e-10 
3.2975 9.09869e-10 
3.305 6.68014e-10 
3.3025 7.40633e-10 
3.31 5.43111e-10 
3.3075 6.02393e-10 
3.315 4.41211e-10 
3.3125 4.89565e-10 
3.32 3.58147e-10 
3.3175 3.97554e-10 
3.325 2.90492e-10 
3.3225 3.22582e-10 
3.33 2.35432e-10 
3.3275 2.61542e-10 
3.335 1.90661e-10 
3.3325 2.11888e-10 
3.34 1.54284e-10 
3.3375 1.71527e-10 
3.345 1.24753e-10 
3.3425 1.38748e-10 
3.35 1.00797e-10 
3.3475 1.12147e-10 
3.355 8.13801e-11 
3.3525 9.05781e-11 
3.36 6.56547e-11 
3.3575 7.31025e-11 
3.365 5.29289e-11 
3.3625 5.89548e-11 
3.37 4.26387e-11 
3.3675 4.75103e-11 
3.375 3.43243e-11 
3.3725 3.82597e-11 
3.38 2.76115e-11 
3.3775 3.07882e-11 
3.385 2.2196e-11 
3.3825 2.47582e-11 
3.39 1.78302e-11 
3.3875 1.98954e-11 
3.395 1.43135e-11 
3.3925 1.59767e-11 
3.4 1.14826e-11 
3.3975 1.28212e-11 
3.405 9.20562e-12 
3.4025 1.02821e-11 
3.41 7.37536e-12 
3.4075 8.24048e-12 
3.415 5.90526e-12 
3.4125 6.60001e-12 
3.42 4.72526e-12 
3.4175 5.28281e-12 
3.425 3.77875e-12 
3.4225 4.2259e-12 
3.43 3.02005e-12 
3.4275 3.37841e-12 
3.435 2.4123e-12 
3.4325 2.69931e-12 
3.44 1.92576e-12 
3.4375 2.15549e-12 
3.445 1.53652e-12 
3.4425 1.72028e-12 
3.45 1.22531e-12 
3.4475 1.37221e-12 
3.455 9.76627e-13 
3.4525 1.09399e-12 
3.46 7.78034e-13 
3.4575 8.71744e-13 
3.465 6.19529e-13 
3.4625 6.94312e-13 
3.47 4.93091e-13 
3.4675 5.52736e-13 
3.475 3.92285e-13 
3.4725 4.39832e-13 
3.48 3.11958e-13 
3.4775 3.49841e-13 
3.485 2.4798e-13 
3.4825 2.78149e-13 
3.49 1.97049e-13 
3.4875 2.21063e-13 
3.495 1.56523e-13 
3.4925 1.75628e-13 
3.5 1.2429e-13 
3.4975 1.39484e-13 
3.505 9.8664e-14 
3.5025 1.10742e-13 
3.51 7.82988e-14 
3.5075 8.78964e-14 
3.515 6.21204e-14 
3.5125 6.97442e-14 
3.52 4.92728e-14 
3.5175 5.53265e-14 
3.525 3.90736e-14 
3.5225 4.38789e-14 
3.53 3.09794e-14 
3.5275 3.47926e-14 
3.535 2.45575e-14 
3.5325 2.75827e-14 
3.54 1.94639e-14 
3.5375 2.18632e-14 
3.545 1.54247e-14 
3.5425 1.73272e-14 
3.55 1.22224e-14 
3.5475 1.37307e-14 
3.555 9.6841e-15 
3.5525 1.08796e-14 
3.56 7.67244e-15 
3.5575 8.61983e-15 
3.565 6.0784e-15 
3.5625 6.82908e-15 
3.57 4.81544e-15 
3.5675 5.41019e-15 
3.575 3.81489e-15 
3.5725 4.28605e-15 
3.58 3.02229e-15 
3.5775 3.39553e-15 
3.585 2.39447e-15 
3.5825 2.69011e-15 
3.59 1.89717e-15 
3.5875 2.13134e-15 
3.595 1.50328e-15 
3.5925 1.68876e-15 
3.6 1.19127e-15 
3.5975 1.33819e-15 
3.605 9.44132e-16 
3.6025 1.06051e-15 
3.61 7.48358e-16 
3.6075 8.40549e-16 
3.615 5.93264e-16 
3.6125 6.663e-16 
3.62 4.70387e-16 
3.6175 5.28253e-16 
3.625 3.73022e-16 
3.6225 4.18875e-16 
3.63 2.95865e-16 
3.6275 3.32203e-16 
3.635 2.34712e-16 
3.6325 2.63514e-16 
3.64 1.86237e-16 
3.6375 2.09069e-16 
3.645 1.47804e-16 
3.6425 1.65907e-16 
3.65 1.17328e-16 
3.6475 1.31683e-16 
3.655 9.31566e-17 
3.6525 1.04543e-16 
3.66 7.39818e-17 
3.6575 8.30149e-17 
3.665 5.87676e-17 
3.6625 6.59353e-17 
3.67 4.66932e-17 
3.6675 5.2382e-17 
3.675 3.71084e-17 
3.6725 4.16245e-17 
3.68 2.94982e-17 
3.6775 3.30841e-17 
3.685 2.34542e-17 
3.6825 2.63023e-17 
3.69 1.86531e-17 
3.6875 2.09157e-17 
3.695 1.48383e-17 
3.6925 1.66362e-17 
3.7 1.18065e-17 
3.6975 1.32355e-17 
3.705 9.39628e-18 
3.7025 1.05323e-17 
3.71 7.47981e-18 
3.7075 8.38321e-18 
3.715 5.95555e-18 
3.7125 6.67412e-18 
3.72 4.74295e-18 
3.7175 5.31463e-18 
3.725 3.77805e-18 
3.7225 4.23298e-18 
3.73 3.01007e-18 
3.7275 3.37218e-18 
3.735 2.39868e-18 
3.7325 2.68697e-18 
3.74 1.91184e-18 
3.7375 2.14142e-18 
3.745 1.5241e-18 
3.7425 1.70696e-18 
3.75 1.21522e-18 
3.7475 1.36089e-18 
3.755 9.69099e-19 
3.7525 1.08518e-18 
3.76 7.72955e-19 
3.7575 8.65469e-19 
3.765 6.16607e-19 
3.7625 6.90355e-19 
3.77 4.91958e-19 
3.7675 5.50757e-19 
3.775 3.92563e-19 
3.7725 4.39451e-19 
3.78 3.13292e-19 
3.7775 3.50688e-19 
3.785 2.50059e-19 
3.7825 2.79891e-19 
3.79 1.99613e-19 
3.7875 2.23414e-19 
3.795 1.59362e-19 
3.7925 1.78353e-19 
3.8 1.2724e-19 
3.7975 1.42396e-19 
3.805 1.01603e-19 
3.8025 1.137e-19 
3.81 8.11386e-20 
3.8075 9.07949e-20 
3.815 6.48014e-20 
3.8125 7.25105e-20 
3.82 5.17576e-20 
3.8175 5.79128e-20 
3.825 4.13422e-20 
3.8225 4.62572e-20 
3.83 3.30248e-20 
3.8275 3.69499e-20 
3.835 2.63822e-20 
3.8325 2.9517e-20 
3.84 2.10767e-20 
3.8375 2.35806e-20 
3.845 1.68389e-20 
3.8425 1.88389e-20 
3.85 1.34536e-20 
3.8475 1.50513e-20 
3.855 1.07493e-20 
3.8525 1.20256e-20 
3.86 8.58875e-21 
3.8575 9.60845e-21 
3.865 6.86259e-21 
3.8625 7.67729e-21 
3.87 5.48342e-21 
3.8675 6.13436e-21 
3.875 4.38145e-21 
3.8725 4.90156e-21 
3.88 3.50094e-21 
3.8775 3.91653e-21 
3.885 2.79737e-21 
3.8825 3.12944e-21 
3.89 2.23516e-21 
3.8875 2.50052e-21 
3.895 1.78592e-21 
3.8925 1.99796e-21 
3.9 1.42694e-21 
3.8975 1.59637e-21 
3.905 1.14008e-21 
3.9025 1.27547e-21 
3.91 9.10856e-22 
3.9075 1.01905e-21 
3.915 7.27691e-22 
3.9125 8.14142e-22 
3.92 5.81332e-22 
3.9175 6.5041e-22 
3.925 4.64385e-22 
3.9225 5.19581e-22 
3.93 3.70942e-22 
3.9275 4.15044e-22 
3.935 2.96282e-22 
3.9325 3.31519e-22 
3.94 2.36631e-22 
3.9375 2.64784e-22 
3.945 1.88975e-22 
3.9425 2.11467e-22 
3.95 1.50904e-22 
3.9475 1.68872e-22 
3.955 1.20491e-22 
3.9525 1.34844e-22 
3.96 9.61978e-23 
3.9575 1.07663e-22 
3.965 7.67942e-23 
3.9625 8.59513e-23 
3.97 6.12972e-23 
3.9675 6.86105e-23 
3.975 4.89214e-23 
3.9725 5.47616e-23 
3.98 3.9039e-23 
3.9775 4.37024e-23 
3.985 3.11486e-23 
3.9825 3.48719e-23 
3.99 2.48492e-23 
3.9875 2.78216e-23 
3.995 1.98206e-23 
3.9925 2.21933e-23 
4 1.5807e-23 
3.9975 1.77007e-23 
4.005 1.26039e-23 
4.0025 1.41151e-23 
4.01 1.00479e-23 
4.0075 1.12538e-23 
4.015 8.00877e-24 
4.0125 8.97081e-24 
4.02 6.38212e-24 
4.0175 7.14951e-24 
4.025 5.08475e-24 
4.0225 5.69677e-24 
4.03 4.0502e-24 
4.0275 4.53821e-24 
4.035 3.22537e-24 
4.0325 3.61443e-24 
4.04 2.56788e-24 
4.0375 2.878e-24 
4.045 2.0439e-24 
4.0425 2.29103e-24 
4.05 1.62639e-24 
4.0475 1.82329e-24 
4.055 1.29381e-24 
4.0525 1.45065e-24 
4.06 1.02893e-24 
4.0575 1.15383e-24 
4.065 8.18036e-25 
4.0625 9.17478e-25 
4.07 6.50161e-25 
4.0675 7.29312e-25 
4.075 5.16568e-25 
4.0725 5.79551e-25 
4.08 4.10287e-25 
4.0775 4.6039e-25 
4.085 3.25758e-25 
4.0825 3.65603e-25 
4.09 2.5855e-25 
4.0875 2.90228e-25 
4.095 2.05132e-25 
4.0925 2.30308e-25 
4.1 1.62687e-25 
4.0975 1.82689e-25 
4.105 1.28973e-25 
4.1025 1.4486e-25 
4.11 1.02204e-25 
4.1075 1.14817e-25 
4.115 8.09567e-26 
4.1125 9.09668e-26 
4.12 6.40987e-26 
4.1175 7.20401e-26 
4.125 5.07285e-26 
4.1225 5.70262e-26 
4.13 4.01287e-26 
4.1275 4.51209e-26 
4.135 3.17288e-26 
4.1325 3.56845e-26 
4.14 2.50751e-26 
4.1375 2.82081e-26 
4.145 1.98069e-26 
4.1425 2.22872e-26 
4.15 1.56376e-26 
4.1475 1.76003e-26 
4.155 1.23395e-26 
4.1525 1.38919e-26 
4.16 9.73189e-27 
4.1575 1.09591e-26 
4.165 7.67115e-27 
4.1625 8.64088e-27 
4.17 6.04343e-27 
4.1675 6.80929e-27 
4.175 4.75841e-27 
4.1725 5.36294e-27 
4.18 3.74446e-27 
4.1775 4.2214e-27 
4.185 2.94484e-27 
4.1825 3.32091e-27 
4.19 2.31459e-27 
4.1875 2.61096e-27 
4.195 1.81812e-27 
4.1925 2.05155e-27 
4.2 1.42726e-27 
4.1975 1.611e-27 
4.205 1.11971e-27 
4.2025 1.26427e-27 
4.21 8.77878e-28 
4.2075 9.91528e-28 
4.215 6.87826e-28 
4.2125 7.77125e-28 
4.22 5.38561e-28 
4.2175 6.08684e-28 
4.225 4.21406e-28 
4.2225 4.76435e-28 
4.23 3.29511e-28 
4.2275 3.72668e-28 
4.235 2.57477e-28 
4.2325 2.91301e-28 
4.24 2.0105e-28 
4.2375 2.27541e-28 
4.245 1.56878e-28 
4.2425 1.77611e-28 
4.25 1.22322e-28 
4.2475 1.38539e-28 
4.255 9.53092e-29 
4.2525 1.07984e-28 
4.26 7.42067e-29 
4.2575 8.41063e-29 
4.265 5.77336e-29 
4.2625 6.546e-29 
4.27 4.48834e-29 
4.2675 5.09094e-29 
4.275 3.48669e-29 
4.2725 3.95631e-29 
4.28 2.70648e-29 
4.2775 3.07221e-29 
4.285 2.09923e-29 
4.2825 2.38382e-29 
4.29 1.62695e-29 
4.2875 1.84824e-29 
4.295 1.25992e-29 
4.2925 1.43186e-29 
4.3 9.74907e-30 
4.2975 1.1084e-29 
4.305 7.5376e-30 
4.3025 8.57317e-30 
4.31 5.82304e-30 
4.3075 6.62575e-30 
4.315 4.49478e-30 
4.3125 5.1165e-30 
4.32 3.46664e-30 
4.3175 3.94778e-30 
4.325 2.67144e-30 
4.3225 3.04348e-30 
4.33 2.05691e-30 
4.3275 2.34437e-30 
4.335 1.58241e-30 
4.3325 1.80432e-30 
4.34 1.21633e-30 
4.3375 1.38749e-30 
4.345 9.34136e-31 
4.3425 1.06605e-30 
4.35 7.16792e-31 
4.3475 8.18366e-31 
4.355 5.49538e-31 
4.3525 6.27685e-31 
4.36 4.20941e-31 
4.3575 4.81012e-31 
4.365 3.22153e-31 
4.3625 3.68289e-31 
4.37 2.4633e-31 
4.3675 2.81732e-31 
4.375 1.88185e-31 
4.3725 2.15327e-31 
4.38 1.43636e-31 
4.3775 1.64426e-31 
4.385 1.09534e-31 
4.3825 1.25445e-31 
4.39 8.3453e-32 
4.3875 9.56189e-32 
4.395 6.35242e-32 
4.3925 7.2818e-32 
4.4 4.83101e-32 
4.3975 5.54035e-32 
4.405 3.67061e-32 
4.4025 4.2115e-32 
4.41 2.78636e-32 
4.4075 3.19843e-32 
4.415 2.11316e-32 
4.4125 2.4268e-32 
4.42 1.60112e-32 
4.4175 1.83962e-32 
4.425 1.21201e-32 
4.4225 1.39321e-32 
4.43 9.1661e-33 
4.4275 1.05413e-32 
4.435 6.92551e-33 
4.4325 7.96834e-33 
4.44 5.22766e-33 
4.4375 6.01769e-33 
4.445 3.94231e-33 
4.4425 4.54025e-33 
4.45 2.97017e-33 
4.4475 3.42229e-33 
4.455 2.23561e-33 
4.4525 2.57714e-33 
4.46 1.6811e-33 
4.4575 1.93885e-33 
4.465 1.26291e-33 
4.4625 1.45725e-33 
4.47 9.47839e-34 
4.4675 1.09422e-33 
4.475 7.10681e-34 
4.4725 8.20835e-34 
4.48 5.32346e-34 
4.4775 6.15157e-34 
4.485 3.98374e-34 
4.4825 4.60568e-34 
4.49 2.97827e-34 
4.4875 3.44492e-34 
4.495 2.22439e-34 
4.4925 2.57418e-34 
4.5 1.65972e-34 
4.4975 1.92165e-34 
4.505 1.23717e-34 
4.5025 1.43312e-34 
4.51 9.21292e-35 
4.5075 1.06774e-34 
4.515 6.85388e-35 
4.5125 7.94729e-35 
4.52 5.09385e-35 
4.5175 5.9094e-35 
4.525 3.78203e-35 
4.5225 4.38973e-35 
4.53 2.80526e-35 
4.5275 3.25763e-35 
4.535 2.07869e-35 
4.5325 2.41509e-35 
4.54 1.53877e-35 
4.5375 1.78868e-35 
4.545 1.13795e-35 
4.5425 1.32343e-35 
4.55 8.40693e-36 
4.5475 9.7821e-36 
4.555 6.20465e-36 
4.5525 7.22321e-36 
4.56 4.5747e-36 
4.5575 5.32835e-36 
4.565 3.36954e-36 
4.5625 3.92662e-36 
4.57 2.47938e-36 
4.5675 2.89074e-36 
4.575 1.82254e-36 
4.5725 2.126e-36 
4.58 1.33836e-36 
4.5775 1.56199e-36 
4.585 9.81816e-37 
4.5825 1.14645e-36 
4.59 7.1953e-37 
4.5875 8.40606e-37 
4.595 5.26778e-37 
4.5925 6.15731e-37 
4.6 3.85271e-37 
4.5975 4.50557e-37 
4.605 2.81491e-37 
4.6025 3.29358e-37 
4.61 2.05457e-37 
4.6075 2.40517e-37 
4.615 1.49809e-37 
4.6125 1.75462e-37 
4.62 1.09122e-37 
4.6175 1.27873e-37 
4.625 7.94042e-38 
4.6225 9.30959e-38 
4.63 5.77209e-38 
4.6275 6.77082e-38 
4.635 4.1916e-38 
4.6325 4.91937e-38 
4.64 3.04076e-38 
4.6375 3.57054e-38 
4.645 2.20365e-38 
4.6425 2.5889e-38 
4.65 1.59536e-38 
4.6475 1.87523e-38 
4.655 1.1538e-38 
4.6525 1.3569e-38 
4.66 8.336e-39 
4.6575 9.80838e-39 
4.665 6.01646e-39 
4.6625 7.08276e-39 
4.67 4.33789e-39 
4.6675 5.10932e-39 
4.675 3.12444e-39 
4.6725 3.68195e-39 
4.68 2.24812e-39 
4.6775 2.65063e-39 
4.685 1.61593e-39 
4.6825 1.90622e-39 
4.69 1.16032e-39 
4.6875 1.36947e-39 
4.695 8.32319e-40 
4.6925 9.8285e-40 
4.7 5.96424e-40 
4.6975 7.04653e-40 
4.705 4.26947e-40 
4.7025 5.04682e-40 
4.71 3.05314e-40 
4.7075 3.61088e-40 
4.715 2.18109e-40 
4.7125 2.58085e-40 
4.72 1.55652e-40 
4.7175 1.84275e-40 
4.725 1.10965e-40 
4.7225 1.31439e-40 
4.73 7.90268e-41 
4.7275 9.36556e-41 
4.735 5.62231e-41 
4.7325 6.66649e-41 
4.74 3.99585e-41 
4.7375 4.7404e-41 
4.745 2.83698e-41 
4.7425 3.36733e-41 
4.75 2.01213e-41 
4.7475 2.38951e-41 
4.755 1.42564e-41 
4.7525 1.69389e-41 
4.76 1.00906e-41 
4.7575 1.19954e-41 
4.765 7.13471e-42 
4.7625 8.48592e-42 
4.77 5.03952e-42 
4.7675 5.99702e-42 
4.775 3.55595e-42 
4.7725 4.23375e-42 
4.78 2.50655e-42 
4.7775 2.98585e-42 
4.785 1.76502e-42 
4.7825 2.10361e-42 
4.79 1.24158e-42 
4.7875 1.48052e-42 
4.795 8.72477e-43 
4.7925 1.04092e-42 
4.8 6.12473e-43 
4.7975 7.31093e-43 
4.805 4.2951e-43 
4.8025 5.12959e-43 
4.81 3.00894e-43 
4.8075 3.59539e-43 
4.815 2.10575e-43 
4.8125 2.51746e-43 
4.82 1.47216e-43 
4.8175 1.76089e-43 
4.825 1.02815e-43 
4.8225 1.23043e-43 
4.83 7.17315e-44 
4.8275 8.58884e-44 
4.835 4.99941e-44 
4.8325 5.98917e-44 
4.84 3.48082e-44 
4.8375 4.17208e-44 
4.845 2.42103e-44 
4.8425 2.9033e-44 
4.85 1.68217e-44 
4.8475 2.01831e-44 
4.855 1.16761e-44 
4.8525 1.40164e-44 
4.86 8.09614e-45 
4.8575 9.72387e-45 
4.865 5.60807e-45 
4.8625 6.73903e-45 
4.87 3.88065e-45 
4.8675 4.66563e-45 
4.875 2.68256e-45 
4.8725 3.22685e-45 
4.88 1.85247e-45 
4.8775 2.22947e-45 
4.885 1.27793e-45 
4.8825 1.53879e-45 
4.89 8.80681e-46 
4.8875 1.061e-45 
4.895 6.06298e-46 
4.8925 7.30808e-46 
4.9 4.16975e-46 
4.8975 5.02862e-46 
4.905 2.86477e-46 
4.9025 3.45661e-46 
4.91 1.96619e-46 
4.9075 2.37361e-46 
4.915 1.34809e-46 
4.9125 1.62826e-46 
4.92 9.23356e-47 
4.9175 1.11582e-46 
4.925 6.31796e-47 
4.9225 7.63877e-47 
4.93 4.31861e-47 
4.9275 5.22409e-47 
4.935 2.94899e-47 
4.9325 3.5691e-47 
4.94 2.01173e-47 
4.9375 2.43596e-47 
4.945 1.37103e-47 
4.9425 1.66094e-47 
4.95 9.3353e-48 
4.9475 1.13143e-47 
4.955 6.35147e-48 
4.9525 7.70074e-48 
4.96 4.31927e-48 
4.9575 5.23782e-48 
4.965 2.93776e-48 
4.9625 3.56182e-48 
4.97 2.00125e-48 
4.9675 2.42387e-48 
4.975 1.36958e-48 
4.9725 1.6541e-48 
4.98 9.47732e-49 
4.9775 1.137e-48 
4.985 6.7196e-49 
4.9825 7.9462e-49 
4.99 5.00408e-49 
4.9875 5.75096e-49 
4.995 4.06946e-49 
4.9925 4.45047e-49 
5 3.77303e-49 
4.9975 3.84639e-49 
