0 6.48571e-06 
0.005 6.5493e-06 
0.0025 6.50159e-06 
0.01 6.74115e-06 
0.0075 6.62904e-06 
0.015 7.06453e-06 
0.0125 6.88611e-06 
0.02 7.52493e-06 
0.0175 7.27717e-06 
0.025 8.13014e-06 
0.0225 7.80885e-06 
0.03 8.89039e-06 
0.0275 8.49014e-06 
0.035 9.81849e-06 
0.0325 9.33255e-06 
0.04 1.093e-05 
0.0375 1.03502e-05 
0.045 1.22434e-05 
0.0425 1.15602e-05 
0.05 1.37806e-05 
0.0475 1.29826e-05 
0.055 1.55669e-05 
0.0525 1.46409e-05 
0.06 1.76317e-05 
0.0575 1.65625e-05 
0.065 2.00086e-05 
0.0625 1.87789e-05 
0.07 2.27361e-05 
0.0675 2.13259e-05 
0.075 2.58582e-05 
0.0725 2.42449e-05 
0.08 2.94247e-05 
0.0775 2.75825e-05 
0.085 3.34923e-05 
0.0825 3.1392e-05 
0.09 3.81251e-05 
0.0875 3.57337e-05 
0.095 4.33956e-05 
0.0925 4.06757e-05 
0.1 4.93858e-05 
0.0975 4.62952e-05 
0.105 5.61881e-05 
0.1025 5.26792e-05 
0.11 6.39068e-05 
0.1075 5.99259e-05 
0.115 7.26595e-05 
0.1125 6.8146e-05 
0.12 8.25785e-05 
0.1175 7.74643e-05 
0.125 9.38129e-05 
0.1225 8.80213e-05 
0.13 0.00010653 
0.1275 9.99749e-05 
0.135 0.000120919 
0.1325 0.000113503 
0.14 0.000137191 
0.1375 0.000128805 
0.145 0.000155585 
0.1425 0.000146107 
0.15 0.000176368 
0.1475 0.00016566 
0.155 0.000199841 
0.1525 0.000187748 
0.16 0.000226341 
0.1575 0.00021269 
0.165 0.000256247 
0.1625 0.000240843 
0.17 0.000289985 
0.1675 0.000272609 
0.175 0.00032803 
0.1725 0.000308437 
0.18 0.000370919 
0.1775 0.000348833 
0.185 0.000419251 
0.1825 0.000394364 
0.19 0.000473698 
0.1875 0.000445665 
0.195 0.000535015 
0.1925 0.000503447 
0.2 0.000604046 
0.1975 0.000568509 
0.205 0.000681738 
0.2025 0.000641746 
0.21 0.000769152 
0.2075 0.000724159 
0.215 0.000867476 
0.2125 0.000816871 
0.22 0.000978038 
0.2175 0.000921138 
0.225 0.00110233 
0.2225 0.00103837 
0.23 0.00124202 
0.2275 0.00117014 
0.235 0.00139896 
0.2325 0.00131821 
0.24 0.00157525 
0.2375 0.00148455 
0.245 0.00177322 
0.2425 0.00167137 
0.25 0.00199548 
0.2475 0.00188114 
0.255 0.00224495 
0.2525 0.00211662 
0.26 0.00252488 
0.2575 0.00238089 
0.265 0.00283892 
0.2625 0.00267739 
0.27 0.00319114 
0.2675 0.00300998 
0.275 0.00358607 
0.2725 0.00338296 
0.28 0.00402879 
0.2775 0.00380112 
0.285 0.00452496 
0.2825 0.00426982 
0.29 0.00508087 
0.2875 0.00479503 
0.295 0.00570356 
0.2925 0.0053834 
0.3 0.00640085 
0.2975 0.00604236 
0.305 0.00718146 
0.3025 0.00678016 
0.31 0.00805507 
0.3075 0.00760599 
0.315 0.00903247 
0.3125 0.00853008 
0.32 0.0101256 
0.3175 0.00956377 
0.325 0.0113478 
0.3225 0.0107197 
0.33 0.0127136 
0.3275 0.0120118 
0.335 0.0142395 
0.3325 0.0134555 
0.34 0.0159434 
0.3375 0.015068 
0.345 0.0178452 
0.3425 0.0168683 
0.35 0.0199668 
0.3475 0.0188771 
0.355 0.0223322 
0.3525 0.0211174 
0.36 0.0249679 
0.3575 0.0236145 
0.365 0.0279027 
0.3625 0.026396 
0.37 0.0311684 
0.3675 0.0294922 
0.375 0.0347993 
0.3725 0.0329359 
0.38 0.0388326 
0.3775 0.0367632 
0.385 0.0433086 
0.3825 0.0410126 
0.39 0.0482707 
0.3875 0.0457261 
0.395 0.0537653 
0.3925 0.0509484 
0.4 0.0598417 
0.3975 0.0567276 
0.405 0.0665519 
0.4025 0.0631142 
0.41 0.0739507 
0.4075 0.0701617 
0.415 0.0820948 
0.4125 0.077926 
0.42 0.0910425 
0.4175 0.0864645 
0.425 0.100853 
0.4225 0.0958363 
0.43 0.111586 
0.4275 0.106101 
0.435 0.123298 
0.4325 0.117316 
0.44 0.136047 
0.4375 0.12954 
0.445 0.149882 
0.4425 0.142825 
0.45 0.16485 
0.4475 0.157222 
0.455 0.18099 
0.4525 0.172772 
0.46 0.198328 
0.4575 0.189508 
0.465 0.216882 
0.4625 0.207453 
0.47 0.236655 
0.4675 0.226617 
0.475 0.257632 
0.4725 0.246994 
0.48 0.279782 
0.4775 0.268563 
0.485 0.303054 
0.4825 0.291281 
0.49 0.327379 
0.4875 0.31509 
0.495 0.352664 
0.4925 0.339908 
0.5 0.378799 
0.4975 0.365633 
0.505 0.405655 
0.5025 0.392146 
0.51 0.433086 
0.5075 0.419309 
0.515 0.460932 
0.5125 0.446968 
0.52 0.489024 
0.5175 0.474958 
0.525 0.517185 
0.5225 0.503107 
0.53 0.545238 
0.5275 0.531236 
0.535 0.573008 
0.5325 0.559169 
0.54 0.600328 
0.5375 0.586735 
0.545 0.62704 
0.5425 0.61377 
0.55 0.653003 
0.5475 0.640124 
0.555 0.678089 
0.5525 0.665663 
0.56 0.702194 
0.5575 0.69027 
0.565 0.725229 
0.5625 0.71385 
0.57 0.74713 
0.5675 0.736325 
0.575 0.767849 
0.5725 0.757639 
0.58 0.78736 
0.5775 0.777756 
0.585 0.805651 
0.5825 0.796658 
0.59 0.822729 
0.5875 0.814341 
0.595 0.838614 
0.5925 0.830819 
0.6 0.853334 
0.5975 0.846117 
0.605 0.866931 
0.6025 0.86027 
0.61 0.879452 
0.6075 0.873323 
0.615 0.890948 
0.6125 0.885325 
0.62 0.901477 
0.6175 0.89633 
0.625 0.911096 
0.6225 0.906397 
0.63 0.919865 
0.6275 0.915583 
0.635 0.927843 
0.6325 0.923949 
0.64 0.935087 
0.6375 0.931553 
0.645 0.941655 
0.6425 0.938453 
0.65 0.947601 
0.6475 0.944702 
0.655 0.952975 
0.6525 0.950356 
0.66 0.957826 
0.6575 0.955463 
0.665 0.962201 
0.6625 0.960071 
0.67 0.966142 
0.6675 0.964223 
0.675 0.969689 
0.6725 0.967962 
0.68 0.972877 
0.6775 0.971325 
0.685 0.975742 
0.6825 0.974348 
0.69 0.978314 
0.6875 0.977063 
0.695 0.980622 
0.6925 0.979499 
0.7 0.982691 
0.6975 0.981685 
0.705 0.984545 
0.7025 0.983643 
0.71 0.986205 
0.7075 0.985398 
0.715 0.987691 
0.7125 0.986969 
0.72 0.989021 
0.7175 0.988375 
0.725 0.990211 
0.7225 0.989633 
0.73 0.991275 
0.7275 0.990758 
0.735 0.992225 
0.7325 0.991763 
0.74 0.993074 
0.7375 0.992662 
0.745 0.993832 
0.7425 0.993464 
0.75 0.994509 
0.7475 0.99418 
0.755 0.995114 
0.7525 0.99482 
0.76 0.995653 
0.7575 0.995391 
0.765 0.996133 
0.7625 0.9959 
0.77 0.996562 
0.7675 0.996354 
0.775 0.996944 
0.7725 0.996759 
0.78 0.997285 
0.7775 0.99712 
0.785 0.997588 
0.7825 0.997441 
0.79 0.997858 
0.7875 0.997727 
0.795 0.998099 
0.7925 0.997982 
0.8 0.998313 
0.7975 0.998209 
0.805 0.998504 
0.8025 0.998411 
0.81 0.998673 
0.8075 0.998591 
0.815 0.998824 
0.8125 0.998751 
0.82 0.998958 
0.8175 0.998893 
0.825 0.999077 
0.8225 0.999019 
0.83 0.999183 
0.8275 0.999131 
0.835 0.999277 
0.8325 0.999231 
0.84 0.99936 
0.8375 0.99932 
0.845 0.999434 
0.8425 0.999398 
0.85 0.9995 
0.8475 0.999468 
0.855 0.999558 
0.8525 0.99953 
0.86 0.99961 
0.8575 0.999585 
0.865 0.999655 
0.8625 0.999633 
0.87 0.999696 
0.8675 0.999676 
0.875 0.999732 
0.8725 0.999714 
0.88 0.999763 
0.8775 0.999748 
0.885 0.999791 
0.8825 0.999778 
0.89 0.999816 
0.8875 0.999804 
0.895 0.999838 
0.8925 0.999828 
0.9 0.999858 
0.8975 0.999848 
0.905 0.999875 
0.9025 0.999866 
0.91 0.99989 
0.9075 0.999882 
0.915 0.999903 
0.9125 0.999897 
0.92 0.999915 
0.9175 0.999909 
0.925 0.999925 
0.9225 0.99992 
0.93 0.999934 
0.9275 0.99993 
0.935 0.999942 
0.9325 0.999938 
0.94 0.999949 
0.9375 0.999945 
0.945 0.999955 
0.9425 0.999952 
0.95 0.99996 
0.9475 0.999958 
0.955 0.999965 
0.9525 0.999962 
0.96 0.999969 
0.9575 0.999967 
0.965 0.999972 
0.9625 0.99997 
0.97 0.999975 
0.9675 0.999973 
0.975 0.999977 
0.9725 0.999976 
0.98 0.999979 
0.9775 0.999978 
0.985 0.999981 
0.9825 0.99998 
0.99 0.999982 
0.9875 0.999982 
0.995 0.999983 
0.9925 0.999983 
1 0.999984 
0.9975 0.999983 
1.005 0.999984 
1.0025 0.999984 
1.01 0.999984 
1.0075 0.999984 
1.015 0.999984 
1.0125 0.999984 
1.02 0.999983 
1.0175 0.999983 
1.025 0.999982 
1.0225 0.999983 
1.03 0.999981 
1.0275 0.999982 
1.035 0.99998 
1.0325 0.99998 
1.04 0.999978 
1.0375 0.999979 
1.045 0.999976 
1.0425 0.999977 
1.05 0.999973 
1.0475 0.999974 
1.055 0.99997 
1.0525 0.999972 
1.06 0.999967 
1.0575 0.999968 
1.065 0.999963 
1.0625 0.999965 
1.07 0.999958 
1.0675 0.999961 
1.075 0.999953 
1.0725 0.999956 
1.08 0.999947 
1.0775 0.99995 
1.085 0.999941 
1.0825 0.999944 
1.09 0.999934 
1.0875 0.999937 
1.095 0.999926 
1.0925 0.99993 
1.1 0.999916 
1.0975 0.999921 
1.105 0.999906 
1.1025 0.999911 
1.11 0.999895 
1.1075 0.999901 
1.115 0.999882 
1.1125 0.999889 
1.12 0.999868 
1.1175 0.999875 
1.125 0.999852 
1.1225 0.99986 
1.13 0.999834 
1.1275 0.999843 
1.135 0.999815 
1.1325 0.999825 
1.14 0.999793 
1.1375 0.999804 
1.145 0.999769 
1.1425 0.999781 
1.15 0.999742 
1.1475 0.999756 
1.155 0.999713 
1.1525 0.999728 
1.16 0.99968 
1.1575 0.999697 
1.165 0.999643 
1.1625 0.999662 
1.17 0.999603 
1.1675 0.999624 
1.175 0.999559 
1.1725 0.999581 
1.18 0.999509 
1.1775 0.999535 
1.185 0.999455 
1.1825 0.999483 
1.19 0.999395 
1.1875 0.999426 
1.195 0.999329 
1.1925 0.999363 
1.2 0.999257 
1.1975 0.999294 
1.205 0.999176 
1.2025 0.999217 
1.21 0.999088 
1.2075 0.999133 
1.215 0.998991 
1.2125 0.999041 
1.22 0.998884 
1.2175 0.998939 
1.225 0.998767 
1.2225 0.998827 
1.23 0.998638 
1.2275 0.998704 
1.235 0.998497 
1.2325 0.998569 
1.24 0.998342 
1.2375 0.998421 
1.245 0.998171 
1.2425 0.998258 
1.25 0.997985 
1.2475 0.99808 
1.255 0.99778 
1.2525 0.997885 
1.26 0.997556 
1.2575 0.997671 
1.265 0.997311 
1.2625 0.997437 
1.27 0.997043 
1.2675 0.99718 
1.275 0.99675 
1.2725 0.9969 
1.28 0.99643 
1.2775 0.996593 
1.285 0.996079 
1.2825 0.996258 
1.29 0.995697 
1.2875 0.995893 
1.295 0.99528 
1.2925 0.995493 
1.3 0.994825 
1.2975 0.995057 
1.305 0.994328 
1.3025 0.994582 
1.31 0.993787 
1.3075 0.994064 
1.315 0.993198 
1.3125 0.993499 
1.32 0.992556 
1.3175 0.992884 
1.325 0.991858 
1.3225 0.992214 
1.33 0.991098 
1.3275 0.991486 
1.335 0.990272 
1.3325 0.990694 
1.34 0.989375 
1.3375 0.989833 
1.345 0.9884 
1.3425 0.988898 
1.35 0.987342 
1.3475 0.987882 
1.355 0.986194 
1.3525 0.98678 
1.36 0.98495 
1.3575 0.985585 
1.365 0.983602 
1.3625 0.984289 
1.37 0.982142 
1.3675 0.982886 
1.375 0.980562 
1.3725 0.981367 
1.38 0.978854 
1.3775 0.979724 
1.385 0.977007 
1.3825 0.977948 
1.39 0.975014 
1.3875 0.97603 
1.395 0.972863 
1.3925 0.973959 
1.4 0.970544 
1.3975 0.971725 
1.405 0.968047 
1.4025 0.969319 
1.41 0.96536 
1.4075 0.966728 
1.415 0.962471 
1.4125 0.963941 
1.42 0.959369 
1.4175 0.960947 
1.425 0.956041 
1.4225 0.957734 
1.43 0.952476 
1.4275 0.954289 
1.435 0.948661 
1.4325 0.9506 
1.44 0.944584 
1.4375 0.946656 
1.445 0.940234 
1.4425 0.942444 
1.45 0.935598 
1.4475 0.937952 
1.455 0.930667 
1.4525 0.93317 
1.46 0.92543 
1.4575 0.928087 
1.465 0.91988 
1.4625 0.922695 
1.47 0.914007 
1.4675 0.916984 
1.475 0.907808 
1.4725 0.910949 
1.48 0.901278 
1.4775 0.904584 
1.485 0.894416 
1.4825 0.897888 
1.49 0.887223 
1.4875 0.89086 
1.495 0.879704 
1.4925 0.883504 
1.5 0.871867 
1.4975 0.875825 
1.505 0.863724 
1.5025 0.867833 
1.51 0.855292 
1.5075 0.859543 
1.515 0.846591 
1.5125 0.850973 
1.52 0.837646 
1.5175 0.842147 
1.525 0.82849 
1.5225 0.833092 
1.53 0.819158 
1.5275 0.823843 
1.535 0.809693 
1.5325 0.814439 
1.54 0.800143 
1.5375 0.804925 
1.545 0.790561 
1.5425 0.795352 
1.55 0.781007 
1.5475 0.785776 
1.555 0.771545 
1.5525 0.77626 
1.56 0.762244 
1.5575 0.76687 
1.565 0.753179 
1.5625 0.757678 
1.57 0.744427 
1.5675 0.748759 
1.575 0.736067 
1.5725 0.740192 
1.58 0.72818 
1.5775 0.732059 
1.585 0.72085 
1.5825 0.724441 
1.59 0.714157 
1.5875 0.717419 
1.595 0.708178 
1.5925 0.711073 
1.6 0.702989 
1.5975 0.70548 
1.605 0.698657 
1.6025 0.700712 
1.61 0.695244 
1.6075 0.696833 
1.615 0.692802 
1.6125 0.693899 
1.62 0.691371 
1.6175 0.691958 
1.625 0.690981 
1.6225 0.691044 
1.63 0.691649 
1.6275 0.691182 
1.635 0.693378 
1.6325 0.692381 
1.64 0.696158 
1.6375 0.694638 
1.645 0.699964 
1.6425 0.697935 
1.65 0.704758 
1.6475 0.70224 
1.655 0.710491 
1.6525 0.707511 
1.66 0.717099 
1.6575 0.71369 
1.665 0.724513 
1.6625 0.72071 
1.67 0.73265 
1.6675 0.728496 
1.675 0.741426 
1.6725 0.736964 
1.68 0.750747 
1.6775 0.746024 
1.685 0.760521 
1.6825 0.755584 
1.69 0.77065 
1.6875 0.765547 
1.695 0.781042 
1.6925 0.775819 
1.7 0.791603 
1.6975 0.786306 
1.705 0.802245 
1.7025 0.796919 
1.71 0.812887 
1.7075 0.807571 
1.715 0.82345 
1.7125 0.818183 
1.72 0.833867 
1.7175 0.828681 
1.725 0.844074 
1.7225 0.839 
1.73 0.854018 
1.7275 0.849082 
1.735 0.863654 
1.7325 0.858877 
1.74 0.872943 
1.7375 0.868344 
1.745 0.881857 
1.7425 0.877449 
1.75 0.890371 
1.7475 0.886165 
1.755 0.89847 
1.7525 0.894473 
1.76 0.906145 
1.7575 0.902361 
1.765 0.913392 
1.7625 0.909822 
1.77 0.920211 
1.7675 0.916855 
1.775 0.926607 
1.7725 0.923461 
1.78 0.932589 
1.7775 0.929649 
1.785 0.938169 
1.7825 0.935429 
1.79 0.94336 
1.7875 0.940812 
1.795 0.948178 
1.7925 0.945814 
1.8 0.952639 
1.7975 0.950452 
1.805 0.956762 
1.8025 0.954742 
1.81 0.960566 
1.8075 0.958703 
1.815 0.964068 
1.8125 0.962353 
1.82 0.967287 
1.8175 0.965711 
1.825 0.970242 
1.8225 0.968796 
1.83 0.97295 
1.8275 0.971626 
1.835 0.975429 
1.8325 0.974217 
1.84 0.977696 
1.8375 0.976588 
1.845 0.979765 
1.8425 0.978754 
1.85 0.981654 
1.8475 0.980731 
1.855 0.983375 
1.8525 0.982534 
1.86 0.984941 
1.8575 0.984176 
1.865 0.986367 
1.8625 0.985671 
1.87 0.987663 
1.8675 0.987031 
1.875 0.98884 
1.8725 0.988266 
1.88 0.989909 
1.8775 0.989388 
1.885 0.990879 
1.8825 0.990406 
1.89 0.991758 
1.8875 0.991329 
1.895 0.992554 
1.8925 0.992166 
1.9 0.993276 
1.8975 0.992924 
1.905 0.993929 
1.9025 0.993611 
1.91 0.994521 
1.9075 0.994232 
1.915 0.995055 
1.9125 0.994795 
1.92 0.995539 
1.9175 0.995303 
1.925 0.995976 
1.9225 0.995763 
1.93 0.996371 
1.9275 0.996179 
1.935 0.996728 
1.9325 0.996554 
1.94 0.99705 
1.9375 0.996893 
1.945 0.997341 
1.9425 0.997199 
1.95 0.997603 
1.9475 0.997475 
1.955 0.99784 
1.9525 0.997725 
1.96 0.998054 
1.9575 0.99795 
1.965 0.998247 
1.9625 0.998153 
1.97 0.99842 
1.9675 0.998336 
1.975 0.998577 
1.9725 0.998501 
1.98 0.998718 
1.9775 0.998649 
1.985 0.998845 
1.9825 0.998784 
1.99 0.99896 
1.9875 0.998904 
1.995 0.999063 
1.9925 0.999013 
2 0.999156 
1.9975 0.999111 
2.005 0.99924 
2.0025 0.999199 
2.01 0.999315 
2.0075 0.999279 
2.015 0.999383 
2.0125 0.99935 
2.02 0.999444 
2.0175 0.999414 
2.025 0.999499 
2.0225 0.999472 
2.03 0.999548 
2.0275 0.999524 
2.035 0.999592 
2.0325 0.999571 
2.04 0.999632 
2.0375 0.999613 
2.045 0.999668 
2.0425 0.99965 
2.05 0.999699 
2.0475 0.999684 
2.055 0.999728 
2.0525 0.999714 
2.06 0.999753 
2.0575 0.999741 
2.065 0.999776 
2.0625 0.999765 
2.07 0.999796 
2.0675 0.999786 
2.075 0.999814 
2.0725 0.999805 
2.08 0.99983 
2.0775 0.999822 
2.085 0.999844 
2.0825 0.999837 
2.09 0.999856 
2.0875 0.99985 
2.095 0.999866 
2.0925 0.999861 
2.1 0.999875 
2.0975 0.999871 
2.105 0.999883 
2.1025 0.999879 
2.11 0.999889 
2.1075 0.999886 
2.115 0.999894 
2.1125 0.999892 
2.12 0.999898 
2.1175 0.999897 
2.125 0.999901 
2.1225 0.9999 
2.13 0.999903 
2.1275 0.999902 
2.135 0.999904 
2.1325 0.999903 
2.14 0.999903 
2.1375 0.999903 
2.145 0.999902 
2.1425 0.999903 
2.15 0.999899 
2.1475 0.999901 
2.155 0.999896 
2.1525 0.999898 
2.16 0.999891 
2.1575 0.999894 
2.165 0.999886 
2.1625 0.999889 
2.17 0.999879 
2.1675 0.999883 
2.175 0.999871 
2.1725 0.999875 
2.18 0.999862 
2.1775 0.999867 
2.185 0.999852 
2.1825 0.999857 
2.19 0.99984 
2.1875 0.999846 
2.195 0.999827 
2.1925 0.999834 
2.2 0.999813 
2.1975 0.99982 
2.205 0.999796 
2.2025 0.999805 
2.21 0.999778 
2.2075 0.999788 
2.215 0.999759 
2.2125 0.999769 
2.22 0.999737 
2.2175 0.999748 
2.225 0.999713 
2.2225 0.999725 
2.23 0.999686 
2.2275 0.9997 
2.235 0.999658 
2.2325 0.999672 
2.24 0.999626 
2.2375 0.999642 
2.245 0.999592 
2.2425 0.999609 
2.25 0.999554 
2.2475 0.999573 
2.255 0.999513 
2.2525 0.999534 
2.26 0.999469 
2.2575 0.999492 
2.265 0.999421 
2.2625 0.999445 
2.27 0.999368 
2.2675 0.999395 
2.275 0.999311 
2.2725 0.99934 
2.28 0.999249 
2.2775 0.999281 
2.285 0.999182 
2.2825 0.999216 
2.29 0.999109 
2.2875 0.999146 
2.295 0.99903 
2.2925 0.99907 
2.3 0.998944 
2.2975 0.998988 
2.305 0.998852 
2.3025 0.998899 
2.31 0.998751 
2.3075 0.998803 
2.315 0.998643 
2.3125 0.998698 
2.32 0.998525 
2.3175 0.998585 
2.325 0.998398 
2.3225 0.998463 
2.33 0.998261 
2.3275 0.998331 
2.335 0.998112 
2.3325 0.998188 
2.34 0.997951 
2.3375 0.998033 
2.345 0.997778 
2.3425 0.997866 
2.35 0.99759 
2.3475 0.997685 
2.355 0.997387 
2.3525 0.99749 
2.36 0.997168 
2.3575 0.99728 
2.365 0.996931 
2.3625 0.997052 
2.37 0.996676 
2.3675 0.996806 
2.375 0.9964 
2.3725 0.99654 
2.38 0.996102 
2.3775 0.996254 
2.385 0.99578 
2.3825 0.995944 
2.39 0.995432 
2.3875 0.995609 
2.395 0.995057 
2.3925 0.995248 
2.4 0.994652 
2.3975 0.994859 
2.405 0.994215 
2.4025 0.994438 
2.41 0.993742 
2.4075 0.993983 
2.415 0.993233 
2.4125 0.993492 
2.42 0.992682 
2.4175 0.992963 
2.425 0.992088 
2.4225 0.992391 
2.43 0.991446 
2.4275 0.991773 
2.435 0.990753 
2.4325 0.991106 
2.44 0.990005 
2.4375 0.990386 
2.445 0.989197 
2.4425 0.989609 
2.45 0.988324 
2.4475 0.988769 
2.455 0.987383 
2.4525 0.987863 
2.46 0.986365 
2.4575 0.986884 
2.465 0.985267 
2.4625 0.985827 
2.47 0.984082 
2.4675 0.984686 
2.475 0.982801 
2.4725 0.983454 
2.48 0.981419 
2.4775 0.982123 
2.485 0.979927 
2.4825 0.980687 
2.49 0.978316 
2.4875 0.979137 
2.495 0.976577 
2.4925 0.977463 
2.5 0.974701 
2.4975 0.975657 
2.505 0.972676 
2.5025 0.973708 
2.51 0.970491 
2.5075 0.971604 
2.515 0.968135 
2.5125 0.969335 
2.52 0.965594 
2.5175 0.966888 
2.525 0.962854 
2.5225 0.964249 
2.53 0.959901 
2.5275 0.961405 
2.535 0.95672 
2.5325 0.95834 
2.54 0.953293 
2.5375 0.955038 
2.545 0.949605 
2.5425 0.951483 
2.55 0.945636 
2.5475 0.947657 
2.555 0.941368 
2.5525 0.943541 
2.56 0.936781 
2.5575 0.939116 
2.565 0.931853 
2.5625 0.934361 
2.57 0.926565 
2.5675 0.929256 
2.575 0.920893 
2.5725 0.923778 
2.58 0.914814 
2.5775 0.917905 
2.585 0.908306 
2.5825 0.911615 
2.59 0.901344 
2.5875 0.904883 
2.595 0.893906 
2.5925 0.897686 
2.6 0.885967 
2.5975 0.89 
2.605 0.877503 
2.6025 0.881802 
2.61 0.868492 
2.6075 0.873067 
2.615 0.858911 
2.6125 0.863774 
2.62 0.848738 
2.6175 0.8539 
2.625 0.837954 
2.6225 0.843424 
2.63 0.826541 
2.6275 0.832327 
2.635 0.814482 
2.6325 0.820593 
2.64 0.801763 
2.6375 0.808206 
2.645 0.788374 
2.6425 0.795153 
2.65 0.774306 
2.6475 0.781425 
2.655 0.759556 
2.6525 0.767016 
2.66 0.744123 
2.6575 0.751925 
2.665 0.728012 
2.6625 0.736152 
2.67 0.711231 
2.6675 0.719705 
2.675 0.693794 
2.6725 0.702594 
2.68 0.67572 
2.6775 0.684835 
2.685 0.657033 
2.6825 0.666451 
2.69 0.637763 
2.6875 0.647469 
2.695 0.617944 
2.6925 0.627919 
2.7 0.597619 
2.6975 0.607842 
2.705 0.576832 
2.7025 0.58728 
2.71 0.555637 
2.7075 0.566282 
2.715 0.53409 
2.7125 0.544904 
2.72 0.512253 
2.7175 0.523204 
2.725 0.490193 
2.7225 0.501247 
2.73 0.467979 
2.7275 0.4791 
2.735 0.445685 
2.7325 0.456837 
2.74 0.423388 
2.7375 0.434532 
2.745 0.401165 
2.7425 0.412262 
2.75 0.379095 
2.7475 0.390106 
2.755 0.357258 
2.7525 0.368143 
2.76 0.33573 
2.7575 0.346451 
2.765 0.314588 
2.7625 0.325106 
2.77 0.293904 
2.7675 0.304184 
2.775 0.273746 
2.7725 0.283755 
2.78 0.254178 
2.7775 0.263884 
2.785 0.235257 
2.7825 0.244633 
2.79 0.217036 
2.7875 0.226056 
2.795 0.199559 
2.7925 0.208202 
2.8 0.182865 
2.7975 0.191112 
2.805 0.166983 
2.8025 0.17482 
2.81 0.151937 
2.8075 0.159354 
2.815 0.137744 
2.8125 0.144733 
2.82 0.124413 
2.8175 0.130971 
2.825 0.111948 
2.8225 0.118072 
2.83 0.100344 
2.8275 0.106038 
2.835 0.0895917 
2.8325 0.0948619 
2.84 0.079677 
2.8375 0.0845309 
2.845 0.0705792 
2.8425 0.0750275 
2.85 0.0622728 
2.8475 0.0663288 
2.855 0.0547282 
2.8525 0.0584073 
2.86 0.0479112 
2.8575 0.051231 
2.865 0.0417844 
2.8625 0.044764 
2.87 0.0363072 
2.8675 0.0389672 
2.875 0.0314364 
2.8725 0.0337987 
2.88 0.0271274 
2.8775 0.0292145 
2.885 0.0233348 
2.8825 0.0251694 
2.89 0.0200127 
2.8875 0.0216177 
2.895 0.0171162 
2.8925 0.018514 
2.9 0.0146019 
2.8975 0.0158139 
2.905 0.012428 
2.9025 0.0134749 
2.91 0.0105556 
2.9075 0.0114565 
2.915 0.00894822 
2.9125 0.00972091 
2.92 0.00757269 
2.9175 0.00823344 
2.925 0.00639882 
2.9225 0.00696231 
2.93 0.00539952 
2.9275 0.00587892 
2.935 0.00455072 
2.9325 0.0049577 
2.94 0.00383117 
2.9375 0.00417601 
2.945 0.00322224 
2.9425 0.00351394 
2.95 0.00270771 
2.9475 0.0029541 
2.955 0.00227355 
2.9525 0.00248138 
2.96 0.00190763 
2.9575 0.00208275 
2.965 0.00159956 
2.9625 0.00174695 
2.97 0.00134043 
2.9675 0.00146438 
2.975 0.00112266 
2.9725 0.00122681 
2.98 0.000939781 
2.9775 0.00102722 
2.985 0.000786307 
2.9825 0.000859676 
2.99 0.000657591 
2.9875 0.000719115 
2.995 0.0005497 
2.9925 0.000601263 
3 0.000459314 
2.9975 0.000502505 
3.005 0.000383628 
3.0025 0.00041979 
3.01 0.000320283 
3.0075 0.000350545 
3.015 0.000267289 
3.0125 0.000292603 
3.02 0.000222974 
3.0175 0.00024414 
3.025 0.000185931 
3.0225 0.000203622 
3.03 0.00015498 
3.0275 0.00016976 
3.035 0.000129129 
3.0325 0.000141472 
3.04 0.000107546 
3.0375 0.00011785 
3.045 8.95334e-05 
3.0425 9.81322e-05 
3.05 7.45066e-05 
3.0475 8.16794e-05 
3.055 6.19755e-05 
3.0525 6.79564e-05 
3.06 5.15298e-05 
3.0575 5.65149e-05 
3.065 4.28258e-05 
3.0625 4.69792e-05 
3.07 3.55761e-05 
3.0675 3.90352e-05 
3.075 2.95402e-05 
3.0725 3.24198e-05 
3.08 2.45169e-05 
3.0775 2.69132e-05 
3.085 2.03382e-05 
3.0825 2.23314e-05 
3.09 1.68636e-05 
3.0875 1.85207e-05 
3.095 1.39757e-05 
3.0925 1.53528e-05 
3.1 1.15765e-05 
3.0975 1.27205e-05 
3.105 9.58429e-06 
3.1025 1.05341e-05 
3.11 7.93076e-06 
3.1075 8.71898e-06 
3.115 6.55901e-06 
3.1125 7.21283e-06 
3.12 5.42159e-06 
3.1175 5.96365e-06 
3.125 4.47893e-06 
3.1225 4.92811e-06 
3.13 3.6981e-06 
3.1275 4.07012e-06 
3.135 3.05164e-06 
3.1325 3.35959e-06 
3.14 2.51672e-06 
3.1375 2.77151e-06 
3.145 2.07434e-06 
3.1425 2.28502e-06 
3.15 1.70869e-06 
3.1475 1.8828e-06 
3.155 1.40663e-06 
3.1525 1.55044e-06 
3.16 1.15725e-06 
3.1575 1.27596e-06 
3.165 9.51476e-07 
3.1625 1.04941e-06 
3.17 7.81793e-07 
3.1675 8.62541e-07 
3.175 6.41953e-07 
3.1725 7.08489e-07 
3.18 5.26779e-07 
3.1775 5.8157e-07 
3.185 4.3198e-07 
3.1825 4.7707e-07 
3.19 3.54001e-07 
3.1875 3.91085e-07 
3.195 2.89899e-07 
3.1925 3.20378e-07 
3.2 2.3724e-07 
3.1975 2.62274e-07 
3.205 1.9401e-07 
3.2025 2.14558e-07 
3.21 1.58544e-07 
3.2075 1.75399e-07 
3.215 1.29469e-07 
3.2125 1.43284e-07 
3.22 1.05649e-07 
3.2175 1.16965e-07 
3.225 8.61478e-08 
3.2225 9.541e-08 
3.23 7.01943e-08 
3.2275 7.77702e-08 
3.235 5.71523e-08 
3.2325 6.33444e-08 
3.24 4.64983e-08 
3.2375 5.15557e-08 
3.245 3.78015e-08 
3.2425 4.1929e-08 
3.25 3.07077e-08 
3.2475 3.40738e-08 
3.255 2.49258e-08 
3.2525 2.76688e-08 
3.26 2.02167e-08 
3.2575 2.24503e-08 
3.265 1.63843e-08 
3.2625 1.82017e-08 
3.27 1.32679e-08 
3.2675 1.47455e-08 
3.275 1.07357e-08 
3.2725 1.1936e-08 
3.28 8.67975e-09 
3.2775 9.6541e-09 
3.285 7.01186e-09 
3.2825 7.80214e-09 
3.29 5.65986e-09 
3.2875 6.30033e-09 
3.295 4.56481e-09 
3.2925 5.08345e-09 
3.3 3.6786e-09 
3.2975 4.09823e-09 
3.305 2.96198e-09 
3.3025 3.30124e-09 
3.31 2.38299e-09 
3.3075 2.65703e-09 
3.315 1.91558e-09 
3.3125 2.13676e-09 
3.32 1.53856e-09 
3.3175 1.71693e-09 
3.325 1.2347e-09 
3.3225 1.37843e-09 
3.33 9.90025e-10 
3.3275 1.10573e-09 
3.335 7.93163e-10 
3.3325 8.86237e-10 
3.34 6.34908e-10 
3.3375 7.09712e-10 
3.345 5.07798e-10 
3.3425 5.67867e-10 
3.35 4.0579e-10 
3.3475 4.53986e-10 
3.355 3.23999e-10 
3.3525 3.62634e-10 
3.36 2.58473e-10 
3.3575 2.89417e-10 
3.365 2.06023e-10 
3.3625 2.30787e-10 
3.37 1.64077e-10 
3.3675 1.83877e-10 
3.375 1.30559e-10 
3.3725 1.46377e-10 
3.38 1.03801e-10 
3.3775 1.16426e-10 
3.385 8.24561e-11 
3.3825 9.25246e-11 
3.39 6.54451e-11 
3.3875 7.34676e-11 
3.395 5.18996e-11 
3.3925 5.82862e-11 
3.4 4.1123e-11 
3.3975 4.62029e-11 
3.405 3.25566e-11 
3.4025 3.65938e-11 
3.41 2.57532e-11 
3.4075 2.89588e-11 
3.415 2.03545e-11 
3.4125 2.28976e-11 
3.42 1.60742e-11 
3.4175 1.809e-11 
3.425 1.26835e-11 
3.4225 1.428e-11 
3.43 9.9999e-12 
3.4275 1.12632e-11 
3.435 7.87768e-12 
3.4325 8.87647e-12 
3.44 6.20084e-12 
3.4375 6.98984e-12 
3.445 4.87704e-12 
3.4425 5.49978e-12 
3.45 3.83282e-12 
3.4475 4.32393e-12 
3.455 3.00982e-12 
3.4525 3.39681e-12 
3.46 2.36172e-12 
3.4575 2.6664e-12 
3.465 1.85176e-12 
3.4625 2.09145e-12 
3.47 1.45083e-12 
3.4675 1.63923e-12 
3.475 1.13586e-12 
3.4725 1.28384e-12 
3.48 8.88629e-13 
3.4775 1.00476e-12 
3.485 6.94715e-13 
3.4825 7.8578e-13 
3.49 5.42737e-13 
3.4875 6.14094e-13 
3.495 4.23719e-13 
3.4925 4.79589e-13 
3.5 3.30581e-13 
3.4975 3.74293e-13 
3.505 2.57749e-13 
3.5025 2.91925e-13 
3.51 2.00837e-13 
3.5075 2.27538e-13 
3.515 1.56397e-13 
3.5125 1.77243e-13 
3.52 1.2172e-13 
3.5175 1.37983e-13 
3.525 9.46781e-14 
3.5225 1.07358e-13 
3.53 7.36047e-14 
3.5275 8.34844e-14 
3.535 5.71927e-14 
3.5325 6.48857e-14 
3.54 4.44188e-14 
3.5375 5.04055e-14 
3.545 3.44822e-14 
3.5425 3.91385e-14 
3.55 2.67572e-14 
3.5475 3.03766e-14 
3.555 2.07547e-14 
3.5525 2.35667e-14 
3.56 1.60931e-14 
3.5575 1.82766e-14 
3.565 1.24744e-14 
3.5625 1.41692e-14 
3.57 9.66669e-15 
3.5675 1.09815e-14 
3.575 7.48908e-15 
3.5725 8.50873e-15 
3.58 5.80082e-15 
3.5775 6.59126e-15 
3.585 4.4924e-15 
3.5825 5.10494e-15 
3.59 3.47867e-15 
3.5875 3.95321e-15 
3.595 2.69348e-15 
3.5925 3.06102e-15 
3.6 2.08545e-15 
3.5975 2.37005e-15 
3.605 1.6147e-15 
3.6025 1.83503e-15 
3.61 1.25028e-15 
3.6075 1.42084e-15 
3.615 9.68213e-16 
3.6125 1.10022e-15 
3.62 7.49898e-16 
3.6175 8.52071e-16 
3.625 5.80928e-16 
3.6225 6.60007e-16 
3.63 4.50145e-16 
3.6275 5.11354e-16 
3.635 3.48911e-16 
3.6325 3.96292e-16 
3.64 2.7054e-16 
3.6375 3.07221e-16 
3.645 2.09856e-16 
3.6425 2.3826e-16 
3.65 1.62857e-16 
3.6475 1.84857e-16 
3.655 1.26446e-16 
3.6525 1.43492e-16 
3.66 9.8229e-17 
3.6575 1.1144e-16 
3.665 7.63533e-17 
3.6625 8.65964e-17 
3.67 5.93864e-17 
3.6675 6.7332e-17 
3.675 4.62204e-17 
3.6725 5.23869e-17 
3.68 3.59985e-17 
3.6775 4.07868e-17 
3.685 2.80578e-17 
3.6825 3.17781e-17 
3.69 2.18854e-17 
3.6875 2.47777e-17 
3.695 1.70843e-17 
3.6925 1.93344e-17 
3.7 1.33472e-17 
3.6975 1.5099e-17 
3.705 1.04363e-17 
3.7025 1.18011e-17 
3.71 8.16713e-18 
3.7075 9.23126e-18 
3.715 6.39683e-18 
3.7125 7.22719e-18 
3.72 5.01459e-18 
3.7175 5.66307e-18 
3.725 3.93444e-18 
3.7225 4.44131e-18 
3.73 3.08964e-18 
3.7275 3.48616e-18 
3.735 2.42833e-18 
3.7325 2.7388e-18 
3.74 1.9102e-18 
3.7375 2.15351e-18 
3.745 1.5039e-18 
3.7425 1.69474e-18 
3.75 1.185e-18 
3.7475 1.33482e-18 
3.755 9.34483e-19 
3.7525 1.0522e-18 
3.76 7.37515e-19 
3.7575 8.30095e-19 
3.765 5.82513e-19 
3.7625 6.55384e-19 
3.77 4.60432e-19 
3.7675 5.17839e-19 
3.775 3.642e-19 
3.7725 4.09462e-19 
3.78 2.88281e-19 
3.7775 3.23996e-19 
3.785 2.2834e-19 
3.7825 2.56545e-19 
3.79 1.80978e-19 
3.7875 2.03269e-19 
3.795 1.43527e-19 
3.7925 1.61156e-19 
3.8 1.13892e-19 
3.7975 1.27845e-19 
3.805 9.04255e-20 
3.8025 1.01476e-19 
3.81 7.18311e-20 
3.8075 8.05886e-20 
3.815 5.7088e-20 
3.8125 6.40328e-20 
3.82 4.53916e-20 
3.8175 5.09021e-20 
3.825 3.61071e-20 
3.8225 4.04819e-20 
3.83 2.8733e-20 
3.8275 3.22081e-20 
3.835 2.28734e-20 
3.8325 2.56352e-20 
3.84 1.8215e-20 
3.8375 2.04109e-20 
3.845 1.451e-20 
3.8425 1.62567e-20 
3.85 1.15619e-20 
3.8475 1.29518e-20 
3.855 9.21524e-21 
3.8525 1.03217e-20 
3.86 7.34666e-21 
3.8575 8.22783e-21 
3.865 5.85827e-21 
3.8625 6.56021e-21 
3.87 4.67234e-21 
3.8675 5.23168e-21 
3.875 3.72715e-21 
3.8725 4.17297e-21 
3.88 2.97363e-21 
3.8775 3.32907e-21 
3.885 2.37279e-21 
3.8825 2.65623e-21 
3.89 1.89358e-21 
3.8875 2.11965e-21 
3.895 1.5113e-21 
3.8925 1.69165e-21 
3.9 1.20631e-21 
3.8975 1.35021e-21 
3.905 9.62933e-22 
3.9025 1.07776e-21 
3.91 7.68703e-22 
3.9075 8.60348e-22 
3.915 6.13677e-22 
3.9125 6.86826e-22 
3.92 4.89928e-22 
3.9175 5.4832e-22 
3.925 3.9114e-22 
3.9225 4.37755e-22 
3.93 3.12271e-22 
3.9275 3.49487e-22 
3.935 2.49303e-22 
3.9325 2.79017e-22 
3.94 1.99028e-22 
3.9375 2.22752e-22 
3.945 1.58885e-22 
3.9425 1.77828e-22 
3.95 1.26834e-22 
3.9475 1.41958e-22 
3.955 1.01242e-22 
3.9525 1.13318e-22 
3.96 8.08081e-23 
3.9575 9.04505e-23 
3.965 6.44935e-23 
3.9625 7.21921e-23 
3.97 5.1468e-23 
3.9675 5.76144e-23 
3.975 4.10691e-23 
3.9725 4.5976e-23 
3.98 3.27675e-23 
3.9775 3.66847e-23 
3.985 2.61408e-23 
3.9825 2.92676e-23 
3.99 2.08514e-23 
3.9875 2.33472e-23 
3.995 1.66299e-23 
3.9925 1.86218e-23 
4 1.3261e-23 
3.9975 1.48505e-23 
4.005 1.05729e-23 
4.0025 1.18412e-23 
4.01 8.42813e-24 
4.0075 9.43999e-24 
4.015 6.7172e-24 
4.0125 7.52437e-24 
4.02 5.35253e-24 
4.0175 5.99632e-24 
4.025 4.26422e-24 
4.0225 4.77761e-24 
4.03 3.39643e-24 
4.0275 3.80577e-24 
4.035 2.70462e-24 
4.0325 3.03094e-24 
4.04 2.1532e-24 
4.0375 2.41328e-24 
4.045 1.71376e-24 
4.0425 1.92102e-24 
4.05 1.36365e-24 
4.0475 1.52877e-24 
4.055 1.08476e-24 
4.0525 1.21628e-24 
4.06 8.62656e-25 
4.0575 9.67388e-25 
4.065 6.85823e-25 
4.0625 7.69203e-25 
4.07 5.45067e-25 
4.0675 6.11431e-25 
4.075 4.33058e-25 
4.0725 4.85865e-25 
4.08 3.43951e-25 
4.0775 3.85957e-25 
4.085 2.73083e-25 
4.0825 3.06489e-25 
4.09 2.16739e-25 
4.0875 2.43296e-25 
4.095 1.71955e-25 
4.0925 1.93062e-25 
4.1 1.36373e-25 
4.0975 1.53141e-25 
4.105 1.0811e-25 
4.1025 1.21428e-25 
4.11 8.56697e-26 
4.1075 9.6243e-26 
4.115 6.78586e-26 
4.1125 7.62498e-26 
4.12 5.37271e-26 
4.1175 6.03841e-26 
4.125 4.25195e-26 
4.1225 4.77986e-26 
4.13 3.36344e-26 
4.1275 3.78191e-26 
4.135 2.65935e-26 
4.1325 2.99092e-26 
4.14 2.10163e-26 
4.1375 2.36424e-26 
4.145 1.66005e-26 
4.1425 1.86795e-26 
4.15 1.31059e-26 
4.1475 1.4751e-26 
4.155 1.03416e-26 
4.1525 1.16428e-26 
4.16 8.15605e-27 
4.1575 9.18466e-27 
4.165 6.42888e-27 
4.1625 7.24163e-27 
4.17 5.06465e-27 
4.1675 5.70653e-27 
4.175 3.98767e-27 
4.1725 4.49433e-27 
4.18 3.13789e-27 
4.1775 3.53761e-27 
4.185 2.46776e-27 
4.1825 2.78293e-27 
4.19 1.93957e-27 
4.1875 2.18794e-27 
4.195 1.52351e-27 
4.1925 1.71913e-27 
4.2 1.19596e-27 
4.1975 1.34994e-27 
4.205 9.38234e-28 
4.2025 1.05937e-27 
4.21 7.35577e-28 
4.2075 8.30814e-28 
4.215 5.76319e-28 
4.2125 6.51149e-28 
4.22 4.51242e-28 
4.2175 5.10002e-28 
4.225 3.53073e-28 
4.2225 3.99184e-28 
4.23 2.76073e-28 
4.2275 3.12234e-28 
4.235 2.15716e-28 
4.2325 2.44056e-28 
4.24 1.68437e-28 
4.2375 1.90633e-28 
4.245 1.31427e-28 
4.2425 1.48798e-28 
4.25 1.02475e-28 
4.2475 1.16062e-28 
4.255 7.98426e-29 
4.2525 9.04617e-29 
4.26 6.2163e-29 
4.2575 7.04568e-29 
4.265 4.83622e-29 
4.2625 5.48351e-29 
4.27 3.75969e-29 
4.2675 4.26451e-29 
4.275 2.92056e-29 
4.2725 3.31398e-29 
4.28 2.26698e-29 
4.2775 2.57335e-29 
4.285 1.75829e-29 
4.2825 1.99669e-29 
4.29 1.36267e-29 
4.2875 1.54804e-29 
4.295 1.05523e-29 
4.2925 1.19925e-29 
4.3 8.16498e-30 
4.2975 9.28311e-30 
4.305 6.31266e-30 
4.3025 7.18004e-30 
4.31 4.87658e-30 
4.3075 5.54891e-30 
4.315 3.7641e-30 
4.3125 4.28482e-30 
4.32 2.903e-30 
4.3175 3.30597e-30 
4.325 2.23703e-30 
4.3225 2.54861e-30 
4.33 1.72238e-30 
4.3275 1.96311e-30 
4.335 1.32501e-30 
4.3325 1.51084e-30 
4.34 1.01844e-30 
4.3375 1.16178e-30 
4.345 7.82133e-31 
4.3425 8.92594e-31 
4.35 6.00135e-31 
4.3475 6.8519e-31 
4.355 4.60086e-31 
4.3525 5.25521e-31 
4.36 3.5241e-31 
4.3575 4.02708e-31 
4.365 2.69696e-31 
4.3625 3.08325e-31 
4.37 2.06212e-31 
4.3675 2.35853e-31 
4.375 1.57531e-31 
4.3725 1.80255e-31 
4.38 1.20235e-31 
4.3775 1.37641e-31 
4.385 9.16856e-32 
4.3825 1.05006e-31 
4.39 6.98519e-32 
4.3875 8.00365e-32 
4.395 5.31692e-32 
4.3925 6.09491e-32 
4.4 4.04337e-32 
4.3975 4.63714e-32 
4.405 3.07204e-32 
4.4025 3.5248e-32 
4.41 2.3319e-32 
4.4075 2.67681e-32 
4.415 1.76844e-32 
4.4125 2.03095e-32 
4.42 1.33987e-32 
4.4175 1.53949e-32 
4.425 1.01422e-32 
4.4225 1.16586e-32 
4.43 7.66995e-33 
4.4275 8.82088e-33 
4.435 5.79486e-33 
4.4325 6.66757e-33 
4.44 4.37403e-33 
4.4375 5.03515e-33 
4.445 3.29844e-33 
4.4425 3.79879e-33 
4.45 2.48497e-33 
4.4475 2.86329e-33 
4.455 1.87033e-33 
4.4525 2.15611e-33 
4.46 1.40637e-33 
4.4575 1.62203e-33 
4.465 1.05648e-33 
4.4625 1.21908e-33 
4.47 7.92876e-34 
4.4675 9.15345e-34 
4.475 5.94468e-34 
4.4725 6.86622e-34 
4.48 4.45276e-34 
4.4775 5.14553e-34 
4.485 3.33203e-34 
4.4825 3.8523e-34 
4.49 2.49094e-34 
4.4875 2.88129e-34 
4.495 1.86034e-34 
4.4925 2.15293e-34 
4.5 1.38802e-34 
4.4975 1.60711e-34 
4.505 1.0346e-34 
4.5025 1.1985e-34 
4.51 7.70413e-35 
4.5075 8.92896e-35 
4.515 5.73118e-35 
4.5125 6.64563e-35 
4.52 4.25927e-35 
4.5175 4.94131e-35 
4.525 3.16225e-35 
4.5225 3.67044e-35 
4.53 2.34544e-35 
4.5275 2.72372e-35 
4.535 1.73789e-35 
4.5325 2.01918e-35 
4.54 1.28643e-35 
4.5375 1.4954e-35 
4.545 9.51297e-36 
4.5425 1.10638e-35 
4.55 7.02768e-36 
4.5475 8.17742e-36 
4.555 5.18648e-36 
4.5525 6.03803e-36 
4.56 3.82382e-36 
4.5575 4.45388e-36 
4.565 2.81635e-36 
4.5625 3.28205e-36 
4.57 2.07223e-36 
4.5675 2.4161e-36 
4.575 1.52319e-36 
4.5725 1.77684e-36 
4.58 1.11848e-36 
4.5775 1.3054e-36 
4.585 8.20477e-37 
4.5825 9.58077e-37 
4.59 6.01263e-37 
4.5875 7.02455e-37 
4.595 4.40173e-37 
4.5925 5.14514e-37 
4.6 3.21915e-37 
4.5975 3.76474e-37 
4.605 2.3519e-37 
4.6025 2.75191e-37 
4.61 1.71655e-37 
4.6075 2.00951e-37 
4.615 1.25156e-37 
4.6125 1.46591e-37 
4.62 9.116e-38 
4.6175 1.06827e-37 
4.625 6.63308e-38 
4.6225 7.77702e-38 
4.63 4.82152e-38 
4.6275 5.65591e-38 
4.635 3.50114e-38 
4.6325 4.10913e-38 
4.64 2.53975e-38 
4.6375 2.98231e-38 
4.645 1.84048e-38 
4.6425 2.16229e-38 
4.65 1.33237e-38 
4.6475 1.56614e-38 
4.655 9.63552e-39 
4.6525 1.13319e-38 
4.66 6.96115e-39 
4.6575 8.19089e-39 
4.665 5.02391e-39 
4.6625 5.91445e-39 
4.67 3.62208e-39 
4.6675 4.26632e-39 
4.675 2.60873e-39 
4.6725 3.07431e-39 
4.68 1.87696e-39 
4.6775 2.21307e-39 
4.685 1.34908e-39 
4.6825 1.59147e-39 
4.69 9.68659e-40 
4.6875 1.14329e-39 
4.695 6.948e-40 
4.6925 8.20481e-40 
4.7 4.97855e-40 
4.6975 5.88212e-40 
4.705 3.56368e-40 
4.7025 4.21263e-40 
4.71 2.54829e-40 
4.7075 3.01389e-40 
4.715 1.82034e-40 
4.7125 2.15404e-40 
4.72 1.29901e-40 
4.7175 1.53793e-40 
4.725 9.26024e-41 
4.7225 1.09691e-40 
4.73 6.59457e-41 
4.7275 7.81551e-41 
4.735 4.69142e-41 
4.7325 5.56286e-41 
4.74 3.33407e-41 
4.7375 3.95542e-41 
4.745 2.367e-41 
4.7425 2.80957e-41 
4.75 1.67871e-41 
4.7475 1.99361e-41 
4.755 1.18934e-41 
4.7525 1.41317e-41 
4.76 8.41763e-42 
4.7575 1.00069e-41 
4.765 5.9515e-42 
4.7625 7.07882e-42 
4.77 4.20355e-42 
4.7675 5.00235e-42 
4.775 2.96592e-42 
4.7725 3.53134e-42 
4.78 2.09052e-42 
4.7775 2.49034e-42 
4.785 1.47199e-42 
4.7825 1.75441e-42 
4.79 1.0354e-42 
4.7875 1.23469e-42 
4.795 7.27549e-43 
4.7925 8.68034e-43 
4.8 5.10706e-43 
4.7975 6.09634e-43 
4.805 3.58124e-43 
4.8025 4.27715e-43 
4.81 2.5087e-43 
4.8075 2.99774e-43 
4.815 1.75557e-43 
4.8125 2.09887e-43 
4.82 1.22727e-43 
4.8175 1.46802e-43 
4.825 8.57073e-44 
4.8225 1.02573e-43 
4.83 5.97928e-44 
4.8275 7.15954e-44 
4.835 4.16709e-44 
4.8325 4.99221e-44 
4.84 2.90116e-44 
4.8375 3.4774e-44 
4.845 2.01773e-44 
4.8425 2.41974e-44 
4.85 1.40188e-44 
4.8475 1.68205e-44 
4.855 9.72998e-45 
4.8525 1.16805e-44 
4.86 6.74634e-45 
4.8575 8.10292e-45 
4.865 4.67281e-45 
4.8625 5.61532e-45 
4.87 3.23328e-45 
4.8675 3.88743e-45 
4.875 2.23493e-45 
4.8725 2.68847e-45 
4.88 1.54326e-45 
4.8775 1.85739e-45 
4.885 1.06456e-45 
4.8825 1.28191e-45 
4.89 7.33597e-46 
4.8875 8.83823e-46 
4.895 5.0501e-46 
4.8925 6.08737e-46 
4.9 3.47294e-46 
4.8975 4.18841e-46 
4.905 2.3859e-46 
4.9025 2.87889e-46 
4.91 1.63743e-46 
4.9075 1.97678e-46 
4.915 1.12261e-46 
4.9125 1.35596e-46 
4.92 7.68872e-47 
4.9175 9.29164e-47 
4.925 5.26061e-47 
4.9225 6.36056e-47 
4.93 3.59565e-47 
4.9275 4.34968e-47 
4.935 2.45516e-47 
4.9325 2.97152e-47 
4.94 1.67475e-47 
4.9375 2.02798e-47 
4.945 1.1413e-47 
4.9425 1.38268e-47 
4.95 7.77063e-48 
4.9475 9.41825e-48 
4.955 5.28659e-48 
4.9525 6.40984e-48 
4.96 3.59489e-48 
4.9575 4.35952e-48 
4.965 2.44492e-48 
4.9625 2.96438e-48 
4.97 1.66541e-48 
4.9675 2.01717e-48 
4.975 1.13966e-48 
4.9725 1.37647e-48 
4.98 7.8858e-49 
4.9775 9.46099e-49 
4.985 5.59077e-49 
4.9825 6.61156e-49 
4.99 4.16314e-49 
4.9875 4.78467e-49 
4.995 3.38538e-49 
4.9925 3.70245e-49 
5 3.13871e-49 
4.9975 3.19976e-49 
