0 7.3261e-06 
0.005 7.39795e-06 
0.0025 7.34405e-06 
0.01 7.61472e-06 
0.0075 7.48805e-06 
0.015 7.9801e-06 
0.0125 7.77851e-06 
0.02 8.50029e-06 
0.0175 8.22035e-06 
0.025 9.18412e-06 
0.0225 8.82109e-06 
0.03 1.00431e-05 
0.0275 9.59089e-06 
0.035 1.10918e-05 
0.0325 1.05427e-05 
0.04 1.23477e-05 
0.0375 1.16926e-05 
0.045 1.38318e-05 
0.0425 1.30598e-05 
0.05 1.55688e-05 
0.0475 1.4667e-05 
0.055 1.75872e-05 
0.0525 1.65408e-05 
0.06 1.99204e-05 
0.0575 1.87122e-05 
0.065 2.26062e-05 
0.0625 2.12166e-05 
0.07 2.56883e-05 
0.0675 2.40948e-05 
0.075 2.92163e-05 
0.0725 2.73932e-05 
0.08 3.32465e-05 
0.0775 3.11648e-05 
0.085 3.7843e-05 
0.0825 3.54696e-05 
0.09 4.30782e-05 
0.0875 4.03759e-05 
0.095 4.90341e-05 
0.0925 4.59606e-05 
0.1 5.58034e-05 
0.0975 5.23109e-05 
0.105 6.34904e-05 
0.1025 5.95251e-05 
0.11 7.22131e-05 
0.1075 6.77144e-05 
0.115 8.21043e-05 
0.1125 7.70037e-05 
0.12 9.33134e-05 
0.1175 8.7534e-05 
0.125 0.000106009 
0.1225 9.94641e-05 
0.13 0.00012038 
0.1275 0.000112972 
0.135 0.00013664 
0.1325 0.00012826 
0.14 0.000155029 
0.1375 0.000145552 
0.145 0.000175815 
0.1425 0.000165104 
0.15 0.0001993 
0.1475 0.000187199 
0.155 0.000225825 
0.1525 0.00021216 
0.16 0.00025577 
0.1575 0.000240344 
0.165 0.000289563 
0.1625 0.000272157 
0.17 0.000327685 
0.1675 0.000308051 
0.175 0.000370673 
0.1725 0.000348534 
0.18 0.000419133 
0.1775 0.000394179 
0.185 0.000473741 
0.1825 0.000445623 
0.19 0.000535257 
0.1875 0.000503585 
0.195 0.000604532 
0.1925 0.000568867 
0.2 0.000682519 
0.1975 0.000642373 
0.205 0.000770288 
0.2025 0.000725109 
0.21 0.000869035 
0.2075 0.000818209 
0.215 0.000980099 
0.2125 0.000922937 
0.22 0.00110498 
0.2175 0.00104071 
0.225 0.00124536 
0.2225 0.00117312 
0.23 0.00140312 
0.2275 0.00132194 
0.235 0.00158036 
0.2325 0.00148917 
0.24 0.00177943 
0.2375 0.00167701 
0.245 0.00200297 
0.2425 0.00188796 
0.25 0.0022539 
0.2475 0.00212481 
0.255 0.00253553 
0.2525 0.00239066 
0.26 0.00285151 
0.2575 0.00268898 
0.265 0.00320596 
0.2625 0.00302365 
0.27 0.00360345 
0.2675 0.00339902 
0.275 0.00404908 
0.2725 0.0038199 
0.28 0.00454856 
0.2775 0.00429171 
0.285 0.00510825 
0.2825 0.00482045 
0.29 0.00573522 
0.2875 0.00541285 
0.295 0.00643737 
0.2925 0.00607637 
0.3 0.00722347 
0.2975 0.00681934 
0.305 0.0081033 
0.3025 0.00765102 
0.31 0.00908771 
0.3075 0.00858171 
0.315 0.0101888 
0.3125 0.00962285 
0.32 0.0114198 
0.3175 0.0107871 
0.325 0.0127957 
0.3225 0.0120886 
0.33 0.0143328 
0.3275 0.013543 
0.335 0.0160492 
0.3325 0.0151674 
0.34 0.0179651 
0.3375 0.0169809 
0.345 0.0201023 
0.3425 0.0190046 
0.35 0.0224853 
0.3475 0.0212615 
0.355 0.0251404 
0.3525 0.0237771 
0.36 0.028097 
0.3575 0.0265791 
0.365 0.0313867 
0.3625 0.0296981 
0.37 0.0350442 
0.3675 0.0331672 
0.375 0.0391069 
0.3725 0.0370224 
0.38 0.0436153 
0.3775 0.0413027 
0.385 0.0486131 
0.3825 0.0460502 
0.39 0.0541468 
0.3875 0.05131 
0.395 0.0602659 
0.3925 0.05713 
0.4 0.0670228 
0.3975 0.0635613 
0.405 0.0744722 
0.4025 0.0706574 
0.41 0.0826711 
0.4075 0.0784744 
0.415 0.0916779 
0.4125 0.0870698 
0.42 0.101552 
0.4175 0.0965027 
0.425 0.112352 
0.4225 0.106832 
0.43 0.124136 
0.4275 0.118118 
0.435 0.13696 
0.4325 0.130415 
0.44 0.150874 
0.4375 0.143778 
0.445 0.165925 
0.4425 0.158255 
0.45 0.182149 
0.4475 0.173888 
0.455 0.199573 
0.4525 0.19071 
0.46 0.218214 
0.4575 0.208741 
0.465 0.238073 
0.4625 0.227992 
0.47 0.259135 
0.4675 0.248456 
0.475 0.281367 
0.4725 0.270108 
0.48 0.304718 
0.4775 0.292907 
0.485 0.329114 
0.4825 0.316791 
0.49 0.354465 
0.4875 0.341677 
0.495 0.380657 
0.4925 0.367463 
0.5 0.407559 
0.4975 0.394028 
0.505 0.435026 
0.5025 0.421232 
0.51 0.462896 
0.5075 0.448921 
0.515 0.490999 
0.5125 0.476929 
0.52 0.519159 
0.5175 0.505083 
0.525 0.547198 
0.5225 0.533205 
0.53 0.574943 
0.5275 0.561118 
0.535 0.602225 
0.5325 0.588652 
0.54 0.628889 
0.5375 0.615643 
0.545 0.654793 
0.5425 0.641944 
0.55 0.679814 
0.5475 0.667421 
0.555 0.703845 
0.5525 0.691959 
0.56 0.726802 
0.5575 0.715462 
0.565 0.74862 
0.5625 0.737856 
0.57 0.769254 
0.5675 0.759087 
0.575 0.788677 
0.5725 0.779118 
0.58 0.806882 
0.5775 0.797932 
0.585 0.823874 
0.5825 0.815528 
0.59 0.839674 
0.5875 0.831921 
0.595 0.854313 
0.5925 0.847136 
0.6 0.867831 
0.5975 0.861209 
0.605 0.880277 
0.6025 0.874185 
0.61 0.891702 
0.6075 0.886113 
0.615 0.902164 
0.6125 0.89705 
0.62 0.91172 
0.6175 0.907051 
0.625 0.920431 
0.6225 0.916177 
0.63 0.928354 
0.6275 0.924487 
0.635 0.935549 
0.6325 0.932039 
0.64 0.94207 
0.6375 0.93889 
0.645 0.947973 
0.6425 0.945096 
0.65 0.953308 
0.6475 0.950709 
0.655 0.958125 
0.6525 0.955779 
0.66 0.962468 
0.6575 0.960353 
0.665 0.96638 
0.6625 0.964475 
0.67 0.9699 
0.6675 0.968186 
0.675 0.973065 
0.6725 0.971525 
0.68 0.975909 
0.6775 0.974525 
0.685 0.978461 
0.6825 0.97722 
0.69 0.980752 
0.6875 0.979638 
0.695 0.982805 
0.6925 0.981807 
0.7 0.984645 
0.6975 0.983751 
0.705 0.986294 
0.7025 0.985492 
0.71 0.987769 
0.7075 0.987052 
0.715 0.989089 
0.7125 0.988448 
0.72 0.99027 
0.7175 0.989696 
0.725 0.991326 
0.7225 0.990813 
0.73 0.99227 
0.7275 0.991811 
0.735 0.993113 
0.7325 0.992703 
0.74 0.993866 
0.7375 0.9935 
0.745 0.994538 
0.7425 0.994211 
0.75 0.995138 
0.7475 0.994847 
0.755 0.995674 
0.7525 0.995414 
0.76 0.996151 
0.7575 0.995919 
0.765 0.996577 
0.7625 0.99637 
0.77 0.996957 
0.7675 0.996773 
0.775 0.997296 
0.7725 0.997131 
0.78 0.997597 
0.7775 0.997451 
0.785 0.997866 
0.7825 0.997735 
0.79 0.998105 
0.7875 0.997989 
0.795 0.998318 
0.7925 0.998215 
0.8 0.998507 
0.7975 0.998415 
0.805 0.998676 
0.8025 0.998594 
0.81 0.998826 
0.8075 0.998753 
0.815 0.99896 
0.8125 0.998895 
0.82 0.999078 
0.8175 0.999021 
0.825 0.999183 
0.8225 0.999132 
0.83 0.999277 
0.8275 0.999232 
0.835 0.99936 
0.8325 0.99932 
0.84 0.999434 
0.8375 0.999398 
0.845 0.999499 
0.8425 0.999468 
0.85 0.999558 
0.8475 0.999529 
0.855 0.999609 
0.8525 0.999584 
0.86 0.999655 
0.8575 0.999633 
0.865 0.999695 
0.8625 0.999676 
0.87 0.999731 
0.8675 0.999714 
0.875 0.999763 
0.8725 0.999747 
0.88 0.999791 
0.8775 0.999777 
0.885 0.999816 
0.8825 0.999804 
0.89 0.999838 
0.8875 0.999827 
0.895 0.999857 
0.8925 0.999848 
0.9 0.999874 
0.8975 0.999866 
0.905 0.999889 
0.9025 0.999882 
0.91 0.999903 
0.9075 0.999896 
0.915 0.999914 
0.9125 0.999909 
0.92 0.999925 
0.9175 0.99992 
0.925 0.999934 
0.9225 0.999929 
0.93 0.999942 
0.9275 0.999938 
0.935 0.999949 
0.9325 0.999945 
0.94 0.999955 
0.9375 0.999952 
0.945 0.99996 
0.9425 0.999958 
0.95 0.999965 
0.9475 0.999963 
0.955 0.999969 
0.9525 0.999967 
0.96 0.999972 
0.9575 0.999971 
0.965 0.999976 
0.9625 0.999974 
0.97 0.999978 
0.9675 0.999977 
0.975 0.99998 
0.9725 0.999979 
0.98 0.999982 
0.9775 0.999981 
0.985 0.999983 
0.9825 0.999983 
0.99 0.999985 
0.9875 0.999984 
0.995 0.999986 
0.9925 0.999985 
1 0.999986 
0.9975 0.999986 
1.005 0.999986 
1.0025 0.999986 
1.01 0.999986 
1.0075 0.999986 
1.015 0.999986 
1.0125 0.999986 
1.02 0.999986 
1.0175 0.999986 
1.025 0.999985 
1.0225 0.999986 
1.03 0.999984 
1.0275 0.999985 
1.035 0.999983 
1.0325 0.999984 
1.04 0.999981 
1.0375 0.999982 
1.045 0.999979 
1.0425 0.99998 
1.05 0.999977 
1.0475 0.999978 
1.055 0.999975 
1.0525 0.999976 
1.06 0.999972 
1.0575 0.999973 
1.065 0.999968 
1.0625 0.99997 
1.07 0.999964 
1.0675 0.999966 
1.075 0.99996 
1.0725 0.999962 
1.08 0.999955 
1.0775 0.999957 
1.085 0.999949 
1.0825 0.999952 
1.09 0.999943 
1.0875 0.999946 
1.095 0.999935 
1.0925 0.999939 
1.1 0.999927 
1.0975 0.999931 
1.105 0.999918 
1.1025 0.999923 
1.11 0.999908 
1.1075 0.999913 
1.115 0.999896 
1.1125 0.999902 
1.12 0.999884 
1.1175 0.99989 
1.125 0.99987 
1.1225 0.999877 
1.13 0.999854 
1.1275 0.999862 
1.135 0.999836 
1.1325 0.999845 
1.14 0.999816 
1.1375 0.999826 
1.145 0.999795 
1.1425 0.999806 
1.15 0.99977 
1.1475 0.999783 
1.155 0.999743 
1.1525 0.999757 
1.16 0.999714 
1.1575 0.999729 
1.165 0.99968 
1.1625 0.999697 
1.17 0.999644 
1.1675 0.999663 
1.175 0.999603 
1.1725 0.999624 
1.18 0.999558 
1.1775 0.999581 
1.185 0.999509 
1.1825 0.999534 
1.19 0.999454 
1.1875 0.999482 
1.195 0.999394 
1.1925 0.999425 
1.2 0.999327 
1.1975 0.999361 
1.205 0.999254 
1.2025 0.999291 
1.21 0.999173 
1.2075 0.999214 
1.215 0.999084 
1.2125 0.99913 
1.22 0.998986 
1.2175 0.999036 
1.225 0.998878 
1.2225 0.998934 
1.23 0.99876 
1.2275 0.998821 
1.235 0.99863 
1.2325 0.998697 
1.24 0.998488 
1.2375 0.998561 
1.245 0.998331 
1.2425 0.998411 
1.25 0.99816 
1.2475 0.998248 
1.255 0.997972 
1.2525 0.998068 
1.26 0.997766 
1.2575 0.997872 
1.265 0.997541 
1.2625 0.997656 
1.27 0.997295 
1.2675 0.997421 
1.275 0.997026 
1.2725 0.997164 
1.28 0.996732 
1.2775 0.996882 
1.285 0.996411 
1.2825 0.996575 
1.29 0.996061 
1.2875 0.99624 
1.295 0.995679 
1.2925 0.995874 
1.3 0.995262 
1.2975 0.995475 
1.305 0.994808 
1.3025 0.99504 
1.31 0.994314 
1.3075 0.994567 
1.315 0.993777 
1.3125 0.994051 
1.32 0.993192 
1.3175 0.993491 
1.325 0.992557 
1.3225 0.992881 
1.33 0.991867 
1.3275 0.992219 
1.335 0.991118 
1.3325 0.9915 
1.34 0.990306 
1.3375 0.99072 
1.345 0.989425 
1.3425 0.989874 
1.35 0.988472 
1.3475 0.988958 
1.355 0.987439 
1.3525 0.987966 
1.36 0.986323 
1.3575 0.986892 
1.365 0.985116 
1.3625 0.985731 
1.37 0.983813 
1.3675 0.984477 
1.375 0.982407 
1.3725 0.983123 
1.38 0.980891 
1.3775 0.981663 
1.385 0.979258 
1.3825 0.98009 
1.39 0.977502 
1.3875 0.978396 
1.395 0.975614 
1.3925 0.976575 
1.4 0.973587 
1.3975 0.974619 
1.405 0.971414 
1.4025 0.972519 
1.41 0.969085 
1.4075 0.970269 
1.415 0.966595 
1.4125 0.967861 
1.42 0.963934 
1.4175 0.965286 
1.425 0.961096 
1.4225 0.962538 
1.43 0.958074 
1.4275 0.959608 
1.435 0.95486 
1.4325 0.956491 
1.44 0.951449 
1.4375 0.953179 
1.445 0.947835 
1.4425 0.949667 
1.45 0.944014 
1.4475 0.945951 
1.455 0.939984 
1.4525 0.942026 
1.46 0.935742 
1.4575 0.93789 
1.465 0.931289 
1.4625 0.933542 
1.47 0.926626 
1.4675 0.928983 
1.475 0.921759 
1.4725 0.924218 
1.48 0.916693 
1.4775 0.91925 
1.485 0.911439 
1.4825 0.914089 
1.49 0.90601 
1.4875 0.908745 
1.495 0.900422 
1.4925 0.903235 
1.5 0.894696 
1.4975 0.897575 
1.505 0.888855 
1.5025 0.891788 
1.51 0.882929 
1.5075 0.885901 
1.515 0.876949 
1.5125 0.879943 
1.52 0.870954 
1.5175 0.873951 
1.525 0.864984 
1.5225 0.867963 
1.53 0.859085 
1.5275 0.862023 
1.535 0.853307 
1.5325 0.856178 
1.54 0.847702 
1.5375 0.85048 
1.545 0.842326 
1.5425 0.844982 
1.55 0.837236 
1.5475 0.839742 
1.555 0.832491 
1.5525 0.834817 
1.56 0.828148 
1.5575 0.830265 
1.565 0.824264 
1.5625 0.826145 
1.57 0.820893 
1.5675 0.822511 
1.575 0.818085 
1.5725 0.819416 
1.58 0.815883 
1.5775 0.816906 
1.585 0.814325 
1.5825 0.815021 
1.59 0.813439 
1.5875 0.813796 
1.595 0.813244 
1.5925 0.813254 
1.6 0.813751 
1.5975 0.81341 
1.605 0.814958 
1.6025 0.814267 
1.61 0.816854 
1.6075 0.815821 
1.615 0.819418 
1.6125 0.818054 
1.62 0.822617 
1.6175 0.82094 
1.625 0.826412 
1.6225 0.824443 
1.63 0.830754 
1.6275 0.828518 
1.635 0.835591 
1.6325 0.833114 
1.64 0.840861 
1.6375 0.838175 
1.645 0.846503 
1.6425 0.84364 
1.65 0.852453 
1.6475 0.849444 
1.655 0.858645 
1.6525 0.855523 
1.66 0.865016 
1.6575 0.861812 
1.665 0.871504 
1.6625 0.868249 
1.67 0.87805 
1.6675 0.874773 
1.675 0.884601 
1.6725 0.881328 
1.68 0.891106 
1.6775 0.887862 
1.685 0.897521 
1.6825 0.894327 
1.69 0.903806 
1.6875 0.900681 
1.695 0.909927 
1.6925 0.906889 
1.7 0.915857 
1.6975 0.912918 
1.705 0.921572 
1.7025 0.918742 
1.71 0.927054 
1.7075 0.924343 
1.715 0.932289 
1.7125 0.929703 
1.72 0.937269 
1.7175 0.934811 
1.725 0.941987 
1.7225 0.939661 
1.73 0.946442 
1.7275 0.944247 
1.735 0.950635 
1.7325 0.948571 
1.74 0.954569 
1.7375 0.952634 
1.745 0.958249 
1.7425 0.95644 
1.75 0.961684 
1.7475 0.959997 
1.755 0.96488 
1.7525 0.963311 
1.76 0.967849 
1.7575 0.966392 
1.765 0.9706 
1.7625 0.969251 
1.77 0.973144 
1.7675 0.971897 
1.775 0.975492 
1.7725 0.974342 
1.78 0.977656 
1.7775 0.976597 
1.785 0.979647 
1.7825 0.978673 
1.79 0.981476 
1.7875 0.980582 
1.795 0.983154 
1.7925 0.982334 
1.8 0.984691 
1.7975 0.98394 
1.805 0.986098 
1.8025 0.98541 
1.81 0.987383 
1.8075 0.986755 
1.815 0.988557 
1.8125 0.987984 
1.82 0.989627 
1.8175 0.989105 
1.825 0.990603 
1.8225 0.990126 
1.83 0.991491 
1.8275 0.991057 
1.835 0.992299 
1.8325 0.991904 
1.84 0.993033 
1.8375 0.992674 
1.845 0.9937 
1.8425 0.993374 
1.85 0.994305 
1.8475 0.99401 
1.855 0.994854 
1.8525 0.994586 
1.86 0.995352 
1.8575 0.995109 
1.865 0.995803 
1.8625 0.995583 
1.87 0.996212 
1.8675 0.996013 
1.875 0.996582 
1.8725 0.996401 
1.88 0.996916 
1.8775 0.996753 
1.885 0.997219 
1.8825 0.997071 
1.89 0.997492 
1.8875 0.997359 
1.895 0.99774 
1.8925 0.997619 
1.9 0.997963 
1.8975 0.997854 
1.905 0.998164 
1.9025 0.998066 
1.91 0.998346 
1.9075 0.998258 
1.915 0.998511 
1.9125 0.998431 
1.92 0.998659 
1.9175 0.998587 
1.925 0.998792 
1.9225 0.998727 
1.93 0.998913 
1.9275 0.998854 
1.935 0.999021 
1.9325 0.998968 
1.94 0.999119 
1.9375 0.999071 
1.945 0.999207 
1.9425 0.999164 
1.95 0.999287 
1.9475 0.999248 
1.955 0.999358 
1.9525 0.999323 
1.96 0.999422 
1.9575 0.999391 
1.965 0.99948 
1.9625 0.999452 
1.97 0.999532 
1.9675 0.999507 
1.975 0.999579 
1.9725 0.999556 
1.98 0.999621 
1.9775 0.999601 
1.985 0.999659 
1.9825 0.999641 
1.99 0.999693 
1.9875 0.999676 
1.995 0.999723 
1.9925 0.999709 
2 0.999751 
1.9975 0.999738 
2.005 0.999775 
2.0025 0.999763 
2.01 0.999797 
2.0075 0.999787 
2.015 0.999817 
2.0125 0.999807 
2.02 0.999834 
2.0175 0.999826 
2.025 0.99985 
2.0225 0.999843 
2.03 0.999864 
2.0275 0.999857 
2.035 0.999876 
2.0325 0.99987 
2.04 0.999887 
2.0375 0.999882 
2.045 0.999897 
2.0425 0.999892 
2.05 0.999905 
2.0475 0.999901 
2.055 0.999913 
2.0525 0.999909 
2.06 0.999919 
2.0575 0.999916 
2.065 0.999924 
2.0625 0.999922 
2.07 0.999929 
2.0675 0.999927 
2.075 0.999933 
2.0725 0.999931 
2.08 0.999936 
2.0775 0.999934 
2.085 0.999938 
2.0825 0.999937 
2.09 0.999939 
2.0875 0.999939 
2.095 0.99994 
2.0925 0.99994 
2.1 0.99994 
2.0975 0.99994 
2.105 0.99994 
2.1025 0.99994 
2.11 0.999938 
2.1075 0.999939 
2.115 0.999936 
2.1125 0.999938 
2.12 0.999934 
2.1175 0.999935 
2.125 0.999931 
2.1225 0.999932 
2.13 0.999926 
2.1275 0.999929 
2.135 0.999922 
2.1325 0.999924 
2.14 0.999916 
2.1375 0.999919 
2.145 0.999909 
2.1425 0.999913 
2.15 0.999902 
2.1475 0.999906 
2.155 0.999893 
2.1525 0.999898 
2.16 0.999884 
2.1575 0.999889 
2.165 0.999873 
2.1625 0.999879 
2.17 0.999861 
2.1675 0.999867 
2.175 0.999848 
2.1725 0.999855 
2.18 0.999833 
2.1775 0.999841 
2.185 0.999817 
2.1825 0.999825 
2.19 0.999799 
2.1875 0.999808 
2.195 0.999779 
2.1925 0.999789 
2.2 0.999757 
2.1975 0.999768 
2.205 0.999732 
2.2025 0.999745 
2.21 0.999706 
2.2075 0.999719 
2.215 0.999676 
2.2125 0.999691 
2.22 0.999644 
2.2175 0.99966 
2.225 0.999608 
2.2225 0.999627 
2.23 0.99957 
2.2275 0.999589 
2.235 0.999527 
2.2325 0.999549 
2.24 0.99948 
2.2375 0.999504 
2.245 0.999429 
2.2425 0.999455 
2.25 0.999373 
2.2475 0.999402 
2.255 0.999311 
2.2525 0.999343 
2.26 0.999244 
2.2575 0.999279 
2.265 0.999171 
2.2625 0.999208 
2.27 0.99909 
2.2675 0.999131 
2.275 0.999002 
2.2725 0.999047 
2.28 0.998906 
2.2775 0.998955 
2.285 0.998801 
2.2825 0.998855 
2.29 0.998686 
2.2875 0.998745 
2.295 0.998561 
2.2925 0.998625 
2.3 0.998424 
2.2975 0.998494 
2.305 0.998274 
2.3025 0.998351 
2.31 0.998111 
2.3075 0.998194 
2.315 0.997933 
2.3125 0.998024 
2.32 0.997738 
2.3175 0.997838 
2.325 0.997526 
2.3225 0.997635 
2.33 0.997295 
2.3275 0.997413 
2.335 0.997042 
2.3325 0.997171 
2.34 0.996767 
2.3375 0.996908 
2.345 0.996467 
2.3425 0.99662 
2.35 0.996139 
2.3475 0.996307 
2.355 0.995782 
2.3525 0.995965 
2.36 0.995393 
2.3575 0.995592 
2.365 0.994969 
2.3625 0.995186 
2.37 0.994507 
2.3675 0.994743 
2.375 0.994003 
2.3725 0.99426 
2.38 0.993454 
2.3775 0.993734 
2.385 0.992855 
2.3825 0.993161 
2.39 0.992203 
2.3875 0.992536 
2.395 0.991493 
2.3925 0.991856 
2.4 0.990719 
2.3975 0.991114 
2.405 0.989877 
2.4025 0.990307 
2.41 0.988959 
2.4075 0.989427 
2.415 0.987959 
2.4125 0.98847 
2.42 0.986871 
2.4175 0.987427 
2.425 0.985686 
2.4225 0.986291 
2.43 0.984397 
2.4275 0.985055 
2.435 0.982993 
2.4325 0.98371 
2.44 0.981466 
2.4375 0.982246 
2.445 0.979805 
2.4425 0.980653 
2.45 0.977999 
2.4475 0.978921 
2.455 0.976034 
2.4525 0.977037 
2.46 0.973899 
2.4575 0.974989 
2.465 0.971578 
2.4625 0.972763 
2.47 0.969057 
2.4675 0.970344 
2.475 0.96632 
2.4725 0.967717 
2.48 0.963349 
2.4775 0.964865 
2.485 0.960125 
2.4825 0.96177 
2.49 0.956629 
2.4875 0.958413 
2.495 0.952841 
2.4925 0.954773 
2.5 0.948737 
2.4975 0.95083 
2.505 0.944295 
2.5025 0.94656 
2.51 0.939491 
2.5075 0.94194 
2.515 0.934298 
2.5125 0.936944 
2.52 0.92869 
2.5175 0.931547 
2.525 0.92264 
2.5225 0.925722 
2.53 0.916119 
2.5275 0.91944 
2.535 0.909099 
2.5325 0.912673 
2.54 0.901549 
2.5375 0.905392 
2.545 0.89344 
2.5425 0.897566 
2.55 0.884743 
2.5475 0.889167 
2.555 0.875428 
2.5525 0.880164 
2.56 0.865466 
2.5575 0.870529 
2.565 0.854831 
2.5625 0.860235 
2.57 0.843498 
2.5675 0.849253 
2.575 0.831441 
2.5725 0.837561 
2.58 0.818642 
2.5775 0.825136 
2.585 0.805082 
2.5825 0.811958 
2.59 0.790748 
2.5875 0.798012 
2.595 0.775631 
2.5925 0.783288 
2.6 0.759727 
2.5975 0.767778 
2.605 0.743038 
2.6025 0.751481 
2.61 0.725572 
2.6075 0.734402 
2.615 0.707343 
2.6125 0.716552 
2.62 0.688372 
2.6175 0.697948 
2.625 0.668688 
2.6225 0.678617 
2.63 0.648328 
2.6275 0.65859 
2.635 0.627335 
2.6325 0.637908 
2.64 0.60576 
2.6375 0.616617 
2.645 0.583662 
2.6425 0.594772 
2.65 0.561105 
2.6475 0.572436 
2.655 0.538163 
2.6525 0.549678 
2.66 0.514912 
2.6575 0.526571 
2.665 0.491436 
2.6625 0.503197 
2.67 0.467821 
2.6675 0.47964 
2.675 0.444157 
2.6725 0.455989 
2.68 0.420537 
2.6775 0.432336 
2.685 0.397053 
2.6825 0.408772 
2.69 0.3738 
2.6875 0.385392 
2.695 0.350868 
2.6925 0.362288 
2.7 0.328346 
2.6975 0.339551 
2.705 0.30632 
2.7025 0.317266 
2.71 0.28487 
2.7075 0.295519 
2.715 0.26407 
2.7125 0.274384 
2.72 0.243987 
2.7175 0.253935 
2.725 0.224681 
2.7225 0.234233 
2.73 0.206205 
2.7275 0.215336 
2.735 0.1886 
2.7325 0.197291 
2.74 0.171903 
2.7375 0.180136 
2.745 0.156137 
2.7425 0.163902 
2.75 0.14132 
2.7475 0.14861 
2.755 0.12746 
2.7525 0.134271 
2.76 0.114556 
2.7575 0.120889 
2.765 0.102599 
2.7625 0.10846 
2.77 0.0915717 
2.7675 0.0969701 
2.775 0.0814521 
2.7725 0.0864003 
2.78 0.0722095 
2.7775 0.0767232 
2.785 0.0638085 
2.7825 0.0679062 
2.79 0.0562086 
2.7875 0.0599111 
2.795 0.0493654 
2.7925 0.0526953 
2.8 0.0432316 
2.7975 0.0462129 
2.805 0.0377578 
2.8025 0.0404153 
2.81 0.0328936 
2.8075 0.0352527 
2.815 0.0285885 
2.8125 0.0306743 
2.82 0.0247927 
2.8175 0.02663 
2.825 0.0214576 
2.8225 0.0230705 
2.83 0.0185371 
2.8275 0.0199484 
2.835 0.0159874 
2.8325 0.0172185 
2.84 0.0137674 
2.8375 0.0148386 
2.845 0.0118395 
2.8425 0.0127692 
2.85 0.010169 
2.8475 0.0109741 
2.855 0.00872456 
2.8525 0.00942039 
2.86 0.0074778 
2.8575 0.00807811 
2.865 0.00640344 
2.8625 0.00692053 
2.87 0.005479 
2.8675 0.00592378 
2.875 0.00468459 
2.8725 0.00506669 
2.88 0.0040027 
2.8775 0.00433059 
2.885 0.003418 
2.8825 0.00369908 
2.89 0.0029171 
2.8875 0.00315784 
2.895 0.00248832 
2.8925 0.00269436 
2.9 0.00212156 
2.8975 0.00229777 
2.905 0.00180805 
2.9025 0.00195865 
2.91 0.00154022 
2.9075 0.00166886 
2.915 0.00131154 
2.9125 0.00142136 
2.92 0.00111638 
2.9175 0.00121009 
2.925 0.0009499 
2.9225 0.00102983 
2.93 0.000807954 
2.9275 0.000876096 
2.935 0.000686972 
2.9325 0.000745044 
2.94 0.000583898 
2.9375 0.000633369 
2.945 0.000496112 
2.9425 0.000538242 
2.95 0.000421375 
2.9475 0.00045724 
2.955 0.000357769 
2.9525 0.000388289 
2.96 0.000303655 
2.9575 0.000329618 
2.965 0.000257631 
2.9625 0.00027971 
2.97 0.000218501 
2.9675 0.000237272 
2.975 0.000185245 
2.9725 0.000201197 
2.98 0.000156989 
2.9775 0.000170541 
2.985 0.000132991 
2.9825 0.0001445 
2.99 0.000112616 
2.9875 0.000122387 
2.995 9.53237e-05 
2.9925 0.000103615 
3 8.06524e-05 
2.9975 8.76863e-05 
3.005 6.82096e-05 
3.0025 7.41746e-05 
3.01 5.76611e-05 
3.0075 6.27174e-05 
3.015 4.87218e-05 
3.0125 5.30063e-05 
3.02 4.11494e-05 
3.0175 4.47784e-05 
3.025 3.47374e-05 
3.0225 3.781e-05 
3.03 2.93104e-05 
3.0275 3.19107e-05 
3.035 2.4719e-05 
3.0325 2.69186e-05 
3.04 2.08363e-05 
3.0375 2.26962e-05 
3.045 1.75544e-05 
3.0425 1.91263e-05 
3.05 1.47816e-05 
3.0475 1.61095e-05 
3.055 1.24401e-05 
3.0525 1.35613e-05 
3.06 1.04637e-05 
3.0575 1.141e-05 
3.065 8.79646e-06 
3.0625 9.59462e-06 
3.07 7.39062e-06 
3.0675 8.06354e-06 
3.075 6.20586e-06 
3.0725 6.77287e-06 
3.08 5.20794e-06 
3.0775 5.68547e-06 
3.085 4.36787e-06 
3.0825 4.7698e-06 
3.09 3.66106e-06 
3.0875 3.99918e-06 
3.095 3.06673e-06 
3.0925 3.351e-06 
3.1 2.56726e-06 
3.0975 2.80612e-06 
3.105 2.14776e-06 
3.1025 2.34834e-06 
3.11 1.79564e-06 
3.1075 1.96398e-06 
3.115 1.50026e-06 
3.1125 1.64145e-06 
3.12 1.25263e-06 
3.1175 1.37098e-06 
3.125 1.04517e-06 
3.1225 1.14431e-06 
3.13 8.71475e-07 
3.1275 9.54463e-07 
3.135 7.2614e-07 
3.1325 7.95565e-07 
3.14 6.04619e-07 
3.1375 6.62658e-07 
3.145 5.03077e-07 
3.1425 5.51565e-07 
3.15 4.18289e-07 
3.1475 4.58769e-07 
3.155 3.47539e-07 
3.1525 3.81311e-07 
3.16 2.88545e-07 
3.1575 3.167e-07 
3.165 2.39388e-07 
3.1625 2.62844e-07 
3.17 1.98458e-07 
3.1675 2.17985e-07 
3.175 1.64402e-07 
3.1725 1.80646e-07 
3.18 1.36087e-07 
3.1775 1.4959e-07 
3.185 1.12563e-07 
3.1825 1.2378e-07 
3.19 9.30341e-08 
3.1875 1.02344e-07 
3.195 7.68336e-08 
3.1925 8.45549e-08 
3.2 6.34047e-08 
3.1975 6.98037e-08 
3.205 5.22819e-08 
3.2025 5.7581e-08 
3.21 4.30763e-08 
3.2075 4.74611e-08 
3.215 3.54635e-08 
3.2125 3.90888e-08 
3.22 2.91727e-08 
3.2175 3.21679e-08 
3.225 2.39787e-08 
3.2225 2.64512e-08 
3.23 1.96936e-08 
3.2275 2.17329e-08 
3.235 1.61612e-08 
3.2325 1.78419e-08 
3.24 1.32516e-08 
3.2375 1.46357e-08 
3.245 1.0857e-08 
3.2425 1.19959e-08 
3.25 8.8879e-09 
3.2475 9.82424e-09 
3.255 7.26996e-09 
3.2525 8.03914e-09 
3.26 5.94167e-09 
3.2575 6.57301e-09 
3.265 4.85209e-09 
3.2625 5.36986e-09 
3.27 3.95905e-09 
3.2675 4.38333e-09 
3.275 3.22772e-09 
3.2725 3.5751e-09 
3.28 2.62932e-09 
3.2775 2.91349e-09 
3.285 2.14009e-09 
3.2825 2.37237e-09 
3.29 1.74045e-09 
3.2875 1.93015e-09 
3.295 1.41428e-09 
3.2925 1.56907e-09 
3.3 1.14829e-09 
3.2975 1.27449e-09 
3.305 9.31556e-10 
3.3025 1.03437e-09 
3.31 7.5511e-10 
3.3075 8.38791e-10 
3.315 6.11584e-10 
3.3125 6.79638e-10 
3.32 4.94934e-10 
3.3175 5.50232e-10 
3.325 4.00207e-10 
3.3225 4.45102e-10 
3.33 3.23347e-10 
3.3275 3.59766e-10 
3.335 2.61038e-10 
3.3325 2.90556e-10 
3.34 2.10566e-10 
3.3375 2.34471e-10 
3.345 1.69716e-10 
3.3425 1.89059e-10 
3.35 1.36683e-10 
3.3475 1.52322e-10 
3.355 1.09992e-10 
3.3525 1.22626e-10 
3.36 8.8444e-11 
3.3575 9.8641e-11 
3.365 7.10618e-11 
3.3625 7.92856e-11 
3.37 5.70517e-11 
3.3675 6.36786e-11 
3.375 4.57686e-11 
3.3725 5.11045e-11 
3.38 3.66891e-11 
3.3775 4.0982e-11 
3.385 2.93887e-11 
3.3825 3.28397e-11 
3.39 2.35235e-11 
3.3875 2.62955e-11 
3.395 1.8815e-11 
3.3925 2.10398e-11 
3.4 1.50381e-11 
3.3975 1.68224e-11 
3.405 1.20108e-11 
3.4025 1.34406e-11 
3.41 9.58615e-12 
3.4075 1.07311e-11 
3.415 7.64569e-12 
3.4125 8.56184e-12 
3.42 6.09389e-12 
3.4175 6.8264e-12 
3.425 4.85381e-12 
3.4225 5.43906e-12 
3.43 3.86356e-12 
3.4275 4.33082e-12 
3.435 3.07337e-12 
3.4325 3.44615e-12 
3.44 2.44326e-12 
3.4375 2.74047e-12 
3.445 1.94116e-12 
3.4425 2.17795e-12 
3.45 1.54133e-12 
3.4475 1.72985e-12 
3.455 1.22314e-12 
3.4525 1.37314e-12 
3.46 9.70104e-13 
3.4575 1.08937e-12 
3.465 7.68996e-13 
3.4625 8.63772e-13 
3.47 6.09261e-13 
3.4675 6.84527e-13 
3.475 4.82464e-13 
3.4725 5.42201e-13 
3.48 3.81871e-13 
3.4775 4.29256e-13 
3.485 3.02113e-13 
3.4825 3.39678e-13 
3.49 2.38909e-13 
3.4875 2.68673e-13 
3.495 1.88849e-13 
3.4925 2.12419e-13 
3.5 1.49219e-13 
3.4975 1.67876e-13 
3.505 1.17863e-13 
3.5025 1.32623e-13 
3.51 9.30634e-14 
3.5075 1.04736e-13 
3.515 7.34586e-14 
3.5125 8.2685e-14 
3.52 5.79668e-14 
3.5175 6.52568e-14 
3.525 4.57299e-14 
3.5225 5.14876e-14 
3.53 3.60675e-14 
3.5275 4.06134e-14 
3.535 2.84407e-14 
3.5325 3.20287e-14 
3.54 2.24225e-14 
3.5375 2.52535e-14 
3.545 1.7675e-14 
3.5425 1.99081e-14 
3.55 1.39309e-14 
3.5475 1.56919e-14 
3.555 1.09788e-14 
3.5525 1.23672e-14 
3.56 8.65161e-15 
3.5575 9.74603e-15 
3.565 6.81743e-15 
3.5625 7.67997e-15 
3.57 5.37201e-15 
3.5675 6.05171e-15 
3.575 4.23309e-15 
3.5725 4.76865e-15 
3.58 3.33576e-15 
3.5775 3.75771e-15 
3.585 2.62882e-15 
3.5825 2.96124e-15 
3.59 2.07189e-15 
3.5875 2.33377e-15 
3.595 1.63314e-15 
3.5925 1.83945e-15 
3.6 1.28748e-15 
3.5975 1.45002e-15 
3.605 1.01516e-15 
3.6025 1.14321e-15 
3.61 8.00584e-16 
3.6075 9.01484e-16 
3.615 6.31499e-16 
3.6125 7.11012e-16 
3.62 4.98241e-16 
3.6175 5.60908e-16 
3.625 3.93203e-16 
3.6225 4.42602e-16 
3.63 3.10393e-16 
3.6275 3.4934e-16 
3.635 2.45094e-16 
3.6325 2.75807e-16 
3.64 1.93591e-16 
3.6375 2.17816e-16 
3.645 1.52959e-16 
3.6425 1.72072e-16 
3.65 1.20895e-16 
3.6475 1.35979e-16 
3.655 9.55857e-17 
3.6525 1.07493e-16 
3.66 7.56012e-17 
3.6575 8.50043e-17 
3.665 5.98164e-17 
3.6625 6.72441e-17 
3.67 4.73447e-17 
3.6675 5.32139e-17 
3.675 3.74872e-17 
3.6725 4.21266e-17 
3.68 2.96932e-17 
3.6775 3.33617e-17 
3.685 2.35284e-17 
3.6825 2.64304e-17 
3.69 1.86506e-17 
3.6875 2.0947e-17 
3.695 1.47895e-17 
3.6925 1.66075e-17 
3.7 1.17322e-17 
3.6975 1.31718e-17 
3.705 9.31026e-18 
3.7025 1.04508e-17 
3.71 7.39099e-18 
3.7075 8.29491e-18 
3.715 5.86946e-18 
3.7125 6.58613e-18 
3.72 4.66279e-18 
3.7175 5.23121e-18 
3.725 3.70546e-18 
3.7225 4.15647e-18 
3.73 2.94566e-18 
3.7275 3.30365e-18 
3.735 2.34242e-18 
3.7325 2.62667e-18 
3.74 1.8633e-18 
3.7375 2.08908e-18 
3.745 1.48263e-18 
3.7425 1.66204e-18 
3.75 1.18007e-18 
3.7475 1.32268e-18 
3.755 9.39521e-19 
3.7525 1.05291e-18 
3.76 7.48207e-19 
3.7575 8.38396e-19 
3.765 5.96003e-19 
3.7625 6.67761e-19 
3.77 4.74878e-19 
3.7675 5.31988e-19 
3.775 3.78458e-19 
3.7725 4.23923e-19 
3.78 3.01681e-19 
3.7775 3.37886e-19 
3.785 2.40531e-19 
3.7825 2.69369e-19 
3.79 1.91813e-19 
3.7875 2.1479e-19 
3.795 1.52991e-19 
3.7925 1.71302e-19 
3.8 1.22048e-19 
3.7975 1.36643e-19 
3.805 9.73789e-20 
3.8025 1.09016e-19 
3.81 7.77079e-20 
3.8075 8.69875e-20 
3.815 6.20193e-20 
3.8125 6.94206e-20 
3.82 4.95045e-20 
3.8175 5.54088e-20 
3.825 3.95198e-20 
3.8225 4.42306e-20 
3.83 3.15524e-20 
3.8275 3.53116e-20 
3.835 2.51938e-20 
3.8325 2.8194e-20 
3.84 2.01184e-20 
3.8375 2.25132e-20 
3.845 1.60667e-20 
3.8425 1.79786e-20 
3.85 1.2832e-20 
3.8475 1.43584e-20 
3.855 1.02491e-20 
3.8525 1.1468e-20 
3.86 8.18662e-21 
3.8575 9.15995e-21 
3.865 6.53946e-21 
3.8625 7.31679e-21 
3.87 5.22391e-21 
3.8675 5.84476e-21 
3.875 4.17314e-21 
3.8725 4.66903e-21 
3.88 3.33379e-21 
3.8775 3.72992e-21 
3.885 2.66331e-21 
3.8825 2.97974e-21 
3.89 2.12769e-21 
3.8875 2.38048e-21 
3.895 1.69978e-21 
3.8925 1.90173e-21 
3.9 1.35792e-21 
3.8975 1.51927e-21 
3.905 1.0848e-21 
3.9025 1.21371e-21 
3.91 8.66598e-22 
3.9075 9.69584e-22 
3.915 6.92263e-22 
3.9125 7.74543e-22 
3.92 5.52979e-22 
3.9175 6.18716e-22 
3.925 4.417e-22 
3.9225 4.94219e-22 
3.93 3.52796e-22 
3.9275 3.94755e-22 
3.935 2.81769e-22 
3.9325 3.15291e-22 
3.94 2.25028e-22 
3.9375 2.51807e-22 
3.945 1.79699e-22 
3.9425 2.01092e-22 
3.95 1.4349e-22 
3.9475 1.60579e-22 
3.955 1.14566e-22 
3.9525 1.28216e-22 
3.96 9.14642e-23 
3.9575 1.02367e-22 
3.965 7.30129e-23 
3.9625 8.17204e-23 
3.97 5.82772e-23 
3.9675 6.52311e-23 
3.975 4.65099e-23 
3.9725 5.20629e-23 
3.98 3.71138e-23 
3.9775 4.15477e-23 
3.985 2.96118e-23 
3.9825 3.31518e-23 
3.99 2.36228e-23 
3.9875 2.64488e-23 
3.995 1.8842e-23 
3.9925 2.10978e-23 
4 1.50263e-23 
3.9975 1.68267e-23 
4.005 1.19813e-23 
4.0025 1.3418e-23 
4.01 9.55148e-24 
4.0075 1.06978e-23 
4.015 7.61297e-24 
4.0125 8.52752e-24 
4.02 6.06665e-24 
4.0175 6.79614e-24 
4.025 4.83337e-24 
4.0225 5.41515e-24 
4.03 3.84993e-24 
4.0275 4.31383e-24 
4.035 3.06586e-24 
4.0325 3.4357e-24 
4.04 2.44087e-24 
4.0375 2.73566e-24 
4.045 1.94279e-24 
4.0425 2.17771e-24 
4.05 1.54593e-24 
4.0475 1.73309e-24 
4.055 1.22979e-24 
4.0525 1.37888e-24 
4.06 9.78017e-25 
4.0575 1.09674e-24 
4.065 7.77552e-25 
4.0625 8.72076e-25 
4.07 6.17983e-25 
4.0675 6.93218e-25 
4.075 4.90999e-25 
4.0725 5.50866e-25 
4.08 3.89977e-25 
4.0775 4.376e-25 
4.085 3.09631e-25 
4.0825 3.47504e-25 
4.09 2.45749e-25 
4.0875 2.75859e-25 
4.095 1.94975e-25 
4.0925 2.18905e-25 
4.1 1.54631e-25 
4.0975 1.73643e-25 
4.105 1.22586e-25 
4.1025 1.37686e-25 
4.11 9.71421e-26 
4.1075 1.0913e-25 
4.115 7.69468e-26 
4.1125 8.64613e-26 
4.12 6.09235e-26 
4.1175 6.84717e-26 
4.125 4.82153e-26 
4.1225 5.42012e-26 
4.13 3.81405e-26 
4.1275 4.28855e-26 
4.135 3.01566e-26 
4.1325 3.39164e-26 
4.14 2.38325e-26 
4.1375 2.68103e-26 
4.145 1.88253e-26 
4.1425 2.11827e-26 
4.15 1.48625e-26 
4.1475 1.6728e-26 
4.155 1.17279e-26 
4.1525 1.32034e-26 
4.16 9.24946e-27 
4.1575 1.04159e-26 
4.165 7.29083e-27 
4.1625 8.21251e-27 
4.17 5.74378e-27 
4.1675 6.47168e-27 
4.175 4.52244e-27 
4.1725 5.09701e-27 
4.18 3.55876e-27 
4.1775 4.01205e-27 
4.185 2.79878e-27 
4.1825 3.1562e-27 
4.19 2.19978e-27 
4.1875 2.48145e-27 
4.195 1.72792e-27 
4.1925 1.94977e-27 
4.2 1.35644e-27 
4.1975 1.53107e-27 
4.205 1.06415e-27 
4.2025 1.20153e-27 
4.21 8.34311e-28 
4.2075 9.42324e-28 
4.215 6.53686e-28 
4.2125 7.38556e-28 
4.22 5.11827e-28 
4.2175 5.78471e-28 
4.225 4.00484e-28 
4.2225 4.52783e-28 
4.23 3.1315e-28 
4.2275 3.54165e-28 
4.235 2.44691e-28 
4.2325 2.76836e-28 
4.24 1.91065e-28 
4.2375 2.1624e-28 
4.245 1.49085e-28 
4.2425 1.68789e-28 
4.25 1.16245e-28 
4.2475 1.31657e-28 
4.255 9.05735e-29 
4.2525 1.02619e-28 
4.26 7.05191e-29 
4.2575 7.9927e-29 
4.265 5.48641e-29 
4.2625 6.22068e-29 
4.27 4.26523e-29 
4.2675 4.83789e-29 
4.275 3.31334e-29 
4.2725 3.75963e-29 
4.28 2.57191e-29 
4.2775 2.91946e-29 
4.285 1.99483e-29 
4.2825 2.26528e-29 
4.29 1.54602e-29 
4.2875 1.75632e-29 
4.295 1.19724e-29 
4.2925 1.36063e-29 
4.3 9.264e-30 
4.2975 1.05325e-29 
4.305 7.16251e-30 
4.3025 8.14658e-30 
4.31 5.53322e-30 
4.3075 6.296e-30 
4.315 4.27104e-30 
4.3125 4.86182e-30 
4.32 3.29404e-30 
4.3175 3.75124e-30 
4.325 2.53841e-30 
4.3225 2.89194e-30 
4.33 1.95447e-30 
4.3275 2.22761e-30 
4.335 1.50358e-30 
4.3325 1.71445e-30 
4.34 1.15573e-30 
4.3375 1.31837e-30 
4.345 8.87587e-31 
4.3425 1.01293e-30 
4.35 6.81066e-31 
4.3475 7.77582e-31 
4.355 5.22143e-31 
4.3525 5.96398e-31 
4.36 3.99953e-31 
4.3575 4.57032e-31 
4.365 3.06088e-31 
4.3625 3.49925e-31 
4.37 2.34044e-31 
4.3675 2.67682e-31 
4.375 1.78797e-31 
4.3725 2.04586e-31 
4.38 1.36469e-31 
4.3775 1.56223e-31 
4.385 1.04068e-31 
4.3825 1.19185e-31 
4.39 7.92874e-32 
4.3875 9.08465e-32 
4.395 6.03527e-32 
4.3925 6.91829e-32 
4.4 4.58978e-32 
4.3975 5.26372e-32 
4.405 3.48728e-32 
4.4025 4.00118e-32 
4.41 2.64716e-32 
4.4075 3.03866e-32 
4.415 2.00757e-32 
4.4125 2.30555e-32 
4.42 1.5211e-32 
4.4175 1.74769e-32 
4.425 1.15143e-32 
4.4225 1.32357e-32 
4.43 8.70782e-33 
4.4275 1.00144e-32 
4.435 6.57918e-33 
4.4325 7.56991e-33 
4.44 4.96619e-33 
4.4375 5.71673e-33 
4.445 3.74509e-33 
4.4425 4.31313e-33 
4.45 2.82154e-33 
4.4475 3.25106e-33 
4.455 2.12371e-33 
4.4525 2.44817e-33 
4.46 1.59694e-33 
4.4575 1.8418e-33 
4.465 1.19968e-33 
4.4625 1.38429e-33 
4.47 9.00368e-34 
4.4675 1.03942e-33 
4.475 6.75081e-34 
4.4725 7.79721e-34 
4.48 5.05673e-34 
4.4775 5.84338e-34 
4.485 3.78409e-34 
4.4825 4.37489e-34 
4.49 2.82897e-34 
4.4875 3.27225e-34 
4.495 2.11286e-34 
4.4925 2.44513e-34 
4.5 1.57648e-34 
4.4975 1.82529e-34 
4.505 1.17511e-34 
4.5025 1.36124e-34 
4.51 8.75067e-35 
4.5075 1.01417e-34 
4.515 6.50991e-35 
4.5125 7.54849e-35 
4.52 4.83815e-35 
4.5175 5.6128e-35 
4.525 3.59214e-35 
4.5225 4.16935e-35 
4.53 2.66438e-35 
4.5275 3.09405e-35 
4.535 1.97427e-35 
4.5325 2.29379e-35 
4.54 1.46145e-35 
4.5375 1.69882e-35 
4.545 1.08076e-35 
4.5425 1.25692e-35 
4.55 7.98432e-36 
4.5475 9.29042e-36 
4.555 5.89267e-36 
4.5525 6.86006e-36 
4.56 4.34462e-36 
4.5575 5.0604e-36 
4.565 3.20003e-36 
4.5625 3.72911e-36 
4.57 2.35462e-36 
4.5675 2.7453e-36 
4.575 1.73081e-36 
4.5725 2.019e-36 
4.58 1.27098e-36 
4.5775 1.48336e-36 
4.585 9.32375e-37 
4.5825 1.08872e-36 
4.59 6.83287e-37 
4.5875 7.9827e-37 
4.595 5.00238e-37 
4.5925 5.84713e-37 
4.6 3.65855e-37 
4.5975 4.27854e-37 
4.605 2.67302e-37 
4.6025 3.12758e-37 
4.61 1.95098e-37 
4.6075 2.28392e-37 
4.615 1.42253e-37 
4.6125 1.66614e-37 
4.62 1.03617e-37 
4.6175 1.21423e-37 
4.625 7.53975e-38 
4.6225 8.83989e-38 
4.63 5.48075e-38 
4.6275 6.42912e-38 
4.635 3.97998e-38 
4.6325 4.67104e-38 
4.64 2.88721e-38 
4.6375 3.39025e-38 
4.645 2.09234e-38 
4.6425 2.45815e-38 
4.65 1.51475e-38 
4.6475 1.78049e-38 
4.655 1.09549e-38 
4.6525 1.28833e-38 
4.66 7.91459e-39 
4.6575 9.3126e-39 
4.665 5.71222e-39 
4.6625 6.72465e-39 
4.67 4.11848e-39 
4.6675 4.85092e-39 
4.675 2.96636e-39 
4.6725 3.49569e-39 
4.68 2.13435e-39 
4.6775 2.5165e-39 
4.685 1.53413e-39 
4.6825 1.80974e-39 
4.69 1.10157e-39 
4.6875 1.30014e-39 
4.695 7.90162e-40 
4.6925 9.33076e-40 
4.7 5.66207e-40 
4.6975 6.68958e-40 
4.705 4.0531e-40 
4.7025 4.79109e-40 
4.71 2.89837e-40 
4.7075 3.42786e-40 
4.715 2.07049e-40 
4.7125 2.45e-40 
4.72 1.47757e-40 
4.7175 1.7493e-40 
4.725 1.05335e-40 
4.7225 1.24771e-40 
4.73 7.50162e-41 
4.7275 8.89033e-41 
4.735 5.3369e-41 
4.7325 6.32813e-41 
4.74 3.79294e-41 
4.7375 4.49972e-41 
4.745 2.69288e-41 
4.7425 3.19631e-41 
4.75 1.9099e-41 
4.7475 2.26812e-41 
4.755 1.35319e-41 
4.7525 1.60782e-41 
4.76 9.57762e-42 
4.7575 1.13857e-41 
4.765 6.7719e-42 
4.7625 8.05447e-42 
4.77 4.78319e-42 
4.7675 5.69202e-42 
4.775 3.37502e-42 
4.7725 4.01837e-42 
4.78 2.37897e-42 
4.7775 2.83391e-42 
4.785 1.67516e-42 
4.7825 1.99653e-42 
4.79 1.17835e-42 
4.7875 1.40513e-42 
4.795 8.28033e-43 
4.7925 9.87901e-43 
4.8 5.81264e-43 
4.7975 6.93846e-43 
4.805 4.07618e-43 
4.8025 4.86817e-43 
4.81 2.85553e-43 
4.8075 3.4121e-43 
4.815 1.99835e-43 
4.8125 2.38908e-43 
4.82 1.39705e-43 
4.8175 1.67107e-43 
4.825 9.75679e-44 
4.8225 1.16765e-43 
4.83 6.80698e-44 
4.8275 8.15047e-44 
4.835 4.74413e-44 
4.8325 5.68339e-44 
4.84 3.30303e-44 
4.8375 3.95901e-44 
4.845 2.29733e-44 
4.8425 2.75499e-44 
4.85 1.5962e-44 
4.8475 1.91517e-44 
4.855 1.10791e-44 
4.8525 1.32999e-44 
4.86 7.6821e-45 
4.8575 9.22666e-45 
4.865 5.32118e-45 
4.8625 6.39434e-45 
4.87 3.68207e-45 
4.8675 4.42692e-45 
4.875 2.54525e-45 
4.8725 3.0617e-45 
4.88 1.75761e-45 
4.8775 2.11533e-45 
4.885 1.21247e-45 
4.8825 1.45999e-45 
4.89 8.35559e-46 
4.8875 1.00664e-45 
4.895 5.75224e-46 
4.8925 6.93359e-46 
4.9 3.95598e-46 
4.8975 4.77086e-46 
4.905 2.71785e-46 
4.9025 3.27937e-46 
4.91 1.86533e-46 
4.9075 2.25186e-46 
4.915 1.27891e-46 
4.9125 1.54472e-46 
4.92 8.75958e-47 
4.9175 1.05855e-46 
4.925 5.99355e-47 
4.9225 7.2466e-47 
4.93 4.09679e-47 
4.9275 4.9558e-47 
4.935 2.79747e-47 
4.9325 3.38574e-47 
4.94 1.90833e-47 
4.9375 2.31078e-47 
4.945 1.30054e-47 
4.9425 1.57556e-47 
4.95 8.85518e-48 
4.9475 1.07325e-47 
4.955 6.0247e-48 
4.9525 7.30462e-48 
4.96 4.09698e-48 
4.9575 4.96831e-48 
4.965 2.78652e-48 
4.9625 3.37849e-48 
4.97 1.89819e-48 
4.9675 2.29906e-48 
4.975 1.29902e-48 
4.9725 1.5689e-48 
4.98 8.98889e-49 
4.9775 1.07842e-48 
4.985 6.37316e-49 
4.9825 7.53661e-49 
4.99 4.74598e-49 
4.9875 5.4544e-49 
4.995 3.85951e-49 
4.9925 4.22089e-49 
5 3.57835e-49 
4.9975 3.64793e-49 
