0 8.51743e-06 
0.005 8.60039e-06 
0.0025 8.53815e-06 
0.01 8.85065e-06 
0.0075 8.7044e-06 
0.015 9.27245e-06 
0.0125 9.03973e-06 
0.02 9.8729e-06 
0.0175 9.54978e-06 
0.025 1.06621e-05 
0.0225 1.02432e-05 
0.03 1.16533e-05 
0.0275 1.11315e-05 
0.035 1.28631e-05 
0.0325 1.22297e-05 
0.04 1.43117e-05 
0.0375 1.35561e-05 
0.045 1.60229e-05 
0.0425 1.51328e-05 
0.05 1.80252e-05 
0.0475 1.69858e-05 
0.055 2.03513e-05 
0.0525 1.91455e-05 
0.06 2.30392e-05 
0.0575 2.16474e-05 
0.065 2.61324e-05 
0.0625 2.45322e-05 
0.07 2.96808e-05 
0.0675 2.78463e-05 
0.075 3.37411e-05 
0.0725 3.16431e-05 
0.08 3.83778e-05 
0.0775 3.5983e-05 
0.085 4.36642e-05 
0.0825 4.09349e-05 
0.09 4.96831e-05 
0.0875 4.65765e-05 
0.095 5.65283e-05 
0.0925 5.29961e-05 
0.1 6.43055e-05 
0.0975 6.02933e-05 
0.105 7.31342e-05 
0.1025 6.85803e-05 
0.11 8.31489e-05 
0.1075 7.79842e-05 
0.115 9.45014e-05 
0.1125 8.86477e-05 
0.12 0.000107362 
0.1175 0.000100732 
0.125 0.000121924 
0.1225 0.000114418 
0.13 0.000138403 
0.1275 0.000129909 
0.135 0.000157042 
0.1325 0.000147436 
0.14 0.000178114 
0.1375 0.000167255 
0.145 0.000201926 
0.1425 0.000189656 
0.15 0.000228823 
0.1475 0.000214965 
0.155 0.000259192 
0.1525 0.000243547 
0.16 0.000293468 
0.1575 0.000275813 
0.165 0.000332138 
0.1625 0.000312221 
0.17 0.00037575 
0.1675 0.00035329 
0.175 0.000424918 
0.1725 0.000399598 
0.18 0.000480328 
0.1775 0.000451796 
0.185 0.000542754 
0.1825 0.000510613 
0.19 0.00061306 
0.1875 0.000576864 
0.195 0.000692215 
0.1925 0.000651467 
0.2 0.000781305 
0.1975 0.000735445 
0.205 0.000881546 
0.2025 0.00082995 
0.21 0.0009943 
0.2075 0.000936268 
0.215 0.00112109 
0.2125 0.00105584 
0.22 0.00126363 
0.2175 0.00119028 
0.225 0.00142382 
0.2225 0.00134139 
0.23 0.00160381 
0.2275 0.0015112 
0.235 0.00180597 
0.2325 0.00170196 
0.24 0.002033 
0.2375 0.0019162 
0.245 0.00228786 
0.2425 0.00215675 
0.25 0.00257392 
0.2475 0.00242677 
0.255 0.00289488 
0.2525 0.00272979 
0.26 0.00325493 
0.2575 0.00306974 
0.265 0.00365872 
0.2625 0.00345105 
0.27 0.00411143 
0.2675 0.00387861 
0.275 0.00461887 
0.2725 0.00435792 
0.28 0.00518748 
0.2775 0.00489509 
0.285 0.00582446 
0.2825 0.00549694 
0.29 0.00653783 
0.2875 0.00617106 
0.295 0.00733652 
0.2925 0.00692592 
0.3 0.00823043 
0.2975 0.00777091 
0.305 0.00923059 
0.3025 0.00871649 
0.31 0.0103493 
0.3075 0.0097743 
0.315 0.0116 
0.3125 0.0109572 
0.32 0.0129979 
0.3175 0.0122795 
0.325 0.0145595 
0.3225 0.0137571 
0.33 0.0163033 
0.3275 0.0154074 
0.335 0.0182495 
0.3325 0.0172498 
0.34 0.0204206 
0.3375 0.0193055 
0.345 0.0228411 
0.3425 0.0215981 
0.35 0.025538 
0.3475 0.0241532 
0.355 0.0285407 
0.3525 0.0269992 
0.36 0.0318815 
0.3575 0.0301668 
0.365 0.0355954 
0.3625 0.0336895 
0.37 0.0397203 
0.3675 0.037604 
0.375 0.0442971 
0.3725 0.0419495 
0.38 0.04937 
0.3775 0.0467687 
0.385 0.0549858 
0.3825 0.0521069 
0.39 0.0611945 
0.3875 0.0580128 
0.395 0.068049 
0.3925 0.0645377 
0.4 0.0756042 
0.3975 0.0717355 
0.405 0.0839174 
0.4025 0.0796624 
0.41 0.0930471 
0.4075 0.0883765 
0.415 0.103053 
0.4125 0.0979368 
0.42 0.113993 
0.4175 0.108403 
0.425 0.125926 
0.4225 0.119832 
0.43 0.138907 
0.4275 0.132282 
0.435 0.152985 
0.4325 0.145805 
0.44 0.168205 
0.4375 0.160449 
0.445 0.184603 
0.4425 0.176255 
0.45 0.202205 
0.4475 0.193252 
0.455 0.221025 
0.4525 0.211463 
0.46 0.241062 
0.4575 0.230892 
0.465 0.262298 
0.4625 0.251531 
0.47 0.284698 
0.4675 0.273355 
0.475 0.308207 
0.4725 0.296318 
0.48 0.33275 
0.4775 0.320354 
0.485 0.358231 
0.4825 0.34538 
0.49 0.384536 
0.4875 0.371289 
0.495 0.411532 
0.4925 0.397957 
0.5 0.439069 
0.4975 0.425243 
0.505 0.466985 
0.5025 0.45299 
0.51 0.495108 
0.5075 0.481031 
0.515 0.523262 
0.5125 0.509192 
0.52 0.55127 
0.5175 0.537296 
0.525 0.578958 
0.5225 0.565165 
0.53 0.60616 
0.5275 0.59263 
0.535 0.632722 
0.5325 0.61953 
0.54 0.658505 
0.5375 0.645719 
0.545 0.683387 
0.5425 0.671066 
0.55 0.707267 
0.5475 0.695458 
0.555 0.730061 
0.5525 0.718804 
0.56 0.751708 
0.5575 0.741031 
0.565 0.772166 
0.5625 0.762087 
0.57 0.791411 
0.5675 0.781941 
0.575 0.809437 
0.5725 0.800576 
0.58 0.826253 
0.5775 0.817995 
0.585 0.84188 
0.5825 0.834213 
0.59 0.856352 
0.5875 0.849258 
0.595 0.86971 
0.5925 0.863167 
0.6 0.882002 
0.5975 0.875986 
0.605 0.893282 
0.6025 0.887765 
0.61 0.903607 
0.6075 0.89856 
0.615 0.913035 
0.6125 0.908429 
0.62 0.921626 
0.6175 0.917432 
0.625 0.929439 
0.6225 0.925626 
0.63 0.936531 
0.6275 0.933072 
0.635 0.942959 
0.6325 0.939825 
0.64 0.948775 
0.6375 0.94594 
0.645 0.954031 
0.6425 0.95147 
0.65 0.958776 
0.6475 0.956465 
0.655 0.963053 
0.6525 0.96097 
0.66 0.966905 
0.6575 0.965029 
0.665 0.970371 
0.6625 0.968684 
0.67 0.973487 
0.6675 0.971971 
0.675 0.976286 
0.6725 0.974924 
0.68 0.978799 
0.6775 0.977577 
0.685 0.981054 
0.6825 0.979957 
0.69 0.983075 
0.6875 0.982092 
0.695 0.984886 
0.6925 0.984005 
0.7 0.986508 
0.6975 0.985719 
0.705 0.98796 
0.7025 0.987254 
0.71 0.989259 
0.7075 0.988628 
0.715 0.990421 
0.7125 0.989857 
0.72 0.99146 
0.7175 0.990956 
0.725 0.992389 
0.7225 0.991938 
0.73 0.993219 
0.7275 0.992816 
0.735 0.99396 
0.7325 0.9936 
0.74 0.994622 
0.7375 0.9943 
0.745 0.995212 
0.7425 0.994925 
0.75 0.995739 
0.7475 0.995483 
0.755 0.996209 
0.7525 0.995981 
0.76 0.996629 
0.7575 0.996425 
0.765 0.997002 
0.7625 0.996821 
0.77 0.997336 
0.7675 0.997174 
0.775 0.997633 
0.7725 0.997488 
0.78 0.997897 
0.7775 0.997769 
0.785 0.998133 
0.7825 0.998018 
0.79 0.998342 
0.7875 0.99824 
0.795 0.998529 
0.7925 0.998438 
0.8 0.998695 
0.7975 0.998614 
0.805 0.998843 
0.8025 0.998771 
0.81 0.998974 
0.8075 0.99891 
0.815 0.999091 
0.8125 0.999034 
0.82 0.999195 
0.8175 0.999144 
0.825 0.999287 
0.8225 0.999242 
0.83 0.999369 
0.8275 0.999329 
0.835 0.999441 
0.8325 0.999406 
0.84 0.999506 
0.8375 0.999475 
0.845 0.999563 
0.8425 0.999535 
0.85 0.999614 
0.8475 0.999589 
0.855 0.999659 
0.8525 0.999637 
0.86 0.999699 
0.8575 0.99968 
0.865 0.999734 
0.8625 0.999717 
0.87 0.999765 
0.8675 0.99975 
0.875 0.999793 
0.8725 0.99978 
0.88 0.999818 
0.8775 0.999806 
0.885 0.999839 
0.8825 0.999829 
0.89 0.999858 
0.8875 0.999849 
0.895 0.999875 
0.8925 0.999867 
0.9 0.99989 
0.8975 0.999883 
0.905 0.999903 
0.9025 0.999897 
0.91 0.999915 
0.9075 0.999909 
0.915 0.999925 
0.9125 0.99992 
0.92 0.999934 
0.9175 0.999929 
0.925 0.999941 
0.9225 0.999938 
0.93 0.999948 
0.9275 0.999945 
0.935 0.999954 
0.9325 0.999951 
0.94 0.999959 
0.9375 0.999957 
0.945 0.999964 
0.9425 0.999962 
0.95 0.999968 
0.9475 0.999966 
0.955 0.999971 
0.9525 0.99997 
0.96 0.999974 
0.9575 0.999973 
0.965 0.999976 
0.9625 0.999975 
0.97 0.999978 
0.9675 0.999977 
0.975 0.99998 
0.9725 0.999979 
0.98 0.999981 
0.9775 0.999981 
0.985 0.999982 
0.9825 0.999982 
0.99 0.999983 
0.9875 0.999982 
0.995 0.999983 
0.9925 0.999983 
1 0.999983 
0.9975 0.999983 
1.005 0.999983 
1.0025 0.999983 
1.01 0.999982 
1.0075 0.999982 
1.015 0.999981 
1.0125 0.999982 
1.02 0.99998 
1.0175 0.999981 
1.025 0.999979 
1.0225 0.99998 
1.03 0.999977 
1.0275 0.999978 
1.035 0.999975 
1.0325 0.999976 
1.04 0.999973 
1.0375 0.999974 
1.045 0.99997 
1.0425 0.999971 
1.05 0.999967 
1.0475 0.999968 
1.055 0.999963 
1.0525 0.999965 
1.06 0.999959 
1.0575 0.999961 
1.065 0.999954 
1.0625 0.999957 
1.07 0.999949 
1.0675 0.999952 
1.075 0.999943 
1.0725 0.999946 
1.08 0.999936 
1.0775 0.99994 
1.085 0.999929 
1.0825 0.999933 
1.09 0.999921 
1.0875 0.999925 
1.095 0.999911 
1.0925 0.999916 
1.1 0.999901 
1.0975 0.999906 
1.105 0.999889 
1.1025 0.999895 
1.11 0.999876 
1.1075 0.999883 
1.115 0.999862 
1.1125 0.999869 
1.12 0.999846 
1.1175 0.999854 
1.125 0.999828 
1.1225 0.999837 
1.13 0.999808 
1.1275 0.999818 
1.135 0.999786 
1.1325 0.999798 
1.14 0.999762 
1.1375 0.999774 
1.145 0.999734 
1.1425 0.999748 
1.15 0.999704 
1.1475 0.99972 
1.155 0.99967 
1.1525 0.999688 
1.16 0.999633 
1.1575 0.999652 
1.165 0.999591 
1.1625 0.999613 
1.17 0.999545 
1.1675 0.999569 
1.175 0.999494 
1.1725 0.99952 
1.18 0.999437 
1.1775 0.999466 
1.185 0.999374 
1.1825 0.999406 
1.19 0.999304 
1.1875 0.99934 
1.195 0.999227 
1.1925 0.999266 
1.2 0.999141 
1.1975 0.999185 
1.205 0.999046 
1.2025 0.999094 
1.21 0.99894 
1.2075 0.998994 
1.215 0.998823 
1.2125 0.998883 
1.22 0.998694 
1.2175 0.99876 
1.225 0.99855 
1.2225 0.998624 
1.23 0.998391 
1.2275 0.998473 
1.235 0.998215 
1.2325 0.998305 
1.24 0.99802 
1.2375 0.99812 
1.245 0.997804 
1.2425 0.997915 
1.25 0.997565 
1.2475 0.997688 
1.255 0.997301 
1.2525 0.997436 
1.26 0.997008 
1.2575 0.997158 
1.265 0.996684 
1.2625 0.99685 
1.27 0.996326 
1.2675 0.99651 
1.275 0.995929 
1.2725 0.996133 
1.28 0.995491 
1.2775 0.995715 
1.285 0.995005 
1.2825 0.995254 
1.29 0.994469 
1.2875 0.994744 
1.295 0.993875 
1.2925 0.99418 
1.3 0.993219 
1.2975 0.993556 
1.305 0.992494 
1.3025 0.992866 
1.31 0.991692 
1.3075 0.992103 
1.315 0.990806 
1.3125 0.99126 
1.32 0.989827 
1.3175 0.990329 
1.325 0.988746 
1.3225 0.9893 
1.33 0.987551 
1.3275 0.988163 
1.335 0.986232 
1.3325 0.986908 
1.34 0.984776 
1.3375 0.985522 
1.345 0.983169 
1.3425 0.983992 
1.35 0.981396 
1.3475 0.982304 
1.355 0.97944 
1.3525 0.980442 
1.36 0.977284 
1.3575 0.978388 
1.365 0.974908 
1.3625 0.976125 
1.37 0.972292 
1.3675 0.973631 
1.375 0.969411 
1.3725 0.970886 
1.38 0.966241 
1.3775 0.967864 
1.385 0.962757 
1.3825 0.96454 
1.39 0.958928 
1.3875 0.960887 
1.395 0.954725 
1.3925 0.956875 
1.4 0.950114 
1.3975 0.952472 
1.405 0.945062 
1.4025 0.947645 
1.41 0.939532 
1.4075 0.942359 
1.415 0.933485 
1.4125 0.936575 
1.42 0.926883 
1.4175 0.930256 
1.425 0.919684 
1.4225 0.92336 
1.43 0.911846 
1.4275 0.915847 
1.435 0.903328 
1.4325 0.907675 
1.44 0.894087 
1.4375 0.8988 
1.445 0.884083 
1.4425 0.889183 
1.45 0.873275 
1.4475 0.878782 
1.455 0.861628 
1.4525 0.867559 
1.46 0.849108 
1.4575 0.855479 
1.465 0.835687 
1.4625 0.842511 
1.47 0.821342 
1.4675 0.828631 
1.475 0.80606 
1.4725 0.813819 
1.48 0.789835 
1.4775 0.798065 
1.485 0.772669 
1.4825 0.781369 
1.49 0.75458 
1.4875 0.763739 
1.495 0.735595 
1.4925 0.745197 
1.5 0.715754 
1.4975 0.725778 
1.505 0.695112 
1.5025 0.705529 
1.51 0.673737 
1.5075 0.684511 
1.515 0.651713 
1.5125 0.662801 
1.52 0.629132 
1.5175 0.640486 
1.525 0.606103 
1.5225 0.617667 
1.53 0.582742 
1.5275 0.594456 
1.535 0.559174 
1.5325 0.570976 
1.54 0.535531 
1.5375 0.547354 
1.545 0.511948 
1.5425 0.523724 
1.55 0.488559 
1.5475 0.50022 
1.555 0.465499 
1.5525 0.476979 
1.56 0.442897 
1.5575 0.454132 
1.565 0.420876 
1.5625 0.431806 
1.57 0.399551 
1.5675 0.41012 
1.575 0.379027 
1.5725 0.389183 
1.58 0.359398 
1.5775 0.369096 
1.585 0.340746 
1.5825 0.349946 
1.59 0.323142 
1.5875 0.331809 
1.595 0.306645 
1.5925 0.314752 
1.6 0.291303 
1.5975 0.298827 
1.605 0.277155 
1.6025 0.284078 
1.61 0.264229 
1.6075 0.270537 
1.615 0.252546 
1.6125 0.258231 
1.62 0.242122 
1.6175 0.247176 
1.625 0.232962 
1.6225 0.237383 
1.63 0.225072 
1.6275 0.228858 
1.635 0.218449 
1.6325 0.221602 
1.64 0.213088 
1.6375 0.215611 
1.645 0.208981 
1.6425 0.210878 
1.65 0.206117 
1.6475 0.207394 
1.655 0.204482 
1.6525 0.205146 
1.66 0.20406 
1.6575 0.20412 
1.665 0.204834 
1.6625 0.204299 
1.67 0.206784 
1.6675 0.205664 
1.675 0.20989 
1.6725 0.208194 
1.68 0.21413 
1.6775 0.211869 
1.685 0.219481 
1.6825 0.216668 
1.69 0.225922 
1.6875 0.222566 
1.695 0.233429 
1.6925 0.229543 
1.7 0.24198 
1.6975 0.237575 
1.705 0.251552 
1.7025 0.24664 
1.71 0.262121 
1.7075 0.256714 
1.715 0.273663 
1.7125 0.267772 
1.72 0.286152 
1.7175 0.279791 
1.725 0.29956 
1.7225 0.292743 
1.73 0.313856 
1.7275 0.306599 
1.735 0.329008 
1.7325 0.321327 
1.74 0.344977 
1.7375 0.336892 
1.745 0.361722 
1.7425 0.353255 
1.75 0.379197 
1.7475 0.370372 
1.755 0.39735 
1.7525 0.388192 
1.76 0.416123 
1.7575 0.406663 
1.765 0.435454 
1.7625 0.425723 
1.77 0.455273 
1.7675 0.445307 
1.775 0.475508 
1.7725 0.465344 
1.78 0.496078 
1.7775 0.485756 
1.785 0.516901 
1.7825 0.506464 
1.79 0.53789 
1.7875 0.527381 
1.795 0.558956 
1.7925 0.548419 
1.8 0.580009 
1.7975 0.56949 
1.805 0.600957 
1.8025 0.590501 
1.81 0.621712 
1.8075 0.611364 
1.815 0.642189 
1.8125 0.631991 
1.82 0.662303 
1.8175 0.652296 
1.825 0.68198 
1.8225 0.672201 
1.83 0.701147 
1.8275 0.691631 
1.835 0.719743 
1.8325 0.71052 
1.84 0.737713 
1.8375 0.72881 
1.845 0.75501 
1.8425 0.746448 
1.85 0.771596 
1.8475 0.763394 
1.855 0.787444 
1.8525 0.779614 
1.86 0.802533 
1.8575 0.795084 
1.865 0.816851 
1.8625 0.809789 
1.87 0.830395 
1.8675 0.82372 
1.875 0.843168 
1.8725 0.836878 
1.88 0.855179 
1.8775 0.849268 
1.885 0.866443 
1.8825 0.860903 
1.89 0.87698 
1.8875 0.871801 
1.895 0.886813 
1.8925 0.881983 
1.9 0.89597 
1.8975 0.891474 
1.905 0.904478 
1.9025 0.900303 
1.91 0.912369 
1.9075 0.908499 
1.915 0.919675 
1.9125 0.916093 
1.92 0.926427 
1.9175 0.923118 
1.925 0.932658 
1.9225 0.929606 
1.93 0.938402 
1.9275 0.935589 
1.935 0.943688 
1.9325 0.9411 
1.94 0.948547 
1.9375 0.946169 
1.945 0.95301 
1.9425 0.950826 
1.95 0.957105 
1.9475 0.955102 
1.955 0.960858 
1.9525 0.959022 
1.96 0.964296 
1.9575 0.962615 
1.965 0.967442 
1.9625 0.965904 
1.97 0.97032 
1.9675 0.968913 
1.975 0.97295 
1.9725 0.971664 
1.98 0.975353 
1.9775 0.974179 
1.985 0.977547 
1.9825 0.976475 
1.99 0.97955 
1.9875 0.978572 
1.995 0.981377 
1.9925 0.980485 
2 0.983044 
1.9975 0.98223 
2.005 0.984563 
2.0025 0.983821 
2.01 0.985948 
2.0075 0.985272 
2.015 0.98721 
2.0125 0.986594 
2.02 0.98836 
2.0175 0.987799 
2.025 0.989407 
2.0225 0.988896 
2.03 0.990361 
2.0275 0.989895 
2.035 0.991229 
2.0325 0.990805 
2.04 0.99202 
2.0375 0.991634 
2.045 0.992739 
2.0425 0.992388 
2.05 0.993394 
2.0475 0.993074 
2.055 0.99399 
2.0525 0.993699 
2.06 0.994532 
2.0575 0.994268 
2.065 0.995026 
2.0625 0.994785 
2.07 0.995475 
2.0675 0.995255 
2.075 0.995883 
2.0725 0.995684 
2.08 0.996254 
2.0775 0.996073 
2.085 0.996592 
2.0825 0.996427 
2.09 0.996899 
2.0875 0.996749 
2.095 0.997179 
2.0925 0.997042 
2.1 0.997433 
2.0975 0.997309 
2.105 0.997664 
2.1025 0.997551 
2.11 0.997873 
2.1075 0.997771 
2.115 0.998064 
2.1125 0.997971 
2.12 0.998237 
2.1175 0.998153 
2.125 0.998395 
2.1225 0.998318 
2.13 0.998538 
2.1275 0.998468 
2.135 0.998667 
2.1325 0.998604 
2.14 0.998785 
2.1375 0.998727 
2.145 0.998891 
2.1425 0.998839 
2.15 0.998988 
2.1475 0.998941 
2.155 0.999075 
2.1525 0.999033 
2.16 0.999154 
2.1575 0.999116 
2.165 0.999226 
2.1625 0.999191 
2.17 0.99929 
2.1675 0.999259 
2.175 0.999348 
2.1725 0.99932 
2.18 0.9994 
2.1775 0.999374 
2.185 0.999446 
2.1825 0.999424 
2.19 0.999488 
2.1875 0.999468 
2.195 0.999525 
2.1925 0.999507 
2.2 0.999558 
2.1975 0.999542 
2.205 0.999586 
2.2025 0.999572 
2.21 0.999611 
2.2075 0.999599 
2.215 0.999633 
2.2125 0.999623 
2.22 0.999651 
2.2175 0.999643 
2.225 0.999667 
2.2225 0.99966 
2.23 0.99968 
2.2275 0.999674 
2.235 0.99969 
2.2325 0.999685 
2.24 0.999697 
2.2375 0.999694 
2.245 0.999702 
2.2425 0.9997 
2.25 0.999705 
2.2475 0.999704 
2.255 0.999706 
2.2525 0.999706 
2.26 0.999704 
2.2575 0.999705 
2.265 0.999701 
2.2625 0.999703 
2.27 0.999696 
2.2675 0.999699 
2.275 0.999688 
2.2725 0.999692 
2.28 0.999679 
2.2775 0.999684 
2.285 0.999668 
2.2825 0.999674 
2.29 0.999655 
2.2875 0.999662 
2.295 0.999641 
2.2925 0.999648 
2.3 0.999624 
2.2975 0.999633 
2.305 0.999606 
2.3025 0.999616 
2.31 0.999586 
2.3075 0.999597 
2.315 0.999565 
2.3125 0.999576 
2.32 0.999542 
2.3175 0.999553 
2.325 0.999517 
2.3225 0.999529 
2.33 0.99949 
2.3275 0.999503 
2.335 0.999461 
2.3325 0.999476 
2.34 0.999431 
2.3375 0.999446 
2.345 0.999399 
2.3425 0.999415 
2.35 0.999365 
2.3475 0.999383 
2.355 0.99933 
2.3525 0.999348 
2.36 0.999293 
2.3575 0.999311 
2.365 0.999253 
2.3625 0.999273 
2.37 0.999213 
2.3675 0.999233 
2.375 0.99917 
2.3725 0.999191 
2.38 0.999125 
2.3775 0.999148 
2.385 0.999078 
2.3825 0.999102 
2.39 0.99903 
2.3875 0.999054 
2.395 0.998979 
2.3925 0.999005 
2.4 0.998927 
2.3975 0.998953 
2.405 0.998872 
2.4025 0.9989 
2.41 0.998816 
2.4075 0.998844 
2.415 0.998757 
2.4125 0.998787 
2.42 0.998696 
2.4175 0.998727 
2.425 0.998633 
2.4225 0.998665 
2.43 0.998567 
2.4275 0.9986 
2.435 0.998499 
2.4325 0.998533 
2.44 0.998428 
2.4375 0.998464 
2.445 0.998355 
2.4425 0.998392 
2.45 0.998278 
2.4475 0.998317 
2.455 0.998199 
2.4525 0.998239 
2.46 0.998117 
2.4575 0.998158 
2.465 0.998031 
2.4625 0.998074 
2.47 0.997942 
2.4675 0.997987 
2.475 0.997849 
2.4725 0.997896 
2.48 0.997752 
2.4775 0.997801 
2.485 0.99765 
2.4825 0.997701 
2.49 0.997544 
2.4875 0.997598 
2.495 0.997433 
2.4925 0.997489 
2.5 0.997316 
2.4975 0.997375 
2.505 0.997194 
2.5025 0.997256 
2.51 0.997065 
2.5075 0.99713 
2.515 0.996929 
2.5125 0.996998 
2.52 0.996786 
2.5175 0.996858 
2.525 0.996634 
2.5225 0.996711 
2.53 0.996474 
2.5275 0.996555 
2.535 0.996304 
2.5325 0.99639 
2.54 0.996124 
2.5375 0.996215 
2.545 0.995932 
2.5425 0.996029 
2.55 0.995727 
2.5475 0.995831 
2.555 0.995509 
2.5525 0.99562 
2.56 0.995276 
2.5575 0.995394 
2.565 0.995027 
2.5625 0.995154 
2.57 0.99476 
2.5675 0.994896 
2.575 0.994475 
2.5725 0.99462 
2.58 0.994168 
2.5775 0.994324 
2.585 0.993838 
2.5825 0.994006 
2.59 0.993484 
2.5875 0.993665 
2.595 0.993103 
2.5925 0.993297 
2.6 0.992693 
2.5975 0.992902 
2.605 0.99225 
2.6025 0.992476 
2.61 0.991773 
2.6075 0.992016 
2.615 0.991258 
2.6125 0.991521 
2.62 0.990703 
2.6175 0.990986 
2.625 0.990103 
2.6225 0.990408 
2.63 0.989454 
2.6275 0.989785 
2.635 0.988753 
2.6325 0.98911 
2.64 0.987995 
2.6375 0.988381 
2.645 0.987175 
2.6425 0.987593 
2.65 0.986288 
2.6475 0.98674 
2.655 0.985328 
2.6525 0.985818 
2.66 0.98429 
2.6575 0.984819 
2.665 0.983166 
2.6625 0.983739 
2.67 0.98195 
2.6675 0.98257 
2.675 0.980634 
2.6725 0.981305 
2.68 0.979209 
2.6775 0.979936 
2.685 0.977667 
2.6825 0.978454 
2.69 0.975999 
2.6875 0.97685 
2.695 0.974194 
2.6925 0.975114 
2.7 0.972241 
2.6975 0.973237 
2.705 0.970128 
2.7025 0.971205 
2.71 0.967844 
2.7075 0.969009 
2.715 0.965374 
2.7125 0.966633 
2.72 0.962704 
2.7175 0.964065 
2.725 0.959819 
2.7225 0.961289 
2.73 0.956702 
2.7275 0.95829 
2.735 0.953337 
2.7325 0.955052 
2.74 0.949705 
2.7375 0.951556 
2.745 0.945786 
2.7425 0.947783 
2.75 0.941561 
2.7475 0.943714 
2.755 0.937008 
2.7525 0.939327 
2.76 0.932104 
2.7575 0.934601 
2.765 0.926826 
2.7625 0.929513 
2.77 0.921149 
2.7675 0.924039 
2.775 0.915048 
2.7725 0.918153 
2.78 0.908497 
2.7775 0.91183 
2.785 0.901469 
2.7825 0.905044 
2.79 0.893937 
2.7875 0.897768 
2.795 0.885873 
2.7925 0.889973 
2.8 0.877251 
2.7975 0.881634 
2.805 0.868041 
2.8025 0.872721 
2.81 0.858218 
2.8075 0.863208 
2.815 0.847756 
2.8125 0.853069 
2.82 0.83663 
2.8175 0.842278 
2.825 0.824818 
2.8225 0.830811 
2.83 0.812299 
2.8275 0.818648 
2.835 0.799057 
2.8325 0.805769 
2.84 0.785076 
2.8375 0.792159 
2.845 0.77035 
2.8425 0.777807 
2.85 0.754871 
2.8475 0.762704 
2.855 0.738643 
2.8525 0.74685 
2.86 0.721672 
2.8575 0.730249 
2.865 0.703972 
2.8625 0.712912 
2.87 0.685565 
2.8675 0.694855 
2.875 0.666482 
2.8725 0.676106 
2.88 0.646759 
2.8775 0.656698 
2.885 0.626443 
2.8825 0.636672 
2.89 0.605588 
2.8875 0.616079 
2.895 0.584256 
2.8925 0.594977 
2.9 0.562517 
2.8975 0.573433 
2.905 0.540449 
2.9025 0.551519 
2.91 0.518132 
2.9075 0.529316 
2.915 0.495655 
2.9125 0.506908 
2.92 0.473107 
2.9175 0.484384 
2.925 0.450581 
2.9225 0.461836 
2.93 0.42817 
2.9275 0.439355 
2.935 0.405964 
2.9325 0.417035 
2.94 0.384051 
2.9375 0.394965 
2.945 0.362517 
2.9425 0.373232 
2.95 0.341439 
2.9475 0.351916 
2.955 0.320888 
2.9525 0.331093 
2.96 0.300929 
2.9575 0.310831 
2.965 0.281618 
2.9625 0.291189 
2.97 0.263001 
2.9675 0.27222 
2.975 0.245117 
2.9725 0.253965 
2.98 0.227995 
2.9775 0.236459 
2.985 0.211655 
2.9825 0.219726 
2.99 0.196111 
2.9875 0.203783 
2.995 0.181368 
2.9925 0.18864 
3 0.167424 
2.9975 0.174296 
3.005 0.15427 
3.0025 0.160749 
3.01 0.141894 
3.0075 0.147986 
3.015 0.130278 
3.0125 0.135992 
3.02 0.1194 
3.0175 0.124748 
3.025 0.109234 
3.0225 0.114229 
3.03 0.0997551 
3.0275 0.104411 
3.035 0.0909328 
3.0325 0.0952637 
3.04 0.0827375 
3.0375 0.0867587 
3.045 0.0751382 
3.0425 0.0788653 
3.05 0.0681041 
3.0475 0.0715525 
3.055 0.0616044 
3.0525 0.0647894 
3.06 0.0556088 
3.0575 0.0585455 
3.065 0.0500877 
3.0625 0.0527907 
3.07 0.0450125 
3.0675 0.0474961 
3.075 0.0403558 
3.0725 0.0426335 
3.08 0.0360912 
3.0775 0.0381761 
3.085 0.0321937 
3.0825 0.0340981 
3.09 0.0286395 
3.0875 0.0303751 
3.095 0.025406 
3.0925 0.026984 
3.1 0.0224718 
3.0975 0.0239028 
3.105 0.0198167 
3.1025 0.0211106 
3.11 0.0174213 
3.1075 0.0185877 
3.115 0.0152672 
3.1125 0.0163152 
3.12 0.0133367 
3.1175 0.014275 
3.125 0.0116131 
3.1225 0.0124501 
3.13 0.01008 
3.1275 0.0108237 
3.135 0.00872169 
3.1325 0.00937992 
3.14 0.00752319 
3.1375 0.00810339 
3.145 0.00646998 
3.1425 0.00697931 
3.15 0.0055482 
3.1475 0.0059935 
3.155 0.00474465 
3.1525 0.00513244 
3.16 0.00404687 
3.1575 0.00438328 
3.165 0.00344321 
3.1625 0.00373397 
3.17 0.0029228 
3.1675 0.00317324 
3.175 0.00247566 
3.1725 0.00269066 
3.18 0.00209267 
3.1775 0.00227668 
3.185 0.00176559 
3.1825 0.00192262 
3.19 0.00148699 
3.1875 0.00162066 
3.195 0.00125029 
3.1925 0.00136378 
3.2 0.00104963 
3.1975 0.00114579 
3.205 0.000879898 
3.2025 0.000961195 
3.21 0.000736597 
3.2075 0.0008052 
3.215 0.000615829 
3.2125 0.000673618 
3.22 0.000514222 
3.2175 0.000562822 
3.225 0.000428867 
3.2225 0.000469678 
3.23 0.000357271 
3.2275 0.00039149 
3.235 0.000297296 
3.2325 0.000325951 
3.24 0.000247122 
3.2375 0.000271086 
3.245 0.000205199 
3.2425 0.000225216 
3.25 0.000170211 
3.2475 0.000186912 
3.255 0.000141045 
3.2525 0.000154963 
3.26 0.000116759 
3.2575 0.000128344 
3.265 9.65573e-05 
3.2625 0.000106192 
3.27 7.97719e-05 
3.2675 8.77751e-05 
3.275 6.58391e-05 
3.2725 7.24804e-05 
3.28 5.42861e-05 
3.2775 5.97915e-05 
3.285 4.4716e-05 
3.2825 4.92753e-05 
3.29 3.67966e-05 
3.2875 4.05685e-05 
3.295 3.02497e-05 
3.2925 3.33671e-05 
3.3 2.48429e-05 
3.2975 2.74167e-05 
3.305 2.03821e-05 
3.3025 2.2505e-05 
3.31 1.67055e-05 
3.3075 1.84548e-05 
3.315 1.36783e-05 
3.3125 1.51182e-05 
3.32 1.11883e-05 
3.3175 1.23724e-05 
3.325 9.14224e-06 
3.3225 1.01149e-05 
3.33 7.46269e-06 
3.3275 8.26094e-06 
3.335 6.08542e-06 
3.3325 6.73983e-06 
3.34 4.95718e-06 
3.3375 5.49311e-06 
3.345 4.0339e-06 
3.3425 4.47236e-06 
3.35 3.27914e-06 
3.3475 3.63747e-06 
3.355 2.66278e-06 
3.3525 2.95532e-06 
3.36 2.15998e-06 
3.3575 2.39856e-06 
3.365 1.75025e-06 
3.3625 1.94461e-06 
3.37 1.41672e-06 
3.3675 1.57489e-06 
3.375 1.14551e-06 
3.3725 1.27409e-06 
3.38 9.25216e-07 
3.3775 1.02963e-06 
3.385 7.46471e-07 
3.3825 8.31164e-07 
3.39 6.01598e-07 
3.3875 6.70222e-07 
3.395 4.84308e-07 
3.3925 5.3985e-07 
3.4 3.89454e-07 
3.3975 4.34358e-07 
3.405 3.12829e-07 
3.4025 3.49093e-07 
3.41 2.51e-07 
3.4075 2.80253e-07 
3.415 2.01165e-07 
3.4125 2.24737e-07 
3.42 1.61044e-07 
3.4175 1.80015e-07 
3.425 1.28778e-07 
3.4225 1.4403e-07 
3.43 1.02861e-07 
3.4275 1.15109e-07 
3.435 8.20658e-08 
3.4325 9.18898e-08 
3.44 6.54001e-08 
3.4375 7.32709e-08 
3.445 5.20591e-08 
3.4425 5.83578e-08 
3.45 4.13919e-08 
3.4475 4.64267e-08 
3.455 3.28725e-08 
3.4525 3.68923e-08 
3.46 2.60764e-08 
3.4575 2.92821e-08 
3.465 2.06614e-08 
3.4625 2.32148e-08 
3.47 1.63518e-08 
3.4675 1.83833e-08 
3.475 1.2926e-08 
3.4725 1.45404e-08 
3.48 1.0206e-08 
3.4775 1.14874e-08 
3.485 8.04892e-09 
3.4825 9.06483e-09 
3.49 6.3403e-09 
3.4875 7.14475e-09 
3.495 4.98851e-09 
3.4925 5.62476e-09 
3.5 3.9203e-09 
3.4975 4.42292e-09 
3.505 3.07719e-09 
3.5025 3.47377e-09 
3.51 2.41255e-09 
3.5075 2.72508e-09 
3.515 1.88922e-09 
3.5125 2.13522e-09 
3.52 1.47765e-09 
3.5175 1.67106e-09 
3.525 1.15437e-09 
3.5225 1.30624e-09 
3.53 9.00743e-10 
3.5275 1.01985e-09 
3.535 7.02002e-10 
3.5325 7.95305e-10 
3.54 5.46458e-10 
3.5375 6.19458e-10 
3.545 4.2487e-10 
3.5425 4.81915e-10 
3.55 3.2994e-10 
3.5475 3.74464e-10 
3.555 2.55914e-10 
3.5525 2.90622e-10 
3.56 1.98258e-10 
3.5575 2.25282e-10 
3.565 1.53407e-10 
3.5625 1.74423e-10 
3.57 1.1856e-10 
3.5675 1.34883e-10 
3.575 9.15188e-11 
3.5725 1.04181e-10 
3.58 7.05599e-11 
3.5775 8.03709e-11 
3.585 5.43354e-11 
3.5825 6.19277e-11 
3.59 4.17912e-11 
3.5875 4.76594e-11 
3.595 3.21042e-11 
3.5925 3.66343e-11 
3.6 2.46329e-11 
3.5975 2.81257e-11 
3.605 1.88775e-11 
3.6025 2.15673e-11 
3.61 1.44494e-11 
3.6075 1.65182e-11 
3.615 1.10467e-11 
3.6125 1.26359e-11 
3.62 8.43503e-12 
3.6175 9.65435e-12 
3.625 6.43306e-12 
3.6225 7.36744e-12 
3.63 4.90031e-12 
3.6275 5.61546e-12 
3.635 3.72825e-12 
3.6325 4.27493e-12 
3.64 2.8331e-12 
3.6375 3.25048e-12 
3.645 2.15027e-12 
3.6425 2.46855e-12 
3.65 1.63005e-12 
3.6475 1.87246e-12 
3.655 1.23419e-12 
3.6525 1.41859e-12 
3.66 9.3334e-13 
3.6575 1.07343e-12 
3.665 7.04973e-13 
3.6625 8.1128e-13 
3.67 5.3184e-13 
3.6675 6.12408e-13 
3.675 4.00742e-13 
3.6725 4.61729e-13 
3.68 3.01596e-13 
3.6775 3.47704e-13 
3.685 2.26705e-13 
3.6825 2.61521e-13 
3.69 1.70205e-13 
3.6875 1.96463e-13 
3.695 1.27632e-13 
3.6925 1.47411e-13 
3.7 9.55931e-14 
3.6975 1.10473e-13 
3.705 7.15103e-14 
3.7025 8.26916e-14 
3.71 5.34303e-14 
3.7075 6.18219e-14 
3.715 3.98735e-14 
3.7125 4.61636e-14 
3.72 2.97207e-14 
3.7175 3.44299e-14 
3.725 2.21265e-14 
3.7225 2.56478e-14 
3.73 1.6453e-14 
3.7275 1.90828e-14 
3.735 1.22195e-14 
3.7325 1.41812e-14 
3.74 9.06451e-15 
3.7375 1.0526e-14 
3.745 6.71605e-15 
3.7425 7.80355e-15 
3.75 4.97008e-15 
3.7475 5.77832e-15 
3.755 3.67362e-15 
3.7525 4.27358e-15 
3.76 2.7121e-15 
3.7575 3.15691e-15 
3.765 1.99986e-15 
3.7625 2.32924e-15 
3.77 1.4729e-15 
3.7675 1.71652e-15 
3.775 1.08351e-15 
3.7725 1.26347e-15 
3.78 7.96111e-16 
3.7775 9.28893e-16 
3.785 5.8425e-16 
3.7825 6.82101e-16 
3.79 4.28261e-16 
3.7875 5.00283e-16 
3.795 3.13548e-16 
3.7925 3.66495e-16 
3.8 2.2929e-16 
3.7975 2.68168e-16 
3.805 1.67476e-16 
3.8025 1.95989e-16 
3.81 1.22182e-16 
3.8075 1.43068e-16 
3.815 8.9033e-17 
3.8125 1.04314e-16 
3.82 6.48013e-17 
3.8175 7.59677e-17 
3.825 4.71093e-17 
3.8225 5.52594e-17 
3.83 3.42074e-17 
3.8275 4.0149e-17 
3.835 2.481e-17 
3.8325 2.91363e-17 
3.84 1.79732e-17 
3.8375 2.11197e-17 
3.845 1.30053e-17 
3.8425 1.52909e-17 
3.85 9.39963e-18 
3.8475 1.1058e-17 
3.855 6.78576e-18 
3.8525 7.98757e-18 
3.86 4.89312e-18 
3.8575 5.76305e-18 
3.865 3.5243e-18 
3.8625 4.15326e-18 
3.87 2.5355e-18 
3.8675 2.9897e-18 
3.875 1.82205e-18 
3.8725 2.14967e-18 
3.88 1.30786e-18 
3.8775 1.5439e-18 
3.885 9.37725e-19 
3.8825 1.10759e-18 
3.89 6.71586e-19 
3.8875 7.93682e-19 
3.895 4.80445e-19 
3.8925 5.68107e-19 
3.9 3.43325e-19 
3.8975 4.06192e-19 
3.905 2.4507e-19 
3.9025 2.90104e-19 
3.91 1.74745e-19 
3.9075 2.06968e-19 
3.915 1.24466e-19 
3.9125 1.47497e-19 
3.92 8.85604e-20 
3.9175 1.05003e-19 
3.925 6.29467e-20 
3.9225 7.46723e-20 
3.93 4.4695e-20 
3.9275 5.30479e-20 
3.935 3.17036e-20 
3.9325 3.76474e-20 
3.94 2.24662e-20 
3.9375 2.66912e-20 
3.945 1.59049e-20 
3.9425 1.89051e-20 
3.95 1.12494e-20 
3.9475 1.33776e-20 
3.955 7.9495e-21 
3.9525 9.45758e-21 
3.96 5.61273e-21 
3.9575 6.68035e-21 
3.965 3.95962e-21 
3.9625 4.7147e-21 
3.97 2.79125e-21 
3.9675 3.32478e-21 
3.975 1.96623e-21 
3.9725 2.34288e-21 
3.98 1.38417e-21 
3.9775 1.64984e-21 
3.985 9.73853e-22 
3.9825 1.16109e-21 
3.99 6.84831e-22 
3.9875 8.16694e-22 
3.995 4.81394e-22 
3.9925 5.74192e-22 
4 3.38292e-22 
3.9975 4.03557e-22 
4.005 2.37689e-22 
4.0025 2.83565e-22 
4.01 1.66999e-22 
4.0075 1.9923e-22 
4.015 1.17347e-22 
4.0125 1.39984e-22 
4.02 8.24817e-23 
4.0175 9.83761e-23 
4.025 5.8004e-23 
4.0225 6.91627e-23 
4.03 4.08192e-23 
4.0275 4.86534e-23 
4.035 2.87529e-23 
4.0325 3.4254e-23 
4.04 2.02778e-23 
4.0375 2.41421e-23 
4.045 1.43221e-23 
4.0425 1.70381e-23 
4.05 1.01337e-23 
4.0475 1.20442e-23 
4.055 7.18534e-24 
4.0525 8.53063e-24 
4.06 5.10725e-24 
4.0575 6.0558e-24 
4.065 3.64032e-24 
4.0625 4.31021e-24 
4.07 2.60288e-24 
4.0675 3.0769e-24 
4.075 1.86759e-24 
4.0725 2.20377e-24 
4.08 1.34513e-24 
4.0775 1.58418e-24 
4.085 9.72822e-25 
4.0825 1.14331e-24 
4.09 7.06657e-25 
4.0875 8.28654e-25 
4.095 5.15688e-25 
4.0925 6.03308e-25 
4.1 3.78132e-25 
4.0975 4.41315e-25 
4.105 2.7863e-25 
4.1025 3.24389e-25 
4.11 2.06329e-25 
4.1075 2.3962e-25 
4.115 1.53544e-25 
4.1125 1.77881e-25 
4.12 1.14818e-25 
4.1175 1.32696e-25 
4.125 8.62629e-26 
4.1225 9.94636e-26 
4.13 6.51016e-26 
4.1275 7.48976e-26 
4.135 4.93406e-26 
4.1325 5.66464e-26 
4.14 3.75438e-26 
4.1375 4.30192e-26 
4.145 2.86721e-26 
4.1425 3.2795e-26 
4.15 2.19699e-26 
4.1475 2.50883e-26 
4.155 1.68849e-26 
4.1525 1.92534e-26 
4.16 1.30114e-26 
4.1575 1.48175e-26 
4.165 1.00501e-26 
4.1625 1.14321e-26 
4.17 7.77849e-27 
4.1675 8.83951e-27 
4.175 6.03083e-27 
4.1725 6.84775e-27 
4.18 4.6827e-27 
4.1775 5.31328e-27 
4.185 3.64034e-27 
4.1825 4.12818e-27 
4.19 2.83279e-27 
4.1875 3.21092e-27 
4.195 2.20609e-27 
4.1925 2.49966e-27 
4.2 1.71905e-27 
4.1975 1.94728e-27 
4.205 1.34009e-27 
4.2025 1.51772e-27 
4.21 1.04495e-27 
4.2075 1.18332e-27 
4.215 8.14917e-28 
4.2125 9.22782e-28 
4.22 6.35535e-28 
4.2175 7.19661e-28 
4.225 4.95596e-28 
4.2225 5.61229e-28 
4.23 3.86401e-28 
4.2275 4.37617e-28 
4.235 3.01186e-28 
4.2325 3.41155e-28 
4.24 2.34686e-28 
4.2375 2.65876e-28 
4.245 1.82797e-28 
4.2425 2.07133e-28 
4.25 1.42316e-28 
4.2475 1.61301e-28 
4.255 1.10745e-28 
4.2525 1.2555e-28 
4.26 8.61314e-29 
4.2575 9.76726e-29 
4.265 6.69494e-29 
4.2625 7.59426e-29 
4.27 5.20075e-29 
4.2675 5.90119e-29 
4.275 4.03746e-29 
4.2725 4.5827e-29 
4.28 3.13228e-29 
4.2775 3.55648e-29 
4.285 2.42836e-29 
4.2825 2.75819e-29 
4.29 1.88129e-29 
4.2875 2.13758e-29 
4.295 1.45641e-29 
4.2925 1.65542e-29 
4.3 1.12664e-29 
4.2975 1.28107e-29 
4.305 8.70878e-30 
4.3025 9.90632e-30 
4.31 6.72654e-30 
4.3075 7.65449e-30 
4.315 5.19139e-30 
4.3125 5.9099e-30 
4.32 4.00339e-30 
4.3175 4.55931e-30 
4.325 3.08475e-30 
4.3225 3.51453e-30 
4.33 2.37495e-30 
4.3275 2.70696e-30 
4.335 1.82696e-30 
4.3325 2.08323e-30 
4.34 1.40423e-30 
4.3375 1.60188e-30 
4.345 1.0784e-30 
4.3425 1.23071e-30 
4.35 8.27469e-31 
4.3475 9.44739e-31 
4.355 6.34377e-31 
4.3525 7.24595e-31 
4.36 4.85921e-31 
4.3575 5.55268e-31 
4.365 3.71881e-31 
4.3625 4.2514e-31 
4.37 2.84354e-31 
4.3675 3.25221e-31 
4.375 2.17234e-31 
4.3725 2.48566e-31 
4.38 1.6581e-31 
4.3775 1.89809e-31 
4.385 1.26445e-31 
4.3825 1.44812e-31 
4.39 9.63387e-32 
4.3875 1.10382e-31 
4.395 7.3334e-32 
4.3925 8.40623e-32 
4.4 5.57716e-32 
4.3975 6.39599e-32 
4.405 4.23762e-32 
4.4025 4.86201e-32 
4.41 3.21685e-32 
4.4075 3.69254e-32 
4.415 2.4397e-32 
4.4125 2.80177e-32 
4.42 1.84858e-32 
4.4175 2.12391e-32 
4.425 1.39937e-32 
4.4225 1.60855e-32 
4.43 1.05833e-32 
4.4275 1.2171e-32 
4.435 7.99653e-33 
4.4325 9.20051e-33 
4.44 6.03629e-33 
4.4375 6.94842e-33 
4.445 4.55225e-33 
4.4425 5.24262e-33 
4.45 3.4298e-33 
4.4475 3.95183e-33 
4.455 2.58165e-33 
4.4525 2.976e-33 
4.46 1.94137e-33 
4.4575 2.23899e-33 
4.465 1.45848e-33 
4.4625 1.68289e-33 
4.47 1.09465e-33 
4.4675 1.26369e-33 
4.475 8.20788e-34 
4.4725 9.47992e-34 
4.48 6.14843e-34 
4.4775 7.10475e-34 
4.485 4.60124e-34 
4.4825 5.3195e-34 
4.49 3.44003e-34 
4.4875 3.97896e-34 
4.495 2.56936e-34 
4.4925 2.97334e-34 
4.5 1.91717e-34 
4.4975 2.2197e-34 
4.505 1.42913e-34 
4.5025 1.65546e-34 
4.51 1.06428e-34 
4.5075 1.23343e-34 
4.515 7.91787e-35 
4.5125 9.18086e-35 
4.52 5.88482e-35 
4.5175 6.82688e-35 
4.525 4.36945e-35 
4.5225 5.07145e-35 
4.53 3.24108e-35 
4.5275 3.76366e-35 
4.535 2.40172e-35 
4.5325 2.79035e-35 
4.54 1.77795e-35 
4.5375 2.06668e-35 
4.545 1.31488e-35 
4.5425 1.52917e-35 
4.55 9.7144e-36 
4.5475 1.13032e-35 
4.555 7.16988e-36 
4.5525 8.34673e-36 
4.56 5.28655e-36 
4.5575 6.15737e-36 
4.565 3.89401e-36 
4.5625 4.53772e-36 
4.57 2.86539e-36 
4.5675 3.34075e-36 
4.575 2.10637e-36 
4.5725 2.45704e-36 
4.58 1.54684e-36 
4.5775 1.80528e-36 
4.585 1.1348e-36 
4.5825 1.32506e-36 
4.59 8.31678e-37 
4.5875 9.71607e-37 
4.595 6.08906e-37 
4.5925 7.11714e-37 
4.6 4.45354e-37 
4.5975 5.20812e-37 
4.605 3.25402e-37 
4.6025 3.80729e-37 
4.61 2.37517e-37 
4.6075 2.78042e-37 
4.615 1.73192e-37 
4.6125 2.02845e-37 
4.62 1.26159e-37 
4.6175 1.47834e-37 
4.625 9.1805e-38 
4.6225 1.07633e-37 
4.63 6.67379e-38 
4.6275 7.82839e-38 
4.635 4.84659e-38 
4.6325 5.68797e-38 
4.64 3.51606e-38 
4.6375 4.12857e-38 
4.645 2.5482e-38 
4.6425 2.99363e-38 
4.65 1.84487e-38 
4.6475 2.16847e-38 
4.655 1.33431e-38 
4.6525 1.56915e-38 
4.66 9.64052e-39 
4.6575 1.13431e-38 
4.665 6.95826e-39 
4.6625 8.19132e-39 
4.67 5.01714e-39 
4.6675 5.90924e-39 
4.675 3.61382e-39 
4.6725 4.25858e-39 
4.68 2.60035e-39 
4.6775 3.06586e-39 
4.685 1.86919e-39 
4.6825 2.20493e-39 
4.69 1.34223e-39 
4.6875 1.58414e-39 
4.695 9.62844e-40 
4.6925 1.13696e-39 
4.7 6.89984e-40 
4.6975 8.15174e-40 
4.705 4.93942e-40 
4.7025 5.83863e-40 
4.71 3.53238e-40 
4.7075 4.17758e-40 
4.715 2.52355e-40 
4.7125 2.98602e-40 
4.72 1.80099e-40 
4.7175 2.13213e-40 
4.725 1.28399e-40 
4.7225 1.52086e-40 
4.73 9.14466e-41 
4.7275 1.08372e-40 
4.735 6.50619e-41 
4.7325 7.71436e-41 
4.74 4.62423e-41 
4.7375 5.48574e-41 
4.745 3.28326e-41 
4.7425 3.89695e-41 
4.75 2.32875e-41 
4.7475 2.76546e-41 
4.755 1.65005e-41 
4.7525 1.96048e-41 
4.76 1.16794e-41 
4.7575 1.38839e-41 
4.765 8.25848e-42 
4.7625 9.82231e-42 
4.77 5.83354e-42 
4.7675 6.94175e-42 
4.775 4.1164e-42 
4.7725 4.90092e-42 
4.78 2.90173e-42 
4.7775 3.45652e-42 
4.785 2.04338e-42 
4.7825 2.43531e-42 
4.79 1.43745e-42 
4.7875 1.71405e-42 
4.795 1.01017e-42 
4.7925 1.20516e-42 
4.8 7.09161e-43 
4.7975 8.46488e-43 
4.805 4.97337e-43 
4.8025 5.9395e-43 
4.81 3.48425e-43 
4.8075 4.16325e-43 
4.815 2.4385e-43 
4.8125 2.9152e-43 
4.82 1.70486e-43 
4.8175 2.03919e-43 
4.825 1.19072e-43 
4.8225 1.42496e-43 
4.83 8.30778e-44 
4.8275 9.94718e-44 
4.835 5.79047e-44 
4.8325 6.93668e-44 
4.84 4.03178e-44 
4.8375 4.83234e-44 
4.845 2.80436e-44 
4.8425 3.36292e-44 
4.85 1.94861e-44 
4.8475 2.33793e-44 
4.855 1.35261e-44 
4.8525 1.62368e-44 
4.86 9.37935e-45 
4.8575 1.12648e-44 
4.865 6.49723e-45 
4.8625 7.80732e-45 
4.87 4.49613e-45 
4.8675 5.40549e-45 
4.875 3.10817e-45 
4.8725 3.73872e-45 
4.88 2.14648e-45 
4.8775 2.58325e-45 
4.885 1.48082e-45 
4.8825 1.78306e-45 
4.89 1.02055e-45 
4.8875 1.22948e-45 
4.895 7.02624e-46 
4.8925 8.46896e-46 
4.9 4.83245e-46 
4.8975 5.82769e-46 
4.905 3.32023e-46 
4.9025 4.00607e-46 
4.91 2.2789e-46 
4.9075 2.75104e-46 
4.915 1.56257e-46 
4.9125 1.88726e-46 
4.92 1.07031e-46 
4.9175 1.29338e-46 
4.925 7.32384e-47 
4.9225 8.85472e-47 
4.93 5.00641e-47 
4.9275 6.05596e-47 
4.935 3.41883e-47 
4.9325 4.13763e-47 
4.94 2.33235e-47 
4.9375 2.82413e-47 
4.945 1.58961e-47 
4.9425 1.9257e-47 
4.95 1.08242e-47 
4.9475 1.31185e-47 
4.955 7.36482e-48 
4.9525 8.92915e-48 
4.96 5.00865e-48 
4.9575 6.07365e-48 
4.965 3.40681e-48 
4.9625 4.13041e-48 
4.97 2.3209e-48 
4.9675 2.81095e-48 
4.975 1.58842e-48 
4.9725 1.91834e-48 
4.98 1.09923e-48 
4.9775 1.31871e-48 
4.985 7.79419e-49 
4.9825 9.21668e-49 
4.99 5.80466e-49 
4.9875 6.67085e-49 
4.995 4.72074e-49 
4.9925 5.16263e-49 
5 4.37695e-49 
4.9975 4.46204e-49 
