0 6.25783e-06 
0.005 6.31916e-06 
0.0025 6.27315e-06 
0.01 6.5042e-06 
0.0075 6.39607e-06 
0.015 6.81609e-06 
0.0125 6.64401e-06 
0.02 7.26013e-06 
0.0175 7.02117e-06 
0.025 7.84384e-06 
0.0225 7.53396e-06 
0.03 8.57707e-06 
0.0275 8.19105e-06 
0.035 9.47217e-06 
0.0325 9.00351e-06 
0.04 1.05441e-05 
0.0375 9.98499e-06 
0.045 1.18108e-05 
0.0425 1.11519e-05 
0.05 1.32933e-05 
0.0475 1.25237e-05 
0.055 1.50161e-05 
0.0525 1.4123e-05 
0.06 1.70073e-05 
0.0575 1.59762e-05 
0.065 1.92995e-05 
0.0625 1.81136e-05 
0.07 2.19298e-05 
0.0675 2.05699e-05 
0.075 2.49405e-05 
0.0725 2.33847e-05 
0.08 2.83798e-05 
0.0775 2.66033e-05 
0.085 3.23022e-05 
0.0825 3.02769e-05 
0.09 3.67696e-05 
0.0875 3.44636e-05 
0.095 4.18519e-05 
0.0925 3.92292e-05 
0.1 4.76281e-05 
0.0975 4.46479e-05 
0.105 5.41873e-05 
0.1025 5.08038e-05 
0.11 6.16301e-05 
0.1075 5.77915e-05 
0.115 7.00699e-05 
0.1125 6.57178e-05 
0.12 7.96341e-05 
0.1175 7.47028e-05 
0.125 9.04666e-05 
0.1225 8.48822e-05 
0.13 0.000102729 
0.1275 9.64081e-05 
0.135 0.000116603 
0.1325 0.000109452 
0.14 0.000132293 
0.1375 0.000124207 
0.145 0.000150028 
0.1425 0.000140889 
0.15 0.000170067 
0.1475 0.000159742 
0.155 0.0001927 
0.1525 0.00018104 
0.16 0.000218252 
0.1575 0.000205089 
0.165 0.000247087 
0.1625 0.000232234 
0.17 0.000279617 
0.1675 0.000262863 
0.175 0.000316301 
0.1725 0.000297409 
0.18 0.000357655 
0.1775 0.00033636 
0.185 0.000404258 
0.1825 0.000380262 
0.19 0.000456758 
0.1875 0.000429727 
0.195 0.000515882 
0.1925 0.000485443 
0.2 0.000582445 
0.1975 0.000548179 
0.205 0.000657361 
0.2025 0.000618797 
0.21 0.000741651 
0.2075 0.000698265 
0.215 0.000836463 
0.2125 0.000787665 
0.22 0.000943079 
0.2175 0.00088821 
0.225 0.00106294 
0.2225 0.00100126 
0.23 0.00119764 
0.2275 0.00112832 
0.235 0.00134899 
0.2325 0.00127111 
0.24 0.001519 
0.2375 0.00143153 
0.245 0.00170993 
0.2425 0.0016117 
0.25 0.00192428 
0.2475 0.00181401 
0.255 0.00216488 
0.2525 0.00204111 
0.26 0.00243487 
0.2575 0.00229599 
0.265 0.00273777 
0.2625 0.00258197 
0.27 0.0030775 
0.2675 0.00290277 
0.275 0.00345846 
0.2725 0.00326254 
0.28 0.00388553 
0.2775 0.0036659 
0.285 0.00436417 
0.2825 0.00411804 
0.29 0.00490048 
0.2875 0.00462471 
0.295 0.00550125 
0.2925 0.00519235 
0.3 0.00617403 
0.2975 0.00582813 
0.305 0.00692725 
0.3025 0.00654002 
0.31 0.00777028 
0.3075 0.00733691 
0.315 0.00871353 
0.3125 0.00822868 
0.32 0.00976857 
0.3175 0.0092263 
0.325 0.0109483 
0.3225 0.010342 
0.33 0.0122668 
0.3275 0.0115892 
0.335 0.01374 
0.3325 0.012983 
0.34 0.0153853 
0.3375 0.01454 
0.345 0.0172218 
0.3425 0.0162784 
0.35 0.019271 
0.3475 0.0182184 
0.355 0.0215561 
0.3525 0.0203825 
0.36 0.0241027 
0.3575 0.022795 
0.365 0.0269391 
0.3625 0.0254828 
0.37 0.0300958 
0.3675 0.0284754 
0.375 0.0336065 
0.3725 0.0318047 
0.38 0.0375073 
0.3775 0.0355057 
0.385 0.0418378 
0.3825 0.0396163 
0.39 0.0466402 
0.3875 0.0441772 
0.395 0.0519599 
0.3925 0.0492324 
0.4 0.0578453 
0.3975 0.0548287 
0.405 0.0643477 
0.4025 0.061016 
0.41 0.0715209 
0.4075 0.067847 
0.415 0.0794212 
0.4125 0.0753766 
0.42 0.0881063 
0.4175 0.083662 
0.425 0.0976354 
0.4225 0.0927616 
0.43 0.108068 
0.4275 0.102735 
0.435 0.119462 
0.4325 0.113641 
0.44 0.131874 
0.4375 0.125537 
0.445 0.145357 
0.4425 0.138479 
0.45 0.15996 
0.4475 0.152516 
0.455 0.175722 
0.4525 0.167694 
0.46 0.192676 
0.4575 0.184048 
0.465 0.210841 
0.4625 0.201606 
0.47 0.230226 
0.4675 0.220381 
0.475 0.250821 
0.4725 0.240373 
0.48 0.272602 
0.4775 0.261566 
0.485 0.295523 
0.4825 0.283923 
0.49 0.319521 
0.4875 0.307392 
0.495 0.344511 
0.4925 0.331898 
0.5 0.370388 
0.4975 0.357346 
0.505 0.39703 
0.5025 0.383622 
0.51 0.424294 
0.5075 0.410594 
0.515 0.452026 
0.5125 0.438112 
0.52 0.480058 
0.5175 0.466015 
0.525 0.508216 
0.5225 0.494132 
0.53 0.536323 
0.5275 0.522287 
0.535 0.564202 
0.5325 0.550302 
0.54 0.591683 
0.5375 0.578003 
0.545 0.618605 
0.5425 0.605224 
0.55 0.644821 
0.5475 0.63181 
0.555 0.6702 
0.5525 0.657623 
0.56 0.694628 
0.5575 0.682539 
0.565 0.718013 
0.5625 0.706456 
0.57 0.740281 
0.5675 0.72929 
0.575 0.761381 
0.5725 0.75098 
0.58 0.781279 
0.5775 0.771482 
0.585 0.799959 
0.5825 0.790772 
0.59 0.817423 
0.5875 0.808843 
0.595 0.833685 
0.5925 0.825703 
0.6 0.848773 
0.5975 0.841374 
0.605 0.862724 
0.6025 0.855888 
0.61 0.875582 
0.6075 0.869286 
0.615 0.887399 
0.6125 0.881618 
0.62 0.89823 
0.6175 0.892935 
0.625 0.908133 
0.6225 0.903294 
0.63 0.917167 
0.6275 0.912755 
0.635 0.92539 
0.6325 0.921376 
0.64 0.932863 
0.6375 0.929217 
0.645 0.93964 
0.6425 0.936335 
0.65 0.945778 
0.6475 0.942786 
0.655 0.951329 
0.6525 0.948624 
0.66 0.956342 
0.6575 0.9539 
0.665 0.960864 
0.6625 0.958661 
0.67 0.964939 
0.6675 0.962955 
0.675 0.968607 
0.6725 0.966821 
0.68 0.971905 
0.6775 0.9703 
0.685 0.97487 
0.6825 0.973427 
0.69 0.977532 
0.6875 0.976237 
0.695 0.979921 
0.6925 0.978759 
0.7 0.982063 
0.6975 0.981021 
0.705 0.983983 
0.7025 0.983049 
0.71 0.985702 
0.7075 0.984866 
0.715 0.987242 
0.7125 0.986494 
0.72 0.98862 
0.7175 0.98795 
0.725 0.989852 
0.7225 0.989253 
0.73 0.990954 
0.7275 0.990419 
0.735 0.991939 
0.7325 0.991461 
0.74 0.992819 
0.7375 0.992392 
0.745 0.993605 
0.7425 0.993223 
0.75 0.994307 
0.7475 0.993966 
0.755 0.994933 
0.7525 0.994629 
0.76 0.995492 
0.7575 0.995221 
0.765 0.99599 
0.7625 0.995748 
0.77 0.996435 
0.7675 0.996219 
0.775 0.996831 
0.7725 0.996639 
0.78 0.997184 
0.7775 0.997013 
0.785 0.997499 
0.7825 0.997346 
0.79 0.997779 
0.7875 0.997643 
0.795 0.998028 
0.7925 0.997907 
0.8 0.998251 
0.7975 0.998143 
0.805 0.998448 
0.8025 0.998352 
0.81 0.998624 
0.8075 0.998539 
0.815 0.99878 
0.8125 0.998704 
0.82 0.998919 
0.8175 0.998852 
0.825 0.999043 
0.8225 0.998983 
0.83 0.999152 
0.8275 0.999099 
0.835 0.99925 
0.8325 0.999202 
0.84 0.999336 
0.8375 0.999294 
0.845 0.999413 
0.8425 0.999376 
0.85 0.999481 
0.8475 0.999448 
0.855 0.999541 
0.8525 0.999512 
0.86 0.999595 
0.8575 0.999569 
0.865 0.999642 
0.8625 0.999619 
0.87 0.999684 
0.8675 0.999664 
0.875 0.999722 
0.8725 0.999704 
0.88 0.999755 
0.8775 0.999739 
0.885 0.999784 
0.8825 0.99977 
0.89 0.999809 
0.8875 0.999797 
0.895 0.999832 
0.8925 0.999821 
0.9 0.999852 
0.8975 0.999843 
0.905 0.99987 
0.9025 0.999861 
0.91 0.999886 
0.9075 0.999878 
0.915 0.999899 
0.9125 0.999893 
0.92 0.999911 
0.9175 0.999906 
0.925 0.999922 
0.9225 0.999917 
0.93 0.999931 
0.9275 0.999927 
0.935 0.99994 
0.9325 0.999936 
0.94 0.999947 
0.9375 0.999943 
0.945 0.999953 
0.9425 0.99995 
0.95 0.999958 
0.9475 0.999956 
0.955 0.999963 
0.9525 0.999961 
0.96 0.999967 
0.9575 0.999965 
0.965 0.999971 
0.9625 0.999969 
0.97 0.999974 
0.9675 0.999972 
0.975 0.999976 
0.9725 0.999975 
0.98 0.999978 
0.9775 0.999977 
0.985 0.99998 
0.9825 0.999979 
0.99 0.999981 
0.9875 0.999981 
0.995 0.999982 
0.9925 0.999982 
1 0.999983 
0.9975 0.999982 
1.005 0.999983 
1.0025 0.999983 
1.01 0.999983 
1.0075 0.999983 
1.015 0.999983 
1.0125 0.999983 
1.02 0.999982 
1.0175 0.999982 
1.025 0.999981 
1.0225 0.999982 
1.03 0.99998 
1.0275 0.999981 
1.035 0.999978 
1.0325 0.999979 
1.04 0.999976 
1.0375 0.999977 
1.045 0.999974 
1.0425 0.999975 
1.05 0.999971 
1.0475 0.999973 
1.055 0.999968 
1.0525 0.99997 
1.06 0.999965 
1.0575 0.999966 
1.065 0.99996 
1.0625 0.999963 
1.07 0.999956 
1.0675 0.999958 
1.075 0.99995 
1.0725 0.999953 
1.08 0.999944 
1.0775 0.999947 
1.085 0.999938 
1.0825 0.999941 
1.09 0.99993 
1.0875 0.999934 
1.095 0.999921 
1.0925 0.999926 
1.1 0.999912 
1.0975 0.999917 
1.105 0.999901 
1.1025 0.999907 
1.11 0.999889 
1.1075 0.999895 
1.115 0.999876 
1.1125 0.999883 
1.12 0.999861 
1.1175 0.999869 
1.125 0.999844 
1.1225 0.999853 
1.13 0.999826 
1.1275 0.999836 
1.135 0.999806 
1.1325 0.999816 
1.14 0.999783 
1.1375 0.999795 
1.145 0.999758 
1.1425 0.999771 
1.15 0.99973 
1.1475 0.999744 
1.155 0.999699 
1.1525 0.999715 
1.16 0.999665 
1.1575 0.999682 
1.165 0.999627 
1.1625 0.999646 
1.17 0.999585 
1.1675 0.999606 
1.175 0.999538 
1.1725 0.999562 
1.18 0.999487 
1.1775 0.999514 
1.185 0.999431 
1.1825 0.99946 
1.19 0.999368 
1.1875 0.9994 
1.195 0.9993 
1.1925 0.999335 
1.2 0.999224 
1.1975 0.999263 
1.205 0.99914 
1.2025 0.999183 
1.21 0.999048 
1.2075 0.999095 
1.215 0.998947 
1.2125 0.998999 
1.22 0.998835 
1.2175 0.998892 
1.225 0.998713 
1.2225 0.998776 
1.23 0.998578 
1.2275 0.998647 
1.235 0.998431 
1.2325 0.998506 
1.24 0.998268 
1.2375 0.998351 
1.245 0.99809 
1.2425 0.998181 
1.25 0.997895 
1.2475 0.997995 
1.255 0.99768 
1.2525 0.99779 
1.26 0.997446 
1.2575 0.997566 
1.265 0.997188 
1.2625 0.99732 
1.27 0.996907 
1.2675 0.997051 
1.275 0.996599 
1.2725 0.996756 
1.28 0.996261 
1.2775 0.996434 
1.285 0.995893 
1.2825 0.996081 
1.29 0.995489 
1.2875 0.995695 
1.295 0.995049 
1.2925 0.995274 
1.3 0.994568 
1.2975 0.994814 
1.305 0.994042 
1.3025 0.994311 
1.31 0.993469 
1.3075 0.993762 
1.315 0.992844 
1.3125 0.993163 
1.32 0.992162 
1.3175 0.99251 
1.325 0.991419 
1.3225 0.991798 
1.33 0.990609 
1.3275 0.991022 
1.335 0.989727 
1.3325 0.990177 
1.34 0.988768 
1.3375 0.989258 
1.345 0.987724 
1.3425 0.988257 
1.35 0.986588 
1.3475 0.987168 
1.355 0.985355 
1.3525 0.985984 
1.36 0.984015 
1.3575 0.984698 
1.365 0.98256 
1.3625 0.983302 
1.37 0.980981 
1.3675 0.981786 
1.375 0.979269 
1.3725 0.980142 
1.38 0.977414 
1.3775 0.97836 
1.385 0.975405 
1.3825 0.976429 
1.39 0.973231 
1.3875 0.974339 
1.395 0.970879 
1.3925 0.972078 
1.4 0.968338 
1.3975 0.969633 
1.405 0.965595 
1.4025 0.966993 
1.41 0.962635 
1.4075 0.964143 
1.415 0.959445 
1.4125 0.96107 
1.42 0.95601 
1.4175 0.957759 
1.425 0.952316 
1.4225 0.954196 
1.43 0.948347 
1.4275 0.950367 
1.435 0.944087 
1.4325 0.946254 
1.44 0.939522 
1.4375 0.941844 
1.445 0.934636 
1.4425 0.93712 
1.45 0.929413 
1.4475 0.932067 
1.455 0.92384 
1.4525 0.926672 
1.46 0.917903 
1.4575 0.920918 
1.465 0.911589 
1.4625 0.914794 
1.47 0.904886 
1.4675 0.908287 
1.475 0.897786 
1.4725 0.901386 
1.48 0.890279 
1.4775 0.894083 
1.485 0.882361 
1.4825 0.886372 
1.49 0.87403 
1.4875 0.878247 
1.495 0.865287 
1.4925 0.86971 
1.5 0.856136 
1.4975 0.860762 
1.505 0.846586 
1.5025 0.85141 
1.51 0.83665 
1.5075 0.841665 
1.515 0.826348 
1.5125 0.831544 
1.52 0.815703 
1.5175 0.821066 
1.525 0.804744 
1.5225 0.81026 
1.53 0.793507 
1.5275 0.799158 
1.535 0.782034 
1.5325 0.787797 
1.54 0.770373 
1.5375 0.776224 
1.545 0.758578 
1.5425 0.764489 
1.55 0.74671 
1.5475 0.75265 
1.555 0.734835 
1.5525 0.740769 
1.56 0.723026 
1.5575 0.728918 
1.565 0.711358 
1.5625 0.717169 
1.57 0.699914 
1.5675 0.705602 
1.575 0.688778 
1.5725 0.694302 
1.58 0.678039 
1.5775 0.683354 
1.585 0.667787 
1.5825 0.672847 
1.59 0.658112 
1.5875 0.662872 
1.595 0.649104 
1.5925 0.653519 
1.6 0.640852 
1.5975 0.644878 
1.605 0.633439 
1.6025 0.637035 
1.61 0.626946 
1.6075 0.630073 
1.615 0.621448 
1.6125 0.624068 
1.62 0.617009 
1.6175 0.619092 
1.625 0.613687 
1.6225 0.615205 
1.63 0.611529 
1.6275 0.61246 
1.635 0.610569 
1.6325 0.610898 
1.64 0.61083 
1.6375 0.610546 
1.645 0.61232 
1.6425 0.611421 
1.65 0.615034 
1.6475 0.613525 
1.655 0.618955 
1.6525 0.616845 
1.66 0.624048 
1.6575 0.621357 
1.665 0.63027 
1.6625 0.627022 
1.67 0.637562 
1.6675 0.633786 
1.675 0.645854 
1.6725 0.641588 
1.68 0.655068 
1.6775 0.650351 
1.685 0.665116 
1.6825 0.659994 
1.69 0.675903 
1.6875 0.670424 
1.695 0.687329 
1.6925 0.681543 
1.7 0.69929 
1.6975 0.693249 
1.705 0.71168 
1.7025 0.705438 
1.71 0.724394 
1.7075 0.718003 
1.715 0.737328 
1.7125 0.73084 
1.72 0.750382 
1.7175 0.743846 
1.725 0.763458 
1.7225 0.756923 
1.73 0.776467 
1.7275 0.769976 
1.735 0.789326 
1.7325 0.78292 
1.74 0.801959 
1.7375 0.795675 
1.745 0.814299 
1.7425 0.808169 
1.75 0.826288 
1.7475 0.82034 
1.755 0.837878 
1.7525 0.832135 
1.76 0.849027 
1.7575 0.84351 
1.765 0.859706 
1.7625 0.854427 
1.77 0.869889 
1.7675 0.86486 
1.775 0.879562 
1.7725 0.87479 
1.78 0.888716 
1.7775 0.884204 
1.785 0.897349 
1.7825 0.893098 
1.79 0.905463 
1.7875 0.901471 
1.795 0.913067 
1.7925 0.909328 
1.8 0.920172 
1.7975 0.916681 
1.805 0.926794 
1.8025 0.923542 
1.81 0.932949 
1.8075 0.929928 
1.815 0.938658 
1.8125 0.935858 
1.82 0.943941 
1.8175 0.941351 
1.825 0.948821 
1.8225 0.94643 
1.83 0.95332 
1.8275 0.951117 
1.835 0.957461 
1.8325 0.955434 
1.84 0.961266 
1.8375 0.959404 
1.845 0.964758 
1.8425 0.96305 
1.85 0.967957 
1.8475 0.966392 
1.855 0.970885 
1.8525 0.969453 
1.86 0.973561 
1.8575 0.972253 
1.865 0.976005 
1.8625 0.974811 
1.87 0.978234 
1.8675 0.977145 
1.875 0.980266 
1.8725 0.979274 
1.88 0.982116 
1.8775 0.981212 
1.885 0.983799 
1.8825 0.982977 
1.89 0.98533 
1.8875 0.984583 
1.895 0.986721 
1.8925 0.986042 
1.9 0.987984 
1.8975 0.987367 
1.905 0.98913 
1.9025 0.988571 
1.91 0.990169 
1.9075 0.989662 
1.915 0.991112 
1.9125 0.990652 
1.92 0.991966 
1.9175 0.99155 
1.925 0.99274 
1.9225 0.992363 
1.93 0.993441 
1.9275 0.993099 
1.935 0.994075 
1.9325 0.993766 
1.94 0.994649 
1.9375 0.994369 
1.945 0.995168 
1.9425 0.994915 
1.95 0.995637 
1.9475 0.995408 
1.955 0.996062 
1.9525 0.995855 
1.96 0.996445 
1.9575 0.996258 
1.965 0.996792 
1.9625 0.996623 
1.97 0.997105 
1.9675 0.996952 
1.975 0.997388 
1.9725 0.99725 
1.98 0.997643 
1.9775 0.997519 
1.985 0.997874 
1.9825 0.997761 
1.99 0.998082 
1.9875 0.99798 
1.995 0.99827 
1.9925 0.998178 
2 0.998439 
1.9975 0.998357 
2.005 0.998592 
2.0025 0.998518 
2.01 0.99873 
2.0075 0.998663 
2.015 0.998854 
2.0125 0.998794 
2.02 0.998967 
2.0175 0.998912 
2.025 0.999068 
2.0225 0.999018 
2.03 0.999159 
2.0275 0.999114 
2.035 0.999241 
2.0325 0.999201 
2.04 0.999315 
2.0375 0.999279 
2.045 0.999381 
2.0425 0.999349 
2.05 0.999441 
2.0475 0.999412 
2.055 0.999495 
2.0525 0.999469 
2.06 0.999543 
2.0575 0.99952 
2.065 0.999587 
2.0625 0.999565 
2.07 0.999625 
2.0675 0.999606 
2.075 0.99966 
2.0725 0.999643 
2.08 0.999691 
2.0775 0.999676 
2.085 0.999719 
2.0825 0.999706 
2.09 0.999744 
2.0875 0.999732 
2.095 0.999766 
2.0925 0.999755 
2.1 0.999785 
2.0975 0.999776 
2.105 0.999802 
2.1025 0.999794 
2.11 0.999817 
2.1075 0.99981 
2.115 0.99983 
2.1125 0.999824 
2.12 0.999841 
2.1175 0.999836 
2.125 0.999851 
2.1225 0.999846 
2.13 0.999859 
2.1275 0.999855 
2.135 0.999865 
2.1325 0.999862 
2.14 0.99987 
2.1375 0.999867 
2.145 0.999873 
2.1425 0.999872 
2.15 0.999875 
2.1475 0.999874 
2.155 0.999876 
2.1525 0.999876 
2.16 0.999876 
2.1575 0.999876 
2.165 0.999874 
2.1625 0.999875 
2.17 0.999871 
2.1675 0.999872 
2.175 0.999867 
2.1725 0.999869 
2.18 0.999861 
2.1775 0.999864 
2.185 0.999854 
2.1825 0.999858 
2.19 0.999846 
2.1875 0.99985 
2.195 0.999837 
2.1925 0.999842 
2.2 0.999826 
2.1975 0.999831 
2.205 0.999813 
2.2025 0.99982 
2.21 0.999799 
2.2075 0.999806 
2.215 0.999784 
2.2125 0.999792 
2.22 0.999766 
2.2175 0.999775 
2.225 0.999747 
2.2225 0.999757 
2.23 0.999725 
2.2275 0.999736 
2.235 0.999702 
2.2325 0.999714 
2.24 0.999676 
2.2375 0.999689 
2.245 0.999648 
2.2425 0.999663 
2.25 0.999618 
2.2475 0.999633 
2.255 0.999584 
2.2525 0.999601 
2.26 0.999548 
2.2575 0.999567 
2.265 0.999509 
2.2625 0.999529 
2.27 0.999466 
2.2675 0.999488 
2.275 0.99942 
2.2725 0.999443 
2.28 0.999369 
2.2775 0.999395 
2.285 0.999315 
2.2825 0.999343 
2.29 0.999256 
2.2875 0.999286 
2.295 0.999193 
2.2925 0.999225 
2.3 0.999124 
2.2975 0.999159 
2.305 0.999051 
2.3025 0.999088 
2.31 0.998971 
2.3075 0.999011 
2.315 0.998885 
2.3125 0.998929 
2.32 0.998792 
2.3175 0.99884 
2.325 0.998693 
2.3225 0.998743 
2.33 0.998585 
2.3275 0.99864 
2.335 0.99847 
2.3325 0.998529 
2.34 0.998345 
2.3375 0.998409 
2.345 0.998212 
2.3425 0.99828 
2.35 0.998068 
2.3475 0.998141 
2.355 0.997913 
2.3525 0.997992 
2.36 0.997747 
2.3575 0.997831 
2.365 0.997568 
2.3625 0.997659 
2.37 0.997376 
2.3675 0.997473 
2.375 0.997169 
2.3725 0.997274 
2.38 0.996947 
2.3775 0.99706 
2.385 0.996709 
2.3825 0.99683 
2.39 0.996453 
2.3875 0.996583 
2.395 0.996177 
2.3925 0.996317 
2.4 0.995882 
2.3975 0.996032 
2.405 0.995564 
2.4025 0.995725 
2.41 0.995222 
2.4075 0.995396 
2.415 0.994855 
2.4125 0.995042 
2.42 0.994461 
2.4175 0.994662 
2.425 0.994038 
2.4225 0.994253 
2.43 0.993582 
2.4275 0.993814 
2.435 0.993093 
2.4325 0.993342 
2.44 0.992567 
2.4375 0.992835 
2.445 0.992001 
2.4425 0.992289 
2.45 0.991394 
2.4475 0.991703 
2.455 0.99074 
2.4525 0.991073 
2.46 0.990037 
2.4575 0.990395 
2.465 0.989281 
2.4625 0.989666 
2.47 0.988467 
2.4675 0.988881 
2.475 0.987592 
2.4725 0.988038 
2.48 0.986651 
2.4775 0.98713 
2.485 0.985638 
2.4825 0.986154 
2.49 0.984548 
2.4875 0.985103 
2.495 0.983376 
2.4925 0.983973 
2.5 0.982114 
2.4975 0.982756 
2.505 0.980755 
2.5025 0.981447 
2.51 0.979294 
2.5075 0.980038 
2.515 0.97772 
2.5125 0.978521 
2.52 0.976027 
2.5175 0.976889 
2.525 0.974205 
2.5225 0.975133 
2.53 0.972244 
2.5275 0.973242 
2.535 0.970134 
2.5325 0.971208 
2.54 0.967864 
2.5375 0.96902 
2.545 0.965422 
2.5425 0.966665 
2.55 0.962796 
2.5475 0.964133 
2.555 0.959972 
2.5525 0.961409 
2.56 0.956936 
2.5575 0.958481 
2.565 0.953674 
2.5625 0.955334 
2.57 0.95017 
2.5675 0.951953 
2.575 0.946407 
2.5725 0.948322 
2.58 0.942368 
2.5775 0.944423 
2.585 0.938035 
2.5825 0.940239 
2.59 0.933389 
2.5875 0.935752 
2.595 0.928411 
2.5925 0.930942 
2.6 0.92308 
2.5975 0.92579 
2.605 0.917375 
2.6025 0.920275 
2.61 0.911276 
2.6075 0.914377 
2.615 0.904761 
2.6125 0.908072 
2.62 0.897807 
2.6175 0.90134 
2.625 0.890393 
2.6225 0.894159 
2.63 0.882496 
2.6275 0.886506 
2.635 0.874095 
2.6325 0.87836 
2.64 0.865168 
2.6375 0.869698 
2.645 0.855695 
2.6425 0.860501 
2.65 0.845657 
2.6475 0.850748 
2.655 0.835034 
2.6525 0.84042 
2.66 0.823811 
2.6575 0.829499 
2.665 0.811973 
2.6625 0.81797 
2.67 0.799506 
2.6675 0.805818 
2.675 0.786401 
2.6725 0.793034 
2.68 0.772651 
2.6775 0.779607 
2.685 0.758251 
2.6825 0.765532 
2.69 0.743202 
2.6875 0.750808 
2.695 0.727507 
2.6925 0.735435 
2.7 0.711173 
2.6975 0.719419 
2.705 0.694212 
2.7025 0.70277 
2.71 0.676642 
2.7075 0.685502 
2.715 0.658484 
2.7125 0.667635 
2.72 0.639763 
2.7175 0.649192 
2.725 0.620512 
2.7225 0.630202 
2.73 0.600768 
2.7275 0.610699 
2.735 0.580572 
2.7325 0.590723 
2.74 0.559971 
2.7375 0.570319 
2.745 0.539017 
2.7425 0.549534 
2.75 0.517767 
2.7475 0.528425 
2.755 0.496281 
2.7525 0.507049 
2.76 0.474625 
2.7575 0.48547 
2.765 0.452867 
2.7625 0.463755 
2.77 0.431078 
2.7675 0.441972 
2.775 0.409332 
2.7725 0.420195 
2.78 0.387702 
2.7775 0.398498 
2.785 0.366264 
2.7825 0.376955 
2.79 0.345092 
2.7875 0.35564 
2.795 0.324257 
2.7925 0.334628 
2.8 0.30383 
2.7975 0.313989 
2.805 0.283878 
2.8025 0.293791 
2.81 0.264462 
2.8075 0.274099 
2.815 0.245638 
2.8125 0.254973 
2.82 0.227458 
2.8175 0.236465 
2.825 0.209967 
2.8225 0.218624 
2.83 0.193202 
2.8275 0.201492 
2.835 0.177195 
2.8325 0.185102 
2.84 0.16197 
2.8375 0.169483 
2.845 0.147545 
2.8425 0.154657 
2.85 0.133932 
2.8475 0.140637 
2.855 0.121137 
2.8525 0.127432 
2.86 0.109158 
2.8575 0.115045 
2.865 0.0979908 
2.8625 0.103474 
2.87 0.0876248 
2.8675 0.0927085 
2.875 0.0780452 
2.8725 0.0827378 
2.88 0.0692329 
2.8775 0.0735444 
2.885 0.0611651 
2.8825 0.0651075 
2.89 0.0538156 
2.8875 0.0574024 
2.895 0.0471545 
2.8925 0.050401 
2.9 0.0411492 
2.8975 0.044072 
2.905 0.0357643 
2.9025 0.0383815 
2.91 0.030962 
2.9075 0.0332928 
2.915 0.0267028 
2.9125 0.028767 
2.92 0.0229457 
2.9175 0.024764 
2.925 0.0196491 
2.9225 0.0212424 
2.93 0.0167717 
2.9275 0.0181606 
2.935 0.0142724 
2.9325 0.0154773 
2.94 0.0121117 
2.9375 0.0131521 
2.945 0.0102519 
2.9425 0.0111465 
2.95 0.00865749 
2.9475 0.00942362 
2.955 0.00729569 
2.9525 0.00794946 
2.96 0.00613645 
2.9575 0.00669251 
2.965 0.00515262 
2.9625 0.00562419 
2.97 0.00431991 
2.9675 0.00471878 
2.975 0.00361683 
2.9725 0.00395341 
2.98 0.00302445 
2.9775 0.00330788 
2.985 0.0025263 
2.9825 0.00276454 
2.99 0.0021081 
2.9875 0.00230802 
2.995 0.00175753 
2.9925 0.00192506 
3 0.00146406 
2.9975 0.00160426 
3.005 0.00121867 
3.0025 0.00133586 
3.01 0.0010137 
3.0075 0.00111156 
3.015 0.000842656 
3.0125 0.000924302 
3.02 0.000700045 
3.0175 0.000768104 
3.025 0.000581233 
3.0225 0.000637923 
3.03 0.00048232 
3.0275 0.000529507 
3.035 0.000400028 
3.0325 0.000439279 
3.04 0.000331606 
3.0375 0.000364236 
3.045 0.000274749 
3.0425 0.00030186 
3.05 0.00022753 
3.0475 0.000250042 
3.055 0.000188334 
3.0525 0.000207019 
3.06 0.000155816 
3.0575 0.000171316 
3.065 0.000128851 
3.0625 0.000141702 
3.07 0.000106502 
3.0675 0.000117152 
3.075 8.79874e-05 
3.0725 9.68089e-05 
3.08 7.26565e-05 
3.0775 7.99601e-05 
3.085 5.99679e-05 
3.0825 6.6012e-05 
3.09 4.94711e-05 
3.0875 5.44705e-05 
3.095 4.07917e-05 
3.0925 4.4925e-05 
3.1 3.36182e-05 
3.0975 3.70339e-05 
3.105 2.76924e-05 
3.1025 3.05137e-05 
3.11 2.27994e-05 
3.1075 2.51287e-05 
3.115 1.87613e-05 
3.1125 2.06834e-05 
3.12 1.54303e-05 
3.1175 1.70156e-05 
3.125 1.2684e-05 
3.1225 1.39908e-05 
3.13 1.04208e-05 
3.1275 1.14976e-05 
3.135 8.55679e-06 
3.1325 9.44356e-06 
3.14 7.02228e-06 
3.1375 7.75219e-06 
3.145 5.75971e-06 
3.1425 6.36018e-06 
3.15 4.72144e-06 
3.1475 5.21517e-06 
3.155 3.86808e-06 
3.1525 4.27382e-06 
3.16 3.16709e-06 
3.1575 3.50034e-06 
3.165 2.59159e-06 
3.1625 2.86514e-06 
3.17 2.11938e-06 
3.1675 2.3438e-06 
3.175 1.73214e-06 
3.1725 1.91615e-06 
3.18 1.41478e-06 
3.1775 1.56556e-06 
3.185 1.15483e-06 
3.1825 1.27831e-06 
3.19 9.42036e-07 
3.1875 1.0431e-06 
3.195 7.67956e-07 
3.1925 8.50623e-07 
3.2 6.25633e-07 
3.1975 6.93208e-07 
3.205 5.09346e-07 
3.2025 5.6455e-07 
3.21 4.14394e-07 
3.2075 4.59462e-07 
3.215 3.36913e-07 
3.2125 3.73682e-07 
3.22 2.7373e-07 
3.2175 3.03709e-07 
3.225 2.2224e-07 
3.2225 2.46666e-07 
3.23 1.80308e-07 
3.2275 2.00197e-07 
3.235 1.46184e-07 
3.2325 1.62366e-07 
3.24 1.18432e-07 
3.2375 1.3159e-07 
3.245 9.58786e-08 
3.2425 1.0657e-07 
3.25 7.75629e-08 
3.2475 8.62437e-08 
3.255 6.26994e-08 
3.2525 6.97427e-08 
3.26 5.06461e-08 
3.2575 5.63567e-08 
3.265 4.08789e-08 
3.2625 4.55055e-08 
3.27 3.29701e-08 
3.2675 3.67157e-08 
3.275 2.65709e-08 
3.2725 2.96009e-08 
3.28 2.13971e-08 
3.2775 2.38464e-08 
3.285 1.72171e-08 
3.2825 1.91955e-08 
3.29 1.38428e-08 
3.2875 1.54396e-08 
3.295 1.11209e-08 
3.2925 1.24087e-08 
3.3 8.92709e-09 
3.2975 9.9648e-09 
3.305 7.16023e-09 
3.3025 7.9958e-09 
3.31 5.7384e-09 
3.3075 6.41066e-09 
3.315 4.59515e-09 
3.3125 5.13558e-09 
3.32 3.67663e-09 
3.3175 4.11073e-09 
3.325 2.93927e-09 
3.3225 3.28768e-09 
3.33 2.34784e-09 
3.3275 2.62724e-09 
3.335 1.87384e-09 
3.3325 2.09771e-09 
3.34 1.49428e-09 
3.3375 1.6735e-09 
3.345 1.19059e-09 
3.3425 1.33396e-09 
3.35 9.47814e-10 
3.3475 1.0624e-09 
3.355 7.539e-10 
3.3525 8.45404e-10 
3.36 5.99146e-10 
3.3575 6.72155e-10 
3.365 4.75749e-10 
3.3625 5.33951e-10 
3.37 3.7744e-10 
3.3675 4.23798e-10 
3.375 2.99187e-10 
3.3725 3.36079e-10 
3.38 2.36952e-10 
3.3775 2.66286e-10 
3.385 1.87499e-10 
3.3825 2.10803e-10 
3.39 1.48238e-10 
3.3875 1.66735e-10 
3.395 1.17096e-10 
3.3925 1.31764e-10 
3.4 9.24154e-11 
3.3975 1.04038e-10 
3.405 7.2873e-11 
3.4025 8.20734e-11 
3.41 5.74127e-11 
3.4075 6.46896e-11 
3.415 4.51928e-11 
3.4125 5.09431e-11 
3.42 3.55427e-11 
3.4175 4.00827e-11 
3.425 2.79287e-11 
3.4225 3.15099e-11 
3.43 2.19267e-11 
3.4275 2.47491e-11 
3.435 1.71994e-11 
3.4325 1.94218e-11 
3.44 1.34796e-11 
3.4375 1.5228e-11 
3.445 1.05551e-11 
3.4425 1.19294e-11 
3.45 8.25797e-12 
3.4475 9.33716e-12 
3.455 6.45518e-12 
3.4525 7.30192e-12 
3.46 5.04161e-12 
3.4575 5.70538e-12 
3.465 3.93423e-12 
3.4625 4.4541e-12 
3.47 3.06747e-12 
3.4675 3.47428e-12 
3.475 2.38964e-12 
3.4725 2.7077e-12 
3.48 1.86004e-12 
3.4775 2.10849e-12 
3.485 1.4466e-12 
3.4825 1.64051e-12 
3.49 1.12413e-12 
3.4875 1.27534e-12 
3.495 8.72834e-13 
3.4925 9.90645e-13 
3.5 6.77166e-13 
3.4975 7.68876e-13 
3.505 5.24942e-13 
3.5025 5.96273e-13 
3.51 4.06618e-13 
3.5075 4.62052e-13 
3.515 3.1472e-13 
3.5125 3.57764e-13 
3.52 2.43406e-13 
3.5175 2.76801e-13 
3.525 1.88111e-13 
3.5225 2.13999e-13 
3.53 1.4527e-13 
3.5275 1.65323e-13 
3.535 1.12106e-13 
3.5325 1.27626e-13 
3.54 8.64524e-14 
3.5375 9.84553e-14 
3.545 6.66238e-14 
3.5425 7.58995e-14 
3.55 5.13093e-14 
3.5475 5.84719e-14 
3.555 3.94898e-14 
3.5525 4.50167e-14 
3.56 3.03744e-14 
3.5575 3.4636e-14 
3.565 2.33493e-14 
3.5625 2.6633e-14 
3.57 1.79389e-14 
3.5675 2.04674e-14 
3.575 1.37749e-14 
3.5725 1.57206e-14 
3.58 1.05721e-14 
3.5775 1.20684e-14 
3.585 8.11018e-15 
3.5825 9.26017e-15 
3.59 6.21888e-15 
3.5875 7.1022e-15 
3.595 4.76674e-15 
3.5925 5.44485e-15 
3.6 3.65238e-15 
3.5975 4.17269e-15 
3.605 2.79765e-15 
3.6025 3.19669e-15 
3.61 2.14237e-15 
3.6075 2.44826e-15 
3.615 1.6402e-15 
3.6125 1.87459e-15 
3.62 1.25553e-15 
3.6175 1.43506e-15 
3.625 9.60947e-16 
3.6225 1.09842e-15 
3.63 7.35433e-16 
3.6275 8.40664e-16 
3.635 5.62835e-16 
3.6325 6.43369e-16 
3.64 4.30763e-16 
3.6375 4.92385e-16 
3.645 3.29717e-16 
3.6425 3.76862e-16 
3.65 2.52417e-16 
3.6475 2.88481e-16 
3.655 1.93283e-16 
3.6525 2.20872e-16 
3.66 1.48047e-16 
3.6575 1.69152e-16 
3.665 1.13439e-16 
3.6625 1.29586e-16 
3.67 8.69585e-17 
3.6675 9.9314e-17 
3.675 6.66927e-17 
3.6725 7.61492e-17 
3.68 5.11789e-17 
3.6775 5.84186e-17 
3.685 3.92987e-17 
3.6825 4.48433e-17 
3.69 3.01974e-17 
3.6875 3.44456e-17 
3.695 2.32217e-17 
3.6925 2.64782e-17 
3.7 1.78722e-17 
3.6975 2.03699e-17 
3.705 1.37673e-17 
3.7025 1.56842e-17 
3.71 1.06152e-17 
3.7075 1.20874e-17 
3.715 8.19302e-18 
3.7125 9.32459e-18 
3.72 6.33016e-18 
3.7175 7.20062e-18 
3.725 4.89622e-18 
3.7225 5.56643e-18 
3.73 3.7914e-18 
3.7275 4.30791e-18 
3.735 2.93931e-18 
3.7325 3.33778e-18 
3.74 2.28145e-18 
3.7375 2.58918e-18 
3.745 1.77299e-18 
3.7425 2.0109e-18 
3.75 1.37955e-18 
3.7475 1.5637e-18 
3.755 1.07475e-18 
3.7525 1.21745e-18 
3.76 8.38337e-19 
3.7575 9.49061e-19 
3.765 6.54743e-19 
3.7625 7.40758e-19 
3.77 5.11987e-19 
3.7675 5.78892e-19 
3.775 4.00846e-19 
3.7725 4.52951e-19 
3.78 3.14207e-19 
3.7775 3.54839e-19 
3.785 2.46584e-19 
3.7825 2.78309e-19 
3.79 1.93736e-19 
3.7875 2.18537e-19 
3.795 1.52384e-19 
3.7925 1.71797e-19 
3.8 1.19987e-19 
3.7975 1.35201e-19 
3.805 9.45752e-20 
3.8025 1.06512e-19 
3.81 7.46192e-20 
3.8075 8.39964e-20 
3.815 5.89298e-20 
3.8125 6.63043e-20 
3.82 4.65811e-20 
3.8175 5.23871e-20 
3.825 3.68515e-20 
3.8225 4.14273e-20 
3.83 2.91776e-20 
3.8275 3.27876e-20 
3.835 2.31192e-20 
3.8325 2.59699e-20 
3.84 1.83318e-20 
3.8375 2.0585e-20 
3.845 1.45454e-20 
3.8425 1.63279e-20 
3.85 1.15482e-20 
3.8475 1.29595e-20 
3.855 9.17384e-21 
3.8525 1.02921e-20 
3.86 7.29152e-21 
3.8575 8.17817e-21 
3.865 5.79824e-21 
3.8625 6.50176e-21 
3.87 4.61284e-21 
3.8675 5.1714e-21 
3.875 3.67128e-21 
3.8725 4.11501e-21 
3.88 2.92299e-21 
3.8775 3.27569e-21 
3.885 2.328e-21 
3.8825 2.60848e-21 
3.89 1.85468e-21 
3.8875 2.07783e-21 
3.895 1.47799e-21 
3.8925 1.65561e-21 
3.9 1.17809e-21 
3.8975 1.31951e-21 
3.905 9.39242e-22 
3.9025 1.05188e-21 
3.91 7.48954e-22 
3.9075 8.387e-22 
3.915 5.97311e-22 
3.9125 6.68835e-22 
3.92 4.76434e-22 
3.9175 5.33451e-22 
3.925 3.80061e-22 
3.9225 4.25522e-22 
3.93 3.03208e-22 
3.9275 3.39463e-22 
3.935 2.41912e-22 
3.9325 2.70829e-22 
3.94 1.93017e-22 
3.9375 2.16085e-22 
3.945 1.54008e-22 
3.9425 1.72412e-22 
3.95 1.22885e-22 
3.9475 1.37569e-22 
3.955 9.80502e-23 
3.9525 1.09767e-22 
3.96 7.82328e-23 
3.9575 8.7583e-23 
3.965 6.24183e-23 
3.9625 6.98799e-23 
3.97 4.9798e-23 
3.9675 5.57525e-23 
3.975 3.97266e-23 
3.9725 4.44785e-23 
3.98 3.16895e-23 
3.9775 3.54815e-23 
3.985 2.52759e-23 
3.9825 2.83019e-23 
3.99 2.01581e-23 
3.9875 2.25727e-23 
3.995 1.60745e-23 
3.9925 1.80011e-23 
4 1.28164e-23 
3.9975 1.43536e-23 
4.005 1.02172e-23 
4.0025 1.14435e-23 
4.01 8.14378e-24 
4.0075 9.12195e-24 
4.015 6.48999e-24 
4.0125 7.27017e-24 
4.02 5.17107e-24 
4.0175 5.79325e-24 
4.025 4.11936e-24 
4.0225 4.61547e-24 
4.03 3.28086e-24 
4.0275 3.67638e-24 
4.035 2.61245e-24 
4.0325 2.92772e-24 
4.04 2.07972e-24 
4.0375 2.33098e-24 
4.045 1.65521e-24 
4.0425 1.85542e-24 
4.05 1.31701e-24 
4.0475 1.47651e-24 
4.055 1.04763e-24 
4.0525 1.17466e-24 
4.06 8.33103e-25 
4.0575 9.3426e-25 
4.065 6.62311e-25 
4.0625 7.42842e-25 
4.07 5.26369e-25 
4.0675 5.90463e-25 
4.075 4.18195e-25 
4.0725 4.69193e-25 
4.08 3.3214e-25 
4.0775 3.72707e-25 
4.085 2.63702e-25 
4.0825 2.95962e-25 
4.09 2.0929e-25 
4.0875 2.34937e-25 
4.095 1.66044e-25 
4.0925 1.86426e-25 
4.1 1.31683e-25 
4.0975 1.47876e-25 
4.105 1.04391e-25 
4.1025 1.17252e-25 
4.11 8.27222e-26 
4.1075 9.29321e-26 
4.115 6.55233e-26 
4.1125 7.36261e-26 
4.12 5.18778e-26 
4.1175 5.83058e-26 
4.125 4.10557e-26 
4.1225 4.61532e-26 
4.13 3.24763e-26 
4.1275 3.65169e-26 
4.135 2.56776e-26 
4.1325 2.88792e-26 
4.14 2.02924e-26 
4.1375 2.28281e-26 
4.145 1.60287e-26 
4.1425 1.80361e-26 
4.15 1.26544e-26 
4.1475 1.42428e-26 
4.155 9.98527e-27 
4.1525 1.12416e-26 
4.16 7.87496e-27 
4.1575 8.86814e-27 
4.165 6.20728e-27 
4.1625 6.99204e-27 
4.17 4.89006e-27 
4.1675 5.50982e-27 
4.175 3.85018e-27 
4.1725 4.33938e-27 
4.18 3.02969e-27 
4.1775 3.41563e-27 
4.185 2.38265e-27 
4.1825 2.68696e-27 
4.19 1.87268e-27 
4.1875 2.11248e-27 
4.195 1.47096e-27 
4.1925 1.65983e-27 
4.2 1.1547e-27 
4.1975 1.30337e-27 
4.205 9.05861e-28 
4.2025 1.02282e-27 
4.21 7.10194e-28 
4.2075 8.02146e-28 
4.215 5.56428e-28 
4.2125 6.28678e-28 
4.22 4.35666e-28 
4.2175 4.92399e-28 
4.225 3.40884e-28 
4.2225 3.85404e-28 
4.23 2.66541e-28 
4.2275 3.01455e-28 
4.235 2.08267e-28 
4.2325 2.35629e-28 
4.24 1.6262e-28 
4.2375 1.84049e-28 
4.245 1.26887e-28 
4.2425 1.43659e-28 
4.25 9.89347e-29 
4.2475 1.12052e-28 
4.255 7.7084e-29 
4.2525 8.73364e-29 
4.26 6.00149e-29 
4.2575 6.80223e-29 
4.265 4.66907e-29 
4.2625 5.29401e-29 
4.27 3.62973e-29 
4.2675 4.11711e-29 
4.275 2.8196e-29 
4.2725 3.19942e-29 
4.28 2.18859e-29 
4.2775 2.48437e-29 
4.285 1.69748e-29 
4.2825 1.92764e-29 
4.29 1.31554e-29 
4.2875 1.4945e-29 
4.295 1.01872e-29 
4.2925 1.15777e-29 
4.3 7.88248e-30 
4.2975 8.96195e-30 
4.305 6.09421e-30 
4.3025 6.9316e-30 
4.31 4.7078e-30 
4.3075 5.35687e-30 
4.315 3.6338e-30 
4.3125 4.13651e-30 
4.32 2.8025e-30 
4.3175 3.19152e-30 
4.325 2.15956e-30 
4.3225 2.46037e-30 
4.33 1.66272e-30 
4.3275 1.89512e-30 
4.335 1.27911e-30 
4.3325 1.45851e-30 
4.34 9.83156e-31 
4.3375 1.12153e-30 
4.345 7.5503e-31 
4.3425 8.61666e-31 
4.35 5.79335e-31 
4.3475 6.61444e-31 
4.355 4.44137e-31 
4.3525 5.07306e-31 
4.36 3.40191e-31 
4.3575 3.88747e-31 
4.365 2.60343e-31 
4.3625 2.97633e-31 
4.37 1.9906e-31 
4.3675 2.27673e-31 
4.375 1.52066e-31 
4.3725 1.74003e-31 
4.38 1.16063e-31 
4.3775 1.32865e-31 
4.385 8.85037e-32 
4.3825 1.01362e-31 
4.39 6.74273e-32 
4.3875 7.72586e-32 
4.395 5.13232e-32 
4.3925 5.88333e-32 
4.4 3.90296e-32 
4.3975 4.47613e-32 
4.405 2.96534e-32 
4.4025 3.40239e-32 
4.41 2.25089e-32 
4.4075 2.58383e-32 
4.415 1.70699e-32 
4.4125 1.96039e-32 
4.42 1.29331e-32 
4.4175 1.48599e-32 
4.425 9.78965e-33 
4.4225 1.12534e-32 
4.43 7.40327e-33 
4.4275 8.51423e-33 
4.435 5.59333e-33 
4.4325 6.43572e-33 
4.44 4.22189e-33 
4.4375 4.86003e-33 
4.445 3.18369e-33 
4.4425 3.66664e-33 
4.45 2.3985e-33 
4.4475 2.76366e-33 
4.455 1.80523e-33 
4.4525 2.08107e-33 
4.46 1.35741e-33 
4.4575 1.56557e-33 
4.465 1.01969e-33 
4.4625 1.17663e-33 
4.47 7.65261e-34 
4.4675 8.83468e-34 
4.475 5.73759e-34 
4.4725 6.62705e-34 
4.48 4.29761e-34 
4.4775 4.96626e-34 
4.485 3.2159e-34 
4.4825 3.71806e-34 
4.49 2.4041e-34 
4.4875 2.78086e-34 
4.495 1.79548e-34 
4.4925 2.07787e-34 
4.5 1.33962e-34 
4.4975 1.55107e-34 
4.505 9.98513e-35 
4.5025 1.15669e-34 
4.51 7.43531e-35 
4.5075 8.61744e-35 
4.515 5.53116e-35 
4.5125 6.41372e-35 
4.52 4.11058e-35 
4.5175 4.76883e-35 
4.525 3.05183e-35 
4.5225 3.54229e-35 
4.53 2.26353e-35 
4.5275 2.6286e-35 
4.535 1.67718e-35 
4.5325 1.94865e-35 
4.54 1.24148e-35 
4.5375 1.44315e-35 
4.545 9.18048e-36 
4.5425 1.06771e-35 
4.55 6.78199e-36 
4.5475 7.89158e-36 
4.555 5.00512e-36 
4.5525 5.82691e-36 
4.56 3.69008e-36 
4.5575 4.29811e-36 
4.565 2.71782e-36 
4.5625 3.16724e-36 
4.57 1.99972e-36 
4.5675 2.33156e-36 
4.575 1.46987e-36 
4.5725 1.71465e-36 
4.58 1.07932e-36 
4.5775 1.2597e-36 
4.585 7.91743e-37 
4.5825 9.24529e-37 
4.59 5.80201e-37 
4.5875 6.77851e-37 
4.595 4.2475e-37 
4.5925 4.96488e-37 
4.6 3.10633e-37 
4.5975 3.63282e-37 
4.605 2.26945e-37 
4.6025 2.65545e-37 
4.61 1.65636e-37 
4.6075 1.93906e-37 
4.615 1.20766e-37 
4.6125 1.4145e-37 
4.62 8.79618e-38 
4.6175 1.0308e-37 
4.625 6.40031e-38 
4.6225 7.50413e-38 
4.63 4.65227e-38 
4.6275 5.4574e-38 
4.635 3.37821e-38 
4.6325 3.96487e-38 
4.64 2.45055e-38 
4.6375 2.87759e-38 
4.645 1.77582e-38 
4.6425 2.08634e-38 
4.65 1.28555e-38 
4.6475 1.51111e-38 
4.655 9.29683e-39 
4.6525 1.09336e-38 
4.66 6.7164e-39 
4.6575 7.90295e-39 
4.665 4.84723e-39 
4.6625 5.70648e-39 
4.67 3.49467e-39 
4.6675 4.11626e-39 
4.675 2.51694e-39 
4.6725 2.96614e-39 
4.68 1.8109e-39 
4.6775 2.13519e-39 
4.685 1.30158e-39 
4.6825 1.53545e-39 
4.69 9.34546e-40 
4.6875 1.10303e-39 
4.695 6.70324e-40 
4.6925 7.91582e-40 
4.7 4.80312e-40 
4.6975 5.67489e-40 
4.705 3.43808e-40 
4.7025 4.06418e-40 
4.71 2.45845e-40 
4.7075 2.90765e-40 
4.715 1.75615e-40 
4.7125 2.07809e-40 
4.72 1.25318e-40 
4.7175 1.48368e-40 
4.725 8.93348e-41 
4.7225 1.05821e-40 
4.73 6.36181e-41 
4.7275 7.53969e-41 
4.735 4.52578e-41 
4.7325 5.36648e-41 
4.74 3.21632e-41 
4.7375 3.81575e-41 
4.745 2.28339e-41 
4.7425 2.71033e-41 
4.75 1.61939e-41 
4.7475 1.92317e-41 
4.755 1.1473e-41 
4.7525 1.36322e-41 
4.76 8.12001e-42 
4.7575 9.65316e-42 
4.765 5.74101e-42 
4.7625 6.8285e-42 
4.77 4.05484e-42 
4.7675 4.8254e-42 
4.775 2.86096e-42 
4.7725 3.40639e-42 
4.78 2.01652e-42 
4.7775 2.4022e-42 
4.785 1.41987e-42 
4.7825 1.6923e-42 
4.79 9.98722e-43 
4.7875 1.19096e-42 
4.795 7.01771e-43 
4.7925 8.37284e-43 
4.8 4.92606e-43 
4.7975 5.88031e-43 
4.805 3.45428e-43 
4.8025 4.12554e-43 
4.81 2.41974e-43 
4.8075 2.89145e-43 
4.815 1.6933e-43 
4.8125 2.02443e-43 
4.82 1.18373e-43 
4.8175 1.41594e-43 
4.825 8.26652e-44 
4.8225 9.89325e-44 
4.83 5.76698e-44 
4.8275 6.90538e-44 
4.835 4.01909e-44 
4.8325 4.81493e-44 
4.84 2.79809e-44 
4.8375 3.35387e-44 
4.845 1.94603e-44 
4.8425 2.33377e-44 
4.85 1.35205e-44 
4.8475 1.62227e-44 
4.855 9.38399e-45 
4.8525 1.12653e-44 
4.86 6.50637e-45 
4.8575 7.81474e-45 
4.865 4.50655e-45 
4.8625 5.41555e-45 
4.87 3.1182e-45 
4.8675 3.74909e-45 
4.875 2.15536e-45 
4.8725 2.59277e-45 
4.88 1.4883e-45 
4.8775 1.79125e-45 
4.885 1.02664e-45 
4.8825 1.23625e-45 
4.89 7.07453e-46 
4.8875 8.52331e-46 
4.895 4.87007e-46 
4.8925 5.8704e-46 
4.9 3.3491e-46 
4.8975 4.03908e-46 
4.905 2.30079e-46 
4.9025 2.77622e-46 
4.91 1.579e-46 
4.9075 1.90625e-46 
4.915 1.08254e-46 
4.9125 1.30757e-46 
4.92 7.41419e-47 
4.9175 8.95994e-47 
4.925 5.07272e-47 
4.9225 6.13342e-47 
4.93 3.46718e-47 
4.9275 4.1943e-47 
4.935 2.36742e-47 
4.9325 2.86534e-47 
4.94 1.61488e-47 
4.9375 1.95549e-47 
4.945 1.10049e-47 
4.9425 1.33324e-47 
4.95 7.49264e-48 
4.9475 9.08137e-48 
4.955 5.0974e-48 
4.9525 6.1805e-48 
4.96 3.4662e-48 
4.9575 4.20349e-48 
4.965 2.35736e-48 
4.9625 2.85824e-48 
4.97 1.60575e-48 
4.9675 1.94493e-48 
4.975 1.09883e-48 
4.9725 1.32715e-48 
4.98 7.6031e-49 
4.9775 9.1219e-49 
4.985 5.39027e-49 
4.9825 6.3745e-49 
4.99 4.01378e-49 
4.9875 4.61305e-49 
4.995 3.26389e-49 
4.9925 3.5696e-49 
5 3.02606e-49 
4.9975 3.08492e-49 
