0 8.20618e-06 
0.005 8.28617e-06 
0.0025 8.22615e-06 
0.01 8.52751e-06 
0.0075 8.38648e-06 
0.015 8.93426e-06 
0.0125 8.70984e-06 
0.02 9.51331e-06 
0.0175 9.20171e-06 
0.025 1.02744e-05 
0.0225 9.87038e-06 
0.03 1.12303e-05 
0.0275 1.07271e-05 
0.035 1.23971e-05 
0.0325 1.17862e-05 
0.04 1.37942e-05 
0.0375 1.30655e-05 
0.045 1.54447e-05 
0.0425 1.45861e-05 
0.05 1.7376e-05 
0.0475 1.63734e-05 
0.055 1.96196e-05 
0.0525 1.84566e-05 
0.06 2.22124e-05 
0.0575 2.08699e-05 
0.065 2.51963e-05 
0.0625 2.36526e-05 
0.07 2.86194e-05 
0.0675 2.68497e-05 
0.075 3.25366e-05 
0.0725 3.05125e-05 
0.08 3.70101e-05 
0.0775 3.46996e-05 
0.085 4.21106e-05 
0.0825 3.94772e-05 
0.09 4.79182e-05 
0.0875 4.49206e-05 
0.095 5.45233e-05 
0.0925 5.1115e-05 
0.1 6.20282e-05 
0.0975 5.81564e-05 
0.105 7.05482e-05 
0.1025 6.61535e-05 
0.11 8.02132e-05 
0.1075 7.52288e-05 
0.115 9.11698e-05 
0.1125 8.55202e-05 
0.12 0.000103583 
0.1175 9.71832e-05 
0.125 0.000117638 
0.1225 0.000110393 
0.13 0.000133545 
0.1275 0.000125346 
0.135 0.000151537 
0.1325 0.000142264 
0.14 0.000171879 
0.1375 0.000161396 
0.145 0.000194867 
0.1425 0.000183022 
0.15 0.000220835 
0.1475 0.000207456 
0.155 0.000250157 
0.1525 0.000235052 
0.16 0.000283251 
0.1575 0.000266204 
0.165 0.000320591 
0.1625 0.000301359 
0.17 0.000362704 
0.1675 0.000341015 
0.175 0.000410183 
0.1725 0.000385733 
0.18 0.000463694 
0.1775 0.00043614 
0.185 0.000523982 
0.1825 0.000492941 
0.19 0.000591884 
0.1875 0.000556925 
0.195 0.000668335 
0.1925 0.000628978 
0.2 0.000754385 
0.1975 0.00071009 
0.205 0.000851211 
0.2025 0.000801372 
0.21 0.000960128 
0.2075 0.00090407 
0.215 0.00108261 
0.2125 0.00101957 
0.22 0.00122031 
0.2175 0.00114945 
0.225 0.00137507 
0.2225 0.00129543 
0.23 0.00154896 
0.2275 0.00145949 
0.235 0.00174429 
0.2325 0.00164379 
0.24 0.00196365 
0.2375 0.00185079 
0.245 0.00220992 
0.2425 0.00208323 
0.25 0.00248634 
0.2475 0.00234415 
0.255 0.00279651 
0.2525 0.00263696 
0.26 0.00314447 
0.2575 0.0029655 
0.265 0.00353472 
0.2625 0.00333401 
0.27 0.00397228 
0.2675 0.00374725 
0.275 0.00446276 
0.2725 0.00421053 
0.28 0.00501241 
0.2775 0.00472977 
0.285 0.00562818 
0.2825 0.00531156 
0.29 0.00631786 
0.2875 0.00596327 
0.295 0.00709006 
0.2925 0.00669307 
0.3 0.00795441 
0.2975 0.00751008 
0.305 0.00892158 
0.3025 0.00842443 
0.31 0.0100034 
0.3075 0.00944738 
0.315 0.0112132 
0.3125 0.0105914 
0.32 0.0125653 
0.3175 0.0118705 
0.325 0.0140761 
0.3225 0.0132998 
0.33 0.0157632 
0.3275 0.0148964 
0.335 0.0176466 
0.3325 0.0166791 
0.34 0.0197479 
0.3375 0.0186686 
0.345 0.0220909 
0.3425 0.0208876 
0.35 0.0247019 
0.3475 0.0233612 
0.355 0.0276097 
0.3525 0.0261168 
0.36 0.0308456 
0.3575 0.0291846 
0.365 0.0344437 
0.3625 0.0325971 
0.37 0.0384412 
0.3675 0.0363901 
0.375 0.0428779 
0.3725 0.040602 
0.38 0.0477971 
0.3775 0.0452744 
0.385 0.0532449 
0.3825 0.050452 
0.39 0.0592703 
0.3875 0.0561822 
0.395 0.0659253 
0.3925 0.0625158 
0.4 0.0732643 
0.3975 0.0695058 
0.405 0.0813438 
0.4025 0.0772079 
0.41 0.0902223 
0.4075 0.0856795 
0.415 0.0999587 
0.4125 0.0949795 
0.42 0.110612 
0.4175 0.105167 
0.425 0.122242 
0.4225 0.116302 
0.43 0.134902 
0.4275 0.128439 
0.435 0.148645 
0.4325 0.141635 
0.44 0.163518 
0.4375 0.155938 
0.445 0.17956 
0.4425 0.171391 
0.45 0.196798 
0.4475 0.188028 
0.455 0.215252 
0.4525 0.205873 
0.46 0.234924 
0.4575 0.224936 
0.465 0.255803 
0.4625 0.245214 
0.47 0.277858 
0.4675 0.266686 
0.475 0.301041 
0.4725 0.289313 
0.48 0.325283 
0.4775 0.313035 
0.485 0.350494 
0.4825 0.337773 
0.49 0.376565 
0.4875 0.363429 
0.495 0.403368 
0.4925 0.389883 
0.5 0.430759 
0.4975 0.416999 
0.505 0.458578 
0.5025 0.444625 
0.51 0.486657 
0.5075 0.472596 
0.515 0.514821 
0.5125 0.50074 
0.52 0.542891 
0.5175 0.528879 
0.525 0.570693 
0.5225 0.556837 
0.53 0.598058 
0.5275 0.58444 
0.535 0.624827 
0.5325 0.611526 
0.54 0.650858 
0.5375 0.637943 
0.545 0.676022 
0.5425 0.663555 
0.55 0.700212 
0.5475 0.688245 
0.555 0.723339 
0.5525 0.711913 
0.56 0.745336 
0.5575 0.734482 
0.565 0.766154 
0.5625 0.755894 
0.57 0.785765 
0.5675 0.776111 
0.575 0.804157 
0.5725 0.795113 
0.58 0.821334 
0.5775 0.812896 
0.585 0.837315 
0.5825 0.829473 
0.59 0.85213 
0.5875 0.844866 
0.595 0.865817 
0.5925 0.859112 
0.6 0.878424 
0.5975 0.872253 
0.605 0.890002 
0.6025 0.884338 
0.61 0.900608 
0.6075 0.895423 
0.615 0.9103 
0.6125 0.905564 
0.62 0.919136 
0.6175 0.914821 
0.625 0.927176 
0.6225 0.923252 
0.63 0.934479 
0.6275 0.930916 
0.635 0.9411 
0.6325 0.937871 
0.64 0.947094 
0.6375 0.944172 
0.645 0.952514 
0.6425 0.949873 
0.65 0.957407 
0.6475 0.955023 
0.655 0.961819 
0.6525 0.95967 
0.66 0.965795 
0.6575 0.963859 
0.665 0.969373 
0.6625 0.967631 
0.67 0.972591 
0.6675 0.971025 
0.675 0.975482 
0.6725 0.974075 
0.68 0.978077 
0.6775 0.976814 
0.685 0.980406 
0.6825 0.979274 
0.69 0.982495 
0.6875 0.981479 
0.695 0.984367 
0.6925 0.983457 
0.7 0.986043 
0.6975 0.985228 
0.705 0.987544 
0.7025 0.986815 
0.71 0.988888 
0.7075 0.988235 
0.715 0.990089 
0.7125 0.989505 
0.72 0.991164 
0.7175 0.990642 
0.725 0.992124 
0.7225 0.991658 
0.73 0.992982 
0.7275 0.992565 
0.735 0.993749 
0.7325 0.993377 
0.74 0.994433 
0.7375 0.994101 
0.745 0.995044 
0.7425 0.994748 
0.75 0.99559 
0.7475 0.995325 
0.755 0.996076 
0.7525 0.99584 
0.76 0.99651 
0.7575 0.996299 
0.765 0.996897 
0.7625 0.996709 
0.77 0.997242 
0.7675 0.997074 
0.775 0.997549 
0.7725 0.9974 
0.78 0.997823 
0.7775 0.99769 
0.785 0.998066 
0.7825 0.997948 
0.79 0.998283 
0.7875 0.998178 
0.795 0.998477 
0.7925 0.998383 
0.8 0.998649 
0.7975 0.998565 
0.805 0.998801 
0.8025 0.998727 
0.81 0.998937 
0.8075 0.998871 
0.815 0.999058 
0.8125 0.999 
0.82 0.999166 
0.8175 0.999114 
0.825 0.999261 
0.8225 0.999215 
0.83 0.999346 
0.8275 0.999305 
0.835 0.999421 
0.8325 0.999385 
0.84 0.999488 
0.8375 0.999456 
0.845 0.999547 
0.8425 0.999519 
0.85 0.9996 
0.8475 0.999575 
0.855 0.999647 
0.8525 0.999624 
0.86 0.999688 
0.8575 0.999668 
0.865 0.999725 
0.8625 0.999707 
0.87 0.999757 
0.8675 0.999741 
0.875 0.999786 
0.8725 0.999772 
0.88 0.999811 
0.8775 0.999799 
0.885 0.999833 
0.8825 0.999822 
0.89 0.999853 
0.8875 0.999844 
0.895 0.999871 
0.8925 0.999862 
0.9 0.999886 
0.8975 0.999879 
0.905 0.9999 
0.9025 0.999893 
0.91 0.999912 
0.9075 0.999906 
0.915 0.999922 
0.9125 0.999917 
0.92 0.999931 
0.9175 0.999927 
0.925 0.999939 
0.9225 0.999936 
0.93 0.999947 
0.9275 0.999943 
0.935 0.999953 
0.9325 0.99995 
0.94 0.999958 
0.9375 0.999956 
0.945 0.999963 
0.9425 0.999961 
0.95 0.999967 
0.9475 0.999965 
0.955 0.99997 
0.9525 0.999969 
0.96 0.999973 
0.9575 0.999972 
0.965 0.999976 
0.9625 0.999975 
0.97 0.999978 
0.9675 0.999977 
0.975 0.99998 
0.9725 0.999979 
0.98 0.999981 
0.9775 0.99998 
0.985 0.999982 
0.9825 0.999981 
0.99 0.999983 
0.9875 0.999982 
0.995 0.999983 
0.9925 0.999983 
1 0.999983 
0.9975 0.999983 
1.005 0.999983 
1.0025 0.999983 
1.01 0.999982 
1.0075 0.999983 
1.015 0.999982 
1.0125 0.999982 
1.02 0.999981 
1.0175 0.999981 
1.025 0.999979 
1.0225 0.99998 
1.03 0.999978 
1.0275 0.999978 
1.035 0.999976 
1.0325 0.999977 
1.04 0.999973 
1.0375 0.999974 
1.045 0.999971 
1.0425 0.999972 
1.05 0.999967 
1.0475 0.999969 
1.055 0.999964 
1.0525 0.999966 
1.06 0.99996 
1.0575 0.999962 
1.065 0.999955 
1.0625 0.999958 
1.07 0.99995 
1.0675 0.999953 
1.075 0.999944 
1.0725 0.999947 
1.08 0.999938 
1.0775 0.999941 
1.085 0.99993 
1.0825 0.999934 
1.09 0.999922 
1.0875 0.999927 
1.095 0.999913 
1.0925 0.999918 
1.1 0.999903 
1.0975 0.999908 
1.105 0.999892 
1.1025 0.999897 
1.11 0.999879 
1.1075 0.999885 
1.115 0.999865 
1.1125 0.999872 
1.12 0.999849 
1.1175 0.999857 
1.125 0.999832 
1.1225 0.999841 
1.13 0.999812 
1.1275 0.999822 
1.135 0.99979 
1.1325 0.999801 
1.14 0.999766 
1.1375 0.999779 
1.145 0.999739 
1.1425 0.999753 
1.15 0.99971 
1.1475 0.999725 
1.155 0.999677 
1.1525 0.999694 
1.16 0.99964 
1.1575 0.999659 
1.165 0.999599 
1.1625 0.99962 
1.17 0.999554 
1.1675 0.999577 
1.175 0.999504 
1.1725 0.99953 
1.18 0.999448 
1.1775 0.999477 
1.185 0.999387 
1.1825 0.999418 
1.19 0.999318 
1.1875 0.999353 
1.195 0.999243 
1.1925 0.999281 
1.2 0.999159 
1.1975 0.999202 
1.205 0.999066 
1.2025 0.999113 
1.21 0.998963 
1.2075 0.999015 
1.215 0.998849 
1.2125 0.998907 
1.22 0.998722 
1.2175 0.998787 
1.225 0.998583 
1.2225 0.998654 
1.23 0.998428 
1.2275 0.998507 
1.235 0.998257 
1.2325 0.998345 
1.24 0.998068 
1.2375 0.998165 
1.245 0.997858 
1.2425 0.997966 
1.25 0.997627 
1.2475 0.997745 
1.255 0.99737 
1.2525 0.997502 
1.26 0.997087 
1.2575 0.997232 
1.265 0.996774 
1.2625 0.996934 
1.27 0.996428 
1.2675 0.996605 
1.275 0.996045 
1.2725 0.996241 
1.28 0.995622 
1.2775 0.995839 
1.285 0.995154 
1.2825 0.995394 
1.29 0.994638 
1.2875 0.994902 
1.295 0.994067 
1.2925 0.99436 
1.3 0.993437 
1.2975 0.99376 
1.305 0.992741 
1.3025 0.993097 
1.31 0.991972 
1.3075 0.992366 
1.315 0.991123 
1.3125 0.991558 
1.32 0.990187 
1.3175 0.990666 
1.325 0.989153 
1.3225 0.989682 
1.33 0.988012 
1.3275 0.988596 
1.335 0.986754 
1.3325 0.987398 
1.34 0.985366 
1.3375 0.986077 
1.345 0.983836 
1.3425 0.98462 
1.35 0.98215 
1.3475 0.983013 
1.355 0.980292 
1.3525 0.981243 
1.36 0.978246 
1.3575 0.979293 
1.365 0.975993 
1.3625 0.977146 
1.37 0.973514 
1.3675 0.974783 
1.375 0.970787 
1.3725 0.972183 
1.38 0.96779 
1.3775 0.969324 
1.385 0.964498 
1.3825 0.966183 
1.39 0.960883 
1.3875 0.962733 
1.395 0.956918 
1.3925 0.958947 
1.4 0.952573 
1.3975 0.954795 
1.405 0.947814 
1.4025 0.950247 
1.41 0.942608 
1.4075 0.945269 
1.415 0.936919 
1.4125 0.939826 
1.42 0.930711 
1.4175 0.933882 
1.425 0.923944 
1.4225 0.9274 
1.43 0.916579 
1.4275 0.920339 
1.435 0.908576 
1.4325 0.91266 
1.44 0.899896 
1.4375 0.904323 
1.445 0.890497 
1.4425 0.895289 
1.45 0.880344 
1.4475 0.885517 
1.455 0.869397 
1.4525 0.874972 
1.46 0.857626 
1.4575 0.863617 
1.465 0.845 
1.4625 0.851421 
1.47 0.831495 
1.4675 0.838358 
1.475 0.817093 
1.4725 0.824407 
1.48 0.801785 
1.4775 0.809553 
1.485 0.785569 
1.4825 0.79379 
1.49 0.768454 
1.4875 0.777123 
1.495 0.750461 
1.4925 0.759566 
1.5 0.731619 
1.4975 0.741143 
1.505 0.711976 
1.5025 0.721895 
1.51 0.691587 
1.5075 0.70187 
1.515 0.670525 
1.5125 0.681135 
1.52 0.648872 
1.5175 0.659766 
1.525 0.626724 
1.5225 0.637853 
1.53 0.604187 
1.5275 0.615497 
1.535 0.581378 
1.5325 0.592809 
1.54 0.558418 
1.5375 0.569909 
1.545 0.535437 
1.5425 0.546922 
1.55 0.512563 
1.5475 0.523978 
1.555 0.48993 
1.5525 0.501209 
1.56 0.467665 
1.5575 0.478743 
1.565 0.445893 
1.5625 0.45671 
1.57 0.424733 
1.5675 0.435229 
1.575 0.404294 
1.5725 0.414416 
1.58 0.384678 
1.5775 0.394377 
1.585 0.365975 
1.5825 0.375207 
1.59 0.348265 
1.5875 0.356991 
1.595 0.331618 
1.5925 0.339805 
1.6 0.316093 
1.5975 0.323712 
1.605 0.301737 
1.6025 0.308766 
1.61 0.288591 
1.6075 0.295011 
1.615 0.276685 
1.6125 0.282482 
1.62 0.266043 
1.6175 0.271205 
1.625 0.256682 
1.6225 0.261202 
1.63 0.248611 
1.6275 0.252484 
1.635 0.241837 
1.6325 0.245062 
1.64 0.236361 
1.6375 0.238937 
1.645 0.232178 
1.6425 0.234108 
1.65 0.229283 
1.6475 0.230571 
1.655 0.227665 
1.6525 0.228316 
1.66 0.22731 
1.6575 0.227331 
1.665 0.228202 
1.6625 0.227601 
1.67 0.230321 
1.6675 0.229109 
1.675 0.233647 
1.6725 0.231835 
1.68 0.238157 
1.6775 0.235755 
1.685 0.243827 
1.6825 0.240848 
1.69 0.250631 
1.6875 0.247088 
1.695 0.258543 
1.6925 0.25445 
1.7 0.267535 
1.6975 0.262906 
1.705 0.27758 
1.7025 0.272428 
1.71 0.288648 
1.7075 0.282988 
1.715 0.300707 
1.7125 0.294556 
1.72 0.313725 
1.7175 0.307098 
1.725 0.327665 
1.7225 0.320582 
1.73 0.34249 
1.7275 0.33497 
1.735 0.358156 
1.7325 0.350221 
1.74 0.374618 
1.7375 0.366291 
1.745 0.391825 
1.7425 0.383132 
1.75 0.409719 
1.7475 0.40069 
1.755 0.428242 
1.7525 0.418906 
1.76 0.447325 
1.7575 0.437717 
1.765 0.466897 
1.7625 0.457054 
1.77 0.486881 
1.7675 0.476842 
1.775 0.507196 
1.7725 0.497002 
1.78 0.527756 
1.7775 0.517451 
1.785 0.548473 
1.7825 0.538101 
1.79 0.569257 
1.7875 0.558863 
1.795 0.590016 
1.7925 0.579645 
1.8 0.61066 
1.7975 0.600358 
1.805 0.6311 
1.8025 0.620911 
1.81 0.651249 
1.8075 0.641216 
1.815 0.671027 
1.8125 0.661189 
1.82 0.690358 
1.8175 0.680753 
1.825 0.709173 
1.8225 0.699834 
1.83 0.727411 
1.8275 0.718368 
1.835 0.745019 
1.8325 0.736297 
1.84 0.761954 
1.8375 0.753573 
1.845 0.778178 
1.8425 0.770156 
1.85 0.793667 
1.8475 0.786016 
1.855 0.808403 
1.8525 0.80113 
1.86 0.822374 
1.8575 0.815484 
1.865 0.83558 
1.8625 0.829073 
1.87 0.848025 
1.8675 0.841897 
1.875 0.85972 
1.8725 0.853965 
1.88 0.87068 
1.8775 0.86529 
1.885 0.880926 
1.8825 0.87589 
1.89 0.890482 
1.8875 0.885788 
1.895 0.899375 
1.8925 0.895009 
1.9 0.907634 
1.8975 0.903582 
1.905 0.915291 
1.9025 0.911536 
1.91 0.922376 
1.9075 0.918903 
1.915 0.928922 
1.9125 0.925714 
1.92 0.93496 
1.9175 0.932002 
1.925 0.940523 
1.9225 0.937799 
1.93 0.945642 
1.9275 0.943136 
1.935 0.950346 
1.9325 0.948044 
1.94 0.954664 
1.9375 0.952552 
1.945 0.958625 
1.9425 0.956688 
1.95 0.962255 
1.9475 0.96048 
1.955 0.965579 
1.9525 0.963954 
1.96 0.96862 
1.9575 0.967133 
1.965 0.971401 
1.9625 0.970042 
1.97 0.973942 
1.9675 0.9727 
1.975 0.976263 
1.9725 0.975129 
1.98 0.978382 
1.9775 0.977347 
1.985 0.980315 
1.9825 0.979371 
1.99 0.982079 
1.9875 0.981217 
1.995 0.983687 
1.9925 0.982901 
2 0.985153 
1.9975 0.984437 
2.005 0.986488 
2.0025 0.985836 
2.01 0.987705 
2.0075 0.987111 
2.015 0.988814 
2.0125 0.988272 
2.02 0.989823 
2.0175 0.98933 
2.025 0.990742 
2.0225 0.990293 
2.03 0.991578 
2.0275 0.99117 
2.035 0.99234 
2.0325 0.991968 
2.04 0.993032 
2.0375 0.992694 
2.045 0.993663 
2.0425 0.993355 
2.05 0.994236 
2.0475 0.993956 
2.055 0.994758 
2.0525 0.994503 
2.06 0.995233 
2.0575 0.995001 
2.065 0.995664 
2.0625 0.995454 
2.07 0.996057 
2.0675 0.995865 
2.075 0.996414 
2.0725 0.996239 
2.08 0.996738 
2.0775 0.99658 
2.085 0.997033 
2.0825 0.996889 
2.09 0.997302 
2.0875 0.997171 
2.095 0.997545 
2.0925 0.997426 
2.1 0.997767 
2.0975 0.997659 
2.105 0.997968 
2.1025 0.99787 
2.11 0.998151 
2.1075 0.998062 
2.115 0.998317 
2.1125 0.998236 
2.12 0.998468 
2.1175 0.998395 
2.125 0.998605 
2.1225 0.998538 
2.13 0.998729 
2.1275 0.998669 
2.135 0.998842 
2.1325 0.998787 
2.14 0.998944 
2.1375 0.998894 
2.145 0.999036 
2.1425 0.998991 
2.15 0.99912 
2.1475 0.999079 
2.155 0.999196 
2.1525 0.999159 
2.16 0.999264 
2.1575 0.999231 
2.165 0.999325 
2.1625 0.999295 
2.17 0.999381 
2.1675 0.999354 
2.175 0.99943 
2.1725 0.999406 
2.18 0.999475 
2.1775 0.999453 
2.185 0.999515 
2.1825 0.999495 
2.19 0.99955 
2.1875 0.999533 
2.195 0.999581 
2.1925 0.999566 
2.2 0.999609 
2.1975 0.999595 
2.205 0.999632 
2.2025 0.999621 
2.21 0.999653 
2.2075 0.999643 
2.215 0.999671 
2.2125 0.999662 
2.22 0.999685 
2.2175 0.999678 
2.225 0.999697 
2.2225 0.999692 
2.23 0.999707 
2.2275 0.999702 
2.235 0.999714 
2.2325 0.999711 
2.24 0.999719 
2.2375 0.999717 
2.245 0.999721 
2.2425 0.99972 
2.25 0.999722 
2.2475 0.999722 
2.255 0.99972 
2.2525 0.999721 
2.26 0.999716 
2.2575 0.999718 
2.265 0.999711 
2.2625 0.999714 
2.27 0.999703 
2.2675 0.999707 
2.275 0.999694 
2.2725 0.999699 
2.28 0.999683 
2.2775 0.999689 
2.285 0.99967 
2.2825 0.999677 
2.29 0.999655 
2.2875 0.999663 
2.295 0.999639 
2.2925 0.999647 
2.3 0.99962 
2.2975 0.99963 
2.305 0.9996 
2.3025 0.999611 
2.31 0.999579 
2.3075 0.99959 
2.315 0.999555 
2.3125 0.999567 
2.32 0.999529 
2.3175 0.999542 
2.325 0.999502 
2.3225 0.999516 
2.33 0.999473 
2.3275 0.999488 
2.335 0.999442 
2.3325 0.999458 
2.34 0.999409 
2.3375 0.999426 
2.345 0.999374 
2.3425 0.999392 
2.35 0.999338 
2.3475 0.999356 
2.355 0.999299 
2.3525 0.999318 
2.36 0.999258 
2.3575 0.999279 
2.365 0.999215 
2.3625 0.999237 
2.37 0.99917 
2.3675 0.999193 
2.375 0.999123 
2.3725 0.999147 
2.38 0.999074 
2.3775 0.999099 
2.385 0.999023 
2.3825 0.999049 
2.39 0.998969 
2.3875 0.998996 
2.395 0.998913 
2.3925 0.998941 
2.4 0.998854 
2.3975 0.998884 
2.405 0.998793 
2.4025 0.998824 
2.41 0.998729 
2.4075 0.998761 
2.415 0.998663 
2.4125 0.998696 
2.42 0.998594 
2.4175 0.998629 
2.425 0.998522 
2.4225 0.998558 
2.43 0.998447 
2.4275 0.998485 
2.435 0.998369 
2.4325 0.998408 
2.44 0.998287 
2.4375 0.998328 
2.445 0.998202 
2.4425 0.998245 
2.45 0.998113 
2.4475 0.998158 
2.455 0.998021 
2.4525 0.998068 
2.46 0.997924 
2.4575 0.997973 
2.465 0.997823 
2.4625 0.997874 
2.47 0.997717 
2.4675 0.997771 
2.475 0.997607 
2.4725 0.997663 
2.48 0.997491 
2.4775 0.997549 
2.485 0.997369 
2.4825 0.99743 
2.49 0.997241 
2.4875 0.997306 
2.495 0.997106 
2.4925 0.997174 
2.5 0.996964 
2.4975 0.997036 
2.505 0.996815 
2.5025 0.996891 
2.51 0.996657 
2.5075 0.996737 
2.515 0.99649 
2.5125 0.996575 
2.52 0.996313 
2.5175 0.996403 
2.525 0.996126 
2.5225 0.996221 
2.53 0.995927 
2.5275 0.996028 
2.535 0.995715 
2.5325 0.995823 
2.54 0.99549 
2.5375 0.995604 
2.545 0.99525 
2.5425 0.995372 
2.55 0.994994 
2.5475 0.995124 
2.555 0.99472 
2.5525 0.994859 
2.56 0.994427 
2.5575 0.994576 
2.565 0.994114 
2.5625 0.994273 
2.57 0.993778 
2.5675 0.993949 
2.575 0.993417 
2.5725 0.993601 
2.58 0.99303 
2.5775 0.993227 
2.585 0.992614 
2.5825 0.992826 
2.59 0.992166 
2.5875 0.992394 
2.595 0.991684 
2.5925 0.99193 
2.6 0.991165 
2.5975 0.991429 
2.605 0.990606 
2.6025 0.990891 
2.61 0.990002 
2.6075 0.99031 
2.615 0.989351 
2.6125 0.989683 
2.62 0.988649 
2.6175 0.989007 
2.625 0.98789 
2.6225 0.988277 
2.63 0.98707 
2.6275 0.987488 
2.635 0.986184 
2.6325 0.986636 
2.64 0.985227 
2.6375 0.985715 
2.645 0.984192 
2.6425 0.98472 
2.65 0.983074 
2.6475 0.983644 
2.655 0.981864 
2.6525 0.982481 
2.66 0.980556 
2.6575 0.981223 
2.665 0.979141 
2.6625 0.979862 
2.67 0.977611 
2.6675 0.978391 
2.675 0.975956 
2.6725 0.9768 
2.68 0.974167 
2.6775 0.975079 
2.685 0.972232 
2.6825 0.973219 
2.69 0.970141 
2.6875 0.971207 
2.695 0.96788 
2.6925 0.969033 
2.7 0.965437 
2.6975 0.966682 
2.705 0.962798 
2.7025 0.964143 
2.71 0.959947 
2.7075 0.9614 
2.715 0.956868 
2.7125 0.958437 
2.72 0.953545 
2.7175 0.955238 
2.725 0.949961 
2.7225 0.951787 
2.73 0.946094 
2.7275 0.948064 
2.735 0.941927 
2.7325 0.94405 
2.74 0.937438 
2.7375 0.939724 
2.745 0.932604 
2.7425 0.935065 
2.75 0.927403 
2.7475 0.930051 
2.755 0.921812 
2.7525 0.924658 
2.76 0.915805 
2.7575 0.918862 
2.765 0.909356 
2.7625 0.912637 
2.77 0.902441 
2.7675 0.905958 
2.775 0.895031 
2.7725 0.898799 
2.78 0.887101 
2.7775 0.891133 
2.785 0.878624 
2.7825 0.882932 
2.79 0.869572 
2.7875 0.874171 
2.795 0.85992 
2.7925 0.864822 
2.8 0.849642 
2.7975 0.854861 
2.805 0.838715 
2.8025 0.844261 
2.81 0.827116 
2.8075 0.833001 
2.815 0.814825 
2.8125 0.821058 
2.82 0.801826 
2.8175 0.808415 
2.825 0.788103 
2.8225 0.795056 
2.83 0.773648 
2.8275 0.780968 
2.835 0.758455 
2.8325 0.766144 
2.84 0.742524 
2.8375 0.750582 
2.845 0.725861 
2.8425 0.734283 
2.85 0.708477 
2.8475 0.717258 
2.855 0.690393 
2.8525 0.699521 
2.86 0.671634 
2.8575 0.681096 
2.865 0.652236 
2.8625 0.662013 
2.87 0.632239 
2.8675 0.642309 
2.875 0.611694 
2.8725 0.622032 
2.88 0.590659 
2.8775 0.601234 
2.885 0.5692 
2.8825 0.579978 
2.89 0.547387 
2.8875 0.558332 
2.895 0.525299 
2.8925 0.536372 
2.9 0.503018 
2.8975 0.514177 
2.905 0.480632 
2.9025 0.491833 
2.91 0.458229 
2.9075 0.469427 
2.915 0.435899 
2.9125 0.447049 
2.92 0.413732 
2.9175 0.424789 
2.925 0.391814 
2.9225 0.402736 
2.93 0.370231 
2.9275 0.380976 
2.935 0.349061 
2.9325 0.35959 
2.94 0.328378 
2.9375 0.338654 
2.945 0.308247 
2.9425 0.31824 
2.95 0.288729 
2.9475 0.298408 
2.955 0.269873 
2.9525 0.279215 
2.96 0.251722 
2.9575 0.260707 
2.965 0.234309 
2.9625 0.242921 
2.97 0.217659 
2.9675 0.225887 
2.975 0.201789 
2.9725 0.209626 
2.98 0.186709 
2.9775 0.19415 
2.985 0.172421 
2.9825 0.179466 
2.99 0.158921 
2.9875 0.165573 
2.995 0.146199 
2.9925 0.152463 
3 0.13424 
2.9975 0.140125 
3.005 0.123025 
3.0025 0.12854 
3.01 0.112532 
3.0075 0.11769 
3.015 0.102736 
3.0125 0.107548 
3.02 0.0936089 
3.0175 0.0980903 
3.025 0.0851229 
3.0225 0.0892876 
3.03 0.0772481 
3.0275 0.081111 
3.035 0.0699543 
3.0325 0.0735304 
3.04 0.0632113 
3.0375 0.0665158 
3.045 0.0569893 
3.0425 0.060037 
3.05 0.051259 
3.0475 0.0540645 
3.055 0.0459919 
3.0525 0.0485693 
3.06 0.0411605 
3.0575 0.0435234 
3.065 0.0367382 
3.0625 0.0388998 
3.07 0.0326997 
3.0675 0.0346725 
3.075 0.0290209 
3.0725 0.0308168 
3.08 0.0256786 
3.0775 0.0273091 
3.085 0.0226508 
3.0825 0.0241267 
3.09 0.0199164 
3.0875 0.0212482 
3.095 0.0174553 
3.0925 0.0186529 
3.1 0.015248 
3.0975 0.0163211 
3.105 0.0132759 
3.1025 0.0142337 
3.11 0.0115208 
3.1075 0.0123723 
3.115 0.00996515 
3.1125 0.0107191 
3.12 0.00859214 
3.1175 0.00925685 
3.125 0.00738539 
3.1225 0.00796898 
3.13 0.00632923 
3.1275 0.00683944 
3.135 0.00540868 
3.1325 0.00585291 
3.14 0.00460953 
3.1375 0.00499478 
3.145 0.00391845 
3.1425 0.00425128 
3.15 0.00332302 
3.1475 0.00360952 
3.155 0.00281176 
3.1525 0.00305755 
3.16 0.0023742 
3.1575 0.00258439 
3.165 0.00200084 
3.1625 0.00218005 
3.17 0.00168313 
3.1675 0.00183552 
3.175 0.00141349 
3.1725 0.00154274 
3.18 0.00118516 
3.1775 0.00129455 
3.185 0.000992246 
3.1825 0.00108462 
3.19 0.000829575 
3.1875 0.000907425 
3.195 0.000692656 
3.1925 0.000758152 
3.2 0.00057761 
3.1975 0.00063262 
3.205 0.000481095 
3.2025 0.000527225 
3.21 0.000400245 
3.2075 0.000438874 
3.215 0.000332611 
3.2125 0.000364914 
3.22 0.000276108 
3.2175 0.000303086 
3.225 0.000228962 
3.2225 0.000251465 
3.23 0.00018967 
3.2275 0.000208418 
3.235 0.000156961 
3.2325 0.000172564 
3.24 0.000129763 
3.2375 0.000142733 
3.245 0.000107171 
3.2425 0.000117942 
3.25 8.84251e-05 
3.2475 9.73597e-05 
3.255 7.28866e-05 
3.2525 8.02906e-05 
3.26 6.00198e-05 
3.2575 6.61491e-05 
3.265 4.93761e-05 
3.2625 5.44451e-05 
3.27 4.05802e-05 
3.2675 4.47681e-05 
3.275 3.33185e-05 
3.2725 3.6775e-05 
3.28 2.73295e-05 
3.2775 3.01795e-05 
3.285 2.23948e-05 
3.2825 2.47424e-05 
3.29 1.83331e-05 
3.2875 2.02649e-05 
3.295 1.4993e-05 
3.2925 1.65812e-05 
3.3 1.22493e-05 
3.2975 1.35536e-05 
3.305 9.99762e-06 
3.3025 1.10677e-05 
3.31 8.15161e-06 
3.3075 9.02868e-06 
3.315 6.63971e-06 
3.3125 7.35785e-06 
3.32 5.40271e-06 
3.3175 5.99012e-06 
3.325 4.39166e-06 
3.3225 4.87165e-06 
3.33 3.56613e-06 
3.3275 3.95794e-06 
3.335 2.89278e-06 
3.3325 3.21227e-06 
3.34 2.34412e-06 
3.3375 2.60438e-06 
3.345 1.89754e-06 
3.3425 2.10932e-06 
3.35 1.53441e-06 
3.3475 1.70656e-06 
3.355 1.23946e-06 
3.3525 1.37925e-06 
3.36 1.00014e-06 
3.3575 1.11354e-06 
3.365 8.06166e-07 
3.3625 8.9805e-07 
3.37 6.49114e-07 
3.3675 7.23487e-07 
3.375 5.22093e-07 
3.3725 5.82228e-07 
3.38 4.19473e-07 
3.3775 4.68042e-07 
3.385 3.36656e-07 
3.3825 3.75841e-07 
3.39 2.69894e-07 
3.3875 3.01473e-07 
3.395 2.16134e-07 
3.3925 2.41556e-07 
3.4 1.72891e-07 
3.3975 1.93334e-07 
3.405 1.38147e-07 
3.4025 1.54567e-07 
3.41 1.10263e-07 
3.4075 1.23437e-07 
3.415 8.79086e-08 
3.4125 9.8467e-08 
3.42 7.0008e-08 
3.4175 7.84603e-08 
3.425 5.56899e-08 
3.4225 6.24486e-08 
3.43 4.42502e-08 
3.4275 4.96486e-08 
3.435 3.51208e-08 
3.4325 3.94276e-08 
3.44 2.78433e-08 
3.4375 3.12755e-08 
3.445 2.20488e-08 
3.4425 2.47807e-08 
3.45 1.74403e-08 
3.4475 1.96124e-08 
3.455 1.37793e-08 
3.4525 1.55043e-08 
3.46 1.08743e-08 
3.4575 1.22426e-08 
3.465 8.57194e-09 
3.4625 9.65611e-09 
3.47 6.74928e-09 
3.4675 7.60729e-09 
3.475 5.30805e-09 
3.4725 5.9863e-09 
3.48 4.16977e-09 
3.4775 4.70528e-09 
3.485 3.27179e-09 
3.4825 3.69412e-09 
3.49 2.56423e-09 
3.4875 2.8969e-09 
3.495 2.00736e-09 
3.4925 2.2691e-09 
3.5 1.56959e-09 
3.4975 1.77528e-09 
3.505 1.22587e-09 
3.5025 1.38732e-09 
3.51 9.563e-10 
3.5075 1.08288e-09 
3.515 7.4514e-10 
3.5125 8.44264e-10 
3.52 5.79927e-10 
3.5175 6.57458e-10 
3.525 4.50818e-10 
3.5225 5.11388e-10 
3.53 3.50042e-10 
3.5275 3.97305e-10 
3.535 2.71475e-10 
3.5325 3.0831e-10 
3.54 2.10296e-10 
3.5375 2.3897e-10 
3.545 1.62712e-10 
3.5425 1.85007e-10 
3.55 1.25748e-10 
3.5475 1.43062e-10 
3.555 9.70661e-11 
3.5525 1.10496e-10 
3.56 7.48384e-11 
3.5575 8.52431e-11 
3.565 5.76328e-11 
3.5625 6.56841e-11 
3.57 4.43306e-11 
3.5675 5.05533e-11 
3.575 3.40584e-11 
3.5725 3.88621e-11 
3.58 2.61356e-11 
3.5775 2.98395e-11 
3.585 2.00322e-11 
3.5825 2.28846e-11 
3.59 1.5336e-11 
3.5875 1.75301e-11 
3.595 1.17269e-11 
3.5925 1.34125e-11 
3.6 8.95653e-12 
3.5975 1.025e-11 
3.605 6.83257e-12 
3.6025 7.82393e-12 
3.61 5.20613e-12 
3.6075 5.96502e-12 
3.615 3.96216e-12 
3.6125 4.54241e-12 
3.62 3.01187e-12 
3.6175 3.455e-12 
3.625 2.2868e-12 
3.6225 2.6248e-12 
3.63 1.73423e-12 
3.6275 1.99173e-12 
3.635 1.31362e-12 
3.6325 1.50956e-12 
3.64 9.93855e-13 
3.6375 1.14277e-12 
3.645 7.51038e-13 
3.6425 8.64082e-13 
3.65 5.66876e-13 
3.6475 6.52586e-13 
3.655 4.27367e-13 
3.6525 4.92275e-13 
3.66 3.21812e-13 
3.6575 3.70907e-13 
3.665 2.42042e-13 
3.6625 2.79132e-13 
3.67 1.81831e-13 
3.6675 2.09818e-13 
3.675 1.36437e-13 
3.6725 1.5753e-13 
3.68 1.02255e-13 
3.6775 1.18133e-13 
3.685 7.65468e-14 
3.6825 8.84848e-14 
3.69 5.72345e-14 
3.6875 6.61995e-14 
3.695 4.27443e-14 
3.6925 4.94687e-14 
3.7 3.18851e-14 
3.6975 3.69228e-14 
3.705 2.37568e-14 
3.7025 2.75264e-14 
3.71 1.76798e-14 
3.7075 2.04972e-14 
3.715 1.31419e-14 
3.7125 1.52451e-14 
3.72 9.75732e-15 
3.7175 1.13255e-14 
3.725 7.23593e-15 
3.7225 8.40377e-15 
3.73 5.35982e-15 
3.7275 6.22851e-15 
3.735 3.96551e-15 
3.7325 4.61091e-15 
3.74 2.9305e-15 
3.7375 3.40943e-15 
3.745 2.16311e-15 
3.7425 2.51809e-15 
3.75 1.59481e-15 
3.7475 1.85761e-15 
3.755 1.17445e-15 
3.7525 1.36878e-15 
3.76 8.63885e-16 
3.7575 1.00741e-15 
3.765 6.34708e-16 
3.7625 7.40587e-16 
3.77 4.6579e-16 
3.7675 5.43805e-16 
3.775 3.41432e-16 
3.7725 3.98848e-16 
3.78 2.49987e-16 
3.7775 2.92194e-16 
3.785 1.82823e-16 
3.7825 2.13813e-16 
3.79 1.33551e-16 
3.7875 1.56278e-16 
3.795 9.7446e-17 
3.7925 1.14095e-16 
3.8 7.10208e-17 
3.7975 8.32021e-17 
3.805 5.17025e-17 
3.8025 6.0605e-17 
3.81 3.75963e-17 
3.8075 4.40948e-17 
3.815 2.73078e-17 
3.8125 3.20461e-17 
3.82 1.98124e-17 
3.8175 2.32633e-17 
3.825 1.43582e-17 
3.8225 1.68686e-17 
3.83 1.03939e-17 
3.8275 1.22179e-17 
3.835 7.51576e-18 
3.8325 8.83962e-18 
3.84 5.42858e-18 
3.8375 6.38833e-18 
3.845 3.91672e-18 
3.8425 4.6117e-18 
3.85 2.82282e-18 
3.8475 3.32552e-18 
3.855 2.03224e-18 
3.8525 2.39544e-18 
3.86 1.4615e-18 
3.8575 1.72362e-18 
3.865 1.04993e-18 
3.8625 1.23889e-18 
3.87 7.53468e-19 
3.8675 8.89542e-19 
3.875 5.40156e-19 
3.8725 6.38036e-19 
3.88 3.86838e-19 
3.8775 4.57168e-19 
3.885 2.76759e-19 
3.8825 3.2724e-19 
3.89 1.97809e-19 
3.8875 2.34004e-19 
3.895 1.41244e-19 
3.8925 1.6717e-19 
3.9 1.0076e-19 
3.8975 1.1931e-19 
3.905 7.18142e-20 
3.9025 8.50737e-20 
3.91 5.11388e-20 
3.9075 6.06072e-20 
3.915 3.63851e-20 
3.9125 4.31399e-20 
3.92 2.58672e-20 
3.9175 3.06815e-20 
3.925 1.83759e-20 
3.9225 2.1804e-20 
3.93 1.30449e-20 
3.9275 1.54838e-20 
3.935 9.25462e-21 
3.9325 1.09883e-20 
3.94 6.56187e-21 
3.9375 7.79325e-21 
3.945 4.65031e-21 
3.9425 5.52428e-21 
3.95 3.29429e-21 
3.9475 3.91415e-21 
3.955 2.33297e-21 
3.9525 2.77234e-21 
3.96 1.65187e-21 
3.9575 1.96312e-21 
3.965 1.16953e-21 
3.9625 1.38992e-21 
3.97 8.28105e-22 
3.9675 9.84096e-22 
3.975 5.86493e-22 
3.9725 6.96872e-22 
3.98 4.15548e-22 
3.9775 4.9364e-22 
3.985 2.94609e-22 
3.9825 3.49857e-22 
3.99 2.09041e-22 
3.9875 2.48133e-22 
3.995 1.48485e-22 
3.9925 1.76152e-22 
4 1.0561e-22 
3.9975 1.25202e-22 
4.005 7.52359e-23 
4.0025 8.91184e-23 
4.01 5.3699e-23 
4.0075 6.3545e-23 
4.015 3.84115e-23 
4.0125 4.54028e-23 
4.02 2.75455e-23 
4.0175 3.25168e-23 
4.025 1.98094e-23 
4.0225 2.33504e-23 
4.03 1.4291e-23 
4.0275 1.68183e-23 
4.035 1.03457e-23 
4.0325 1.21538e-23 
4.04 7.51781e-24 
4.0375 8.81477e-24 
4.045 5.48494e-24 
4.0425 6.41806e-24 
4.05 4.01886e-24 
4.0475 4.69243e-24 
4.055 2.95777e-24 
4.0525 3.44576e-24 
4.06 2.18684e-24 
4.0575 2.54177e-24 
4.065 1.62441e-24 
4.0625 1.88364e-24 
4.07 1.21229e-24 
4.0675 1.40247e-24 
4.075 9.08947e-25 
4.0725 1.04911e-24 
4.08 6.84615e-25 
4.0775 7.884e-25 
4.085 5.17924e-25 
4.0825 5.95141e-25 
4.09 3.93471e-25 
4.0875 4.51196e-25 
4.095 3.00112e-25 
4.0925 3.43469e-25 
4.1 2.29755e-25 
4.0975 2.6247e-25 
4.105 1.76494e-25 
4.1025 2.01288e-25 
4.11 1.36004e-25 
4.1075 1.54874e-25 
4.115 1.05098e-25 
4.1125 1.19517e-25 
4.12 8.142e-26 
4.1175 9.2477e-26 
4.125 6.32162e-26 
4.1225 7.17243e-26 
4.13 4.91775e-26 
4.1275 5.57441e-26 
4.135 3.83202e-26 
4.1325 4.34023e-26 
4.14 2.99023e-26 
4.1375 3.3845e-26 
4.145 2.33612e-26 
4.1425 2.64266e-26 
4.15 1.82687e-26 
4.1475 2.06564e-26 
4.155 1.42975e-26 
4.1525 1.61602e-26 
4.16 1.11963e-26 
4.1575 1.26514e-26 
4.165 8.77164e-27 
4.1625 9.90959e-27 
4.17 6.87419e-27 
4.1675 7.76492e-27 
4.175 5.38816e-27 
4.1725 6.08588e-27 
4.18 4.22366e-27 
4.1775 4.77049e-27 
4.185 3.31073e-27 
4.1825 3.73947e-27 
4.19 2.59483e-27 
4.1875 2.93106e-27 
4.195 2.03333e-27 
4.1925 2.29704e-27 
4.2 1.59291e-27 
4.1975 1.79976e-27 
4.205 1.24748e-27 
4.2025 1.40971e-27 
4.21 9.76585e-28 
4.2075 1.10381e-27 
4.215 7.64191e-28 
4.2125 8.63932e-28 
4.22 5.97708e-28 
4.2175 6.75882e-28 
4.225 4.67257e-28 
4.2225 5.28506e-28 
4.23 3.65079e-28 
4.2275 4.13048e-28 
4.235 2.85082e-28 
4.2325 3.22633e-28 
4.24 2.22481e-28 
4.2375 2.51863e-28 
4.245 1.73518e-28 
4.2425 1.96496e-28 
4.25 1.35244e-28 
4.2475 1.53203e-28 
4.255 1.05342e-28 
4.2525 1.1937e-28 
4.26 8.19949e-29 
4.2575 9.29459e-29 
4.265 6.37778e-29 
4.2625 7.23212e-29 
4.27 4.95726e-29 
4.2675 5.62333e-29 
4.275 3.85032e-29 
4.2725 4.36926e-29 
4.28 2.98834e-29 
4.2775 3.39237e-29 
4.285 2.31758e-29 
4.2825 2.63192e-29 
4.29 1.79601e-29 
4.2875 2.04039e-29 
4.295 1.39073e-29 
4.2925 1.58058e-29 
4.3 1.07606e-29 
4.2975 1.22344e-29 
4.305 8.31929e-30 
4.3025 9.46247e-30 
4.31 6.42666e-30 
4.3075 7.31272e-30 
4.315 4.96057e-30 
4.3125 5.64679e-30 
4.32 3.82579e-30 
4.3175 4.35683e-30 
4.325 2.94816e-30 
4.3225 3.35877e-30 
4.33 2.26996e-30 
4.3275 2.58719e-30 
4.335 1.74629e-30 
4.3325 1.99119e-30 
4.34 1.3423e-30 
4.3375 1.53119e-30 
4.345 1.03088e-30 
4.3425 1.17645e-30 
4.35 7.91029e-31 
4.3475 9.03121e-31 
4.355 6.06456e-31 
4.3525 6.92695e-31 
4.36 4.64544e-31 
4.3575 5.30835e-31 
4.365 3.55527e-31 
4.3625 4.0644e-31 
4.37 2.71852e-31 
4.3675 3.10921e-31 
4.375 2.07685e-31 
4.3725 2.37638e-31 
4.38 1.58522e-31 
4.3775 1.81466e-31 
4.385 1.20888e-31 
4.3825 1.38447e-31 
4.39 9.21049e-32 
4.3875 1.05531e-31 
4.395 7.01111e-32 
4.3925 8.0368e-32 
4.4 5.33205e-32 
4.3975 6.1149e-32 
4.405 4.05137e-32 
4.4025 4.64833e-32 
4.41 3.07545e-32 
4.4075 3.53024e-32 
4.415 2.33245e-32 
4.4125 2.67861e-32 
4.42 1.76731e-32 
4.4175 2.03054e-32 
4.425 1.33784e-32 
4.4225 1.53783e-32 
4.43 1.01179e-32 
4.4275 1.16358e-32 
4.435 7.6448e-33 
4.4325 8.79585e-33 
4.44 5.77074e-33 
4.4375 6.64276e-33 
4.445 4.35195e-33 
4.4425 5.01196e-33 
4.45 3.27886e-33 
4.4475 3.77793e-33 
4.455 2.46801e-33 
4.4525 2.84502e-33 
4.46 1.8559e-33 
4.4575 2.14043e-33 
4.465 1.39426e-33 
4.4625 1.60879e-33 
4.47 1.04644e-33 
4.4675 1.20804e-33 
4.475 7.84629e-34 
4.4725 9.06234e-34 
4.48 5.87751e-34 
4.4775 6.79173e-34 
4.485 4.39845e-34 
4.4825 5.08508e-34 
4.49 3.28839e-34 
4.4875 3.80358e-34 
4.495 2.45607e-34 
4.4925 2.84226e-34 
4.5 1.83262e-34 
4.4975 2.12182e-34 
4.505 1.36609e-34 
4.5025 1.58244e-34 
4.51 1.01732e-34 
4.5075 1.17902e-34 
4.515 7.56844e-35 
4.5125 8.77574e-35 
4.52 5.62505e-35 
4.5175 6.52557e-35 
4.525 4.17653e-35 
4.5225 4.84756e-35 
4.53 3.09795e-35 
4.5275 3.59747e-35 
4.535 2.29562e-35 
4.5325 2.6671e-35 
4.54 1.6994e-35 
4.5375 1.97538e-35 
4.545 1.25677e-35 
4.5425 1.4616e-35 
4.55 9.28498e-36 
4.5475 1.08036e-35 
4.555 6.85286e-36 
4.5525 7.97772e-36 
4.56 5.05275e-36 
4.5575 5.88508e-36 
4.565 3.72175e-36 
4.5625 4.337e-36 
4.57 2.73861e-36 
4.5675 3.19294e-36 
4.575 2.01314e-36 
4.5725 2.34831e-36 
4.58 1.47837e-36 
4.5775 1.72537e-36 
4.585 1.08455e-36 
4.5825 1.26639e-36 
4.59 7.94841e-37 
4.5875 9.28577e-37 
4.595 5.81929e-37 
4.5925 6.80187e-37 
4.6 4.25618e-37 
4.5975 4.97735e-37 
4.605 3.10978e-37 
4.6025 3.63855e-37 
4.61 2.26986e-37 
4.6075 2.65716e-37 
4.615 1.65511e-37 
4.6125 1.9385e-37 
4.62 1.20562e-37 
4.6175 1.41277e-37 
4.625 8.77313e-38 
4.6225 1.02858e-37 
4.63 6.37758e-38 
4.6275 7.48098e-38 
4.635 4.63142e-38 
4.6325 5.43548e-38 
4.64 3.35992e-38 
4.6375 3.94525e-38 
4.645 2.43501e-38 
4.6425 2.86067e-38 
4.65 1.7629e-38 
4.6475 2.07213e-38 
4.655 1.27501e-38 
4.6525 1.49942e-38 
4.66 9.21195e-39 
4.6575 1.08389e-38 
4.665 6.64885e-39 
4.6625 7.82712e-39 
4.67 4.79398e-39 
4.6675 5.64644e-39 
4.675 3.45304e-39 
4.6725 4.06914e-39 
4.68 2.48463e-39 
4.6775 2.92944e-39 
4.685 1.78598e-39 
4.6825 2.10679e-39 
4.69 1.28246e-39 
4.6875 1.51361e-39 
4.695 9.19959e-40 
4.6925 1.08633e-39 
4.7 6.59244e-40 
4.6975 7.78861e-40 
4.705 4.7193e-40 
4.7025 5.57846e-40 
4.71 3.37491e-40 
4.7075 3.99138e-40 
4.715 2.41102e-40 
4.7125 2.85289e-40 
4.72 1.72066e-40 
4.7175 2.03705e-40 
4.725 1.22671e-40 
4.7225 1.45302e-40 
4.73 8.73656e-41 
4.7275 1.03536e-40 
4.735 6.21575e-41 
4.7325 7.37004e-41 
4.74 4.41774e-41 
4.7375 5.24083e-41 
4.745 3.13661e-41 
4.7425 3.72291e-41 
4.75 2.22471e-41 
4.7475 2.64192e-41 
4.755 1.5763e-41 
4.7525 1.87288e-41 
4.76 1.11573e-41 
4.7575 1.32633e-41 
4.765 7.88919e-42 
4.7625 9.38314e-42 
4.77 5.57261e-42 
4.7675 6.63129e-42 
4.775 3.93222e-42 
4.7725 4.68167e-42 
4.78 2.77186e-42 
4.7775 3.30184e-42 
4.785 1.9519e-42 
4.7825 2.3263e-42 
4.79 1.37308e-42 
4.7875 1.6373e-42 
4.795 9.64914e-43 
4.7925 1.15118e-42 
4.8 6.77384e-43 
4.7975 8.08563e-43 
4.805 4.75045e-43 
4.8025 5.67332e-43 
4.81 3.32803e-43 
4.8075 3.97661e-43 
4.815 2.32914e-43 
4.8125 2.78448e-43 
4.82 1.62838e-43 
4.8175 1.94772e-43 
4.825 1.13729e-43 
4.8225 1.36102e-43 
4.83 7.93485e-44 
4.8275 9.50072e-44 
4.835 5.53046e-44 
4.8325 6.62524e-44 
4.84 3.85068e-44 
4.8375 4.61531e-44 
4.845 2.67836e-44 
4.8425 3.21185e-44 
4.85 1.86103e-44 
4.8475 2.23287e-44 
4.855 1.2918e-44 
4.8525 1.55069e-44 
4.86 8.95754e-45 
4.8575 1.07583e-44 
4.865 6.20495e-45 
4.8625 7.45615e-45 
4.87 4.29381e-45 
4.8675 5.16228e-45 
4.875 2.96826e-45 
4.8725 3.57046e-45 
4.88 2.04982e-45 
4.8775 2.46695e-45 
4.885 1.41412e-45 
4.8825 1.70276e-45 
4.89 9.7457e-46 
4.8875 1.17409e-45 
4.895 6.70957e-46 
4.8925 8.08733e-46 
4.9 4.61458e-46 
4.8975 5.56499e-46 
4.905 3.17049e-46 
4.9025 3.82543e-46 
4.91 2.17609e-46 
4.9075 2.62696e-46 
4.915 1.49205e-46 
4.9125 1.80211e-46 
4.92 1.022e-46 
4.9175 1.235e-46 
4.925 6.99312e-47 
4.9225 8.45494e-47 
4.93 4.78027e-47 
4.9275 5.78245e-47 
4.935 3.26435e-47 
4.9325 3.9507e-47 
4.94 2.22693e-47 
4.9375 2.6965e-47 
4.945 1.51774e-47 
4.9425 1.83865e-47 
4.95 1.03346e-47 
4.9475 1.25253e-47 
4.955 7.03162e-48 
4.9525 8.52524e-48 
4.96 4.78197e-48 
4.9575 5.79882e-48 
4.965 3.25258e-48 
4.9625 3.94345e-48 
4.97 2.21579e-48 
4.9675 2.68366e-48 
4.975 1.51645e-48 
4.9725 1.83145e-48 
4.98 1.04941e-48 
4.9775 1.25896e-48 
4.985 7.44081e-49 
4.9825 8.79889e-49 
4.99 5.54139e-49 
4.9875 6.36834e-49 
4.995 4.50656e-49 
4.9925 4.92843e-49 
5 4.17835e-49 
4.9975 4.25958e-49 
