0 6.56653e-06 
0.005 6.63079e-06 
0.0025 6.58258e-06 
0.01 6.82467e-06 
0.0075 6.71138e-06 
0.015 7.15145e-06 
0.0125 6.97115e-06 
0.02 7.61667e-06 
0.0175 7.36632e-06 
0.025 8.22821e-06 
0.0225 7.90357e-06 
0.03 8.99638e-06 
0.0275 8.59197e-06 
0.035 9.93408e-06 
0.0325 9.44312e-06 
0.04 1.1057e-05 
0.0375 1.04713e-05 
0.045 1.23839e-05 
0.0425 1.16937e-05 
0.05 1.39367e-05 
0.0475 1.31305e-05 
0.055 1.5741e-05 
0.0525 1.48057e-05 
0.06 1.78265e-05 
0.0575 1.67466e-05 
0.065 2.0227e-05 
0.0625 1.8985e-05 
0.07 2.29813e-05 
0.0675 2.15573e-05 
0.075 2.61339e-05 
0.0725 2.45048e-05 
0.08 2.97349e-05 
0.0775 2.78749e-05 
0.085 3.38415e-05 
0.0825 3.17212e-05 
0.09 3.85184e-05 
0.0875 3.61043e-05 
0.095 4.38387e-05 
0.0925 4.10932e-05 
0.1 4.98849e-05 
0.0975 4.67655e-05 
0.105 5.67504e-05 
0.1025 5.3209e-05 
0.11 6.45402e-05 
0.1075 6.05227e-05 
0.115 7.33729e-05 
0.1125 6.88182e-05 
0.12 8.33819e-05 
0.1175 7.82214e-05 
0.125 9.47173e-05 
0.1225 8.88737e-05 
0.13 0.000107548 
0.1275 0.000100935 
0.135 0.000122065 
0.1325 0.000114583 
0.14 0.00013848 
0.1375 0.000130021 
0.145 0.000157035 
0.1425 0.000147474 
0.15 0.000178 
0.1475 0.000167198 
0.155 0.000201676 
0.1525 0.000189478 
0.16 0.000228404 
0.1575 0.000214635 
0.165 0.000258566 
0.1625 0.00024303 
0.17 0.000292592 
0.1675 0.000275067 
0.175 0.00033096 
0.1725 0.0003112 
0.18 0.000374211 
0.1775 0.000351939 
0.185 0.000422949 
0.1825 0.000397853 
0.19 0.000477853 
0.1875 0.000449585 
0.195 0.000539682 
0.1925 0.00050785 
0.2 0.000609287 
0.1975 0.000573455 
0.205 0.000687624 
0.2025 0.0006473 
0.21 0.000775762 
0.2075 0.000730396 
0.215 0.000874896 
0.2125 0.000823874 
0.22 0.000986369 
0.2175 0.000929001 
0.225 0.00111168 
0.2225 0.00104719 
0.23 0.00125251 
0.2275 0.00118004 
0.235 0.00141074 
0.2325 0.00132933 
0.24 0.00158847 
0.2375 0.00149703 
0.245 0.00178806 
0.2425 0.00168538 
0.25 0.00201213 
0.2475 0.00189686 
0.255 0.00226362 
0.2525 0.00213425 
0.26 0.00254583 
0.2575 0.00240067 
0.265 0.00286242 
0.2625 0.00269958 
0.27 0.00321749 
0.2675 0.00303487 
0.275 0.00361562 
0.2725 0.00341087 
0.28 0.00406193 
0.2775 0.00383241 
0.285 0.0045621 
0.2825 0.0043049 
0.29 0.00512251 
0.2875 0.00483435 
0.295 0.00575021 
0.2925 0.00542747 
0.3 0.00645312 
0.2975 0.00609174 
0.305 0.00724001 
0.3025 0.00683548 
0.31 0.00812064 
0.3075 0.00766795 
0.315 0.00910587 
0.3125 0.00859945 
0.32 0.0102078 
0.3175 0.00964142 
0.325 0.0114397 
0.3225 0.0108066 
0.33 0.0128164 
0.3275 0.012109 
0.335 0.0143544 
0.3325 0.0135642 
0.34 0.0160718 
0.3375 0.0151895 
0.345 0.0179886 
0.3425 0.017004 
0.35 0.0201269 
0.3475 0.0190286 
0.355 0.0225108 
0.3525 0.0212865 
0.36 0.025167 
0.3575 0.0238031 
0.365 0.0281246 
0.3625 0.0266062 
0.37 0.0314154 
0.3675 0.0297262 
0.375 0.035074 
0.3725 0.0331964 
0.38 0.0391378 
0.3775 0.0370528 
0.385 0.0436475 
0.3825 0.0413343 
0.39 0.0486464 
0.3875 0.0460829 
0.395 0.0541814 
0.3925 0.0513439 
0.4 0.0603018 
0.3975 0.0571652 
0.405 0.06706 
0.4025 0.0635978 
0.41 0.0745107 
0.4075 0.0706953 
0.415 0.082711 
0.4125 0.0785136 
0.42 0.0917192 
0.4175 0.0871105 
0.425 0.101595 
0.4225 0.0965448 
0.43 0.112396 
0.4275 0.106876 
0.435 0.124182 
0.4325 0.118163 
0.44 0.137008 
0.4375 0.130462 
0.445 0.150924 
0.4425 0.143826 
0.45 0.165976 
0.4475 0.158305 
0.455 0.182201 
0.4525 0.17394 
0.46 0.199627 
0.4575 0.190763 
0.465 0.21827 
0.4625 0.208796 
0.47 0.238131 
0.4675 0.228049 
0.475 0.259194 
0.4725 0.248514 
0.48 0.281428 
0.4775 0.270167 
0.485 0.304779 
0.4825 0.292968 
0.49 0.329177 
0.4875 0.316853 
0.495 0.354528 
0.4925 0.34174 
0.5 0.380721 
0.4975 0.367527 
0.505 0.407624 
0.5025 0.394093 
0.51 0.435091 
0.5075 0.421297 
0.515 0.462962 
0.5125 0.448987 
0.52 0.491065 
0.5175 0.476995 
0.525 0.519225 
0.5225 0.505149 
0.53 0.547264 
0.5275 0.53327 
0.535 0.575007 
0.5325 0.561183 
0.54 0.602289 
0.5375 0.588716 
0.545 0.628952 
0.5425 0.615707 
0.55 0.654855 
0.5475 0.642007 
0.555 0.679874 
0.5525 0.667482 
0.56 0.703904 
0.5575 0.692019 
0.565 0.72686 
0.5625 0.715521 
0.57 0.748676 
0.5675 0.737914 
0.575 0.769309 
0.5725 0.759142 
0.58 0.788731 
0.5775 0.779172 
0.585 0.806934 
0.5825 0.797985 
0.59 0.823925 
0.5875 0.81558 
0.595 0.839723 
0.5925 0.831971 
0.6 0.854361 
0.5975 0.847185 
0.605 0.867878 
0.6025 0.861256 
0.61 0.880322 
0.6075 0.874231 
0.615 0.891746 
0.6125 0.886158 
0.62 0.902206 
0.6175 0.897093 
0.625 0.911761 
0.6225 0.907093 
0.63 0.920471 
0.6275 0.916218 
0.635 0.928393 
0.6325 0.924527 
0.64 0.935586 
0.6375 0.932077 
0.645 0.942107 
0.6425 0.938927 
0.65 0.948009 
0.6475 0.945132 
0.655 0.953343 
0.6525 0.950744 
0.66 0.958159 
0.6575 0.955813 
0.665 0.9625 
0.6625 0.960386 
0.67 0.966411 
0.6675 0.964507 
0.675 0.969931 
0.6725 0.968218 
0.68 0.973095 
0.6775 0.971555 
0.685 0.975937 
0.6825 0.974554 
0.69 0.978489 
0.6875 0.977248 
0.695 0.980778 
0.6925 0.979665 
0.7 0.982831 
0.6975 0.981833 
0.705 0.98467 
0.7025 0.983776 
0.71 0.986317 
0.7075 0.985517 
0.715 0.987792 
0.7125 0.987075 
0.72 0.989111 
0.7175 0.98847 
0.725 0.990291 
0.7225 0.989718 
0.73 0.991346 
0.7275 0.990833 
0.735 0.992289 
0.7325 0.991831 
0.74 0.993131 
0.7375 0.992722 
0.745 0.993883 
0.7425 0.993518 
0.75 0.994555 
0.7475 0.994229 
0.755 0.995154 
0.7525 0.994863 
0.76 0.995689 
0.7575 0.995429 
0.765 0.996166 
0.7625 0.995934 
0.77 0.996591 
0.7675 0.996384 
0.775 0.99697 
0.7725 0.996786 
0.78 0.997308 
0.7775 0.997144 
0.785 0.997609 
0.7825 0.997462 
0.79 0.997876 
0.7875 0.997746 
0.795 0.998115 
0.7925 0.997999 
0.8 0.998327 
0.7975 0.998224 
0.805 0.998516 
0.8025 0.998425 
0.81 0.998684 
0.8075 0.998603 
0.815 0.998834 
0.8125 0.998761 
0.82 0.998967 
0.8175 0.998902 
0.825 0.999085 
0.8225 0.999028 
0.83 0.99919 
0.8275 0.999139 
0.835 0.999283 
0.8325 0.999238 
0.84 0.999366 
0.8375 0.999326 
0.845 0.999439 
0.8425 0.999403 
0.85 0.999504 
0.8475 0.999473 
0.855 0.999562 
0.8525 0.999534 
0.86 0.999613 
0.8575 0.999588 
0.865 0.999658 
0.8625 0.999636 
0.87 0.999698 
0.8675 0.999679 
0.875 0.999734 
0.8725 0.999717 
0.88 0.999765 
0.8775 0.99975 
0.885 0.999793 
0.8825 0.99978 
0.89 0.999818 
0.8875 0.999806 
0.895 0.99984 
0.8925 0.999829 
0.9 0.999859 
0.8975 0.999849 
0.905 0.999876 
0.9025 0.999867 
0.91 0.999891 
0.9075 0.999883 
0.915 0.999904 
0.9125 0.999897 
0.92 0.999915 
0.9175 0.99991 
0.925 0.999925 
0.9225 0.99992 
0.93 0.999934 
0.9275 0.99993 
0.935 0.999942 
0.9325 0.999938 
0.94 0.999949 
0.9375 0.999946 
0.945 0.999955 
0.9425 0.999952 
0.95 0.99996 
0.9475 0.999957 
0.955 0.999964 
0.9525 0.999962 
0.96 0.999968 
0.9575 0.999966 
0.965 0.999972 
0.9625 0.99997 
0.97 0.999974 
0.9675 0.999973 
0.975 0.999977 
0.9725 0.999975 
0.98 0.999978 
0.9775 0.999978 
0.985 0.99998 
0.9825 0.999979 
0.99 0.999981 
0.9875 0.999981 
0.995 0.999982 
0.9925 0.999982 
1 0.999982 
0.9975 0.999982 
1.005 0.999982 
1.0025 0.999982 
1.01 0.999982 
1.0075 0.999982 
1.015 0.999982 
1.0125 0.999982 
1.02 0.999981 
1.0175 0.999982 
1.025 0.99998 
1.0225 0.999981 
1.03 0.999979 
1.0275 0.999979 
1.035 0.999977 
1.0325 0.999978 
1.04 0.999975 
1.0375 0.999976 
1.045 0.999972 
1.0425 0.999974 
1.05 0.999969 
1.0475 0.999971 
1.055 0.999966 
1.0525 0.999968 
1.06 0.999962 
1.0575 0.999964 
1.065 0.999958 
1.0625 0.99996 
1.07 0.999953 
1.0675 0.999956 
1.075 0.999948 
1.0725 0.99995 
1.08 0.999941 
1.0775 0.999944 
1.085 0.999934 
1.0825 0.999938 
1.09 0.999926 
1.0875 0.99993 
1.095 0.999918 
1.0925 0.999922 
1.1 0.999908 
1.0975 0.999913 
1.105 0.999897 
1.1025 0.999902 
1.11 0.999884 
1.1075 0.999891 
1.115 0.999871 
1.1125 0.999878 
1.12 0.999855 
1.1175 0.999863 
1.125 0.999838 
1.1225 0.999847 
1.13 0.999819 
1.1275 0.999829 
1.135 0.999798 
1.1325 0.999809 
1.14 0.999775 
1.1375 0.999787 
1.145 0.999749 
1.1425 0.999762 
1.15 0.99972 
1.1475 0.999735 
1.155 0.999688 
1.1525 0.999705 
1.16 0.999653 
1.1575 0.999671 
1.165 0.999614 
1.1625 0.999634 
1.17 0.999571 
1.1675 0.999593 
1.175 0.999523 
1.1725 0.999547 
1.18 0.99947 
1.1775 0.999497 
1.185 0.999411 
1.1825 0.999441 
1.19 0.999346 
1.1875 0.99938 
1.195 0.999275 
1.1925 0.999312 
1.2 0.999196 
1.1975 0.999236 
1.205 0.999109 
1.2025 0.999153 
1.21 0.999013 
1.2075 0.999062 
1.215 0.998907 
1.2125 0.998961 
1.22 0.99879 
1.2175 0.99885 
1.225 0.998661 
1.2225 0.998727 
1.23 0.998519 
1.2275 0.998592 
1.235 0.998363 
1.2325 0.998443 
1.24 0.998191 
1.2375 0.998279 
1.245 0.998002 
1.2425 0.998099 
1.25 0.997794 
1.2475 0.9979 
1.255 0.997565 
1.2525 0.997682 
1.26 0.997313 
1.2575 0.997442 
1.265 0.997037 
1.2625 0.997178 
1.27 0.996733 
1.2675 0.996888 
1.275 0.996399 
1.2725 0.99657 
1.28 0.996032 
1.2775 0.99622 
1.285 0.995629 
1.2825 0.995835 
1.29 0.995188 
1.2875 0.995414 
1.295 0.994703 
1.2925 0.994951 
1.3 0.994171 
1.2975 0.994443 
1.305 0.993588 
1.3025 0.993886 
1.31 0.992949 
1.3075 0.993276 
1.315 0.992248 
1.3125 0.992607 
1.32 0.991481 
1.3175 0.991873 
1.325 0.99064 
1.3225 0.99107 
1.33 0.98972 
1.3275 0.990191 
1.335 0.988713 
1.3325 0.989228 
1.34 0.98761 
1.3375 0.988174 
1.345 0.986405 
1.3425 0.987021 
1.35 0.985086 
1.3475 0.98576 
1.355 0.983645 
1.3525 0.984382 
1.36 0.982071 
1.3575 0.982876 
1.365 0.980352 
1.3625 0.981231 
1.37 0.978476 
1.3675 0.979434 
1.375 0.976429 
1.3725 0.977474 
1.38 0.974197 
1.3775 0.975337 
1.385 0.971764 
1.3825 0.973006 
1.39 0.969115 
1.3875 0.970468 
1.395 0.966231 
1.3925 0.967703 
1.4 0.963095 
1.3975 0.964696 
1.405 0.959687 
1.4025 0.961427 
1.41 0.955986 
1.4075 0.957875 
1.415 0.951971 
1.4125 0.95402 
1.42 0.94762 
1.4175 0.949839 
1.425 0.942908 
1.4225 0.94531 
1.43 0.937812 
1.4275 0.94041 
1.435 0.932308 
1.4325 0.935113 
1.44 0.92637 
1.4375 0.929395 
1.445 0.919974 
1.4425 0.923231 
1.45 0.913094 
1.4475 0.916596 
1.455 0.905706 
1.4525 0.909465 
1.46 0.897787 
1.4575 0.901814 
1.465 0.889314 
1.4625 0.893621 
1.47 0.880268 
1.4675 0.884864 
1.475 0.87063 
1.4725 0.875524 
1.48 0.860386 
1.4775 0.865584 
1.485 0.849525 
1.4825 0.855033 
1.49 0.83804 
1.4875 0.84386 
1.495 0.82593 
1.4925 0.832063 
1.5 0.813199 
1.4975 0.819641 
1.505 0.799857 
1.5025 0.806603 
1.51 0.785923 
1.5075 0.792963 
1.515 0.771422 
1.5125 0.778742 
1.52 0.756387 
1.5175 0.763969 
1.525 0.74086 
1.5225 0.748682 
1.53 0.724891 
1.5275 0.732927 
1.535 0.708537 
1.5325 0.716758 
1.54 0.691867 
1.5375 0.700237 
1.545 0.674953 
1.5425 0.683435 
1.55 0.657878 
1.5475 0.66643 
1.555 0.640729 
1.5525 0.649307 
1.56 0.623599 
1.5575 0.632156 
1.565 0.606587 
1.5625 0.615072 
1.57 0.589793 
1.5675 0.598156 
1.575 0.573318 
1.5725 0.581509 
1.58 0.557268 
1.5775 0.565234 
1.585 0.541744 
1.5825 0.549434 
1.59 0.526847 
1.5875 0.534211 
1.595 0.512677 
1.5925 0.519665 
1.6 0.499326 
1.5975 0.505893 
1.605 0.486885 
1.6025 0.492986 
1.61 0.475438 
1.6075 0.481032 
1.615 0.465062 
1.6125 0.470111 
1.62 0.455829 
1.6175 0.460298 
1.625 0.447801 
1.6225 0.451661 
1.63 0.441035 
1.6275 0.444258 
1.635 0.435578 
1.6325 0.43814 
1.64 0.431466 
1.6375 0.433352 
1.645 0.42873 
1.6425 0.429925 
1.65 0.427388 
1.6475 0.427884 
1.655 0.427451 
1.6525 0.427244 
1.66 0.428917 
1.6575 0.428009 
1.665 0.431778 
1.6625 0.430174 
1.67 0.436015 
1.6675 0.433726 
1.675 0.441598 
1.6725 0.43864 
1.68 0.448491 
1.6775 0.444883 
1.685 0.456648 
1.6825 0.452415 
1.69 0.466016 
1.6875 0.461184 
1.695 0.476533 
1.6925 0.471135 
1.7 0.488133 
1.6975 0.482202 
1.705 0.50074 
1.7025 0.494315 
1.71 0.514273 
1.7075 0.507396 
1.715 0.528648 
1.7125 0.521361 
1.72 0.543773 
1.7175 0.536123 
1.725 0.559554 
1.7225 0.551588 
1.73 0.57589 
1.7275 0.567658 
1.735 0.59268 
1.7325 0.584234 
1.74 0.609821 
1.7375 0.601213 
1.745 0.627208 
1.7425 0.61849 
1.75 0.644739 
1.7475 0.635962 
1.755 0.662309 
1.7525 0.653525 
1.76 0.679821 
1.7575 0.671079 
1.765 0.69718 
1.7625 0.688526 
1.77 0.714298 
1.7675 0.705775 
1.775 0.731091 
1.7725 0.72274 
1.78 0.747486 
1.7775 0.739343 
1.785 0.763416 
1.7825 0.755513 
1.79 0.778825 
1.7875 0.771189 
1.795 0.793665 
1.7925 0.786319 
1.8 0.807897 
1.7975 0.800859 
1.805 0.821492 
1.8025 0.814776 
1.81 0.83443 
1.8075 0.828044 
1.815 0.846697 
1.8125 0.840647 
1.82 0.85829 
1.8175 0.852578 
1.825 0.86921 
1.8225 0.863834 
1.83 0.879465 
1.8275 0.87442 
1.835 0.889069 
1.8325 0.884348 
1.84 0.89804 
1.8375 0.893633 
1.845 0.906397 
1.8425 0.902294 
1.85 0.914166 
1.8475 0.910354 
1.855 0.921372 
1.8525 0.917838 
1.86 0.928043 
1.8575 0.924772 
1.865 0.934206 
1.8625 0.931186 
1.87 0.939892 
1.8675 0.937107 
1.875 0.945128 
1.8725 0.942565 
1.88 0.949944 
1.8775 0.947587 
1.885 0.954367 
1.8825 0.952203 
1.89 0.958424 
1.8875 0.956439 
1.895 0.962141 
1.8925 0.960323 
1.9 0.965543 
1.8975 0.96388 
1.905 0.968654 
1.9025 0.967133 
1.91 0.971496 
1.9075 0.970107 
1.915 0.974091 
1.9125 0.972823 
1.92 0.976458 
1.9175 0.975301 
1.925 0.978615 
1.9225 0.977561 
1.93 0.980581 
1.9275 0.979621 
1.935 0.982371 
1.9325 0.981497 
1.94 0.984 
1.9375 0.983204 
1.945 0.985481 
1.9425 0.984758 
1.95 0.986829 
1.9475 0.986171 
1.955 0.988053 
1.9525 0.987455 
1.96 0.989166 
1.9575 0.988623 
1.965 0.990176 
1.9625 0.989683 
1.97 0.991094 
1.9675 0.990646 
1.975 0.991926 
1.9725 0.99152 
1.98 0.992682 
1.9775 0.992314 
1.985 0.993368 
1.9825 0.993034 
1.99 0.99399 
1.9875 0.993687 
1.995 0.994554 
1.9925 0.994279 
2 0.995066 
1.9975 0.994817 
2.005 0.99553 
2.0025 0.995304 
2.01 0.99595 
2.0075 0.995745 
2.015 0.996332 
2.0125 0.996146 
2.02 0.996677 
2.0175 0.996508 
2.025 0.99699 
2.0225 0.996837 
2.03 0.997273 
2.0275 0.997135 
2.035 0.99753 
2.0325 0.997405 
2.04 0.997763 
2.0375 0.997649 
2.045 0.997973 
2.0425 0.997871 
2.05 0.998164 
2.0475 0.998071 
2.055 0.998337 
2.0525 0.998253 
2.06 0.998493 
2.0575 0.998417 
2.065 0.998635 
2.0625 0.998566 
2.07 0.998763 
2.0675 0.9987 
2.075 0.998878 
2.0725 0.998822 
2.08 0.998983 
2.0775 0.998932 
2.085 0.999078 
2.0825 0.999032 
2.09 0.999163 
2.0875 0.999122 
2.095 0.99924 
2.0925 0.999203 
2.1 0.99931 
2.0975 0.999276 
2.105 0.999373 
2.1025 0.999342 
2.11 0.999429 
2.1075 0.999402 
2.115 0.99948 
2.1125 0.999455 
2.12 0.999526 
2.1175 0.999504 
2.125 0.999567 
2.1225 0.999547 
2.13 0.999603 
2.1275 0.999586 
2.135 0.999636 
2.1325 0.99962 
2.14 0.999665 
2.1375 0.999651 
2.145 0.999691 
2.1425 0.999678 
2.15 0.999713 
2.1475 0.999702 
2.155 0.999733 
2.1525 0.999723 
2.16 0.99975 
2.1575 0.999742 
2.165 0.999765 
2.1625 0.999758 
2.17 0.999777 
2.1675 0.999771 
2.175 0.999787 
2.1725 0.999782 
2.18 0.999795 
2.1775 0.999791 
2.185 0.999801 
2.1825 0.999798 
2.19 0.999805 
2.1875 0.999803 
2.195 0.999807 
2.1925 0.999806 
2.2 0.999808 
2.1975 0.999808 
2.205 0.999807 
2.2025 0.999808 
2.21 0.999804 
2.2075 0.999806 
2.215 0.999799 
2.2125 0.999802 
2.22 0.999793 
2.2175 0.999796 
2.225 0.999785 
2.2225 0.999789 
2.23 0.999776 
2.2275 0.999781 
2.235 0.999764 
2.2325 0.99977 
2.24 0.999751 
2.2375 0.999758 
2.245 0.999736 
2.2425 0.999744 
2.25 0.999719 
2.2475 0.999728 
2.255 0.9997 
2.2525 0.99971 
2.26 0.99968 
2.2575 0.99969 
2.265 0.999657 
2.2625 0.999669 
2.27 0.999632 
2.2675 0.999645 
2.275 0.999605 
2.2725 0.999619 
2.28 0.999575 
2.2775 0.99959 
2.285 0.999543 
2.2825 0.999559 
2.29 0.999508 
2.2875 0.999526 
2.295 0.999471 
2.2925 0.99949 
2.3 0.999431 
2.2975 0.999451 
2.305 0.999387 
2.3025 0.999409 
2.31 0.999341 
2.3075 0.999364 
2.315 0.999291 
2.3125 0.999316 
2.32 0.999238 
2.3175 0.999265 
2.325 0.999181 
2.3225 0.99921 
2.33 0.99912 
2.3275 0.999151 
2.335 0.999055 
2.3325 0.999088 
2.34 0.998985 
2.3375 0.999021 
2.345 0.998912 
2.3425 0.998949 
2.35 0.998833 
2.3475 0.998873 
2.355 0.998749 
2.3525 0.998791 
2.36 0.99866 
2.3575 0.998705 
2.365 0.998565 
2.3625 0.998613 
2.37 0.998464 
2.3675 0.998515 
2.375 0.998356 
2.3725 0.998411 
2.38 0.998242 
2.3775 0.9983 
2.385 0.99812 
2.3825 0.998182 
2.39 0.997991 
2.3875 0.998057 
2.395 0.997854 
2.3925 0.997924 
2.4 0.997708 
2.3975 0.997782 
2.405 0.997554 
2.4025 0.997632 
2.41 0.997389 
2.4075 0.997473 
2.415 0.997214 
2.4125 0.997303 
2.42 0.997028 
2.4175 0.997123 
2.425 0.99683 
2.4225 0.996931 
2.43 0.99662 
2.4275 0.996727 
2.435 0.996397 
2.4325 0.99651 
2.44 0.996159 
2.4375 0.99628 
2.445 0.995906 
2.4425 0.996034 
2.45 0.995636 
2.4475 0.995773 
2.455 0.995349 
2.4525 0.995495 
2.46 0.995043 
2.4575 0.995199 
2.465 0.994717 
2.4625 0.994883 
2.47 0.99437 
2.4675 0.994546 
2.475 0.993999 
2.4725 0.994188 
2.48 0.993604 
2.4775 0.993805 
2.485 0.993181 
2.4825 0.993396 
2.49 0.99273 
2.4875 0.992959 
2.495 0.992248 
2.4925 0.992493 
2.5 0.991732 
2.4975 0.991994 
2.505 0.991181 
2.5025 0.991461 
2.51 0.990591 
2.5075 0.990891 
2.515 0.989959 
2.5125 0.990281 
2.52 0.989283 
2.5175 0.989627 
2.525 0.988558 
2.5225 0.988926 
2.53 0.98778 
2.5275 0.988176 
2.535 0.986947 
2.5325 0.987371 
2.54 0.986053 
2.5375 0.986508 
2.545 0.985093 
2.5425 0.985581 
2.55 0.984063 
2.5475 0.984587 
2.555 0.982957 
2.5525 0.98352 
2.56 0.981769 
2.5575 0.982373 
2.565 0.980492 
2.5625 0.981142 
2.57 0.97912 
2.5675 0.979818 
2.575 0.977645 
2.5725 0.978396 
2.58 0.97606 
2.5775 0.976867 
2.585 0.974356 
2.5825 0.975223 
2.59 0.972523 
2.5875 0.973456 
2.595 0.970553 
2.5925 0.971556 
2.6 0.968434 
2.5975 0.969513 
2.605 0.966156 
2.6025 0.967316 
2.61 0.963707 
2.6075 0.964954 
2.615 0.961074 
2.6125 0.962414 
2.62 0.958244 
2.6175 0.959684 
2.625 0.955202 
2.6225 0.95675 
2.63 0.951935 
2.6275 0.953598 
2.635 0.948426 
2.6325 0.950212 
2.64 0.944658 
2.6375 0.946575 
2.645 0.940615 
2.6425 0.942672 
2.65 0.936278 
2.6475 0.938484 
2.655 0.931628 
2.6525 0.933993 
2.66 0.926645 
2.6575 0.929179 
2.665 0.921309 
2.6625 0.924022 
2.67 0.9156 
2.6675 0.918503 
2.675 0.909495 
2.6725 0.912598 
2.68 0.902972 
2.6775 0.906287 
2.685 0.89601 
2.6825 0.899548 
2.69 0.888586 
2.6875 0.892358 
2.695 0.880678 
2.6925 0.884694 
2.7 0.872263 
2.6975 0.876536 
2.705 0.863321 
2.7025 0.867859 
2.71 0.853828 
2.7075 0.858644 
2.715 0.843767 
2.7125 0.84887 
2.72 0.833118 
2.7175 0.838517 
2.725 0.821864 
2.7225 0.827567 
2.73 0.809989 
2.7275 0.816005 
2.735 0.797482 
2.7325 0.803815 
2.74 0.78433 
2.7375 0.790987 
2.745 0.770529 
2.7425 0.777511 
2.75 0.756072 
2.7475 0.763382 
2.755 0.740961 
2.7525 0.748598 
2.76 0.7252 
2.7575 0.733162 
2.765 0.708797 
2.7625 0.717078 
2.77 0.691766 
2.7675 0.700359 
2.775 0.674125 
2.7725 0.683021 
2.78 0.655899 
2.7775 0.665084 
2.785 0.637116 
2.7825 0.646575 
2.79 0.617812 
2.7875 0.627527 
2.795 0.598027 
2.7925 0.607977 
2.8 0.577809 
2.7975 0.587969 
2.805 0.557207 
2.8025 0.567552 
2.81 0.536281 
2.8075 0.546781 
2.815 0.51509 
2.8125 0.525714 
2.82 0.493702 
2.8175 0.504416 
2.825 0.472185 
2.8225 0.482955 
2.83 0.450612 
2.8275 0.461401 
2.835 0.429057 
2.8325 0.439827 
2.84 0.407596 
2.8375 0.41831 
2.845 0.386304 
2.8425 0.396924 
2.85 0.365256 
2.8475 0.375745 
2.855 0.344523 
2.8525 0.354845 
2.86 0.324175 
2.8575 0.334296 
2.865 0.304276 
2.8625 0.314165 
2.87 0.284888 
2.8675 0.294515 
2.875 0.266064 
2.8725 0.275402 
2.88 0.247853 
2.8775 0.256879 
2.885 0.230296 
2.8825 0.23899 
2.89 0.213428 
2.8875 0.221774 
2.895 0.197277 
2.8925 0.205261 
2.9 0.181864 
2.8975 0.189477 
2.905 0.167203 
2.9025 0.174439 
2.91 0.153302 
2.9075 0.160157 
2.915 0.140163 
2.9125 0.146637 
2.92 0.127784 
2.9175 0.133879 
2.925 0.116156 
2.9225 0.121877 
2.93 0.105267 
2.9275 0.11062 
2.935 0.0951026 
2.9325 0.100096 
2.94 0.0856436 
2.9375 0.0902862 
2.945 0.0768696 
2.9425 0.0811724 
2.95 0.0687578 
2.9475 0.0727323 
2.955 0.0612841 
2.9525 0.0649427 
2.96 0.0544233 
2.9575 0.0577787 
2.965 0.0481491 
2.9625 0.0512145 
2.97 0.0424343 
2.9675 0.0452235 
2.975 0.0372513 
2.9725 0.0397781 
2.98 0.0325716 
2.9775 0.0348503 
2.985 0.0283662 
2.9825 0.0304115 
2.99 0.0246057 
2.9875 0.0264322 
2.995 0.0212599 
2.9925 0.0228828 
3 0.0182984 
2.9975 0.019733 
3.005 0.0156909 
3.0025 0.0169523 
3.01 0.0134068 
3.0075 0.0145103 
3.015 0.0114163 
3.0125 0.0123767 
3.02 0.00969013 
3.0175 0.0105219 
3.025 0.00820036 
3.0225 0.0089174 
3.03 0.00692034 
3.0275 0.00753573 
3.035 0.00582515 
3.0325 0.00635113 
3.04 0.00489173 
3.0375 0.00533958 
3.045 0.00409902 
3.0425 0.00447902 
3.05 0.00342802 
3.0475 0.00374942 
3.055 0.00286171 
3.0525 0.00313276 
3.06 0.00238503 
3.0575 0.00261303 
3.065 0.00198476 
3.0625 0.0021761 
3.07 0.0016494 
3.0675 0.00180962 
3.075 0.00136895 
3.0725 0.00150287 
3.08 0.00113485 
3.0775 0.00124659 
3.085 0.000939748 
3.0825 0.00103284 
3.09 0.000777385 
3.0875 0.000854827 
3.095 0.000642448 
3.0925 0.000706787 
3.1 0.000530441 
3.0975 0.00058383 
3.105 0.000437574 
3.1025 0.000481827 
3.11 0.000360658 
3.1075 0.0003973 
3.115 0.000297017 
3.1125 0.000327327 
3.12 0.000244409 
3.1175 0.000269459 
3.125 0.000200961 
3.1225 0.000221645 
3.13 0.00016511 
3.1275 0.000182173 
3.135 0.000135551 
3.1325 0.000149616 
3.14 0.0001112 
3.1375 0.000122784 
3.145 9.11552e-05 
3.1425 0.000100689 
3.15 7.46682e-05 
3.1475 8.25085e-05 
3.155 6.11179e-05 
3.1525 6.75604e-05 
3.16 4.99896e-05 
3.1575 5.52795e-05 
3.165 4.08572e-05 
3.1625 4.51974e-05 
3.17 3.33684e-05 
3.1675 3.69268e-05 
3.175 2.7232e-05 
3.1725 3.01473e-05 
3.18 2.22075e-05 
3.1775 2.45941e-05 
3.185 1.80965e-05 
3.1825 2.00488e-05 
3.19 1.47355e-05 
3.1875 1.63313e-05 
3.195 1.19896e-05 
3.1925 1.32931e-05 
3.2 9.74796e-06 
3.1975 1.08118e-05 
3.205 7.91938e-06 
3.2025 8.78706e-06 
3.21 6.42888e-06 
3.2075 7.136e-06 
3.215 5.21486e-06 
3.2125 5.7907e-06 
3.22 4.22681e-06 
3.2175 4.69537e-06 
3.225 3.42328e-06 
3.2225 3.80426e-06 
3.23 2.77032e-06 
3.2275 3.07984e-06 
3.235 2.24013e-06 
3.2325 2.4914e-06 
3.24 1.80996e-06 
3.2375 2.01379e-06 
3.245 1.46122e-06 
3.2425 1.62643e-06 
3.25 1.17873e-06 
3.2475 1.31253e-06 
3.255 9.50075e-07 
3.2525 1.05835e-06 
3.26 7.65151e-07 
3.2575 8.527e-07 
3.265 6.15714e-07 
3.2625 6.86447e-07 
3.27 4.95053e-07 
3.2675 5.52153e-07 
3.275 3.97706e-07 
3.2725 4.43764e-07 
3.28 3.19235e-07 
3.2775 3.56354e-07 
3.285 2.56031e-07 
3.2825 2.85921e-07 
3.29 2.05167e-07 
3.2875 2.29216e-07 
3.295 1.64268e-07 
3.2925 1.83601e-07 
3.3 1.31409e-07 
3.2975 1.46939e-07 
3.305 1.05033e-07 
3.3025 1.17496e-07 
3.31 8.38788e-08 
3.3075 9.3872e-08 
3.315 6.69268e-08 
3.3125 7.49329e-08 
3.32 5.33542e-08 
3.3175 5.97629e-08 
3.325 4.24969e-08 
3.3225 4.76223e-08 
3.33 3.38191e-08 
3.3275 3.79146e-08 
3.335 2.68895e-08 
3.3325 3.01592e-08 
3.34 2.13608e-08 
3.3375 2.39689e-08 
3.345 1.69537e-08 
3.3425 1.90322e-08 
3.35 1.34438e-08 
3.3475 1.50987e-08 
3.355 1.06509e-08 
3.3525 1.19675e-08 
3.36 8.43061e-09 
3.3575 9.477e-09 
3.365 6.6671e-09 
3.3625 7.49802e-09 
3.37 5.26768e-09 
3.3675 5.92689e-09 
3.375 4.15818e-09 
3.3725 4.6807e-09 
3.38 3.27936e-09 
3.3775 3.69314e-09 
3.385 2.58389e-09 
3.3825 2.91126e-09 
3.39 2.03403e-09 
3.3875 2.2928e-09 
3.395 1.5997e-09 
3.3925 1.80404e-09 
3.4 1.25693e-09 
3.3975 1.41816e-09 
3.405 9.86693e-10 
3.4025 1.11378e-09 
3.41 7.73828e-10 
3.4075 8.73903e-10 
3.415 6.06315e-10 
3.4125 6.85049e-10 
3.42 4.74616e-10 
3.4175 5.36501e-10 
3.425 3.71172e-10 
3.4225 4.19768e-10 
3.43 2.89999e-10 
3.4275 3.28123e-10 
3.435 2.26363e-10 
3.4325 2.56243e-10 
3.44 1.76523e-10 
3.4375 1.99919e-10 
3.445 1.37525e-10 
3.4425 1.55827e-10 
3.45 1.07039e-10 
3.4475 1.21343e-10 
3.455 8.32321e-11 
3.4525 9.43993e-11 
3.46 6.46577e-11 
3.4575 7.33681e-11 
3.465 5.01801e-11 
3.4625 5.69676e-11 
3.47 3.89066e-11 
3.4675 4.41905e-11 
3.475 3.01367e-11 
3.4725 3.42461e-11 
3.48 2.3321e-11 
3.4775 2.65139e-11 
3.485 1.80293e-11 
3.4825 2.05076e-11 
3.49 1.39248e-11 
3.4875 1.58465e-11 
3.495 1.07442e-11 
3.4925 1.2233e-11 
3.5 8.28208e-12 
3.4975 9.43428e-12 
3.505 6.37796e-12 
3.5025 7.26879e-12 
3.51 4.90683e-12 
3.5075 5.59491e-12 
3.515 3.77135e-12 
3.5125 4.3023e-12 
3.52 2.89581e-12 
3.5175 3.3051e-12 
3.525 2.22136e-12 
3.5225 2.53657e-12 
3.53 1.70234e-12 
3.5275 1.94484e-12 
3.535 1.30332e-12 
3.5325 1.4897e-12 
3.54 9.96854e-13 
3.5375 1.13997e-12 
3.545 7.61712e-13 
3.5425 8.71491e-13 
3.55 5.81471e-13 
3.5475 6.65596e-13 
3.555 4.4345e-13 
3.5525 5.07853e-13 
3.56 3.37864e-13 
3.5575 3.87119e-13 
3.565 2.57169e-13 
3.5625 2.94803e-13 
3.57 1.95559e-13 
3.5675 2.24285e-13 
3.575 1.48567e-13 
3.5725 1.70471e-13 
3.58 1.12758e-13 
3.5775 1.29445e-13 
3.585 8.54995e-14 
3.5825 9.81989e-14 
3.59 6.47688e-14 
3.5875 7.44243e-14 
3.595 4.90185e-14 
3.5925 5.63524e-14 
3.6 3.70635e-14 
3.5975 4.26287e-14 
3.605 2.79982e-14 
3.6025 3.22171e-14 
3.61 2.11306e-14 
3.6075 2.43259e-14 
3.615 1.59329e-14 
3.6125 1.83507e-14 
3.62 1.20029e-14 
3.6175 1.38305e-14 
3.625 9.03418e-15 
3.6225 1.04144e-14 
3.63 6.79369e-15 
3.6275 7.83508e-15 
3.635 5.10439e-15 
3.6325 5.88939e-15 
3.64 3.83185e-15 
3.6375 4.42304e-15 
3.645 2.87412e-15 
3.6425 3.31895e-15 
3.65 2.15399e-15 
3.6475 2.48838e-15 
3.655 1.61298e-15 
3.6525 1.86414e-15 
3.66 1.2069e-15 
3.6575 1.39537e-15 
3.665 9.02356e-16 
3.6625 1.04367e-15 
3.67 6.74158e-16 
3.6675 7.80024e-16 
3.675 5.03308e-16 
3.6725 5.82552e-16 
3.68 3.75497e-16 
3.6775 4.34766e-16 
3.685 2.79959e-16 
3.6825 3.24253e-16 
3.69 2.08598e-16 
3.6875 2.41676e-16 
3.695 1.55337e-16 
3.6925 1.8002e-16 
3.7 1.15612e-16 
3.6975 1.34019e-16 
3.705 8.60032e-17 
3.7025 9.972e-17 
3.71 6.3949e-17 
3.7075 7.41644e-17 
3.715 4.75316e-17 
3.7125 5.51348e-17 
3.72 3.53173e-17 
3.7175 4.09732e-17 
3.725 2.62348e-17 
3.7225 3.04399e-17 
3.73 1.94841e-17 
3.7275 2.26092e-17 
3.735 1.44688e-17 
3.7325 1.67903e-17 
3.74 1.0744e-17 
3.7375 1.2468e-17 
3.745 7.97855e-18 
3.7425 9.25846e-18 
3.75 5.92573e-18 
3.7475 6.87576e-18 
3.755 4.40217e-18 
3.7525 5.10724e-18 
3.76 3.27148e-18 
3.7575 3.79474e-18 
3.765 2.43233e-18 
3.7625 2.82068e-18 
3.77 1.80949e-18 
3.7675 2.09775e-18 
3.775 1.34709e-18 
3.7725 1.56111e-18 
3.78 1.0037e-18 
3.7775 1.16265e-18 
3.785 7.48565e-19 
3.7825 8.66678e-19 
3.79 5.58907e-19 
3.7875 6.46724e-19 
3.795 4.17823e-19 
3.7925 4.83161e-19 
3.8 3.12786e-19 
3.7975 3.61442e-19 
3.805 2.34513e-19 
3.8025 2.70781e-19 
3.81 1.7612e-19 
3.8075 2.03185e-19 
3.815 1.32505e-19 
3.8125 1.52728e-19 
3.82 9.98821e-20 
3.8175 1.15014e-19 
3.825 7.54445e-20 
3.8225 8.67846e-20 
3.83 5.71081e-20 
3.8275 6.56209e-20 
3.835 4.3325e-20 
3.8325 4.97271e-20 
3.84 3.29445e-20 
3.8375 3.77686e-20 
3.845 2.51106e-20 
3.8425 2.87533e-20 
3.85 1.91859e-20 
3.8475 2.19425e-20 
3.855 1.4695e-20 
3.8525 1.67858e-20 
3.86 1.12829e-20 
3.8575 1.28724e-20 
3.865 8.68434e-21 
3.8625 9.89568e-21 
3.87 6.70041e-21 
3.8675 7.62583e-21 
3.875 5.18199e-21 
3.8725 5.89075e-21 
3.88 4.01696e-21 
3.8775 4.56113e-21 
3.885 3.12085e-21 
3.8825 3.53969e-21 
3.89 2.42988e-21 
3.8875 2.75304e-21 
3.895 1.8958e-21 
3.8925 2.14575e-21 
3.9 1.48201e-21 
3.8975 1.67578e-21 
3.905 1.16068e-21 
3.9025 1.31124e-21 
3.91 9.10598e-22 
3.9075 1.02784e-21 
3.915 7.15558e-22 
3.9125 8.0705e-22 
3.92 5.63139e-22 
3.9175 6.34675e-22 
3.925 4.43802e-22 
3.9225 4.99838e-22 
3.93 3.50198e-22 
3.9275 3.94171e-22 
3.935 2.76658e-22 
3.9325 3.1122e-22 
3.94 2.18791e-22 
3.9375 2.45998e-22 
3.945 1.73192e-22 
3.9425 1.94639e-22 
3.95 1.37213e-22 
3.9475 1.54141e-22 
3.955 1.08791e-22 
3.9525 1.22167e-22 
3.96 8.63141e-23 
3.9575 9.68953e-23 
3.965 6.85212e-23 
3.9625 7.68994e-23 
3.97 5.4424e-23 
3.9675 6.10635e-23 
3.975 4.32461e-23 
3.9725 4.85116e-23 
3.98 3.43767e-23 
3.9775 3.85555e-23 
3.985 2.73349e-23 
3.9825 3.06531e-23 
3.99 2.1741e-23 
3.9875 2.43773e-23 
3.995 1.72954e-23 
3.9925 1.93908e-23 
4 1.37609e-23 
3.9975 1.5427e-23 
4.005 1.09499e-23 
4.0025 1.2275e-23 
4.01 8.71361e-24 
4.0075 9.76788e-24 
4.015 6.93425e-24 
4.0125 7.77317e-24 
4.02 5.51819e-24 
4.0175 6.18585e-24 
4.025 4.39112e-24 
4.0225 4.92253e-24 
4.03 3.49399e-24 
4.0275 3.91699e-24 
4.035 2.77986e-24 
4.0325 3.11658e-24 
4.04 2.2114e-24 
4.0375 2.47943e-24 
4.045 1.75891e-24 
4.0425 1.97226e-24 
4.05 1.39876e-24 
4.0475 1.56857e-24 
4.055 1.11213e-24 
4.0525 1.24727e-24 
4.06 8.84038e-25 
4.0575 9.91575e-25 
4.065 7.02555e-25 
4.0625 7.88113e-25 
4.07 5.58182e-25 
4.0675 6.26242e-25 
4.075 4.43352e-25 
4.0725 4.97482e-25 
4.08 3.5204e-25 
4.0775 3.95082e-25 
4.085 2.79447e-25 
4.0825 3.13663e-25 
4.09 2.21749e-25 
4.0875 2.48942e-25 
4.095 1.75902e-25 
4.0925 1.97508e-25 
4.1 1.39484e-25 
4.0975 1.56645e-25 
4.105 1.10564e-25 
4.1025 1.24191e-25 
4.11 8.76053e-26 
4.1075 9.84221e-26 
4.115 6.93858e-26 
4.1125 7.79691e-26 
4.12 5.49322e-26 
4.1175 6.17407e-26 
4.125 4.34705e-26 
4.1225 4.88691e-26 
4.13 3.43848e-26 
4.1275 3.86638e-26 
4.135 2.71855e-26 
4.1325 3.05757e-26 
4.14 2.14834e-26 
4.1375 2.41683e-26 
4.145 1.69689e-26 
4.1425 1.90943e-26 
4.15 1.33964e-26 
4.1475 1.50781e-26 
4.155 1.05706e-26 
4.1525 1.19007e-26 
4.16 8.33644e-27 
4.1575 9.38788e-27 
4.165 6.57095e-27 
4.1625 7.40173e-27 
4.17 5.17651e-27 
4.1675 5.8326e-27 
4.175 4.07569e-27 
4.1725 4.59356e-27 
4.18 3.20713e-27 
4.1775 3.61568e-27 
4.185 2.52219e-27 
4.1825 2.84432e-27 
4.19 1.98234e-27 
4.1875 2.2362e-27 
4.195 1.5571e-27 
4.1925 1.75703e-27 
4.2 1.22232e-27 
4.1975 1.37969e-27 
4.205 9.58912e-28 
4.2025 1.08272e-27 
4.21 7.51788e-28 
4.2075 8.49124e-28 
4.215 5.89019e-28 
4.2125 6.65498e-28 
4.22 4.61186e-28 
4.2175 5.2124e-28 
4.225 3.60854e-28 
4.2225 4.0798e-28 
4.23 2.82157e-28 
4.2275 3.19115e-28 
4.235 2.2047e-28 
4.2325 2.49435e-28 
4.24 1.72149e-28 
4.2375 1.94834e-28 
4.245 1.34323e-28 
4.2425 1.52078e-28 
4.25 1.04734e-28 
4.2475 1.1862e-28 
4.255 8.16027e-29 
4.2525 9.24558e-29 
4.26 6.35335e-29 
4.2575 7.20101e-29 
4.265 4.94285e-29 
4.2625 5.60441e-29 
4.27 3.8426e-29 
4.2675 4.35855e-29 
4.275 2.98498e-29 
4.2725 3.38707e-29 
4.28 2.31698e-29 
4.2775 2.6301e-29 
4.285 1.79708e-29 
4.2825 2.04073e-29 
4.29 1.39274e-29 
4.2875 1.58219e-29 
4.295 1.07852e-29 
4.2925 1.22572e-29 
4.3 8.34519e-30 
4.2975 9.48799e-30 
4.305 6.45201e-30 
4.3025 7.33853e-30 
4.31 4.98425e-30 
4.3075 5.67141e-30 
4.315 3.84722e-30 
4.3125 4.37943e-30 
4.32 2.96712e-30 
4.3175 3.37898e-30 
4.325 2.28644e-30 
4.3225 2.60491e-30 
4.33 1.76043e-30 
4.3275 2.00648e-30 
4.335 1.35428e-30 
4.3325 1.54422e-30 
4.34 1.04095e-30 
4.3375 1.18745e-30 
4.345 7.99422e-31 
4.3425 9.12324e-31 
4.35 6.13404e-31 
4.3475 7.00338e-31 
4.355 4.7026e-31 
4.3525 5.37142e-31 
4.36 3.60205e-31 
4.3575 4.11614e-31 
4.365 2.75662e-31 
4.3625 3.15145e-31 
4.37 2.10775e-31 
4.3675 2.41071e-31 
4.375 1.61018e-31 
4.3725 1.84244e-31 
4.38 1.22896e-31 
4.3775 1.40687e-31 
4.385 9.37155e-32 
4.3825 1.0733e-31 
4.39 7.13988e-32 
4.3875 8.18087e-32 
4.395 5.43468e-32 
4.3925 6.2299e-32 
4.4 4.13294e-32 
4.3975 4.73986e-32 
4.405 3.14011e-32 
4.4025 3.60289e-32 
4.41 2.38358e-32 
4.4075 2.73613e-32 
4.415 1.80764e-32 
4.4125 2.07596e-32 
4.42 1.36958e-32 
4.4175 1.57362e-32 
4.425 1.03671e-32 
4.4225 1.19172e-32 
4.43 7.84008e-33 
4.4275 9.01652e-33 
4.435 5.92342e-33 
4.4325 6.81548e-33 
4.44 4.4711e-33 
4.4375 5.14688e-33 
4.445 3.37165e-33 
4.4425 3.8831e-33 
4.45 2.54014e-33 
4.4475 2.92685e-33 
4.455 1.91187e-33 
4.4525 2.20398e-33 
4.46 1.43761e-33 
4.4575 1.65806e-33 
4.465 1.07995e-33 
4.4625 1.24616e-33 
4.47 8.10495e-34 
4.4675 9.35683e-34 
4.475 6.07681e-34 
4.4725 7.01882e-34 
4.48 4.55176e-34 
4.4775 5.25991e-34 
4.485 3.40612e-34 
4.4825 3.93796e-34 
4.49 2.54634e-34 
4.4875 2.94537e-34 
4.495 1.90173e-34 
4.4925 2.20082e-34 
4.5 1.41891e-34 
4.4975 1.64287e-34 
4.505 1.05763e-34 
4.5025 1.22517e-34 
4.51 7.87565e-35 
4.5075 9.12773e-35 
4.515 5.85881e-35 
4.5125 6.7936e-35 
4.52 4.35414e-35 
4.5175 5.05136e-35 
4.525 3.2327e-35 
4.5225 3.7522e-35 
4.53 2.39771e-35 
4.5275 2.78441e-35 
4.535 1.77663e-35 
4.5325 2.06419e-35 
4.54 1.31511e-35 
4.5375 1.52873e-35 
4.545 9.72512e-36 
4.5425 1.13105e-35 
4.55 7.18445e-36 
4.5475 8.35982e-36 
4.555 5.30221e-36 
4.5525 6.17274e-36 
4.56 3.90917e-36 
4.5575 4.55327e-36 
4.565 2.87923e-36 
4.5625 3.35531e-36 
4.57 2.11851e-36 
4.5675 2.47005e-36 
4.575 1.55721e-36 
4.5725 1.81652e-36 
4.58 1.14347e-36 
4.5775 1.33456e-36 
4.585 8.38813e-37 
4.5825 9.79486e-37 
4.59 6.14704e-37 
4.5875 7.18155e-37 
4.595 4.50015e-37 
4.5925 5.26016e-37 
4.6 3.29115e-37 
4.5975 3.84893e-37 
4.605 2.40452e-37 
4.6025 2.81346e-37 
4.61 1.75496e-37 
4.6075 2.05447e-37 
4.615 1.27957e-37 
4.6125 1.49872e-37 
4.62 9.32011e-38 
4.6175 1.09218e-37 
4.625 6.78164e-38 
4.6225 7.95117e-38 
4.63 4.92953e-38 
4.6275 5.7826e-38 
4.635 3.57959e-38 
4.6325 4.20119e-38 
4.64 2.59668e-38 
4.6375 3.04915e-38 
4.645 1.88174e-38 
4.6425 2.21076e-38 
4.65 1.36225e-38 
4.6475 1.60126e-38 
4.655 9.85167e-39 
4.6525 1.15861e-38 
4.66 7.11735e-39 
4.6575 8.37466e-39 
4.665 5.13668e-39 
4.6625 6.04719e-39 
4.67 3.70341e-39 
4.6675 4.36209e-39 
4.675 2.66732e-39 
4.6725 3.14334e-39 
4.68 1.91913e-39 
4.6775 2.26278e-39 
4.685 1.37939e-39 
4.6825 1.62723e-39 
4.69 9.90431e-40 
4.6875 1.16898e-39 
4.695 7.10421e-40 
4.6925 8.38925e-40 
4.7 5.09051e-40 
4.6975 6.01439e-40 
4.705 3.64385e-40 
4.7025 4.30739e-40 
4.71 2.60564e-40 
4.7075 3.0817e-40 
4.715 1.86132e-40 
4.7125 2.20252e-40 
4.72 1.32825e-40 
4.7175 1.57255e-40 
4.725 9.4688e-41 
4.7225 1.12161e-40 
4.73 6.74314e-41 
4.7275 7.99156e-41 
4.735 4.79714e-41 
4.7325 5.68821e-41 
4.74 3.40923e-41 
4.7375 4.04457e-41 
4.745 2.42038e-41 
4.7425 2.87291e-41 
4.75 1.71658e-41 
4.7475 2.03857e-41 
4.755 1.21618e-41 
4.7525 1.44505e-41 
4.76 8.60762e-42 
4.7575 1.02327e-41 
4.765 6.08586e-42 
4.7625 7.23861e-42 
4.77 4.29848e-42 
4.7675 5.1153e-42 
4.775 3.03292e-42 
4.7725 3.61111e-42 
4.78 2.13776e-42 
4.7775 2.54661e-42 
4.785 1.50526e-42 
4.7825 1.79406e-42 
4.79 1.05881e-42 
4.7875 1.2626e-42 
4.795 7.44004e-43 
4.7925 8.87664e-43 
4.8 5.22261e-43 
4.7975 6.23424e-43 
4.805 3.66229e-43 
4.8025 4.37393e-43 
4.81 2.5655e-43 
4.8075 3.06559e-43 
4.815 1.79533e-43 
4.8125 2.1464e-43 
4.82 1.25507e-43 
4.8175 1.50127e-43 
4.825 8.76495e-44 
4.8225 1.04897e-43 
4.83 6.11481e-44 
4.8275 7.3218e-44 
4.835 4.26158e-44 
4.8325 5.10538e-44 
4.84 2.96696e-44 
4.8375 3.55625e-44 
4.845 2.06351e-44 
4.8425 2.47464e-44 
4.85 1.4337e-44 
4.8475 1.72022e-44 
4.855 9.95088e-45 
4.8525 1.19457e-44 
4.86 6.89955e-45 
4.8575 8.28691e-45 
4.865 4.77897e-45 
4.8625 5.74287e-45 
4.87 3.30676e-45 
4.8675 3.97576e-45 
4.875 2.28574e-45 
4.8725 2.74958e-45 
4.88 1.57836e-45 
4.8775 1.89962e-45 
4.885 1.08878e-45 
4.8825 1.31106e-45 
4.89 7.50289e-46 
4.8875 9.03931e-46 
4.895 5.16504e-46 
4.8925 6.22591e-46 
4.9 3.55202e-46 
4.8975 4.28377e-46 
4.905 2.44024e-46 
4.9025 2.94446e-46 
4.91 1.67474e-46 
4.9075 2.02181e-46 
4.915 1.1482e-46 
4.9125 1.38686e-46 
4.92 7.86401e-47 
4.9175 9.50345e-47 
4.925 5.38059e-47 
4.9225 6.5056e-47 
4.93 3.67768e-47 
4.9275 4.44889e-47 
4.935 2.51119e-47 
4.9325 3.03932e-47 
4.94 1.71299e-47 
4.9375 2.07427e-47 
4.945 1.16737e-47 
4.9425 1.41425e-47 
4.95 7.94815e-48 
4.9475 9.63337e-48 
4.955 5.4074e-48 
4.9525 6.5563e-48 
4.96 3.67707e-48 
4.9575 4.45917e-48 
4.965 2.50083e-48 
4.9625 3.03216e-48 
4.97 1.70351e-48 
4.9675 2.06331e-48 
4.975 1.16575e-48 
4.9725 1.40796e-48 
4.98 8.06633e-49 
4.9775 9.67754e-49 
4.985 5.71881e-49 
4.9825 6.76295e-49 
4.99 4.25852e-49 
4.9875 4.89428e-49 
4.995 3.46298e-49 
4.9925 3.78729e-49 
5 3.21066e-49 
4.9975 3.2731e-49 
