0 6.98968e-06 
0.005 7.05823e-06 
0.0025 7.0068e-06 
0.01 7.26504e-06 
0.0075 7.14418e-06 
0.015 7.61363e-06 
0.0125 7.4213e-06 
0.02 8.10992e-06 
0.0175 7.84285e-06 
0.025 8.76233e-06 
0.0225 8.41599e-06 
0.03 9.58188e-06 
0.0275 9.15041e-06 
0.035 1.05824e-05 
0.0325 1.00585e-05 
0.04 1.17806e-05 
0.0375 1.11556e-05 
0.045 1.31965e-05 
0.0425 1.24599e-05 
0.05 1.48536e-05 
0.0475 1.39933e-05 
0.055 1.67793e-05 
0.0525 1.5781e-05 
0.06 1.90052e-05 
0.0575 1.78526e-05 
0.065 2.15677e-05 
0.0625 2.02419e-05 
0.07 2.45081e-05 
0.0675 2.29878e-05 
0.075 2.78739e-05 
0.0725 2.61346e-05 
0.08 3.17189e-05 
0.0775 2.97329e-05 
0.085 3.61041e-05 
0.0825 3.38399e-05 
0.09 4.10987e-05 
0.0875 3.85206e-05 
0.095 4.67809e-05 
0.0925 4.38486e-05 
0.1 5.3239e-05 
0.0975 4.9907e-05 
0.105 6.05727e-05 
0.1025 5.67897e-05 
0.11 6.88945e-05 
0.1075 6.46025e-05 
0.115 7.8331e-05 
0.1125 7.34649e-05 
0.12 8.9025e-05 
0.1175 8.35112e-05 
0.125 0.000101137 
0.1225 9.4893e-05 
0.13 0.000114848 
0.1275 0.00010778 
0.135 0.000130361 
0.1325 0.000122365 
0.14 0.000147904 
0.1375 0.000138863 
0.145 0.000167735 
0.1425 0.000157516 
0.15 0.000190141 
0.1475 0.000178597 
0.155 0.000215448 
0.1525 0.00020241 
0.16 0.000244017 
0.1575 0.0002293 
0.165 0.000276259 
0.1625 0.000259652 
0.17 0.00031263 
0.1675 0.000293898 
0.175 0.000353645 
0.1725 0.000332523 
0.18 0.000399881 
0.1775 0.000376072 
0.185 0.000451984 
0.1825 0.000425156 
0.19 0.000510678 
0.1875 0.000480458 
0.195 0.000576776 
0.1925 0.000542747 
0.2 0.000651188 
0.1975 0.000612881 
0.205 0.000734934 
0.2025 0.000691826 
0.21 0.000829157 
0.2075 0.000780659 
0.215 0.000935135 
0.2125 0.000880591 
0.22 0.0010543 
0.2175 0.000992974 
0.225 0.00118826 
0.2225 0.00111932 
0.23 0.00133881 
0.2275 0.00126134 
0.235 0.00150794 
0.2325 0.00142092 
0.24 0.00169792 
0.2375 0.00160018 
0.245 0.00191125 
0.2425 0.0018015 
0.25 0.00215074 
0.2475 0.00202754 
0.255 0.00241953 
0.2525 0.00228127 
0.26 0.00272113 
0.2575 0.002566 
0.265 0.00305945 
0.2625 0.00288544 
0.27 0.00343887 
0.2675 0.00324373 
0.275 0.00386427 
0.2725 0.0036455 
0.28 0.00434111 
0.2775 0.0040959 
0.285 0.00487545 
0.2825 0.00460068 
0.29 0.00547407 
0.2875 0.00516627 
0.295 0.00614452 
0.2925 0.00579981 
0.3 0.0068952 
0.2975 0.00650927 
0.305 0.00773546 
0.3025 0.00730351 
0.31 0.00867568 
0.3075 0.00819238 
0.315 0.00972742 
0.3125 0.00918684 
0.32 0.0109035 
0.3175 0.0102991 
0.325 0.0122181 
0.3225 0.0115425 
0.33 0.013687 
0.3275 0.0129322 
0.335 0.0153275 
0.3325 0.0144846 
0.34 0.0171589 
0.3375 0.0162181 
0.345 0.0192024 
0.3425 0.0181527 
0.35 0.0214813 
0.3475 0.0203109 
0.355 0.0240211 
0.3525 0.0227169 
0.36 0.02685 
0.3575 0.0253976 
0.365 0.0299987 
0.3625 0.0283824 
0.37 0.0335004 
0.3675 0.0317032 
0.375 0.0373916 
0.3725 0.0353949 
0.38 0.0417114 
0.3775 0.0394954 
0.385 0.0465023 
0.3825 0.0440452 
0.39 0.0518094 
0.3875 0.0490883 
0.395 0.0576812 
0.3925 0.0546716 
0.4 0.0641688 
0.3975 0.0608447 
0.405 0.071326 
0.4025 0.0676602 
0.41 0.079209 
0.4075 0.0751732 
0.415 0.0878757 
0.4125 0.0834407 
0.42 0.097385 
0.4175 0.0925213 
0.425 0.107796 
0.4225 0.102474 
0.43 0.119168 
0.4275 0.113358 
0.435 0.131557 
0.4325 0.125232 
0.44 0.145016 
0.4375 0.138149 
0.445 0.159592 
0.4425 0.152161 
0.45 0.175328 
0.4475 0.167313 
0.455 0.192255 
0.4525 0.183641 
0.46 0.210394 
0.4575 0.201172 
0.465 0.229751 
0.4625 0.21992 
0.47 0.25032 
0.4675 0.239885 
0.475 0.272074 
0.4725 0.261051 
0.48 0.294971 
0.4775 0.283383 
0.485 0.318946 
0.4825 0.306828 
0.49 0.343915 
0.4875 0.331312 
0.495 0.369774 
0.4925 0.356741 
0.5 0.396401 
0.4975 0.383 
0.505 0.423653 
0.5025 0.409958 
0.51 0.451376 
0.5075 0.437466 
0.515 0.479404 
0.5125 0.465363 
0.52 0.507562 
0.5175 0.493478 
0.525 0.535672 
0.5225 0.521634 
0.53 0.563559 
0.5275 0.549654 
0.535 0.591051 
0.5325 0.577364 
0.54 0.617987 
0.5375 0.604598 
0.545 0.644221 
0.5425 0.631201 
0.55 0.669619 
0.5475 0.657032 
0.555 0.69407 
0.5525 0.681969 
0.56 0.717479 
0.5575 0.705909 
0.565 0.739773 
0.5625 0.728769 
0.57 0.760899 
0.5675 0.750484 
0.575 0.780824 
0.5725 0.771013 
0.58 0.799531 
0.5775 0.79033 
0.585 0.817022 
0.5825 0.808428 
0.59 0.83331 
0.5875 0.825315 
0.595 0.848424 
0.5925 0.841012 
0.6 0.862399 
0.5975 0.855551 
0.605 0.875281 
0.6025 0.868973 
0.61 0.88712 
0.6075 0.881327 
0.615 0.897972 
0.6125 0.892666 
0.62 0.907895 
0.6175 0.903046 
0.625 0.916947 
0.6225 0.912526 
0.63 0.925188 
0.6275 0.921166 
0.635 0.932677 
0.6325 0.929023 
0.64 0.939469 
0.6375 0.936156 
0.645 0.945621 
0.6425 0.942622 
0.65 0.951184 
0.6475 0.948473 
0.655 0.956209 
0.6525 0.953761 
0.66 0.960742 
0.6575 0.958534 
0.665 0.964826 
0.6625 0.962838 
0.67 0.968503 
0.6675 0.966713 
0.675 0.971811 
0.6725 0.970201 
0.68 0.974783 
0.6775 0.973337 
0.685 0.977452 
0.6825 0.976153 
0.69 0.979847 
0.6875 0.978682 
0.695 0.981995 
0.6925 0.98095 
0.7 0.98392 
0.6975 0.982984 
0.705 0.985645 
0.7025 0.984806 
0.71 0.987189 
0.7075 0.986438 
0.715 0.988571 
0.7125 0.987899 
0.72 0.989807 
0.7175 0.989206 
0.725 0.990913 
0.7225 0.990375 
0.73 0.991901 
0.7275 0.99142 
0.735 0.992784 
0.7325 0.992355 
0.74 0.993572 
0.7375 0.993189 
0.745 0.994276 
0.7425 0.993934 
0.75 0.994905 
0.7475 0.9946 
0.755 0.995466 
0.7525 0.995194 
0.76 0.995966 
0.7575 0.995723 
0.765 0.996413 
0.7625 0.996196 
0.77 0.996811 
0.7675 0.996617 
0.775 0.997165 
0.7725 0.996993 
0.78 0.997481 
0.7775 0.997328 
0.785 0.997763 
0.7825 0.997626 
0.79 0.998014 
0.7875 0.997892 
0.795 0.998237 
0.7925 0.998128 
0.8 0.998435 
0.7975 0.998339 
0.805 0.998612 
0.8025 0.998526 
0.81 0.998769 
0.8075 0.998693 
0.815 0.998909 
0.8125 0.998841 
0.82 0.999034 
0.8175 0.998973 
0.825 0.999144 
0.8225 0.99909 
0.83 0.999242 
0.8275 0.999194 
0.835 0.999329 
0.8325 0.999287 
0.84 0.999407 
0.8375 0.999369 
0.845 0.999475 
0.8425 0.999442 
0.85 0.999536 
0.8475 0.999507 
0.855 0.99959 
0.8525 0.999564 
0.86 0.999638 
0.8575 0.999615 
0.865 0.99968 
0.8625 0.99966 
0.87 0.999718 
0.8675 0.9997 
0.875 0.999751 
0.8725 0.999735 
0.88 0.999781 
0.8775 0.999766 
0.885 0.999807 
0.8825 0.999794 
0.89 0.99983 
0.8875 0.999819 
0.895 0.99985 
0.8925 0.99984 
0.9 0.999868 
0.8975 0.999859 
0.905 0.999884 
0.9025 0.999876 
0.91 0.999898 
0.9075 0.999891 
0.915 0.99991 
0.9125 0.999904 
0.92 0.999921 
0.9175 0.999916 
0.925 0.99993 
0.9225 0.999926 
0.93 0.999939 
0.9275 0.999935 
0.935 0.999946 
0.9325 0.999943 
0.94 0.999953 
0.9375 0.99995 
0.945 0.999958 
0.9425 0.999956 
0.95 0.999963 
0.9475 0.999961 
0.955 0.999967 
0.9525 0.999965 
0.96 0.999971 
0.9575 0.999969 
0.965 0.999974 
0.9625 0.999973 
0.97 0.999977 
0.9675 0.999976 
0.975 0.999979 
0.9725 0.999978 
0.98 0.999981 
0.9775 0.99998 
0.985 0.999983 
0.9825 0.999982 
0.99 0.999984 
0.9875 0.999983 
0.995 0.999985 
0.9925 0.999984 
1 0.999985 
0.9975 0.999985 
1.005 0.999986 
1.0025 0.999985 
1.01 0.999986 
1.0075 0.999986 
1.015 0.999985 
1.0125 0.999985 
1.02 0.999985 
1.0175 0.999985 
1.025 0.999984 
1.0225 0.999984 
1.03 0.999983 
1.0275 0.999984 
1.035 0.999982 
1.0325 0.999982 
1.04 0.99998 
1.0375 0.999981 
1.045 0.999978 
1.0425 0.999979 
1.05 0.999976 
1.0475 0.999977 
1.055 0.999973 
1.0525 0.999974 
1.06 0.99997 
1.0575 0.999971 
1.065 0.999966 
1.0625 0.999968 
1.07 0.999962 
1.0675 0.999964 
1.075 0.999957 
1.0725 0.99996 
1.08 0.999952 
1.0775 0.999955 
1.085 0.999946 
1.0825 0.999949 
1.09 0.999939 
1.0875 0.999943 
1.095 0.999932 
1.0925 0.999936 
1.1 0.999923 
1.0975 0.999928 
1.105 0.999914 
1.1025 0.999919 
1.11 0.999903 
1.1075 0.999909 
1.115 0.999891 
1.1125 0.999897 
1.12 0.999878 
1.1175 0.999885 
1.125 0.999863 
1.1225 0.999871 
1.13 0.999847 
1.1275 0.999855 
1.135 0.999828 
1.1325 0.999838 
1.14 0.999808 
1.1375 0.999818 
1.145 0.999785 
1.1425 0.999797 
1.15 0.99976 
1.1475 0.999773 
1.155 0.999732 
1.1525 0.999747 
1.16 0.999701 
1.1575 0.999717 
1.165 0.999667 
1.1625 0.999685 
1.17 0.999629 
1.1675 0.999649 
1.175 0.999587 
1.1725 0.999609 
1.18 0.999541 
1.1775 0.999565 
1.185 0.99949 
1.1825 0.999516 
1.19 0.999433 
1.1875 0.999462 
1.195 0.999371 
1.1925 0.999403 
1.2 0.999302 
1.1975 0.999338 
1.205 0.999227 
1.2025 0.999266 
1.21 0.999143 
1.2075 0.999186 
1.215 0.999052 
1.2125 0.999099 
1.22 0.998951 
1.2175 0.999003 
1.225 0.99884 
1.2225 0.998897 
1.23 0.998718 
1.2275 0.998781 
1.235 0.998585 
1.2325 0.998653 
1.24 0.998438 
1.2375 0.998513 
1.245 0.998277 
1.2425 0.99836 
1.25 0.998101 
1.2475 0.998191 
1.255 0.997908 
1.2525 0.998007 
1.26 0.997697 
1.2575 0.997805 
1.265 0.997465 
1.2625 0.997584 
1.27 0.997212 
1.2675 0.997342 
1.275 0.996936 
1.2725 0.997077 
1.28 0.996634 
1.2775 0.996788 
1.285 0.996304 
1.2825 0.996473 
1.29 0.995944 
1.2875 0.996128 
1.295 0.995551 
1.2925 0.995752 
1.3 0.995123 
1.2975 0.995342 
1.305 0.994657 
1.3025 0.994895 
1.31 0.994149 
1.3075 0.994408 
1.315 0.993596 
1.3125 0.993878 
1.32 0.992994 
1.3175 0.993301 
1.325 0.992341 
1.3225 0.992674 
1.33 0.99163 
1.3275 0.991993 
1.335 0.990859 
1.3325 0.991252 
1.34 0.990021 
1.3375 0.990449 
1.345 0.989113 
1.3425 0.989576 
1.35 0.988129 
1.3475 0.988631 
1.355 0.987063 
1.3525 0.987606 
1.36 0.985909 
1.3575 0.986497 
1.365 0.98466 
1.3625 0.985297 
1.37 0.983311 
1.3675 0.983999 
1.375 0.981854 
1.3725 0.982596 
1.38 0.980281 
1.3775 0.981082 
1.385 0.978585 
1.3825 0.979449 
1.39 0.976757 
1.3875 0.977688 
1.395 0.974791 
1.3925 0.975792 
1.4 0.972676 
1.3975 0.973752 
1.405 0.970404 
1.4025 0.97156 
1.41 0.967966 
1.4075 0.969206 
1.415 0.965353 
1.4125 0.966682 
1.42 0.962555 
1.4175 0.963978 
1.425 0.959564 
1.4225 0.961085 
1.43 0.956371 
1.4275 0.957994 
1.435 0.952966 
1.4325 0.954696 
1.44 0.949342 
1.4375 0.951182 
1.445 0.94549 
1.4425 0.947445 
1.45 0.941404 
1.4475 0.943477 
1.455 0.937077 
1.4525 0.939271 
1.46 0.932505 
1.4575 0.934822 
1.465 0.927683 
1.4625 0.930125 
1.47 0.922611 
1.4675 0.925179 
1.475 0.917288 
1.4725 0.919981 
1.48 0.911717 
1.4775 0.914533 
1.485 0.905902 
1.4825 0.90884 
1.49 0.899853 
1.4875 0.902906 
1.495 0.89358 
1.4925 0.896744 
1.5 0.887098 
1.4975 0.890364 
1.505 0.880427 
1.5025 0.883785 
1.51 0.873589 
1.5075 0.877027 
1.515 0.866612 
1.5125 0.870116 
1.52 0.859529 
1.5175 0.863082 
1.525 0.852378 
1.5225 0.85596 
1.53 0.8452 
1.5275 0.84879 
1.535 0.838044 
1.5325 0.841616 
1.54 0.83096 
1.5375 0.834489 
1.545 0.824005 
1.5425 0.827463 
1.55 0.81724 
1.5475 0.820595 
1.555 0.810728 
1.5525 0.813948 
1.56 0.804534 
1.5575 0.807587 
1.565 0.798727 
1.5625 0.801578 
1.57 0.793373 
1.5675 0.795989 
1.575 0.78854 
1.5725 0.790888 
1.58 0.78429 
1.5775 0.786338 
1.585 0.780683 
1.5825 0.782403 
1.59 0.777774 
1.5875 0.779138 
1.595 0.775608 
1.5925 0.776595 
1.6 0.774224 
1.5975 0.774816 
1.605 0.773649 
1.6025 0.773834 
1.61 0.7739 
1.6075 0.77367 
1.615 0.774982 
1.6125 0.774337 
1.62 0.77689 
1.6175 0.775834 
1.625 0.779603 
1.6225 0.778147 
1.63 0.783092 
1.6275 0.781253 
1.635 0.787315 
1.6325 0.785114 
1.64 0.792221 
1.6375 0.789686 
1.645 0.797752 
1.6425 0.794912 
1.65 0.80384 
1.6475 0.800731 
1.655 0.810416 
1.6525 0.807072 
1.66 0.817403 
1.6575 0.813863 
1.665 0.824727 
1.6625 0.821028 
1.67 0.83231 
1.6675 0.82849 
1.675 0.840077 
1.6725 0.836175 
1.68 0.847958 
1.6775 0.844008 
1.685 0.855883 
1.6825 0.851919 
1.69 0.863789 
1.6875 0.859842 
1.695 0.871619 
1.6925 0.867717 
1.7 0.879322 
1.6975 0.875489 
1.705 0.886852 
1.7025 0.883111 
1.71 0.894172 
1.7075 0.890541 
1.715 0.901248 
1.7125 0.897742 
1.72 0.908056 
1.7175 0.904687 
1.725 0.914574 
1.7225 0.911352 
1.73 0.920789 
1.7275 0.91772 
1.735 0.926691 
1.7325 0.923779 
1.74 0.932274 
1.7375 0.929523 
1.745 0.937538 
1.7425 0.934946 
1.75 0.942485 
1.7475 0.940051 
1.755 0.94712 
1.7525 0.944841 
1.76 0.95145 
1.7575 0.949323 
1.765 0.955485 
1.7625 0.953504 
1.77 0.959236 
1.7675 0.957395 
1.775 0.962715 
1.7725 0.961009 
1.78 0.965934 
1.7775 0.964356 
1.785 0.968908 
1.7825 0.967451 
1.79 0.97165 
1.7875 0.970307 
1.795 0.974174 
1.7925 0.972938 
1.8 0.976493 
1.7975 0.975358 
1.805 0.978621 
1.8025 0.97758 
1.81 0.980572 
1.8075 0.979618 
1.815 0.982356 
1.8125 0.981484 
1.82 0.983988 
1.8175 0.983191 
1.825 0.985478 
1.8225 0.98475 
1.83 0.986836 
1.8275 0.986173 
1.835 0.988074 
1.8325 0.98747 
1.84 0.989202 
1.8375 0.988651 
1.845 0.990227 
1.8425 0.989727 
1.85 0.991159 
1.8475 0.990704 
1.855 0.992006 
1.8525 0.991593 
1.86 0.992774 
1.8575 0.992399 
1.865 0.993471 
1.8625 0.993131 
1.87 0.994103 
1.8675 0.993795 
1.875 0.994676 
1.8725 0.994397 
1.88 0.995194 
1.8775 0.994941 
1.885 0.995663 
1.8825 0.995435 
1.89 0.996088 
1.8875 0.995881 
1.895 0.996472 
1.8925 0.996285 
1.9 0.996819 
1.8975 0.99665 
1.905 0.997132 
1.9025 0.996979 
1.91 0.997415 
1.9075 0.997277 
1.915 0.997671 
1.9125 0.997547 
1.92 0.997902 
1.9175 0.997789 
1.925 0.99811 
1.9225 0.998009 
1.93 0.998298 
1.9275 0.998207 
1.935 0.998467 
1.9325 0.998385 
1.94 0.99862 
1.9375 0.998546 
1.945 0.998758 
1.9425 0.998691 
1.95 0.998882 
1.9475 0.998822 
1.955 0.998994 
1.9525 0.998939 
1.96 0.999094 
1.9575 0.999045 
1.965 0.999185 
1.9625 0.999141 
1.97 0.999267 
1.9675 0.999227 
1.975 0.99934 
1.9725 0.999304 
1.98 0.999406 
1.9775 0.999374 
1.985 0.999466 
1.9825 0.999437 
1.99 0.999519 
1.9875 0.999493 
1.995 0.999567 
1.9925 0.999544 
2 0.99961 
1.9975 0.999589 
2.005 0.999649 
2.0025 0.99963 
2.01 0.999684 
2.0075 0.999667 
2.015 0.999715 
2.0125 0.9997 
2.02 0.999743 
2.0175 0.999729 
2.025 0.999768 
2.0225 0.999756 
2.03 0.99979 
2.0275 0.999779 
2.035 0.99981 
2.0325 0.9998 
2.04 0.999828 
2.0375 0.999819 
2.045 0.999844 
2.0425 0.999836 
2.05 0.999858 
2.0475 0.999851 
2.055 0.99987 
2.0525 0.999864 
2.06 0.999881 
2.0575 0.999876 
2.065 0.999891 
2.0625 0.999886 
2.07 0.999899 
2.0675 0.999895 
2.075 0.999906 
2.0725 0.999903 
2.08 0.999912 
2.0775 0.999909 
2.085 0.999917 
2.0825 0.999915 
2.09 0.999921 
2.0875 0.999919 
2.095 0.999925 
2.0925 0.999923 
2.1 0.999927 
2.0975 0.999926 
2.105 0.999928 
2.1025 0.999928 
2.11 0.999929 
2.1075 0.999929 
2.115 0.999929 
2.1125 0.999929 
2.12 0.999928 
2.1175 0.999929 
2.125 0.999927 
2.1225 0.999928 
2.13 0.999924 
2.1275 0.999926 
2.135 0.999921 
2.1325 0.999923 
2.14 0.999917 
2.1375 0.999919 
2.145 0.999912 
2.1425 0.999915 
2.15 0.999906 
2.1475 0.999909 
2.155 0.999899 
2.1525 0.999903 
2.16 0.999892 
2.1575 0.999896 
2.165 0.999883 
2.1625 0.999887 
2.17 0.999873 
2.1675 0.999878 
2.175 0.999861 
2.1725 0.999867 
2.18 0.999849 
2.1775 0.999855 
2.185 0.999835 
2.1825 0.999842 
2.19 0.999819 
2.1875 0.999827 
2.195 0.999802 
2.1925 0.999811 
2.2 0.999783 
2.1975 0.999793 
2.205 0.999762 
2.2025 0.999773 
2.21 0.999739 
2.2075 0.999751 
2.215 0.999714 
2.2125 0.999727 
2.22 0.999686 
2.2175 0.999701 
2.225 0.999656 
2.2225 0.999672 
2.23 0.999623 
2.2275 0.99964 
2.235 0.999586 
2.2325 0.999605 
2.24 0.999546 
2.2375 0.999567 
2.245 0.999502 
2.2425 0.999525 
2.25 0.999455 
2.2475 0.999479 
2.255 0.999402 
2.2525 0.999429 
2.26 0.999345 
2.2575 0.999375 
2.265 0.999283 
2.2625 0.999315 
2.27 0.999215 
2.2675 0.99925 
2.275 0.999141 
2.2725 0.999179 
2.28 0.999061 
2.2775 0.999102 
2.285 0.998973 
2.2825 0.999018 
2.29 0.998877 
2.2875 0.998926 
2.295 0.998773 
2.2925 0.998826 
2.3 0.998659 
2.2975 0.998717 
2.305 0.998535 
2.3025 0.998598 
2.31 0.998401 
2.3075 0.998469 
2.315 0.998254 
2.3125 0.998329 
2.32 0.998095 
2.3175 0.998176 
2.325 0.997922 
2.3225 0.99801 
2.33 0.997733 
2.3275 0.997829 
2.335 0.997528 
2.3325 0.997633 
2.34 0.997306 
2.3375 0.997419 
2.345 0.997063 
2.3425 0.997187 
2.35 0.9968 
2.3475 0.996935 
2.355 0.996514 
2.3525 0.99666 
2.36 0.996203 
2.3575 0.996362 
2.365 0.995866 
2.3625 0.996038 
2.37 0.995499 
2.3675 0.995686 
2.375 0.9951 
2.3725 0.995304 
2.38 0.994668 
2.3775 0.994888 
2.385 0.994197 
2.3825 0.994437 
2.39 0.993687 
2.3875 0.993947 
2.395 0.993132 
2.3925 0.993415 
2.4 0.99253 
2.3975 0.992837 
2.405 0.991876 
2.4025 0.992209 
2.41 0.991166 
2.4075 0.991528 
2.415 0.990394 
2.4125 0.990788 
2.42 0.989557 
2.4175 0.989984 
2.425 0.988648 
2.4225 0.989112 
2.43 0.987662 
2.4275 0.988165 
2.435 0.986591 
2.4325 0.987138 
2.44 0.985429 
2.4375 0.986022 
2.445 0.984168 
2.4425 0.984811 
2.45 0.9828 
2.4475 0.983498 
2.455 0.981315 
2.4525 0.982073 
2.46 0.979705 
2.4575 0.980527 
2.465 0.977959 
2.4625 0.97885 
2.47 0.976066 
2.4675 0.977031 
2.475 0.974013 
2.4725 0.97506 
2.48 0.971789 
2.4775 0.972923 
2.485 0.969379 
2.4825 0.970608 
2.49 0.966769 
2.4875 0.9681 
2.495 0.963943 
2.4925 0.965384 
2.5 0.960884 
2.4975 0.962443 
2.505 0.957575 
2.5025 0.959262 
2.51 0.953998 
2.5075 0.955821 
2.515 0.950131 
2.5125 0.952102 
2.52 0.945955 
2.5175 0.948083 
2.525 0.941447 
2.5225 0.943744 
2.53 0.936585 
2.5275 0.939062 
2.535 0.931344 
2.5325 0.934014 
2.54 0.9257 
2.5375 0.928574 
2.545 0.919627 
2.5425 0.922719 
2.55 0.913099 
2.5475 0.916422 
2.555 0.906089 
2.5525 0.909656 
2.56 0.898569 
2.5575 0.902394 
2.565 0.890512 
2.5625 0.894609 
2.57 0.881892 
2.5675 0.886274 
2.575 0.872681 
2.5725 0.877362 
2.58 0.862854 
2.5775 0.867846 
2.585 0.852386 
2.5825 0.857701 
2.59 0.841252 
2.5875 0.846903 
2.595 0.829433 
2.5925 0.83543 
2.6 0.81691 
2.5975 0.823261 
2.605 0.803665 
2.6025 0.810378 
2.61 0.789688 
2.6075 0.796769 
2.615 0.77497 
2.6125 0.782422 
2.62 0.759506 
2.6175 0.767331 
2.625 0.743297 
2.6225 0.751494 
2.63 0.72635 
2.6275 0.734915 
2.635 0.708678 
2.6325 0.717604 
2.64 0.690297 
2.6375 0.699574 
2.645 0.671232 
2.6425 0.680848 
2.65 0.651516 
2.6475 0.661453 
2.655 0.631185 
2.6525 0.641424 
2.66 0.610284 
2.6575 0.620802 
2.665 0.588864 
2.6625 0.599635 
2.67 0.566983 
2.6675 0.577977 
2.675 0.544704 
2.6725 0.555889 
2.68 0.522097 
2.6775 0.533437 
2.685 0.499235 
2.6825 0.510693 
2.69 0.476198 
2.6875 0.487734 
2.695 0.453067 
2.6925 0.464639 
2.7 0.429928 
2.6975 0.441493 
2.705 0.406866 
2.7025 0.418382 
2.71 0.38397 
2.7075 0.395392 
2.715 0.361326 
2.7125 0.372611 
2.72 0.339019 
2.7175 0.350125 
2.725 0.317133 
2.7225 0.328019 
2.73 0.295746 
2.7275 0.306372 
2.735 0.274932 
2.7325 0.285263 
2.74 0.254761 
2.7375 0.264762 
2.745 0.235294 
2.7425 0.244936 
2.75 0.216587 
2.7475 0.225843 
2.755 0.198687 
2.7525 0.207534 
2.76 0.181634 
2.7575 0.190053 
2.765 0.16546 
2.7625 0.173436 
2.77 0.150187 
2.7675 0.157709 
2.775 0.135831 
2.7725 0.142893 
2.78 0.122399 
2.7775 0.128999 
2.785 0.10989 
2.7825 0.116029 
2.79 0.0982966 
2.7875 0.10398 
2.795 0.0876038 
2.7925 0.0928389 
2.8 0.0777899 
2.7975 0.0825886 
2.805 0.0688273 
2.8025 0.0732041 
2.81 0.0606828 
2.8075 0.064655 
2.815 0.0533188 
2.8125 0.0569058 
2.82 0.0466932 
2.8175 0.0499164 
2.825 0.0407613 
2.8225 0.0436435 
2.83 0.0354756 
2.8275 0.0380407 
2.835 0.0307876 
2.8325 0.03306 
2.84 0.0266479 
2.8375 0.0286522 
2.845 0.0230078 
2.8425 0.0247684 
2.85 0.0198197 
2.8475 0.0213602 
2.855 0.0170378 
2.8525 0.0183808 
2.86 0.0146185 
2.8575 0.0157854 
2.865 0.0125211 
2.8625 0.013532 
2.87 0.010708 
2.8675 0.0115813 
2.875 0.00914469 
2.8725 0.00989717 
2.88 0.00779981 
2.8775 0.00844677 
2.885 0.00664526 
2.8825 0.00720038 
2.89 0.00565592 
2.8875 0.00613139 
2.895 0.00480953 
2.8925 0.00521614 
2.9 0.00408648 
2.8975 0.00443371 
2.905 0.0034696 
2.9025 0.00376575 
2.91 0.00294389 
2.9075 0.0031962 
2.915 0.00249633 
2.9125 0.00271108 
2.92 0.00211564 
2.9175 0.00229827 
2.925 0.0017921 
2.9225 0.00194728 
2.93 0.00151731 
2.9275 0.00164908 
2.935 0.00128408 
2.9325 0.00139591 
2.94 0.00108625 
2.9375 0.00118109 
2.945 0.000918521 
2.9425 0.000998919 
2.95 0.000776391 
2.9475 0.000844511 
2.955 0.000656006 
2.9525 0.000713698 
2.96 0.000554083 
2.9575 0.000602922 
2.965 0.000467824 
2.9625 0.000509153 
2.97 0.000394851 
2.9675 0.000429811 
2.975 0.00033314 
2.9725 0.000362702 
2.98 0.000280972 
2.9775 0.00030596 
2.985 0.000236887 
2.9825 0.000258001 
2.99 0.000199644 
2.9875 0.00021748 
2.995 0.000168194 
2.9925 0.000183254 
3 0.000141644 
2.9975 0.000154357 
3.005 0.000119239 
3.0025 0.000129966 
3.01 0.000100338 
3.0075 0.000109386 
3.015 8.43991e-05 
3.0125 9.20289e-05 
3.02 7.09628e-05 
3.0175 7.73939e-05 
3.025 5.96403e-05 
3.0225 6.50591e-05 
3.03 5.01027e-05 
3.0275 5.46669e-05 
3.035 4.20718e-05 
3.0325 4.59145e-05 
3.04 3.53121e-05 
3.0375 3.85462e-05 
3.045 2.96248e-05 
3.0425 3.23456e-05 
3.05 2.48418e-05 
3.0475 2.71297e-05 
3.055 2.08209e-05 
3.0525 2.2744e-05 
3.06 1.74422e-05 
3.0575 1.9058e-05 
3.065 1.46044e-05 
3.0625 1.59613e-05 
3.07 1.2222e-05 
3.0675 1.3361e-05 
3.075 1.02228e-05 
3.0725 1.11785e-05 
3.08 8.54604e-06 
3.0775 9.34752e-06 
3.085 7.14039e-06 
3.0825 7.81219e-06 
3.09 5.9626e-06 
3.0875 6.52543e-06 
3.095 4.97625e-06 
3.0925 5.44753e-06 
3.1 4.15066e-06 
3.0975 4.54507e-06 
3.105 3.45999e-06 
3.1025 3.7899e-06 
3.11 2.88251e-06 
3.1075 3.15832e-06 
3.115 2.39995e-06 
3.1125 2.63039e-06 
3.12 1.99694e-06 
3.1175 2.18936e-06 
3.125 1.66055e-06 
3.1225 1.82114e-06 
3.13 1.37994e-06 
3.1275 1.51388e-06 
3.135 1.14601e-06 
3.1325 1.25765e-06 
3.14 9.51106e-07 
3.1375 1.04411e-06 
3.145 7.88822e-07 
3.1425 8.66244e-07 
3.15 6.53786e-07 
3.1475 7.18198e-07 
3.155 5.41494e-07 
3.1525 5.95048e-07 
3.16 4.48178e-07 
3.1575 4.92674e-07 
3.165 3.70682e-07 
3.1625 4.07628e-07 
3.17 3.06369e-07 
3.1675 3.37025e-07 
3.175 2.53032e-07 
3.1725 2.78451e-07 
3.18 2.08829e-07 
3.1775 2.29891e-07 
3.185 1.72221e-07 
3.1825 1.89661e-07 
3.19 1.41926e-07 
3.1875 1.56356e-07 
3.195 1.16873e-07 
3.1925 1.28804e-07 
3.2 9.61691e-08 
3.1975 1.06027e-07 
3.205 7.9073e-08 
3.2025 8.72113e-08 
3.21 6.49662e-08 
3.2075 7.16802e-08 
3.215 5.33349e-08 
3.2125 5.88696e-08 
3.22 4.37519e-08 
3.2175 4.8311e-08 
3.225 3.58627e-08 
3.2225 3.96152e-08 
3.23 2.93728e-08 
3.2275 3.24591e-08 
3.235 2.40383e-08 
3.2325 2.65747e-08 
3.24 1.96569e-08 
3.2375 2.17397e-08 
3.245 1.60612e-08 
3.2425 1.77701e-08 
3.25 1.31127e-08 
3.2475 1.45137e-08 
3.255 1.06967e-08 
3.2525 1.18444e-08 
3.26 8.71883e-09 
3.2575 9.65826e-09 
3.265 7.10085e-09 
3.2625 7.86916e-09 
3.27 5.77838e-09 
3.2675 6.40623e-09 
3.275 4.69834e-09 
3.2725 5.21098e-09 
3.28 3.81702e-09 
3.2775 4.23525e-09 
3.285 3.09846e-09 
3.2825 3.43937e-09 
3.29 2.51308e-09 
3.2875 2.79075e-09 
3.295 2.0366e-09 
3.2925 2.26256e-09 
3.3 1.64909e-09 
3.2975 1.83282e-09 
3.305 1.3342e-09 
3.3025 1.48347e-09 
3.31 1.07854e-09 
3.3075 1.1997e-09 
3.315 8.71146e-10 
3.3125 9.69413e-10 
3.32 7.03044e-10 
3.3175 7.82675e-10 
3.325 5.66909e-10 
3.3225 6.31383e-10 
3.33 4.56754e-10 
3.3275 5.08912e-10 
3.335 3.67698e-10 
3.3325 4.09856e-10 
3.34 2.9576e-10 
3.3375 3.29807e-10 
3.345 2.377e-10 
3.3425 2.65173e-10 
3.35 1.90881e-10 
3.3475 2.1303e-10 
3.355 1.53157e-10 
3.3525 1.70999e-10 
3.36 1.22789e-10 
3.3575 1.37149e-10 
3.365 9.83614e-11 
3.3625 1.09909e-10 
3.37 7.873e-11 
3.3675 8.80087e-11 
3.375 6.29659e-11 
3.3725 7.04151e-11 
3.38 5.0318e-11 
3.3775 5.62934e-11 
3.385 4.01788e-11 
3.3825 4.49679e-11 
3.39 3.20574e-11 
3.3875 3.58926e-11 
3.395 2.55576e-11 
3.3925 2.86263e-11 
3.4 2.03599e-11 
3.3975 2.28133e-11 
3.405 1.62068e-11 
3.4025 1.81668e-11 
3.41 1.28912e-11 
3.4075 1.44556e-11 
3.415 1.02462e-11 
3.4125 1.14939e-11 
3.42 8.13786e-12 
3.4175 9.13219e-12 
3.425 6.45866e-12 
3.4225 7.25045e-12 
3.43 5.12228e-12 
3.4275 5.75229e-12 
3.435 4.05955e-12 
3.4325 4.56045e-12 
3.44 3.21508e-12 
3.4375 3.61303e-12 
3.445 2.54455e-12 
3.4425 2.86047e-12 
3.45 2.01252e-12 
3.4475 2.26314e-12 
3.455 1.5907e-12 
3.4525 1.78937e-12 
3.46 1.2565e-12 
3.4575 1.41387e-12 
3.465 9.91895e-13 
3.4625 1.11647e-12 
3.47 7.82545e-13 
3.4675 8.81087e-13 
3.475 6.17022e-13 
3.4725 6.94921e-13 
3.48 4.86236e-13 
3.4775 5.47776e-13 
3.485 3.82965e-13 
3.4825 4.3155e-13 
3.49 3.0147e-13 
3.4875 3.39804e-13 
3.495 2.37199e-13 
3.4925 2.67426e-13 
3.5 1.86541e-13 
3.4975 2.10362e-13 
3.505 1.46636e-13 
3.5025 1.65398e-13 
3.51 1.15218e-13 
3.5075 1.29988e-13 
3.515 9.04953e-14 
3.5125 1.02116e-13 
3.52 7.10509e-14 
3.5175 8.01893e-14 
3.525 5.57651e-14 
3.5225 6.29482e-14 
3.53 4.3754e-14 
3.5275 4.93976e-14 
3.535 3.432e-14 
3.5325 3.87522e-14 
3.54 2.69132e-14 
3.5375 3.03927e-14 
3.545 2.11001e-14 
3.5425 2.38306e-14 
3.55 1.65394e-14 
3.5475 1.86815e-14 
3.555 1.29623e-14 
3.5525 1.46423e-14 
3.56 1.01576e-14 
3.5575 1.14747e-14 
3.565 7.95896e-15 
3.5625 8.99139e-15 
3.57 6.23584e-15 
3.5675 7.04494e-15 
3.575 4.88564e-15 
3.5725 5.5196e-15 
3.58 3.82781e-15 
3.5775 4.32448e-15 
3.585 2.99914e-15 
3.5825 3.3882e-15 
3.59 2.35004e-15 
3.5875 2.65479e-15 
3.595 1.84163e-15 
3.5925 2.08032e-15 
3.6 1.44341e-15 
3.5975 1.63037e-15 
3.605 1.1315e-15 
3.6025 1.27794e-15 
3.61 8.87173e-16 
3.6075 1.00188e-15 
3.615 6.95772e-16 
3.6125 7.85639e-16 
3.62 5.45812e-16 
3.6175 6.16224e-16 
3.625 4.28301e-16 
3.6225 4.8348e-16 
3.63 3.36201e-16 
3.6275 3.7945e-16 
3.635 2.63999e-16 
3.6325 2.97906e-16 
3.64 2.07382e-16 
3.6375 2.33972e-16 
3.645 1.62973e-16 
3.6425 1.83831e-16 
3.65 1.28128e-16 
3.6475 1.44496e-16 
3.655 1.00778e-16 
3.6525 1.13626e-16 
3.66 7.93028e-17 
3.6575 8.93924e-17 
3.665 6.24338e-17 
3.6625 7.03602e-17 
3.67 4.91773e-17 
3.6675 5.5407e-17 
3.675 3.87551e-17 
3.6725 4.36534e-17 
3.68 3.05573e-17 
3.6775 3.44106e-17 
3.685 2.41061e-17 
3.6825 2.71389e-17 
3.69 1.90268e-17 
3.6875 2.14149e-17 
3.695 1.50257e-17 
3.6925 1.69072e-17 
3.7 1.18722e-17 
3.6975 1.33553e-17 
3.705 9.38549e-18 
3.7025 1.05552e-17 
3.71 7.42351e-18 
3.7075 8.34649e-18 
3.715 5.8747e-18 
3.7125 6.60342e-18 
3.72 4.6514e-18 
3.7175 5.22705e-18 
3.725 3.68467e-18 
3.7225 4.13965e-18 
3.73 2.9203e-18 
3.7275 3.28009e-18 
3.735 2.3156e-18 
3.7325 2.60028e-18 
3.74 1.83698e-18 
3.7375 2.06233e-18 
3.745 1.45794e-18 
3.7425 1.63643e-18 
3.75 1.15762e-18 
3.7475 1.29906e-18 
3.755 9.19552e-19 
3.7525 1.03169e-18 
3.76 7.30741e-19 
3.7575 8.19686e-19 
3.765 5.80925e-19 
3.7625 6.51509e-19 
3.77 4.61997e-19 
3.7675 5.18035e-19 
3.775 3.67547e-19 
3.7725 4.12056e-19 
3.78 2.92505e-19 
3.7775 3.27872e-19 
3.785 2.3286e-19 
3.7825 2.60974e-19 
3.79 1.85433e-19 
3.7875 2.0779e-19 
3.795 1.47709e-19 
3.7925 1.65494e-19 
3.8 1.17691e-19 
3.7975 1.31844e-19 
3.805 9.37969e-20 
3.8025 1.05063e-19 
3.81 7.47718e-20 
3.8075 8.37433e-20 
3.815 5.96188e-20 
3.8125 6.67649e-20 
3.82 4.75465e-20 
3.8175 5.32402e-20 
3.825 3.7926e-20 
3.8225 4.24636e-20 
3.83 3.02574e-20 
3.8275 3.38746e-20 
3.835 2.41432e-20 
3.8325 2.70274e-20 
3.84 1.92675e-20 
3.8375 2.15676e-20 
3.845 1.53784e-20 
3.8425 1.72132e-20 
3.85 1.22759e-20 
3.8475 1.37396e-20 
3.855 9.80029e-21 
3.8525 1.09683e-20 
3.86 7.82472e-21 
3.8575 8.75686e-21 
3.865 6.24792e-21 
3.8625 6.99193e-21 
3.87 4.98924e-21 
3.8675 5.58316e-21 
3.875 3.98438e-21 
3.8725 4.45855e-21 
3.88 3.18207e-21 
3.8775 3.56067e-21 
3.885 2.54142e-21 
3.8825 2.84375e-21 
3.89 2.02983e-21 
3.8875 2.27126e-21 
3.895 1.62125e-21 
3.8925 1.81407e-21 
3.9 1.29494e-21 
3.8975 1.44893e-21 
3.905 1.0343e-21 
3.9025 1.15731e-21 
3.91 8.26126e-22 
3.9075 9.24373e-22 
3.915 6.59839e-22 
3.9125 7.38316e-22 
3.92 5.27012e-22 
3.9175 5.89699e-22 
3.925 4.2091e-22 
3.9225 4.70984e-22 
3.93 3.36156e-22 
3.9275 3.76155e-22 
3.935 2.68455e-22 
3.9325 3.00406e-22 
3.94 2.14377e-22 
3.9375 2.39899e-22 
3.945 1.71182e-22 
3.9425 1.91567e-22 
3.95 1.3668e-22 
3.9475 1.52962e-22 
3.955 1.09123e-22 
3.9525 1.22127e-22 
3.96 8.71136e-23 
3.9575 9.75e-23 
3.965 6.95367e-23 
3.9625 7.78315e-23 
3.97 5.55003e-23 
3.9675 6.21242e-23 
3.975 4.42921e-23 
3.9725 4.95812e-23 
3.98 3.53429e-23 
3.9775 3.95659e-23 
3.985 2.81981e-23 
3.9825 3.15695e-23 
3.99 2.24944e-23 
3.9875 2.51857e-23 
3.995 1.79416e-23 
3.9925 2.00898e-23 
4 1.43079e-23 
3.9975 1.60224e-23 
4.005 1.14082e-23 
4.0025 1.27763e-23 
4.01 9.09451e-24 
4.0075 1.01861e-23 
4.015 7.24864e-24 
4.0125 8.11948e-24 
4.02 5.77624e-24 
4.0175 6.47086e-24 
4.025 4.60194e-24 
4.0225 5.1559e-24 
4.03 3.66555e-24 
4.0275 4.10726e-24 
4.035 2.91901e-24 
4.0325 3.27115e-24 
4.04 2.32394e-24 
4.0375 2.60461e-24 
4.045 1.8497e-24 
4.0425 2.07337e-24 
4.05 1.47184e-24 
4.0475 1.65004e-24 
4.055 1.17085e-24 
4.0525 1.31279e-24 
4.06 9.31135e-25 
4.0575 1.04417e-24 
4.065 7.40275e-25 
4.0625 8.30269e-25 
4.07 5.88352e-25 
4.0675 6.59982e-25 
4.075 4.67455e-25 
4.0725 5.24452e-25 
4.08 3.71274e-25 
4.0775 4.16615e-25 
4.085 2.9478e-25 
4.0825 3.30838e-25 
4.09 2.33962e-25 
4.0875 2.62628e-25 
4.095 1.85621e-25 
4.0925 2.08404e-25 
4.1 1.47212e-25 
4.0975 1.65313e-25 
4.105 1.16704e-25 
4.1025 1.3108e-25 
4.11 9.24808e-26 
4.1075 1.03894e-25 
4.115 7.32542e-26 
4.1125 8.23123e-26 
4.12 5.79996e-26 
4.1175 6.51857e-26 
4.125 4.59011e-26 
4.1225 5.15998e-26 
4.13 3.63097e-26 
4.1275 4.0827e-26 
4.135 2.87089e-26 
4.1325 3.22883e-26 
4.14 2.26883e-26 
4.1375 2.55232e-26 
4.145 1.79214e-26 
4.1425 2.01657e-26 
4.15 1.41488e-26 
4.1475 1.59248e-26 
4.155 1.11647e-26 
4.1525 1.25693e-26 
4.16 8.80521e-27 
4.1575 9.91564e-27 
4.165 6.94062e-27 
4.1625 7.81804e-27 
4.17 5.46785e-27 
4.1675 6.1608e-27 
4.175 4.30517e-27 
4.1725 4.85214e-27 
4.18 3.38776e-27 
4.1775 3.81929e-27 
4.185 2.66428e-27 
4.1825 3.00454e-27 
4.19 2.09406e-27 
4.1875 2.3622e-27 
4.195 1.64487e-27 
4.1925 1.85606e-27 
4.2 1.29124e-27 
4.1975 1.45748e-27 
4.205 1.01299e-27 
4.2025 1.14377e-27 
4.21 7.94195e-28 
4.2075 8.97017e-28 
4.215 6.22251e-28 
4.2125 7.03042e-28 
4.22 4.87211e-28 
4.2175 5.50651e-28 
4.225 3.81221e-28 
4.2225 4.31005e-28 
4.23 2.98085e-28 
4.2275 3.37128e-28 
4.235 2.32918e-28 
4.2325 2.63517e-28 
4.24 1.81871e-28 
4.2375 2.05836e-28 
4.245 1.4191e-28 
4.2425 1.60667e-28 
4.25 1.1065e-28 
4.2475 1.2532e-28 
4.255 8.62133e-29 
4.2525 9.76792e-29 
4.26 6.71238e-29 
4.2575 7.6079e-29 
4.265 5.22222e-29 
4.2625 5.92114e-29 
4.27 4.05981e-29 
4.2675 4.60491e-29 
4.275 3.15374e-29 
4.2725 3.57855e-29 
4.28 2.448e-29 
4.2775 2.77882e-29 
4.285 1.89871e-29 
4.2825 2.15614e-29 
4.29 1.47152e-29 
4.2875 1.67169e-29 
4.295 1.13953e-29 
4.2925 1.29506e-29 
4.3 8.81742e-30 
4.2975 1.00248e-29 
4.305 6.81717e-30 
4.3025 7.75382e-30 
4.31 5.26639e-30 
4.3075 5.99242e-30 
4.315 4.06504e-30 
4.3125 4.62736e-30 
4.32 3.13514e-30 
4.3175 3.5703e-30 
4.325 2.41594e-30 
4.3225 2.75243e-30 
4.33 1.86016e-30 
4.3275 2.12013e-30 
4.335 1.43102e-30 
4.3325 1.63171e-30 
4.34 1.09994e-30 
4.3375 1.25474e-30 
4.345 8.44733e-31 
4.3425 9.64029e-31 
4.35 6.48178e-31 
4.3475 7.40036e-31 
4.355 4.96925e-31 
4.3525 5.67595e-31 
4.36 3.80633e-31 
4.3575 4.34956e-31 
4.365 2.91299e-31 
4.3625 3.33019e-31 
4.37 2.22733e-31 
4.3675 2.54747e-31 
4.375 1.70155e-31 
4.3725 1.94698e-31 
4.38 1.29872e-31 
4.3775 1.48671e-31 
4.385 9.90357e-32 
4.3825 1.13423e-31 
4.39 7.54528e-32 
4.3875 8.64534e-32 
4.395 5.74333e-32 
4.3925 6.58367e-32 
4.4 4.36771e-32 
4.3975 5.00908e-32 
4.405 3.31852e-32 
4.4025 3.80757e-32 
4.41 2.51904e-32 
4.4075 2.8916e-32 
4.415 1.91039e-32 
4.4125 2.19395e-32 
4.42 1.44745e-32 
4.4175 1.66307e-32 
4.425 1.09567e-32 
4.4225 1.25948e-32 
4.43 8.286e-33 
4.4275 9.52931e-33 
4.435 6.26041e-33 
4.4325 7.20317e-33 
4.44 4.72552e-33 
4.4375 5.43972e-33 
4.445 3.56355e-33 
4.4425 4.10409e-33 
4.45 2.68475e-33 
4.4475 3.09346e-33 
4.455 2.02073e-33 
4.4525 2.32947e-33 
4.46 1.51948e-33 
4.4575 1.75248e-33 
4.465 1.14148e-33 
4.4625 1.31714e-33 
4.47 8.56678e-34 
4.4675 9.88993e-34 
4.475 6.42315e-34 
4.4725 7.41881e-34 
4.48 4.81124e-34 
4.4775 5.55973e-34 
4.485 3.60034e-34 
4.4825 4.16248e-34 
4.49 2.69157e-34 
4.4875 3.11334e-34 
4.495 2.01022e-34 
4.4925 2.32636e-34 
4.5 1.49988e-34 
4.4975 1.73661e-34 
4.505 1.118e-34 
4.5025 1.29509e-34 
4.51 8.32528e-35 
4.5075 9.64877e-35 
4.515 6.19337e-35 
4.5125 7.1815e-35 
4.52 4.60284e-35 
4.5175 5.33985e-35 
4.525 3.41739e-35 
4.5225 3.96655e-35 
4.53 2.53473e-35 
4.5275 2.94351e-35 
4.535 1.87818e-35 
4.5325 2.18216e-35 
4.54 1.3903e-35 
4.5375 1.61613e-35 
4.545 1.02813e-35 
4.5425 1.19573e-35 
4.55 7.59543e-36 
4.5475 8.83798e-36 
4.555 5.6056e-36 
4.5525 6.52589e-36 
4.56 4.13291e-36 
4.5575 4.81384e-36 
4.565 3.04406e-36 
4.5625 3.54737e-36 
4.57 2.23982e-36 
4.5675 2.61148e-36 
4.575 1.6464e-36 
4.5725 1.92056e-36 
4.58 1.20899e-36 
4.5775 1.41101e-36 
4.585 8.86885e-37 
4.5825 1.03561e-36 
4.59 6.49941e-37 
4.5875 7.59318e-37 
4.595 4.75819e-37 
4.5925 5.56174e-37 
4.6 3.47992e-37 
4.5975 4.06966e-37 
4.605 2.54247e-37 
4.6025 2.97485e-37 
4.61 1.85567e-37 
4.6075 2.17236e-37 
4.615 1.35302e-37 
4.6125 1.58473e-37 
4.62 9.85524e-38 
4.6175 1.15489e-37 
4.625 7.17113e-38 
4.6225 8.40776e-38 
4.63 5.21273e-38 
4.6275 6.11476e-38 
4.635 3.78529e-38 
4.6325 4.44258e-38 
4.64 2.74594e-38 
4.6375 3.22439e-38 
4.645 1.98993e-38 
4.6425 2.33786e-38 
4.65 1.4406e-38 
4.6475 1.69334e-38 
4.655 1.04184e-38 
4.6525 1.22525e-38 
4.66 7.52692e-39 
4.6575 8.85651e-39 
4.665 5.43235e-39 
4.6625 6.39523e-39 
4.67 3.91664e-39 
4.6675 4.61322e-39 
4.675 2.82094e-39 
4.6725 3.32435e-39 
4.68 2.02969e-39 
4.6775 2.39312e-39 
4.685 1.45888e-39 
4.6825 1.72099e-39 
4.69 1.04752e-39 
4.6875 1.23636e-39 
4.695 7.51385e-40 
4.6925 8.87292e-40 
4.7 5.38412e-40 
4.6975 6.36124e-40 
4.705 3.85409e-40 
4.7025 4.55587e-40 
4.71 2.75601e-40 
4.7075 3.25953e-40 
4.715 1.96877e-40 
4.7125 2.32965e-40 
4.72 1.40496e-40 
4.7175 1.66334e-40 
4.725 1.00158e-40 
4.7225 1.18639e-40 
4.73 7.13276e-41 
4.7275 8.45325e-41 
4.735 5.07441e-41 
4.7325 6.01692e-41 
4.74 3.60634e-41 
4.7375 4.27837e-41 
4.745 2.56035e-41 
4.7425 3.03904e-41 
4.75 1.81588e-41 
4.7475 2.15649e-41 
4.755 1.28655e-41 
4.7525 1.52866e-41 
4.76 9.10587e-42 
4.7575 1.0825e-41 
4.765 6.43825e-42 
4.7625 7.65768e-42 
4.77 4.54745e-42 
4.7675 5.41154e-42 
4.775 3.20864e-42 
4.7725 3.8203e-42 
4.78 2.26166e-42 
4.7775 2.69418e-42 
4.785 1.59253e-42 
4.7825 1.89806e-42 
4.79 1.12021e-42 
4.7875 1.33581e-42 
4.795 7.87164e-43 
4.7925 9.39149e-43 
4.8 5.52567e-43 
4.7975 6.59595e-43 
4.805 3.87487e-43 
4.8025 4.62779e-43 
4.81 2.71446e-43 
4.8075 3.24357e-43 
4.815 1.89961e-43 
4.8125 2.27104e-43 
4.82 1.328e-43 
4.8175 1.58848e-43 
4.825 9.27436e-44 
4.8225 1.10992e-43 
4.83 6.47031e-44 
4.8275 7.74741e-44 
4.835 4.50942e-44 
4.8325 5.40225e-44 
4.84 3.13956e-44 
4.8375 3.76311e-44 
4.845 2.1836e-44 
4.8425 2.61862e-44 
4.85 1.51716e-44 
4.8475 1.82034e-44 
4.855 1.05303e-44 
4.8525 1.26412e-44 
4.86 7.30145e-45 
4.8575 8.76955e-45 
4.865 5.05744e-45 
4.8625 6.07745e-45 
4.87 3.49951e-45 
4.8675 4.20746e-45 
4.875 2.41901e-45 
4.8725 2.90987e-45 
4.88 1.67042e-45 
4.8775 2.0104e-45 
4.885 1.1523e-45 
4.8825 1.38754e-45 
4.89 7.9408e-46 
4.8875 9.5668e-46 
4.895 5.4666e-46 
4.8925 6.58934e-46 
4.9 3.75947e-46 
4.8975 4.53391e-46 
4.905 2.58281e-46 
4.9025 3.11645e-46 
4.91 1.77261e-46 
4.9075 2.13995e-46 
4.915 1.21532e-46 
4.9125 1.46792e-46 
4.92 8.32391e-47 
4.9175 1.00591e-46 
4.925 5.69535e-47 
4.9225 6.88612e-47 
4.93 3.8929e-47 
4.9275 4.7092e-47 
4.935 2.6582e-47 
4.9325 3.21721e-47 
4.94 1.8133e-47 
4.9375 2.19572e-47 
4.945 1.23575e-47 
4.9425 1.49708e-47 
4.95 8.4139e-48 
4.9475 1.01978e-47 
4.955 5.72438e-48 
4.9525 6.94056e-48 
4.96 3.89269e-48 
4.9575 4.72061e-48 
4.965 2.64753e-48 
4.9625 3.20999e-48 
4.97 1.80347e-48 
4.9675 2.18437e-48 
4.975 1.23418e-48 
4.9725 1.4906e-48 
4.98 8.54003e-49 
4.9775 1.02458e-48 
4.985 6.0548e-49 
4.9825 7.1602e-49 
4.99 4.50881e-49 
4.9875 5.18188e-49 
4.995 3.66658e-49 
4.9925 4.00993e-49 
5 3.39945e-49 
4.9975 3.46556e-49 
