0 7.24187e-06 
0.005 7.31263e-06 
0.0025 7.25954e-06 
0.01 7.52612e-06 
0.0075 7.40137e-06 
0.015 7.88595e-06 
0.0125 7.68742e-06 
0.02 8.39822e-06 
0.0175 8.12255e-06 
0.025 9.07157e-06 
0.0225 8.71411e-06 
0.03 9.91734e-06 
0.0275 9.47208e-06 
0.035 1.09497e-05 
0.0325 1.04092e-05 
0.04 1.2186e-05 
0.0375 1.15412e-05 
0.045 1.36467e-05 
0.0425 1.28869e-05 
0.05 1.5356e-05 
0.0475 1.44686e-05 
0.055 1.73421e-05 
0.0525 1.63125e-05 
0.06 1.96374e-05 
0.0575 1.84489e-05 
0.065 2.22793e-05 
0.0625 2.09125e-05 
0.07 2.53104e-05 
0.0675 2.37433e-05 
0.075 2.87794e-05 
0.0725 2.69869e-05 
0.08 3.27417e-05 
0.0775 3.06952e-05 
0.085 3.72599e-05 
0.0825 3.4927e-05 
0.09 4.2405e-05 
0.0875 3.97493e-05 
0.095 4.82575e-05 
0.0925 4.52375e-05 
0.1 5.49082e-05 
0.0975 5.1477e-05 
0.105 6.24593e-05 
0.1025 5.85642e-05 
0.11 7.10264e-05 
0.1075 6.6608e-05 
0.115 8.07396e-05 
0.1125 7.5731e-05 
0.12 9.17456e-05 
0.1175 8.60711e-05 
0.125 0.000104209 
0.1225 9.7784e-05 
0.13 0.000118316 
0.1275 0.000111045 
0.135 0.000134275 
0.1325 0.00012605 
0.14 0.00015232 
0.1375 0.000143021 
0.145 0.000172715 
0.1425 0.000162206 
0.15 0.000195757 
0.1475 0.000183885 
0.155 0.000221777 
0.1525 0.000208372 
0.16 0.00025115 
0.1575 0.000236019 
0.165 0.000284294 
0.1625 0.000267222 
0.17 0.00032168 
0.1675 0.000302425 
0.175 0.000363835 
0.1725 0.000342126 
0.18 0.000411351 
0.1775 0.000386883 
0.185 0.000464891 
0.1825 0.000437324 
0.19 0.0005252 
0.1875 0.00049415 
0.195 0.000593111 
0.1925 0.000558149 
0.2 0.000669558 
0.1975 0.000630205 
0.205 0.000755588 
0.2025 0.000711305 
0.21 0.000852374 
0.2075 0.000802558 
0.215 0.000961227 
0.2125 0.000905204 
0.22 0.00108362 
0.2175 0.00102063 
0.225 0.00122119 
0.2225 0.0011504 
0.23 0.0013758 
0.2275 0.00129624 
0.235 0.00154948 
0.2325 0.00146011 
0.24 0.00174456 
0.2375 0.00164419 
0.245 0.0019636 
0.2425 0.00185091 
0.25 0.00220949 
0.2475 0.00208299 
0.255 0.00248545 
0.2525 0.00234349 
0.26 0.00279507 
0.2575 0.00263581 
0.265 0.00314239 
0.2625 0.00296375 
0.27 0.00353187 
0.2675 0.00333156 
0.275 0.00396854 
0.2725 0.00374397 
0.28 0.00445798 
0.2775 0.00420629 
0.285 0.00500641 
0.2825 0.0047244 
0.29 0.0056208 
0.2875 0.0053049 
0.295 0.00630886 
0.2925 0.0059551 
0.3 0.00707922 
0.2975 0.00668318 
0.305 0.00794145 
0.3025 0.00749821 
0.31 0.00890621 
0.3075 0.00841031 
0.315 0.00998533 
0.3125 0.00943069 
0.32 0.0111919 
0.3175 0.0105718 
0.325 0.0125405 
0.3225 0.0118475 
0.33 0.0140473 
0.3275 0.0132731 
0.335 0.01573 
0.3325 0.0148654 
0.34 0.0176082 
0.3375 0.0166434 
0.345 0.0197038 
0.3425 0.0186274 
0.35 0.0220404 
0.3475 0.0208404 
0.355 0.0246443 
0.3525 0.0233072 
0.36 0.0275441 
0.3575 0.0260553 
0.365 0.0307711 
0.3625 0.0291146 
0.37 0.0343594 
0.3675 0.0325178 
0.375 0.0383458 
0.3725 0.0363004 
0.38 0.0427705 
0.3775 0.0405008 
0.385 0.0476764 
0.3825 0.0451605 
0.39 0.0531095 
0.3875 0.050324 
0.395 0.0591188 
0.3925 0.0560389 
0.4 0.0657562 
0.3975 0.0623557 
0.405 0.0730761 
0.4025 0.0693274 
0.41 0.081135 
0.4075 0.0770095 
0.415 0.089991 
0.4125 0.0854597 
0.42 0.0997035 
0.4175 0.0947365 
0.425 0.110332 
0.4225 0.104899 
0.43 0.121933 
0.4275 0.116007 
0.435 0.134565 
0.4325 0.128117 
0.44 0.148278 
0.4375 0.141283 
0.445 0.16312 
0.4425 0.155555 
0.45 0.179129 
0.4475 0.170976 
0.455 0.196334 
0.4525 0.18758 
0.46 0.214755 
0.4575 0.205392 
0.465 0.234393 
0.4625 0.224422 
0.47 0.255239 
0.4675 0.244667 
0.475 0.277263 
0.4725 0.266106 
0.48 0.300415 
0.4775 0.288702 
0.485 0.324629 
0.4825 0.312395 
0.49 0.349814 
0.4875 0.337106 
0.495 0.375863 
0.4925 0.362738 
0.5 0.402648 
0.4975 0.389172 
0.505 0.430024 
0.5025 0.416271 
0.51 0.457833 
0.5075 0.443885 
0.515 0.485907 
0.5125 0.471848 
0.52 0.514071 
0.5175 0.499989 
0.525 0.542145 
0.5225 0.52813 
0.53 0.569956 
0.5275 0.556095 
0.535 0.597335 
0.5325 0.58371 
0.54 0.624122 
0.5375 0.610812 
0.545 0.650174 
0.5425 0.637248 
0.55 0.675363 
0.5475 0.662884 
0.555 0.699581 
0.5525 0.6876 
0.56 0.722738 
0.5575 0.711297 
0.565 0.744766 
0.5625 0.733897 
0.57 0.765617 
0.5675 0.755341 
0.575 0.785261 
0.5725 0.775591 
0.58 0.803687 
0.5775 0.794626 
0.585 0.820897 
0.5825 0.812443 
0.59 0.836911 
0.5875 0.829052 
0.595 0.851758 
0.5925 0.844478 
0.6 0.865475 
0.5975 0.858755 
0.605 0.878111 
0.6025 0.871926 
0.61 0.889717 
0.6075 0.88404 
0.615 0.900349 
0.6125 0.895151 
0.62 0.910065 
0.6175 0.905318 
0.625 0.918924 
0.6225 0.914598 
0.63 0.926985 
0.6275 0.92305 
0.635 0.934307 
0.6325 0.930735 
0.64 0.940946 
0.6375 0.937709 
0.645 0.946957 
0.6425 0.944027 
0.65 0.952391 
0.6475 0.949743 
0.655 0.957298 
0.6525 0.954908 
0.66 0.961723 
0.6575 0.959568 
0.665 0.96571 
0.6625 0.963769 
0.67 0.969298 
0.6675 0.967551 
0.675 0.972525 
0.6725 0.970954 
0.68 0.975424 
0.6775 0.974013 
0.685 0.978027 
0.6825 0.976761 
0.69 0.980363 
0.6875 0.979227 
0.695 0.982457 
0.6925 0.981438 
0.7 0.984334 
0.6975 0.983421 
0.705 0.986015 
0.7025 0.985198 
0.71 0.98752 
0.7075 0.986789 
0.715 0.988867 
0.7125 0.988213 
0.72 0.990072 
0.7175 0.989487 
0.725 0.991149 
0.7225 0.990626 
0.73 0.992112 
0.7275 0.991644 
0.735 0.992973 
0.7325 0.992554 
0.74 0.993741 
0.7375 0.993368 
0.745 0.994427 
0.7425 0.994094 
0.75 0.995039 
0.7475 0.994742 
0.755 0.995586 
0.7525 0.99532 
0.76 0.996073 
0.7575 0.995837 
0.765 0.996508 
0.7625 0.996297 
0.77 0.996896 
0.7675 0.996707 
0.775 0.997241 
0.7725 0.997073 
0.78 0.997549 
0.7775 0.997399 
0.785 0.997823 
0.7825 0.99769 
0.79 0.998067 
0.7875 0.997948 
0.795 0.998284 
0.7925 0.998179 
0.8 0.998478 
0.7975 0.998384 
0.805 0.99865 
0.8025 0.998566 
0.81 0.998803 
0.8075 0.998729 
0.815 0.998939 
0.8125 0.998873 
0.82 0.99906 
0.8175 0.999001 
0.825 0.999167 
0.8225 0.999115 
0.83 0.999263 
0.8275 0.999217 
0.835 0.999348 
0.8325 0.999307 
0.84 0.999423 
0.8375 0.999386 
0.845 0.99949 
0.8425 0.999457 
0.85 0.999549 
0.8475 0.99952 
0.855 0.999602 
0.8525 0.999576 
0.86 0.999648 
0.8575 0.999625 
0.865 0.999689 
0.8625 0.999669 
0.87 0.999726 
0.8675 0.999708 
0.875 0.999758 
0.8725 0.999742 
0.88 0.999787 
0.8775 0.999773 
0.885 0.999812 
0.8825 0.9998 
0.89 0.999834 
0.8875 0.999824 
0.895 0.999854 
0.8925 0.999845 
0.9 0.999872 
0.8975 0.999863 
0.905 0.999887 
0.9025 0.999879 
0.91 0.9999 
0.9075 0.999894 
0.915 0.999912 
0.9125 0.999907 
0.92 0.999923 
0.9175 0.999918 
0.925 0.999932 
0.9225 0.999928 
0.93 0.99994 
0.9275 0.999936 
0.935 0.999947 
0.9325 0.999944 
0.94 0.999953 
0.9375 0.99995 
0.945 0.999959 
0.9425 0.999956 
0.95 0.999963 
0.9475 0.999961 
0.955 0.999967 
0.9525 0.999965 
0.96 0.999971 
0.9575 0.999969 
0.965 0.999974 
0.9625 0.999972 
0.97 0.999976 
0.9675 0.999975 
0.975 0.999978 
0.9725 0.999977 
0.98 0.99998 
0.9775 0.999979 
0.985 0.999981 
0.9825 0.99998 
0.99 0.999982 
0.9875 0.999981 
0.995 0.999982 
0.9925 0.999982 
1 0.999983 
0.9975 0.999983 
1.005 0.999983 
1.0025 0.999983 
1.01 0.999983 
1.0075 0.999983 
1.015 0.999982 
1.0125 0.999982 
1.02 0.999981 
1.0175 0.999982 
1.025 0.99998 
1.0225 0.999981 
1.03 0.999978 
1.0275 0.999979 
1.035 0.999977 
1.0325 0.999978 
1.04 0.999974 
1.0375 0.999976 
1.045 0.999972 
1.0425 0.999973 
1.05 0.999969 
1.0475 0.99997 
1.055 0.999966 
1.0525 0.999967 
1.06 0.999962 
1.0575 0.999964 
1.065 0.999957 
1.0625 0.99996 
1.07 0.999952 
1.0675 0.999955 
1.075 0.999947 
1.0725 0.99995 
1.08 0.99994 
1.0775 0.999944 
1.085 0.999933 
1.0825 0.999937 
1.09 0.999925 
1.0875 0.99993 
1.095 0.999917 
1.0925 0.999921 
1.1 0.999907 
1.0975 0.999912 
1.105 0.999896 
1.1025 0.999901 
1.11 0.999883 
1.1075 0.99989 
1.115 0.99987 
1.1125 0.999877 
1.12 0.999854 
1.1175 0.999862 
1.125 0.999837 
1.1225 0.999846 
1.13 0.999818 
1.1275 0.999828 
1.135 0.999797 
1.1325 0.999808 
1.14 0.999774 
1.1375 0.999786 
1.145 0.999748 
1.1425 0.999761 
1.15 0.999719 
1.1475 0.999734 
1.155 0.999687 
1.1525 0.999704 
1.16 0.999652 
1.1575 0.99967 
1.165 0.999612 
1.1625 0.999632 
1.17 0.999569 
1.1675 0.999591 
1.175 0.99952 
1.1725 0.999545 
1.18 0.999467 
1.1775 0.999494 
1.185 0.999408 
1.1825 0.999438 
1.19 0.999342 
1.1875 0.999376 
1.195 0.99927 
1.1925 0.999307 
1.2 0.99919 
1.1975 0.999231 
1.205 0.999101 
1.2025 0.999147 
1.21 0.999003 
1.2075 0.999054 
1.215 0.998895 
1.2125 0.998951 
1.22 0.998776 
1.2175 0.998837 
1.225 0.998644 
1.2225 0.998712 
1.23 0.998498 
1.2275 0.998573 
1.235 0.998338 
1.2325 0.99842 
1.24 0.99816 
1.2375 0.998251 
1.245 0.997965 
1.2425 0.998065 
1.25 0.997749 
1.2475 0.99786 
1.255 0.997511 
1.2525 0.997633 
1.26 0.997249 
1.2575 0.997383 
1.265 0.99696 
1.2625 0.997108 
1.27 0.996641 
1.2675 0.996804 
1.275 0.99629 
1.2725 0.99647 
1.28 0.995904 
1.2775 0.996102 
1.285 0.995478 
1.2825 0.995696 
1.29 0.995009 
1.2875 0.995249 
1.295 0.994493 
1.2925 0.994757 
1.3 0.993925 
1.2975 0.994216 
1.305 0.9933 
1.3025 0.99362 
1.31 0.992612 
1.3075 0.992964 
1.315 0.991856 
1.3125 0.992243 
1.32 0.991024 
1.3175 0.99145 
1.325 0.99011 
1.3225 0.990578 
1.33 0.989105 
1.3275 0.98962 
1.335 0.988001 
1.3325 0.988566 
1.34 0.986788 
1.3375 0.987409 
1.345 0.985456 
1.3425 0.986138 
1.35 0.983994 
1.3475 0.984742 
1.355 0.982389 
1.3525 0.98321 
1.36 0.980628 
1.3575 0.981529 
1.365 0.978698 
1.3625 0.979685 
1.37 0.976582 
1.3675 0.977664 
1.375 0.974263 
1.3725 0.975449 
1.38 0.971725 
1.3775 0.973023 
1.385 0.968946 
1.3825 0.970367 
1.39 0.965908 
1.3875 0.967461 
1.395 0.962586 
1.3925 0.964284 
1.4 0.958959 
1.3975 0.960813 
1.405 0.955001 
1.4025 0.957023 
1.41 0.950684 
1.4075 0.952889 
1.415 0.945983 
1.4125 0.948383 
1.42 0.940866 
1.4175 0.943478 
1.425 0.935305 
1.4225 0.938143 
1.43 0.929268 
1.4275 0.932348 
1.435 0.922723 
1.4325 0.926061 
1.44 0.915637 
1.4375 0.919249 
1.445 0.907979 
1.4425 0.911882 
1.45 0.899716 
1.4475 0.903925 
1.455 0.890816 
1.4525 0.895347 
1.46 0.881252 
1.4575 0.886119 
1.465 0.870994 
1.4625 0.876211 
1.47 0.860018 
1.4675 0.865597 
1.475 0.848303 
1.4725 0.854254 
1.48 0.835834 
1.4775 0.842164 
1.485 0.822599 
1.4825 0.829313 
1.49 0.808595 
1.4875 0.815693 
1.495 0.793825 
1.4925 0.801305 
1.5 0.7783 
1.4975 0.786156 
1.505 0.762042 
1.5025 0.770261 
1.51 0.745081 
1.5075 0.753647 
1.515 0.727458 
1.5125 0.736349 
1.52 0.709225 
1.5175 0.718414 
1.525 0.690444 
1.5225 0.699899 
1.53 0.671186 
1.5275 0.68087 
1.535 0.651536 
1.5325 0.661405 
1.54 0.631583 
1.5375 0.641591 
1.545 0.611427 
1.5425 0.621524 
1.55 0.591174 
1.5475 0.601306 
1.555 0.570934 
1.5525 0.581045 
1.56 0.550822 
1.5575 0.560855 
1.565 0.530952 
1.5625 0.54085 
1.57 0.511441 
1.5675 0.521145 
1.575 0.492402 
1.5725 0.501856 
1.58 0.473945 
1.5775 0.483094 
1.585 0.456175 
1.5825 0.464968 
1.59 0.439191 
1.5875 0.447579 
1.595 0.423086 
1.5925 0.431023 
1.6 0.407945 
1.5975 0.41539 
1.605 0.393845 
1.6025 0.40076 
1.61 0.380855 
1.6075 0.387207 
1.615 0.369036 
1.6125 0.374795 
1.62 0.358441 
1.6175 0.363582 
1.625 0.349115 
1.6225 0.353617 
1.63 0.341096 
1.6275 0.34494 
1.635 0.334414 
1.6325 0.337587 
1.64 0.329092 
1.6375 0.331582 
1.645 0.325144 
1.6425 0.326945 
1.65 0.322581 
1.6475 0.323689 
1.655 0.321403 
1.6525 0.321819 
1.66 0.321607 
1.6575 0.321333 
1.665 0.323182 
1.6625 0.322224 
1.67 0.326111 
1.6675 0.324479 
1.675 0.330372 
1.6725 0.328077 
1.68 0.335938 
1.6775 0.332994 
1.685 0.342775 
1.6825 0.3392 
1.69 0.350848 
1.6875 0.34666 
1.695 0.360115 
1.6925 0.355335 
1.7 0.370531 
1.6975 0.365183 
1.705 0.382047 
1.7025 0.376155 
1.71 0.394609 
1.7075 0.388201 
1.715 0.408161 
1.7125 0.401265 
1.72 0.422641 
1.7175 0.415289 
1.725 0.437983 
1.7225 0.430209 
1.73 0.454118 
1.7275 0.445956 
1.735 0.470971 
1.7325 0.46246 
1.74 0.488463 
1.7375 0.479642 
1.745 0.50651 
1.7425 0.497423 
1.75 0.525026 
1.7475 0.515715 
1.755 0.54392 
1.7525 0.534432 
1.76 0.563097 
1.7575 0.553479 
1.765 0.582463 
1.7625 0.572763 
1.77 0.601922 
1.7675 0.592187 
1.775 0.621376 
1.7725 0.611655 
1.78 0.640733 
1.7775 0.631073 
1.785 0.6599 
1.7825 0.650346 
1.79 0.678791 
1.7875 0.669385 
1.795 0.697324 
1.7925 0.688107 
1.8 0.715424 
1.7975 0.706432 
1.805 0.733023 
1.8025 0.72429 
1.81 0.750063 
1.8075 0.741617 
1.815 0.766494 
1.8125 0.758358 
1.82 0.782273 
1.8175 0.774467 
1.825 0.797369 
1.8225 0.789908 
1.83 0.811758 
1.8275 0.804653 
1.835 0.825425 
1.8325 0.818683 
1.84 0.838364 
1.8375 0.831986 
1.845 0.850574 
1.8425 0.84456 
1.85 0.862061 
1.8475 0.856407 
1.855 0.872839 
1.8525 0.867538 
1.86 0.882924 
1.8575 0.877967 
1.865 0.892338 
1.8625 0.887713 
1.87 0.901104 
1.8675 0.8968 
1.875 0.90925 
1.8725 0.905253 
1.88 0.916805 
1.8775 0.9131 
1.885 0.923798 
1.8825 0.92037 
1.89 0.930261 
1.8875 0.927094 
1.895 0.936223 
1.8925 0.933302 
1.9 0.941716 
1.8975 0.939026 
1.905 0.946769 
1.9025 0.944295 
1.91 0.951413 
1.9075 0.949141 
1.915 0.955675 
1.9125 0.95359 
1.92 0.959583 
1.9175 0.957672 
1.925 0.963163 
1.9225 0.961413 
1.93 0.96644 
1.9275 0.964838 
1.935 0.969436 
1.9325 0.967971 
1.94 0.972174 
1.9375 0.970836 
1.945 0.974675 
1.9425 0.973453 
1.95 0.976957 
1.9475 0.975842 
1.955 0.979039 
1.9525 0.978022 
1.96 0.980937 
1.9575 0.98001 
1.965 0.982667 
1.9625 0.981822 
1.97 0.984243 
1.9675 0.983473 
1.975 0.985677 
1.9725 0.984977 
1.98 0.986984 
1.9775 0.986346 
1.985 0.988173 
1.9825 0.987592 
1.99 0.989254 
1.9875 0.988726 
1.995 0.990238 
1.9925 0.989758 
2 0.991132 
1.9975 0.990696 
2.005 0.991946 
2.0025 0.991549 
2.01 0.992685 
2.0075 0.992324 
2.015 0.993357 
2.0125 0.993029 
2.02 0.993967 
2.0175 0.993669 
2.025 0.994522 
2.0225 0.994251 
2.03 0.995026 
2.0275 0.99478 
2.035 0.995484 
2.0325 0.99526 
2.04 0.995899 
2.0375 0.995696 
2.045 0.996277 
2.0425 0.996093 
2.05 0.99662 
2.0475 0.996452 
2.055 0.996931 
2.0525 0.996779 
2.06 0.997213 
2.0575 0.997076 
2.065 0.99747 
2.0625 0.997345 
2.07 0.997703 
2.0675 0.997589 
2.075 0.997914 
2.0725 0.997811 
2.08 0.998106 
2.0775 0.998012 
2.085 0.998279 
2.0825 0.998195 
2.09 0.998437 
2.0875 0.99836 
2.095 0.99858 
2.0925 0.99851 
2.1 0.99871 
2.0975 0.998646 
2.105 0.998827 
2.1025 0.99877 
2.11 0.998933 
2.1075 0.998882 
2.115 0.99903 
2.1125 0.998983 
2.12 0.999117 
2.1175 0.999074 
2.125 0.999196 
2.1225 0.999157 
2.13 0.999267 
2.1275 0.999232 
2.135 0.999331 
2.1325 0.9993 
2.14 0.999389 
2.1375 0.999361 
2.145 0.999441 
2.1425 0.999416 
2.15 0.999488 
2.1475 0.999465 
2.155 0.99953 
2.1525 0.999509 
2.16 0.999567 
2.1575 0.999549 
2.165 0.9996 
2.1625 0.999584 
2.17 0.99963 
2.1675 0.999616 
2.175 0.999656 
2.1725 0.999643 
2.18 0.999679 
2.1775 0.999668 
2.185 0.999698 
2.1825 0.999689 
2.19 0.999715 
2.1875 0.999707 
2.195 0.99973 
2.1925 0.999723 
2.2 0.999741 
2.1975 0.999736 
2.205 0.999751 
2.2025 0.999746 
2.21 0.999758 
2.2075 0.999755 
2.215 0.999763 
2.2125 0.999761 
2.22 0.999766 
2.2175 0.999765 
2.225 0.999767 
2.2225 0.999767 
2.23 0.999766 
2.2275 0.999767 
2.235 0.999763 
2.2325 0.999765 
2.24 0.999758 
2.2375 0.999761 
2.245 0.999752 
2.2425 0.999755 
2.25 0.999744 
2.2475 0.999748 
2.255 0.999733 
2.2525 0.999739 
2.26 0.999721 
2.2575 0.999728 
2.265 0.999708 
2.2625 0.999715 
2.27 0.999692 
2.2675 0.9997 
2.275 0.999674 
2.2725 0.999683 
2.28 0.999655 
2.2775 0.999665 
2.285 0.999634 
2.2825 0.999645 
2.29 0.99961 
2.2875 0.999622 
2.295 0.999585 
2.2925 0.999598 
2.3 0.999557 
2.2975 0.999571 
2.305 0.999528 
2.3025 0.999543 
2.31 0.999496 
2.3075 0.999512 
2.315 0.999461 
2.3125 0.999479 
2.32 0.999425 
2.3175 0.999443 
2.325 0.999385 
2.3225 0.999405 
2.33 0.999344 
2.3275 0.999365 
2.335 0.999299 
2.3325 0.999322 
2.34 0.999252 
2.3375 0.999276 
2.345 0.999202 
2.3425 0.999227 
2.35 0.999149 
2.3475 0.999176 
2.355 0.999093 
2.3525 0.999121 
2.36 0.999033 
2.3575 0.999063 
2.365 0.99897 
2.3625 0.999002 
2.37 0.998904 
2.3675 0.998937 
2.375 0.998834 
2.3725 0.998869 
2.38 0.998759 
2.3775 0.998797 
2.385 0.998681 
2.3825 0.998721 
2.39 0.998599 
2.3875 0.998641 
2.395 0.998512 
2.3925 0.998556 
2.4 0.998421 
2.3975 0.998467 
2.405 0.998324 
2.4025 0.998373 
2.41 0.998222 
2.4075 0.998274 
2.415 0.998115 
2.4125 0.998169 
2.42 0.998002 
2.4175 0.998059 
2.425 0.997883 
2.4225 0.997943 
2.43 0.997757 
2.4275 0.997821 
2.435 0.997625 
2.4325 0.997692 
2.44 0.997485 
2.4375 0.997556 
2.445 0.997338 
2.4425 0.997412 
2.45 0.997182 
2.4475 0.997261 
2.455 0.997017 
2.4525 0.997101 
2.46 0.996843 
2.4575 0.996931 
2.465 0.996659 
2.4625 0.996752 
2.47 0.996464 
2.4675 0.996563 
2.475 0.996257 
2.4725 0.996362 
2.48 0.996039 
2.4775 0.99615 
2.485 0.995806 
2.4825 0.995924 
2.49 0.99556 
2.4875 0.995685 
2.495 0.995298 
2.4925 0.995431 
2.5 0.99502 
2.4975 0.995161 
2.505 0.994723 
2.5025 0.994874 
2.51 0.994408 
2.5075 0.994568 
2.515 0.994071 
2.5125 0.994242 
2.52 0.993713 
2.5175 0.993895 
2.525 0.99333 
2.5225 0.993524 
2.53 0.99292 
2.5275 0.993128 
2.535 0.992483 
2.5325 0.992705 
2.54 0.992015 
2.5375 0.992253 
2.545 0.991513 
2.5425 0.991768 
2.55 0.990976 
2.5475 0.991249 
2.555 0.9904 
2.5525 0.990693 
2.56 0.989782 
2.5575 0.990097 
2.565 0.989119 
2.5625 0.989456 
2.57 0.988406 
2.5675 0.988769 
2.575 0.98764 
2.5725 0.98803 
2.58 0.986817 
2.5775 0.987236 
2.585 0.985931 
2.5825 0.986382 
2.59 0.984978 
2.5875 0.985464 
2.595 0.983952 
2.5925 0.984475 
2.6 0.982848 
2.5975 0.98341 
2.605 0.981658 
2.6025 0.982264 
2.61 0.980376 
2.6075 0.981029 
2.615 0.978994 
2.6125 0.979698 
2.62 0.977505 
2.6175 0.978264 
2.625 0.9759 
2.6225 0.976718 
2.63 0.97417 
2.6275 0.975051 
2.635 0.972305 
2.6325 0.973255 
2.64 0.970294 
2.6375 0.971318 
2.645 0.968127 
2.6425 0.969231 
2.65 0.96579 
2.6475 0.96698 
2.655 0.963272 
2.6525 0.964555 
2.66 0.960559 
2.6575 0.961941 
2.665 0.957636 
2.6625 0.959124 
2.67 0.954488 
2.6675 0.956091 
2.675 0.951098 
2.6725 0.952824 
2.68 0.94745 
2.6775 0.949307 
2.685 0.943525 
2.6825 0.945523 
2.69 0.939305 
2.6875 0.941453 
2.695 0.934769 
2.6925 0.937078 
2.7 0.929898 
2.6975 0.932377 
2.705 0.924668 
2.7025 0.927329 
2.71 0.919058 
2.7075 0.921912 
2.715 0.913046 
2.7125 0.916104 
2.72 0.906607 
2.7175 0.909881 
2.725 0.899717 
2.7225 0.90322 
2.73 0.892353 
2.7275 0.896096 
2.735 0.884489 
2.7325 0.888485 
2.74 0.876102 
2.7375 0.880362 
2.745 0.867167 
2.7425 0.871704 
2.75 0.857661 
2.7475 0.862487 
2.755 0.847562 
2.7525 0.852687 
2.76 0.836849 
2.7575 0.842284 
2.765 0.825501 
2.7625 0.831255 
2.77 0.813502 
2.7675 0.819584 
2.775 0.800837 
2.7725 0.807254 
2.78 0.787493 
2.7775 0.79425 
2.785 0.773461 
2.7825 0.780563 
2.79 0.758738 
2.7875 0.766186 
2.795 0.743323 
2.7925 0.751117 
2.8 0.72722 
2.7975 0.735357 
2.805 0.710438 
2.8025 0.718913 
2.81 0.692995 
2.8075 0.701798 
2.815 0.674911 
2.8125 0.684031 
2.82 0.656214 
2.8175 0.665637 
2.825 0.636938 
2.8225 0.646646 
2.83 0.617126 
2.8275 0.627097 
2.835 0.596825 
2.8325 0.607033 
2.84 0.576088 
2.8375 0.586507 
2.845 0.554977 
2.8425 0.565575 
2.85 0.533557 
2.8475 0.544301 
2.855 0.5119 
2.8525 0.522754 
2.86 0.490079 
2.8575 0.501005 
2.865 0.468175 
2.8625 0.479133 
2.87 0.446266 
2.8675 0.457216 
2.875 0.424435 
2.8725 0.435336 
2.88 0.402763 
2.8775 0.413574 
2.885 0.381329 
2.8825 0.392011 
2.89 0.360211 
2.8875 0.370726 
2.895 0.339483 
2.8925 0.349794 
2.9 0.319212 
2.8975 0.329286 
2.905 0.299462 
2.9025 0.309268 
2.91 0.280289 
2.9075 0.2898 
2.915 0.261743 
2.9125 0.270935 
2.92 0.243865 
2.9175 0.252718 
2.925 0.22669 
2.9225 0.235187 
2.93 0.210244 
2.9275 0.218374 
2.935 0.194548 
2.9325 0.202302 
2.94 0.179613 
2.9375 0.186985 
2.945 0.165445 
2.9425 0.172433 
2.95 0.152044 
2.9475 0.158649 
2.955 0.139404 
2.9525 0.145629 
2.96 0.127513 
2.9575 0.133366 
2.965 0.116357 
2.9625 0.121844 
2.97 0.105918 
2.9675 0.111049 
2.975 0.0961733 
2.9725 0.10096 
2.98 0.0871001 
2.9775 0.0915543 
2.985 0.078673 
2.9825 0.0828074 
2.99 0.0708655 
2.9875 0.0746935 
2.995 0.0636506 
2.9925 0.0671857 
3 0.0570008 
2.9975 0.0602568 
3.005 0.0508886 
3.0025 0.0538792 
3.01 0.0452867 
3.0075 0.0480255 
3.015 0.0401682 
3.0125 0.0426687 
3.02 0.0355067 
3.0175 0.037782 
3.025 0.0312761 
3.0225 0.0333392 
3.03 0.0274508 
3.0275 0.0293144 
3.035 0.0240057 
3.0325 0.0256823 
3.04 0.0209159 
3.0375 0.0224179 
3.045 0.0181569 
3.0425 0.0194966 
3.05 0.0157046 
3.0475 0.0168939 
3.055 0.0135349 
3.0525 0.0145859 
3.06 0.0116244 
3.0575 0.0125487 
3.065 0.0099501 
3.0625 0.0107591 
3.07 0.00848964 
3.0675 0.0091945 
3.075 0.00722151 
3.0725 0.00783284 
3.08 0.00612523 
3.0775 0.00665313 
3.085 0.00518145 
3.0825 0.00563543 
3.09 0.00437217 
3.0875 0.00476107 
3.095 0.00368076 
3.0925 0.00401271 
3.1 0.00309208 
3.0975 0.00337447 
3.105 0.00259242 
3.1025 0.00283192 
3.11 0.00216954 
3.1075 0.00237209 
3.115 0.00181259 
3.1125 0.00198345 
3.12 0.001512 
3.1175 0.0016558 
3.125 0.00125943 
3.1225 0.00138019 
3.13 0.00104762 
3.1275 0.00114884 
3.135 0.00087033 
3.1325 0.000955018 
3.14 0.00072217 
3.1375 0.000792912 
3.145 0.000598547 
3.1425 0.00065755 
3.15 0.000495545 
3.1475 0.000544689 
3.155 0.000409838 
3.1525 0.000450716 
3.16 0.000338611 
3.1575 0.000372572 
3.165 0.000279488 
3.1625 0.00030767 
3.17 0.000230466 
3.1675 0.000253826 
3.175 0.000189865 
3.1725 0.000209207 
3.18 0.000156271 
3.1775 0.00017227 
3.185 0.000128503 
3.1825 0.000141725 
3.19 0.000105574 
3.1875 0.000116489 
3.195 8.66584e-05 
3.1925 9.56605e-05 
3.2 7.10681e-05 
3.1975 7.84858e-05 
3.205 5.82306e-05 
3.2025 6.4337e-05 
3.21 4.76695e-05 
3.2075 5.26919e-05 
3.215 3.8989e-05 
3.2125 4.31161e-05 
3.22 3.18608e-05 
3.2175 3.52491e-05 
3.225 2.60125e-05 
3.2225 2.87917e-05 
3.23 2.12187e-05 
3.2275 2.34963e-05 
3.235 1.72928e-05 
3.2325 1.91576e-05 
3.24 1.40805e-05 
3.2375 1.56059e-05 
3.245 1.14545e-05 
3.2425 1.27012e-05 
3.25 9.30977e-06 
3.2475 1.03278e-05 
3.255 7.55969e-06 
3.2525 8.39017e-06 
3.26 6.13295e-06 
3.2575 6.80984e-06 
3.265 4.97089e-06 
3.2625 5.52207e-06 
3.27 4.02526e-06 
3.2675 4.47367e-06 
3.275 3.25648e-06 
3.2725 3.62095e-06 
3.28 2.63206e-06 
3.2775 2.92801e-06 
3.285 2.12537e-06 
3.2825 2.36546e-06 
3.29 1.71459e-06 
3.2875 1.90918e-06 
3.295 1.38189e-06 
3.2925 1.53946e-06 
3.3 1.11268e-06 
3.2975 1.24014e-06 
3.305 8.95053e-07 
3.3025 9.98069e-07 
3.31 7.19298e-07 
3.3075 8.02474e-07 
3.315 5.77495e-07 
3.3125 6.44586e-07 
3.32 4.63195e-07 
3.3175 5.17259e-07 
3.325 3.71155e-07 
3.3225 4.14679e-07 
3.33 2.97112e-07 
3.3275 3.32117e-07 
3.335 2.37606e-07 
3.3325 2.65731e-07 
3.34 1.8983e-07 
3.3375 2.12404e-07 
3.345 1.51509e-07 
3.3425 1.69611e-07 
3.35 1.20804e-07 
3.3475 1.35305e-07 
3.355 9.62254e-08 
3.3525 1.0783e-07 
3.36 7.65705e-08 
3.3575 8.58479e-08 
3.365 6.0869e-08 
3.3625 6.82784e-08 
3.37 4.83383e-08 
3.3675 5.42498e-08 
3.375 3.83484e-08 
3.3725 4.306e-08 
3.38 3.03921e-08 
3.3775 3.41436e-08 
3.385 2.4062e-08 
3.3825 2.70459e-08 
3.39 1.90309e-08 
3.3875 2.14018e-08 
3.395 1.50363e-08 
3.3925 1.69182e-08 
3.4 1.1868e-08 
3.3975 1.33602e-08 
3.405 9.35759e-09 
3.4025 1.05396e-08 
3.41 7.37061e-09 
3.4075 8.30595e-09 
3.415 5.79953e-09 
3.4125 6.53888e-09 
3.42 4.5586e-09 
3.4175 5.14242e-09 
3.425 3.57947e-09 
3.4225 4.04e-09 
3.43 2.80772e-09 
3.4275 3.17061e-09 
3.435 2.20006e-09 
3.4325 2.48571e-09 
3.44 1.72211e-09 
3.4375 1.94672e-09 
3.445 1.34658e-09 
3.4425 1.52301e-09 
3.45 1.05184e-09 
3.4475 1.19028e-09 
3.455 8.20744e-10 
3.4525 9.29255e-10 
3.46 6.39748e-10 
3.4575 7.24711e-10 
3.465 4.98141e-10 
3.4625 5.64595e-10 
3.47 3.87469e-10 
3.4675 4.39391e-10 
3.475 3.01066e-10 
3.4725 3.41591e-10 
3.48 2.33683e-10 
3.4775 2.65278e-10 
3.485 1.81188e-10 
3.4825 2.05795e-10 
3.49 1.40337e-10 
3.4875 1.59481e-10 
3.495 1.08581e-10 
3.4925 1.23458e-10 
3.5 8.39215e-11 
3.4975 9.54708e-11 
3.505 6.47932e-11 
3.5025 7.37493e-11 
3.51 4.99715e-11 
3.5075 5.69092e-11 
3.515 3.84992e-11 
3.5125 4.38676e-11 
3.52 2.9629e-11 
3.5175 3.37786e-11 
3.525 2.27781e-11 
3.5225 2.59821e-11 
3.53 1.74926e-11 
3.5275 1.99638e-11 
3.535 1.34192e-11 
3.5325 1.53231e-11 
3.54 1.02833e-11 
3.5375 1.17486e-11 
3.545 7.87181e-12 
3.5425 8.99831e-12 
3.55 6.01936e-12 
3.5475 6.88446e-12 
3.555 4.59791e-12 
3.5525 5.26154e-12 
3.56 3.50836e-12 
3.5575 4.01689e-12 
3.565 2.67413e-12 
3.5625 3.06338e-12 
3.57 2.03608e-12 
3.5675 2.33371e-12 
3.575 1.54861e-12 
3.5725 1.77593e-12 
3.58 1.17658e-12 
3.5775 1.35001e-12 
3.585 8.92968e-13 
3.5825 1.02515e-12 
3.59 6.76993e-13 
3.5875 7.77619e-13 
3.595 5.12704e-13 
3.5925 5.89226e-13 
3.6 3.87867e-13 
3.5975 4.45997e-13 
3.605 2.93113e-13 
3.6025 3.37222e-13 
3.61 2.21269e-13 
3.6075 2.54703e-13 
3.615 1.66856e-13 
3.6125 1.92171e-13 
3.62 1.2569e-13 
3.6175 1.44836e-13 
3.625 9.45785e-14 
3.6225 1.09044e-13 
3.63 7.10921e-14 
3.6275 8.20094e-14 
3.635 5.33811e-14 
3.6325 6.16114e-14 
3.64 4.00398e-14 
3.6375 4.62377e-14 
3.645 3.00009e-14 
3.6425 3.46632e-14 
3.65 2.24551e-14 
3.6475 2.59586e-14 
3.655 1.67895e-14 
3.6525 1.94192e-14 
3.66 1.25401e-14 
3.6575 1.45119e-14 
3.665 9.35632e-15 
3.6625 1.08332e-14 
3.67 6.97355e-15 
3.6675 8.07857e-15 
3.675 5.19215e-15 
3.6725 6.01805e-15 
3.68 3.86178e-15 
3.6775 4.47839e-15 
3.685 2.8693e-15 
3.6825 3.32917e-15 
3.69 2.12968e-15 
3.6875 2.47229e-15 
3.695 1.57908e-15 
3.6925 1.83406e-15 
3.7 1.16964e-15 
3.6975 1.3592e-15 
3.705 8.65475e-16 
3.7025 1.00625e-15 
3.71 6.39763e-16 
3.7075 7.442e-16 
3.715 4.7244e-16 
3.7125 5.49839e-16 
3.72 3.48532e-16 
3.7175 4.05832e-16 
3.725 2.56868e-16 
3.7225 2.99246e-16 
3.73 1.89127e-16 
3.7275 2.20436e-16 
3.735 1.39117e-16 
3.7325 1.62225e-16 
3.74 1.02233e-16 
3.7375 1.19271e-16 
3.745 7.50583e-17 
3.7425 8.7608e-17 
3.75 5.50562e-17 
3.7475 6.42909e-17 
3.755 4.0348e-17 
3.7525 4.71368e-17 
3.76 2.95431e-17 
3.7575 3.4529e-17 
3.765 2.16131e-17 
3.7625 2.52715e-17 
3.77 1.57986e-17 
3.7675 1.84803e-17 
3.775 1.1539e-17 
3.7725 1.35031e-17 
3.78 8.42141e-18 
3.7775 9.8586e-18 
3.785 6.14159e-18 
3.7825 7.19233e-18 
3.79 4.47584e-18 
3.7875 5.24339e-18 
3.795 3.25976e-18 
3.7925 3.81999e-18 
3.8 2.37265e-18 
3.7975 2.78124e-18 
3.805 1.72601e-18 
3.8025 2.02379e-18 
3.81 1.255e-18 
3.8075 1.47186e-18 
3.815 9.12135e-19 
3.8125 1.06996e-18 
3.82 6.62714e-19 
3.8175 7.77512e-19 
3.825 4.81371e-19 
3.8225 5.64823e-19 
3.83 3.49591e-19 
3.8275 4.10227e-19 
3.835 2.5387e-19 
3.8325 2.97909e-19 
3.84 1.84366e-19 
3.8375 2.16341e-19 
3.845 1.33913e-19 
3.8425 1.57122e-19 
3.85 9.72965e-20 
3.8475 1.1414e-19 
3.855 7.07234e-20 
3.8525 8.29468e-20 
3.86 5.14389e-20 
3.8575 6.03098e-20 
3.865 3.74416e-20 
3.8625 4.38807e-20 
3.87 2.72791e-20 
3.8675 3.19546e-20 
3.875 1.98977e-20 
3.8725 2.32941e-20 
3.88 1.45331e-20 
3.8775 1.70019e-20 
3.885 1.06313e-20 
3.8825 1.24274e-20 
3.89 7.7908e-21 
3.8875 9.09871e-21 
3.895 5.72058e-21 
3.8925 6.67414e-21 
3.9 4.20975e-21 
3.8975 4.90592e-21 
3.905 3.10543e-21 
3.9025 3.61451e-21 
3.91 2.29684e-21 
3.9075 2.66978e-21 
3.915 1.70359e-21 
3.9125 1.97736e-21 
3.92 1.26737e-21 
3.9175 1.4688e-21 
3.925 9.45837e-22 
3.9225 1.09441e-21 
3.93 7.08209e-22 
3.9275 8.18096e-22 
3.935 5.32089e-22 
3.9325 6.13598e-22 
3.94 4.0116e-22 
3.9375 4.61805e-22 
3.945 3.03514e-22 
3.9425 3.48783e-22 
3.95 2.30447e-22 
3.9475 2.64352e-22 
3.955 1.75582e-22 
3.9525 2.01064e-22 
3.96 1.34239e-22 
3.9575 1.5346e-22 
3.965 1.02975e-22 
3.9625 1.17524e-22 
3.97 7.92469e-23 
3.9675 9.02993e-23 
3.975 6.11744e-23 
3.9725 6.96004e-23 
3.98 4.73613e-23 
3.9775 5.38073e-23 
3.985 3.67676e-23 
3.9825 4.17157e-23 
3.99 2.86164e-23 
3.9875 3.2427e-23 
3.995 2.23248e-23 
3.9925 2.52684e-23 
4 1.74541e-23 
3.9975 1.97346e-23 
4.005 1.36728e-23 
4.0025 1.54446e-23 
4.01 1.07297e-23 
4.0075 1.21096e-23 
4.015 8.43346e-24 
4.0125 9.51076e-24 
4.02 6.63794e-24 
4.0175 7.48078e-24 
4.025 5.23116e-24 
4.0225 5.89186e-24 
4.03 4.12697e-24 
4.0275 4.64579e-24 
4.035 3.25887e-24 
4.0325 3.66693e-24 
4.04 2.57542e-24 
4.0375 2.89679e-24 
4.045 2.03665e-24 
4.0425 2.29007e-24 
4.05 1.61148e-24 
4.0475 1.81152e-24 
4.055 1.27563e-24 
4.0525 1.43368e-24 
4.06 1.01012e-24 
4.0575 1.1351e-24 
4.065 8.00084e-25 
4.0625 8.98965e-25 
4.07 6.33831e-25 
4.0675 7.12109e-25 
4.075 5.02177e-25 
4.0725 5.64171e-25 
4.08 3.97884e-25 
4.0775 4.46998e-25 
4.085 3.15244e-25 
4.0825 3.54163e-25 
4.09 2.49749e-25 
4.0875 2.80595e-25 
4.095 1.97836e-25 
4.0925 2.22286e-25 
4.1 1.56687e-25 
4.0975 1.76068e-25 
4.105 1.24071e-25 
4.1025 1.39433e-25 
4.11 9.82202e-26 
4.1075 1.10395e-25 
4.115 7.77334e-26 
4.1125 8.73816e-26 
4.12 6.15005e-26 
4.1175 6.9145e-26 
4.125 4.86409e-26 
4.1225 5.46964e-26 
4.13 3.8456e-26 
4.1275 4.32517e-26 
4.135 3.03918e-26 
4.1325 3.41887e-26 
4.14 2.40087e-26 
4.1375 2.70138e-26 
4.145 1.89579e-26 
4.1425 2.13355e-26 
4.15 1.49629e-26 
4.1475 1.68433e-26 
4.155 1.18041e-26 
4.1525 1.32907e-26 
4.16 9.30753e-27 
4.1575 1.04824e-26 
4.165 7.33526e-27 
4.1625 8.26328e-27 
4.17 5.77787e-27 
4.1675 6.51058e-27 
4.175 4.54868e-27 
4.1725 5.12691e-27 
4.18 3.57899e-27 
4.1775 4.03509e-27 
4.185 2.81442e-27 
4.1825 3.17399e-27 
4.19 2.21189e-27 
4.1875 2.49521e-27 
4.195 1.73731e-27 
4.1925 1.96044e-27 
4.2 1.36373e-27 
4.1975 1.53935e-27 
4.205 1.06982e-27 
4.2025 1.20796e-27 
4.21 8.38716e-28 
4.2075 9.47319e-28 
4.215 6.57114e-28 
4.2125 7.42442e-28 
4.22 5.14495e-28 
4.2175 5.81495e-28 
4.225 4.02561e-28 
4.2225 4.55137e-28 
4.23 3.14767e-28 
4.2275 3.55997e-28 
4.235 2.4595e-28 
4.2325 2.78263e-28 
4.24 1.92045e-28 
4.2375 2.17351e-28 
4.245 1.49848e-28 
4.2425 1.69654e-28 
4.25 1.16839e-28 
4.2475 1.3233e-28 
4.255 9.10351e-29 
4.2525 1.03142e-28 
4.26 7.08779e-29 
4.2575 8.0334e-29 
4.265 5.5143e-29 
4.2625 6.25231e-29 
4.27 4.28689e-29 
4.2675 4.86246e-29 
4.275 3.33015e-29 
4.2725 3.77871e-29 
4.28 2.58494e-29 
4.2775 2.93426e-29 
4.285 2.00494e-29 
4.2825 2.27676e-29 
4.29 1.55385e-29 
4.2875 1.76521e-29 
4.295 1.2033e-29 
4.2925 1.36752e-29 
4.3 9.31089e-30 
4.2975 1.05858e-29 
4.305 7.19875e-30 
4.3025 8.1878e-30 
4.31 5.56121e-30 
4.3075 6.32786e-30 
4.315 4.29264e-30 
4.3125 4.88642e-30 
4.32 3.3107e-30 
4.3175 3.77022e-30 
4.325 2.55125e-30 
4.3225 2.90657e-30 
4.33 1.96436e-30 
4.3275 2.23888e-30 
4.335 1.51119e-30 
4.3325 1.72312e-30 
4.34 1.16158e-30 
4.3375 1.32504e-30 
4.345 8.92077e-31 
4.3425 1.01805e-30 
4.35 6.84513e-31 
4.3475 7.81516e-31 
4.355 5.24786e-31 
4.3525 5.99416e-31 
4.36 4.01978e-31 
4.3575 4.59345e-31 
4.365 3.07637e-31 
4.3625 3.51696e-31 
4.37 2.35228e-31 
4.3675 2.69037e-31 
4.375 1.79702e-31 
4.3725 2.05622e-31 
4.38 1.3716e-31 
4.3775 1.57014e-31 
4.385 1.04595e-31 
4.3825 1.19789e-31 
4.39 7.96891e-32 
4.3875 9.13067e-32 
4.395 6.06585e-32 
4.3925 6.95334e-32 
4.4 4.61304e-32 
4.3975 5.29039e-32 
4.405 3.50496e-32 
4.4025 4.02146e-32 
4.41 2.66058e-32 
4.4075 3.05407e-32 
4.415 2.01776e-32 
4.4125 2.31725e-32 
4.42 1.52882e-32 
4.4175 1.75655e-32 
4.425 1.15727e-32 
4.4225 1.33029e-32 
4.43 8.75201e-33 
4.4275 1.00652e-32 
4.435 6.61257e-33 
4.4325 7.60833e-33 
4.44 4.9914e-33 
4.4375 5.74575e-33 
4.445 3.7641e-33 
4.4425 4.33503e-33 
4.45 2.83587e-33 
4.4475 3.26757e-33 
4.455 2.1345e-33 
4.4525 2.46061e-33 
4.46 1.60506e-33 
4.4575 1.85116e-33 
4.465 1.20577e-33 
4.4625 1.39133e-33 
4.47 9.04945e-34 
4.4675 1.04471e-33 
4.475 6.78513e-34 
4.4725 7.83685e-34 
4.48 5.08245e-34 
4.4775 5.87309e-34 
4.485 3.80334e-34 
4.4825 4.39714e-34 
4.49 2.84337e-34 
4.4875 3.2889e-34 
4.495 2.12362e-34 
4.4925 2.45757e-34 
4.5 1.58451e-34 
4.4975 1.83458e-34 
4.505 1.18109e-34 
4.5025 1.36817e-34 
4.51 8.79524e-35 
4.5075 1.01934e-34 
4.515 6.54308e-35 
4.5125 7.58694e-35 
4.52 4.8628e-35 
4.5175 5.64139e-35 
4.525 3.61045e-35 
4.5225 4.1906e-35 
4.53 2.67796e-35 
4.5275 3.10982e-35 
4.535 1.98434e-35 
4.5325 2.30548e-35 
4.54 1.4689e-35 
4.5375 1.70748e-35 
4.545 1.08627e-35 
4.5425 1.26333e-35 
4.55 8.02506e-36 
4.5475 9.33782e-36 
4.555 5.92275e-36 
4.5525 6.89507e-36 
4.56 4.3668e-36 
4.5575 5.08623e-36 
4.565 3.21638e-36 
4.5625 3.74816e-36 
4.57 2.36665e-36 
4.5675 2.75932e-36 
4.575 1.73965e-36 
4.5725 2.02932e-36 
4.58 1.27748e-36 
4.5775 1.49094e-36 
4.585 9.37142e-37 
4.5825 1.09429e-36 
4.59 6.86782e-37 
4.5875 8.02352e-37 
4.595 5.02796e-37 
4.5925 5.87704e-37 
4.6 3.67727e-37 
4.5975 4.30043e-37 
4.605 2.6867e-37 
4.6025 3.14358e-37 
4.61 1.96097e-37 
4.6075 2.29561e-37 
4.615 1.42982e-37 
4.6125 1.67467e-37 
4.62 1.04148e-37 
4.6175 1.22045e-37 
4.625 7.57838e-38 
4.6225 8.88518e-38 
4.63 5.50884e-38 
4.6275 6.46206e-38 
4.635 4.00038e-38 
4.6325 4.69498e-38 
4.64 2.90201e-38 
4.6375 3.40764e-38 
4.645 2.10307e-38 
4.6425 2.47075e-38 
4.65 1.52252e-38 
4.6475 1.78962e-38 
4.655 1.10111e-38 
4.6525 1.29494e-38 
4.66 7.95521e-39 
4.6575 9.36039e-39 
4.665 5.74155e-39 
4.6625 6.75917e-39 
4.67 4.13963e-39 
4.6675 4.87583e-39 
4.675 2.9816e-39 
4.6725 3.51365e-39 
4.68 2.14532e-39 
4.6775 2.52943e-39 
4.685 1.54201e-39 
4.6825 1.81904e-39 
4.69 1.10723e-39 
4.6875 1.30682e-39 
4.695 7.94226e-40 
4.6925 9.37874e-40 
4.7 5.6912e-40 
4.6975 6.72399e-40 
4.705 4.07396e-40 
4.7025 4.81574e-40 
4.71 2.91329e-40 
4.7075 3.44551e-40 
4.715 2.08116e-40 
4.7125 2.46262e-40 
4.72 1.48518e-40 
4.7175 1.75831e-40 
4.725 1.05878e-40 
4.7225 1.25414e-40 
4.73 7.54029e-41 
4.7275 8.93614e-41 
4.735 5.36442e-41 
4.7325 6.36075e-41 
4.74 3.8125e-41 
4.7375 4.52292e-41 
4.745 2.70677e-41 
4.7425 3.2128e-41 
4.75 1.91976e-41 
4.7475 2.27982e-41 
4.755 1.36017e-41 
4.7525 1.61612e-41 
4.76 9.62707e-42 
4.7575 1.14445e-41 
4.765 6.80688e-42 
4.7625 8.09606e-42 
4.77 4.8079e-42 
4.7675 5.72142e-42 
4.775 3.39246e-42 
4.7725 4.03913e-42 
4.78 2.39127e-42 
4.7775 2.84856e-42 
4.785 1.68382e-42 
4.7825 2.00685e-42 
4.79 1.18445e-42 
4.7875 1.4124e-42 
4.795 8.32317e-43 
4.7925 9.93012e-43 
4.8 5.84273e-43 
4.7975 6.97436e-43 
4.805 4.09728e-43 
4.8025 4.89337e-43 
4.81 2.87031e-43 
4.8075 3.42977e-43 
4.815 2.00871e-43 
4.8125 2.40146e-43 
4.82 1.40429e-43 
4.8175 1.67973e-43 
4.825 9.80737e-44 
4.8225 1.1737e-43 
4.83 6.84228e-44 
4.8275 8.19273e-44 
4.835 4.76874e-44 
4.8325 5.71287e-44 
4.84 3.32017e-44 
4.8375 3.97955e-44 
4.845 2.30925e-44 
4.8425 2.76928e-44 
4.85 1.60449e-44 
4.8475 1.92511e-44 
4.855 1.11367e-44 
4.8525 1.3369e-44 
4.86 7.72201e-45 
4.8575 9.27459e-45 
4.865 5.34884e-45 
4.8625 6.42757e-45 
4.87 3.70121e-45 
4.8675 4.44993e-45 
4.875 2.55848e-45 
4.8725 3.07762e-45 
4.88 1.76676e-45 
4.8775 2.12633e-45 
4.885 1.21878e-45 
4.8825 1.46758e-45 
4.89 8.39908e-46 
4.8875 1.01188e-45 
4.895 5.7822e-46 
4.8925 6.96969e-46 
4.9 3.97658e-46 
4.8975 4.79571e-46 
4.905 2.73202e-46 
4.9025 3.29646e-46 
4.91 1.87505e-46 
4.9075 2.2636e-46 
4.915 1.28558e-46 
4.9125 1.55277e-46 
4.92 8.80527e-47 
4.9175 1.06407e-46 
4.925 6.02482e-47 
4.9225 7.2844e-47 
4.93 4.11817e-47 
4.9275 4.98166e-47 
4.935 2.81207e-47 
4.9325 3.40342e-47 
4.94 1.9183e-47 
4.9375 2.32284e-47 
4.945 1.30733e-47 
4.9425 1.58379e-47 
4.95 8.90145e-48 
4.9475 1.07886e-47 
4.955 6.0562e-48 
4.9525 7.3428e-48 
4.96 4.11841e-48 
4.9575 4.99429e-48 
4.965 2.8011e-48 
4.9625 3.39616e-48 
4.97 1.90812e-48 
4.9675 2.31109e-48 
4.975 1.30582e-48 
4.9725 1.57711e-48 
4.98 9.03597e-49 
4.9775 1.08406e-48 
4.985 6.40655e-49 
4.9825 7.57609e-49 
4.99 4.77086e-49 
4.9875 5.48298e-49 
4.995 3.87974e-49 
4.9925 4.24302e-49 
5 3.59711e-49 
4.9975 3.66706e-49 
