0 8.4442e-06 
0.005 8.52646e-06 
0.0025 8.46474e-06 
0.01 8.77462e-06 
0.0075 8.62961e-06 
0.015 9.19289e-06 
0.0125 8.96212e-06 
0.02 9.78831e-06 
0.0175 9.4679e-06 
0.025 1.05709e-05 
0.0225 1.01555e-05 
0.03 1.15538e-05 
0.0275 1.10364e-05 
0.035 1.27535e-05 
0.0325 1.21254e-05 
0.04 1.419e-05 
0.0375 1.34408e-05 
0.045 1.5887e-05 
0.0425 1.50042e-05 
0.05 1.78726e-05 
0.0475 1.68418e-05 
0.055 2.01793e-05 
0.0525 1.89836e-05 
0.06 2.28448e-05 
0.0575 2.14647e-05 
0.065 2.59124e-05 
0.0625 2.43254e-05 
0.07 2.94313e-05 
0.0675 2.76121e-05 
0.075 3.3458e-05 
0.0725 3.13774e-05 
0.08 3.80564e-05 
0.0775 3.56814e-05 
0.085 4.32992e-05 
0.0825 4.05923e-05 
0.09 4.92685e-05 
0.0875 4.61874e-05 
0.095 5.60573e-05 
0.0925 5.25541e-05 
0.1 6.37705e-05 
0.0975 5.97912e-05 
0.105 7.25267e-05 
0.1025 6.80103e-05 
0.11 8.24593e-05 
0.1075 7.7337e-05 
0.115 9.37189e-05 
0.1125 8.79131e-05 
0.12 0.000106475 
0.1175 9.98984e-05 
0.125 0.000120918 
0.1225 0.000113473 
0.13 0.000137262 
0.1275 0.000128838 
0.135 0.000155749 
0.1325 0.000146222 
0.14 0.00017665 
0.1375 0.000165879 
0.145 0.000200269 
0.1425 0.000188099 
0.15 0.000226948 
0.1475 0.000213203 
0.155 0.000257071 
0.1525 0.000241553 
0.16 0.00029107 
0.1575 0.000273557 
0.165 0.000329428 
0.1625 0.000309671 
0.17 0.000372688 
0.1675 0.000350409 
0.175 0.00042146 
0.1725 0.000396344 
0.18 0.000476425 
0.1775 0.000448122 
0.185 0.000538349 
0.1825 0.000506466 
0.19 0.000608091 
0.1875 0.000572185 
0.195 0.000686612 
0.1925 0.00064619 
0.2 0.000774989 
0.1975 0.000729496 
0.205 0.000874429 
0.2025 0.000823245 
0.21 0.000986283 
0.2075 0.000928714 
0.215 0.00111206 
0.2125 0.00104733 
0.22 0.00125347 
0.2175 0.0011807 
0.225 0.00141239 
0.2225 0.00133061 
0.23 0.00159094 
0.2275 0.00149907 
0.235 0.00179151 
0.2325 0.00168831 
0.24 0.00201673 
0.2375 0.00190086 
0.245 0.00226959 
0.2425 0.00213951 
0.25 0.00255338 
0.2475 0.00240739 
0.255 0.00287182 
0.2525 0.00270802 
0.26 0.00322903 
0.2575 0.0030453 
0.265 0.00362965 
0.2625 0.00342361 
0.27 0.00407881 
0.2675 0.00384781 
0.275 0.00458227 
0.2725 0.00432337 
0.28 0.00514643 
0.2775 0.00485633 
0.285 0.00577845 
0.2825 0.00545348 
0.29 0.00648627 
0.2875 0.00612235 
0.295 0.00727875 
0.2925 0.00687133 
0.3 0.00816573 
0.2975 0.00770977 
0.305 0.00915817 
0.3025 0.00864804 
0.31 0.0102682 
0.3075 0.00969768 
0.315 0.0115093 
0.3125 0.0108715 
0.32 0.0128965 
0.3175 0.0121837 
0.325 0.0144462 
0.3225 0.0136499 
0.33 0.0161767 
0.3275 0.0152877 
0.335 0.0181083 
0.3325 0.017116 
0.34 0.020263 
0.3375 0.0191563 
0.345 0.0226654 
0.3425 0.0214316 
0.35 0.0253422 
0.3475 0.0239677 
0.355 0.0283227 
0.3525 0.0267925 
0.36 0.0316389 
0.3575 0.0299367 
0.365 0.0353257 
0.3625 0.0334337 
0.37 0.0394208 
0.3675 0.0373197 
0.375 0.0439649 
0.3725 0.0416341 
0.38 0.0490018 
0.3775 0.0464189 
0.385 0.0545784 
0.3825 0.0517196 
0.39 0.0607443 
0.3875 0.0575844 
0.395 0.0675521 
0.3925 0.0640646 
0.4 0.0750569 
0.3975 0.0712139 
0.405 0.0833155 
0.4025 0.0790883 
0.41 0.0923867 
0.4075 0.0877459 
0.415 0.10233 
0.4125 0.0972455 
0.42 0.113203 
0.4175 0.107646 
0.425 0.125066 
0.4225 0.119007 
0.43 0.137971 
0.4275 0.131385 
0.435 0.151972 
0.4325 0.144832 
0.44 0.167111 
0.4375 0.159397 
0.445 0.183427 
0.4425 0.17512 
0.45 0.200945 
0.4475 0.192034 
0.455 0.21968 
0.4525 0.21016 
0.46 0.239632 
0.4575 0.229504 
0.465 0.260786 
0.4625 0.250061 
0.47 0.283107 
0.4675 0.271803 
0.475 0.306541 
0.4725 0.294689 
0.48 0.331015 
0.4775 0.318653 
0.485 0.356435 
0.4825 0.343613 
0.49 0.382687 
0.4875 0.369464 
0.495 0.409639 
0.4925 0.396084 
0.5 0.437143 
0.4975 0.423332 
0.505 0.465038 
0.5025 0.451052 
0.51 0.493153 
0.5075 0.479079 
0.515 0.521311 
0.5125 0.507237 
0.52 0.549334 
0.5175 0.53535 
0.525 0.57705 
0.5225 0.563241 
0.53 0.604291 
0.5275 0.59074 
0.535 0.630902 
0.5325 0.617684 
0.54 0.656743 
0.5375 0.643927 
0.545 0.681691 
0.5425 0.669336 
0.55 0.705643 
0.5475 0.693798 
0.555 0.728515 
0.5525 0.717219 
0.56 0.750243 
0.5575 0.739525 
0.565 0.770785 
0.5625 0.760664 
0.57 0.790114 
0.5675 0.780602 
0.575 0.808225 
0.5725 0.799322 
0.58 0.825125 
0.5775 0.816825 
0.585 0.840833 
0.5825 0.833126 
0.59 0.855384 
0.5875 0.848251 
0.595 0.868818 
0.5925 0.862238 
0.6 0.881182 
0.5975 0.87513 
0.605 0.892531 
0.6025 0.88698 
0.61 0.90292 
0.6075 0.897842 
0.615 0.912409 
0.6125 0.907774 
0.62 0.921056 
0.6175 0.916834 
0.625 0.928921 
0.6225 0.925083 
0.63 0.936062 
0.6275 0.932579 
0.635 0.942534 
0.6325 0.939378 
0.64 0.948391 
0.6375 0.945536 
0.645 0.953684 
0.6425 0.951105 
0.65 0.958463 
0.6475 0.956135 
0.655 0.962771 
0.6525 0.960673 
0.66 0.966651 
0.6575 0.964762 
0.665 0.970143 
0.6625 0.968443 
0.67 0.973282 
0.6675 0.971755 
0.675 0.976103 
0.6725 0.97473 
0.68 0.978634 
0.6775 0.977403 
0.685 0.980906 
0.6825 0.979801 
0.69 0.982942 
0.6875 0.981952 
0.695 0.984767 
0.6925 0.98388 
0.7 0.986402 
0.6975 0.985607 
0.705 0.987865 
0.7025 0.987154 
0.71 0.989174 
0.7075 0.988538 
0.715 0.990346 
0.7125 0.989776 
0.72 0.991393 
0.7175 0.990884 
0.725 0.992329 
0.7225 0.991874 
0.73 0.993165 
0.7275 0.992759 
0.735 0.993912 
0.7325 0.993549 
0.74 0.994579 
0.7375 0.994255 
0.745 0.995174 
0.7425 0.994885 
0.75 0.995705 
0.7475 0.995447 
0.755 0.996179 
0.7525 0.995949 
0.76 0.996602 
0.7575 0.996396 
0.765 0.996978 
0.7625 0.996795 
0.77 0.997314 
0.7675 0.997151 
0.775 0.997613 
0.7725 0.997468 
0.78 0.99788 
0.7775 0.997751 
0.785 0.998117 
0.7825 0.998002 
0.79 0.998329 
0.7875 0.998226 
0.795 0.998517 
0.7925 0.998426 
0.8 0.998684 
0.7975 0.998603 
0.805 0.998833 
0.8025 0.998761 
0.81 0.998966 
0.8075 0.998901 
0.815 0.999083 
0.8125 0.999026 
0.82 0.999188 
0.8175 0.999137 
0.825 0.999281 
0.8225 0.999236 
0.83 0.999364 
0.8275 0.999324 
0.835 0.999437 
0.8325 0.999401 
0.84 0.999502 
0.8375 0.99947 
0.845 0.99956 
0.8425 0.999532 
0.85 0.999611 
0.8475 0.999586 
0.855 0.999656 
0.8525 0.999634 
0.86 0.999696 
0.8575 0.999677 
0.865 0.999732 
0.8625 0.999715 
0.87 0.999763 
0.8675 0.999748 
0.875 0.999791 
0.8725 0.999778 
0.88 0.999816 
0.8775 0.999804 
0.885 0.999838 
0.8825 0.999827 
0.89 0.999857 
0.8875 0.999848 
0.895 0.999874 
0.8925 0.999866 
0.9 0.999889 
0.8975 0.999882 
0.905 0.999902 
0.9025 0.999896 
0.91 0.999914 
0.9075 0.999908 
0.915 0.999924 
0.9125 0.999919 
0.92 0.999933 
0.9175 0.999929 
0.925 0.999941 
0.9225 0.999937 
0.93 0.999948 
0.9275 0.999945 
0.935 0.999954 
0.9325 0.999951 
0.94 0.999959 
0.9375 0.999957 
0.945 0.999964 
0.9425 0.999962 
0.95 0.999968 
0.9475 0.999966 
0.955 0.999971 
0.9525 0.999969 
0.96 0.999974 
0.9575 0.999972 
0.965 0.999976 
0.9625 0.999975 
0.97 0.999978 
0.9675 0.999977 
0.975 0.99998 
0.9725 0.999979 
0.98 0.999981 
0.9775 0.99998 
0.985 0.999982 
0.9825 0.999982 
0.99 0.999983 
0.9875 0.999982 
0.995 0.999983 
0.9925 0.999983 
1 0.999983 
0.9975 0.999983 
1.005 0.999983 
1.0025 0.999983 
1.01 0.999982 
1.0075 0.999982 
1.015 0.999981 
1.0125 0.999982 
1.02 0.99998 
1.0175 0.999981 
1.025 0.999979 
1.0225 0.99998 
1.03 0.999977 
1.0275 0.999978 
1.035 0.999975 
1.0325 0.999976 
1.04 0.999973 
1.0375 0.999974 
1.045 0.99997 
1.0425 0.999971 
1.05 0.999967 
1.0475 0.999968 
1.055 0.999963 
1.0525 0.999965 
1.06 0.999959 
1.0575 0.999961 
1.065 0.999954 
1.0625 0.999957 
1.07 0.999949 
1.0675 0.999952 
1.075 0.999943 
1.0725 0.999946 
1.08 0.999937 
1.0775 0.99994 
1.085 0.999929 
1.0825 0.999933 
1.09 0.999921 
1.0875 0.999925 
1.095 0.999912 
1.0925 0.999917 
1.1 0.999901 
1.0975 0.999907 
1.105 0.99989 
1.1025 0.999896 
1.11 0.999877 
1.1075 0.999884 
1.115 0.999863 
1.1125 0.99987 
1.12 0.999847 
1.1175 0.999855 
1.125 0.999829 
1.1225 0.999838 
1.13 0.999809 
1.1275 0.999819 
1.135 0.999787 
1.1325 0.999799 
1.14 0.999763 
1.1375 0.999775 
1.145 0.999736 
1.1425 0.99975 
1.15 0.999705 
1.1475 0.999721 
1.155 0.999672 
1.1525 0.999689 
1.16 0.999635 
1.1575 0.999654 
1.165 0.999593 
1.1625 0.999615 
1.17 0.999547 
1.1675 0.999571 
1.175 0.999497 
1.1725 0.999523 
1.18 0.99944 
1.1775 0.999469 
1.185 0.999377 
1.1825 0.99941 
1.19 0.999308 
1.1875 0.999344 
1.195 0.999231 
1.1925 0.99927 
1.2 0.999145 
1.1975 0.999189 
1.205 0.999051 
1.2025 0.999099 
1.21 0.998946 
1.2075 0.999 
1.215 0.99883 
1.2125 0.998889 
1.22 0.998701 
1.2175 0.998767 
1.225 0.998559 
1.2225 0.998632 
1.23 0.998401 
1.2275 0.998482 
1.235 0.998226 
1.2325 0.998316 
1.24 0.998032 
1.2375 0.998132 
1.245 0.997818 
1.2425 0.997928 
1.25 0.997581 
1.2475 0.997703 
1.255 0.997319 
1.2525 0.997453 
1.26 0.997028 
1.2575 0.997177 
1.265 0.996707 
1.2625 0.996872 
1.27 0.996352 
1.2675 0.996534 
1.275 0.995959 
1.2725 0.99616 
1.28 0.995524 
1.2775 0.995747 
1.285 0.995043 
1.2825 0.99529 
1.29 0.994512 
1.2875 0.994784 
1.295 0.993924 
1.2925 0.994225 
1.3 0.993275 
1.2975 0.993608 
1.305 0.992557 
1.3025 0.992925 
1.31 0.991763 
1.3075 0.99217 
1.315 0.990887 
1.3125 0.991336 
1.32 0.989918 
1.3175 0.990414 
1.325 0.988849 
1.3225 0.989397 
1.33 0.987667 
1.3275 0.988273 
1.335 0.986364 
1.3325 0.987032 
1.34 0.984924 
1.3375 0.985662 
1.345 0.983337 
1.3425 0.98415 
1.35 0.981585 
1.3475 0.982482 
1.355 0.979654 
1.3525 0.980643 
1.36 0.977525 
1.3575 0.978615 
1.365 0.97518 
1.3625 0.976381 
1.37 0.972598 
1.3675 0.97392 
1.375 0.969755 
1.3725 0.97121 
1.38 0.966628 
1.3775 0.968229 
1.385 0.963191 
1.3825 0.96495 
1.39 0.959415 
1.3875 0.961348 
1.395 0.955271 
1.3925 0.957391 
1.4 0.950726 
1.3975 0.953051 
1.405 0.945746 
1.4025 0.948293 
1.41 0.940296 
1.4075 0.943082 
1.415 0.934337 
1.4125 0.937382 
1.42 0.927832 
1.4175 0.931155 
1.425 0.920739 
1.4225 0.924361 
1.43 0.913017 
1.4275 0.916959 
1.435 0.904625 
1.4325 0.908907 
1.44 0.895521 
1.4375 0.900165 
1.445 0.885665 
1.4425 0.890689 
1.45 0.875016 
1.4475 0.880442 
1.455 0.86354 
1.4525 0.869384 
1.46 0.851201 
1.4575 0.85748 
1.465 0.837972 
1.4625 0.8447 
1.47 0.823831 
1.4675 0.831017 
1.475 0.808761 
1.4725 0.816413 
1.48 0.792756 
1.4775 0.800875 
1.485 0.775818 
1.4825 0.784403 
1.49 0.757961 
1.4875 0.767003 
1.495 0.739211 
1.4925 0.748696 
1.5 0.719607 
1.4975 0.729513 
1.505 0.6992 
1.5025 0.7095 
1.51 0.678056 
1.5075 0.688716 
1.515 0.656256 
1.5125 0.667233 
1.52 0.63389 
1.5175 0.645137 
1.525 0.611062 
1.5225 0.622527 
1.53 0.587889 
1.5275 0.599511 
1.535 0.564491 
1.5325 0.57621 
1.54 0.540999 
1.5375 0.552749 
1.545 0.517546 
1.5425 0.52926 
1.55 0.494267 
1.5475 0.505877 
1.555 0.471294 
1.5525 0.482734 
1.56 0.448758 
1.5575 0.459964 
1.565 0.426782 
1.5625 0.437693 
1.57 0.405482 
1.5675 0.416041 
1.575 0.384964 
1.5725 0.395119 
1.58 0.365324 
1.5775 0.375029 
1.585 0.346646 
1.5825 0.35586 
1.59 0.329004 
1.5875 0.337692 
1.595 0.312459 
1.5925 0.320591 
1.6 0.297062 
1.5975 0.304614 
1.605 0.282853 
1.6025 0.289807 
1.61 0.269865 
1.6075 0.276205 
1.615 0.25812 
1.6125 0.263836 
1.62 0.247636 
1.6175 0.25272 
1.625 0.238421 
1.6225 0.242869 
1.63 0.23048 
1.6275 0.234291 
1.635 0.223815 
1.6325 0.226988 
1.64 0.218421 
1.6375 0.220959 
1.645 0.214291 
1.6425 0.216198 
1.65 0.211414 
1.6475 0.212697 
1.655 0.209779 
1.6525 0.210443 
1.66 0.20937 
1.6575 0.209422 
1.665 0.210168 
1.6625 0.209619 
1.67 0.212155 
1.6675 0.211014 
1.675 0.215311 
1.6725 0.213588 
1.68 0.219612 
1.6775 0.217319 
1.685 0.225037 
1.6825 0.222186 
1.69 0.231562 
1.6875 0.228164 
1.695 0.239165 
1.6925 0.23523 
1.7 0.24782 
1.6975 0.243362 
1.705 0.257504 
1.7025 0.252535 
1.71 0.268193 
1.7075 0.262725 
1.715 0.279858 
1.7125 0.273905 
1.72 0.292474 
1.7175 0.286049 
1.725 0.306011 
1.7225 0.29913 
1.73 0.320436 
1.7275 0.313115 
1.735 0.335714 
1.7325 0.327971 
1.74 0.351805 
1.7375 0.343661 
1.745 0.368666 
1.7425 0.360142 
1.75 0.386248 
1.7475 0.37737 
1.755 0.404496 
1.7525 0.395292 
1.76 0.423352 
1.7575 0.413852 
1.765 0.442749 
1.7625 0.432987 
1.77 0.462619 
1.7675 0.45263 
1.775 0.482884 
1.7725 0.472707 
1.78 0.503464 
1.7775 0.49314 
1.785 0.524275 
1.7825 0.513846 
1.79 0.545229 
1.7875 0.53474 
1.795 0.566236 
1.7925 0.555732 
1.8 0.587206 
1.7975 0.576731 
1.805 0.608047 
1.8025 0.597648 
1.81 0.628673 
1.8075 0.618392 
1.815 0.648996 
1.8125 0.638877 
1.82 0.668938 
1.8175 0.65902 
1.825 0.688422 
1.8225 0.678741 
1.83 0.70738 
1.8275 0.69797 
1.835 0.725751 
1.8325 0.716642 
1.84 0.743484 
1.8375 0.734701 
1.845 0.760534 
1.8425 0.752097 
1.85 0.776867 
1.8475 0.768792 
1.855 0.792456 
1.8525 0.784756 
1.86 0.807284 
1.8575 0.799966 
1.865 0.821342 
1.8625 0.814409 
1.87 0.834627 
1.8675 0.828081 
1.875 0.847145 
1.8725 0.840982 
1.88 0.858908 
1.8775 0.85312 
1.885 0.86993 
1.8825 0.86451 
1.89 0.880234 
1.8875 0.87517 
1.895 0.889843 
1.8925 0.885123 
1.9 0.898785 
1.8975 0.894395 
1.905 0.907089 
1.9025 0.903015 
1.91 0.914787 
1.9075 0.911012 
1.915 0.92191 
1.9125 0.918418 
1.92 0.928491 
1.9175 0.925266 
1.925 0.934561 
1.9225 0.931588 
1.93 0.940154 
1.9275 0.937415 
1.935 0.9453 
1.9325 0.942781 
1.94 0.950029 
1.9375 0.947714 
1.945 0.95437 
1.9425 0.952246 
1.95 0.958352 
1.9475 0.956405 
1.955 0.962002 
1.9525 0.960217 
1.96 0.965344 
1.9575 0.96371 
1.965 0.968401 
1.9625 0.966907 
1.97 0.971198 
1.9675 0.969831 
1.975 0.973753 
1.9725 0.972504 
1.98 0.976087 
1.9775 0.974947 
1.985 0.978218 
1.9825 0.977177 
1.99 0.980163 
1.9875 0.979213 
1.995 0.981937 
1.9925 0.981071 
2 0.983555 
1.9975 0.982765 
2.005 0.98503 
2.0025 0.98431 
2.01 0.986374 
2.0075 0.985718 
2.015 0.987599 
2.0125 0.987001 
2.02 0.988715 
2.0175 0.98817 
2.025 0.989731 
2.0225 0.989234 
2.03 0.990656 
2.0275 0.990204 
2.035 0.991498 
2.0325 0.991087 
2.04 0.992265 
2.0375 0.991891 
2.045 0.992963 
2.0425 0.992622 
2.05 0.993598 
2.0475 0.993288 
2.055 0.994176 
2.0525 0.993894 
2.06 0.994702 
2.0575 0.994445 
2.065 0.99518 
2.0625 0.994947 
2.07 0.995616 
2.0675 0.995403 
2.075 0.996012 
2.0725 0.995818 
2.08 0.996372 
2.0775 0.996196 
2.085 0.996699 
2.0825 0.996539 
2.09 0.996997 
2.0875 0.996852 
2.095 0.997268 
2.0925 0.997135 
2.1 0.997514 
2.0975 0.997394 
2.105 0.997737 
2.1025 0.997628 
2.11 0.997941 
2.1075 0.997842 
2.115 0.998125 
2.1125 0.998035 
2.12 0.998293 
2.1175 0.998211 
2.125 0.998446 
2.1225 0.998371 
2.13 0.998584 
2.1275 0.998517 
2.135 0.99871 
2.1325 0.998648 
2.14 0.998823 
2.1375 0.998768 
2.145 0.998927 
2.1425 0.998876 
2.15 0.99902 
2.1475 0.998974 
2.155 0.999104 
2.1525 0.999063 
2.16 0.999181 
2.1575 0.999144 
2.165 0.99925 
2.1625 0.999216 
2.17 0.999312 
2.1675 0.999282 
2.175 0.999368 
2.1725 0.999341 
2.18 0.999418 
2.1775 0.999394 
2.185 0.999463 
2.1825 0.999441 
2.19 0.999503 
2.1875 0.999484 
2.195 0.999539 
2.1925 0.999521 
2.2 0.99957 
2.1975 0.999555 
2.205 0.999598 
2.2025 0.999584 
2.21 0.999622 
2.2075 0.99961 
2.215 0.999642 
2.2125 0.999632 
2.22 0.99966 
2.2175 0.999651 
2.225 0.999675 
2.2225 0.999668 
2.23 0.999686 
2.2275 0.999681 
2.235 0.999696 
2.2325 0.999691 
2.24 0.999703 
2.2375 0.9997 
2.245 0.999707 
2.2425 0.999705 
2.25 0.999709 
2.2475 0.999709 
2.255 0.99971 
2.2525 0.99971 
2.26 0.999708 
2.2575 0.999709 
2.265 0.999704 
2.2625 0.999706 
2.27 0.999698 
2.2675 0.999701 
2.275 0.99969 
2.2725 0.999694 
2.28 0.999681 
2.2775 0.999686 
2.285 0.999669 
2.2825 0.999675 
2.29 0.999656 
2.2875 0.999663 
2.295 0.999641 
2.2925 0.999649 
2.3 0.999624 
2.2975 0.999633 
2.305 0.999606 
2.3025 0.999615 
2.31 0.999585 
2.3075 0.999596 
2.315 0.999563 
2.3125 0.999575 
2.32 0.99954 
2.3175 0.999552 
2.325 0.999514 
2.3225 0.999527 
2.33 0.999487 
2.3275 0.999501 
2.335 0.999458 
2.3325 0.999473 
2.34 0.999427 
2.3375 0.999443 
2.345 0.999395 
2.3425 0.999411 
2.35 0.99936 
2.3475 0.999378 
2.355 0.999324 
2.3525 0.999342 
2.36 0.999286 
2.3575 0.999305 
2.365 0.999246 
2.3625 0.999266 
2.37 0.999204 
2.3675 0.999225 
2.375 0.999161 
2.3725 0.999183 
2.38 0.999115 
2.3775 0.999138 
2.385 0.999067 
2.3825 0.999091 
2.39 0.999018 
2.3875 0.999043 
2.395 0.998966 
2.3925 0.998992 
2.4 0.998912 
2.3975 0.998939 
2.405 0.998856 
2.4025 0.998884 
2.41 0.998798 
2.4075 0.998827 
2.415 0.998738 
2.4125 0.998768 
2.42 0.998675 
2.4175 0.998707 
2.425 0.99861 
2.4225 0.998643 
2.43 0.998542 
2.4275 0.998576 
2.435 0.998472 
2.4325 0.998507 
2.44 0.998399 
2.4375 0.998435 
2.445 0.998323 
2.4425 0.998361 
2.45 0.998244 
2.4475 0.998284 
2.455 0.998162 
2.4525 0.998203 
2.46 0.998076 
2.4575 0.998119 
2.465 0.997987 
2.4625 0.998032 
2.47 0.997894 
2.4675 0.997941 
2.475 0.997797 
2.4725 0.997846 
2.48 0.997696 
2.4775 0.997747 
2.485 0.99759 
2.4825 0.997644 
2.49 0.99748 
2.4875 0.997536 
2.495 0.997363 
2.4925 0.997422 
2.5 0.997241 
2.4975 0.997303 
2.505 0.997113 
2.5025 0.997178 
2.51 0.996978 
2.5075 0.997046 
2.515 0.996835 
2.5125 0.996907 
2.52 0.996685 
2.5175 0.996761 
2.525 0.996525 
2.5225 0.996606 
2.53 0.996357 
2.5275 0.996442 
2.535 0.996178 
2.5325 0.996269 
2.54 0.995987 
2.5375 0.996084 
2.545 0.995785 
2.5425 0.995888 
2.55 0.995569 
2.5475 0.995679 
2.555 0.995339 
2.5525 0.995456 
2.56 0.995093 
2.5575 0.995218 
2.565 0.99483 
2.5625 0.994964 
2.57 0.994549 
2.5675 0.994692 
2.575 0.994247 
2.5725 0.9944 
2.58 0.993922 
2.5775 0.994087 
2.585 0.993574 
2.5825 0.993751 
2.59 0.9932 
2.5875 0.99339 
2.595 0.992796 
2.5925 0.993002 
2.6 0.992362 
2.5975 0.992583 
2.605 0.991895 
2.6025 0.992133 
2.61 0.99139 
2.6075 0.991647 
2.615 0.990846 
2.6125 0.991123 
2.62 0.990258 
2.6175 0.990557 
2.625 0.989623 
2.6225 0.989947 
2.63 0.988937 
2.6275 0.989287 
2.635 0.988196 
2.6325 0.988574 
2.64 0.987394 
2.6375 0.987803 
2.645 0.986528 
2.6425 0.98697 
2.65 0.98559 
2.6475 0.986068 
2.655 0.984576 
2.6525 0.985093 
2.66 0.983479 
2.6575 0.984038 
2.665 0.982291 
2.6625 0.982897 
2.67 0.981006 
2.6675 0.981661 
2.675 0.979616 
2.6725 0.980325 
2.68 0.978111 
2.6775 0.978878 
2.685 0.976484 
2.6825 0.977314 
2.69 0.974722 
2.6875 0.97562 
2.695 0.972817 
2.6925 0.973788 
2.7 0.970756 
2.6975 0.971807 
2.705 0.968528 
2.7025 0.969664 
2.71 0.966118 
2.7075 0.967346 
2.715 0.963514 
2.7125 0.964841 
2.72 0.9607 
2.7175 0.962134 
2.725 0.95766 
2.7225 0.959209 
2.73 0.954377 
2.7275 0.95605 
2.735 0.950834 
2.7325 0.952639 
2.74 0.947011 
2.7375 0.948958 
2.745 0.942888 
2.7425 0.944988 
2.75 0.938445 
2.7475 0.940708 
2.755 0.933659 
2.7525 0.936097 
2.76 0.928508 
2.7575 0.931131 
2.765 0.922966 
2.7625 0.925787 
2.77 0.91701 
2.7675 0.920042 
2.775 0.910613 
2.7725 0.913868 
2.78 0.903749 
2.7775 0.907241 
2.785 0.896391 
2.7825 0.900133 
2.79 0.888512 
2.7875 0.892518 
2.795 0.880084 
2.7925 0.884368 
2.8 0.871079 
2.7975 0.875655 
2.805 0.861472 
2.8025 0.866353 
2.81 0.851236 
2.8075 0.856435 
2.815 0.840347 
2.8125 0.845875 
2.82 0.82878 
2.8175 0.834649 
2.825 0.816516 
2.8225 0.822737 
2.83 0.803536 
2.8275 0.810116 
2.835 0.789825 
2.8325 0.796773 
2.84 0.775373 
2.8375 0.782692 
2.845 0.760174 
2.8425 0.767867 
2.85 0.744226 
2.8475 0.752293 
2.855 0.727535 
2.8525 0.735973 
2.86 0.710113 
2.8575 0.718915 
2.865 0.691979 
2.8625 0.701134 
2.87 0.67316 
2.8675 0.682653 
2.875 0.653689 
2.8725 0.663503 
2.88 0.63361 
2.8775 0.643723 
2.885 0.612974 
2.8825 0.623358 
2.89 0.59184 
2.8875 0.602466 
2.895 0.570275 
2.8925 0.581107 
2.9 0.548352 
2.8975 0.559353 
2.905 0.526151 
2.9025 0.537281 
2.91 0.503756 
2.9075 0.514972 
2.915 0.481258 
2.9125 0.492515 
2.92 0.458746 
2.9175 0.469998 
2.925 0.436313 
2.9225 0.447514 
2.93 0.41405 
2.9275 0.425154 
2.935 0.392045 
2.9325 0.40301 
2.94 0.370385 
2.9375 0.381167 
2.945 0.34915 
2.9425 0.359709 
2.95 0.328413 
2.9475 0.338714 
2.955 0.308241 
2.9525 0.318252 
2.96 0.288693 
2.9575 0.298386 
2.965 0.269821 
2.9625 0.27917 
2.97 0.251664 
2.9675 0.26065 
2.975 0.234256 
2.9725 0.242864 
2.98 0.217621 
2.9775 0.225841 
2.985 0.201775 
2.9825 0.209599 
2.99 0.186727 
2.9875 0.194151 
2.995 0.172477 
2.9925 0.179502 
3 0.159019 
2.9975 0.165649 
3.005 0.146344 
3.0025 0.152585 
3.01 0.134434 
3.0075 0.140294 
3.015 0.123271 
3.0125 0.128761 
3.02 0.112829 
3.0175 0.117961 
3.025 0.103084 
3.0225 0.107872 
3.03 0.0940076 
3.0275 0.0984643 
3.035 0.0855695 
3.0325 0.0897106 
3.04 0.0777397 
3.0375 0.0815805 
3.045 0.0704875 
3.0425 0.0740434 
3.05 0.0637822 
3.0475 0.0670684 
3.055 0.0575933 
3.0525 0.0606251 
3.06 0.0518912 
3.0575 0.0546832 
3.065 0.0466469 
3.0625 0.0492136 
3.07 0.0418328 
3.0675 0.0441878 
3.075 0.037422 
3.0725 0.0395786 
3.08 0.0333892 
3.0775 0.0353599 
3.085 0.02971 
3.0825 0.0315069 
3.09 0.0263615 
3.0875 0.0279958 
3.095 0.0233218 
3.0925 0.0248044 
3.1 0.0205701 
3.0975 0.0219112 
3.105 0.0180867 
3.1025 0.0192961 
3.11 0.0158527 
3.1075 0.0169397 
3.115 0.01385 
3.1125 0.0148236 
3.12 0.0120613 
3.1175 0.01293 
3.125 0.0104699 
3.1225 0.011242 
3.13 0.00905956 
3.1275 0.00974306 
3.135 0.00781484 
3.1325 0.00841745 
3.14 0.00672079 
3.1375 0.00724989 
3.145 0.0057631 
3.1425 0.00622577 
3.15 0.00492815 
3.1475 0.00533111 
3.155 0.00420304 
3.1525 0.00455263 
3.16 0.00357568 
3.1575 0.00387786 
3.165 0.00303485 
3.1625 0.00329512 
3.17 0.00257017 
3.1675 0.0027936 
3.175 0.00217219 
3.1725 0.0023634 
3.18 0.00183232 
3.1775 0.00199549 
3.185 0.00154288 
3.1825 0.00168174 
3.19 0.00129699 
3.1875 0.00141488 
3.195 0.00108859 
3.1925 0.00118845 
3.2 0.000912332 
3.1975 0.000996747 
3.205 0.000763557 
3.2025 0.000834776 
3.21 0.000638205 
3.2075 0.000698184 
3.215 0.000532765 
3.2125 0.000583195 
3.22 0.000444214 
3.2175 0.00048655 
3.225 0.000369955 
3.2225 0.000405445 
3.23 0.000307767 
3.2275 0.000337478 
3.235 0.000255756 
3.2325 0.000280596 
3.24 0.000212309 
3.2375 0.000233052 
3.245 0.000176061 
3.2425 0.000193362 
3.25 0.000145852 
3.2475 0.000160266 
3.255 0.000120705 
3.2525 0.0001327 
3.26 9.97934e-05 
3.2575 0.000109766 
3.265 8.24229e-05 
3.2625 9.07044e-05 
3.27 6.80087e-05 
3.2675 7.48789e-05 
3.275 5.60599e-05 
3.2725 6.17535e-05 
3.28 4.61648e-05 
3.2775 5.08786e-05 
3.285 3.79788e-05 
3.2825 4.18774e-05 
3.29 3.12134e-05 
3.2875 3.44345e-05 
3.295 2.56277e-05 
3.2925 2.82865e-05 
3.3 2.10206e-05 
3.2975 2.3213e-05 
3.305 1.72245e-05 
3.3025 1.90305e-05 
3.31 1.40997e-05 
3.3075 1.55859e-05 
3.315 1.15301e-05 
3.3125 1.2752e-05 
3.32 9.41928e-06 
3.3175 1.04227e-05 
3.325 7.687e-06 
3.3225 8.51026e-06 
3.33 6.26686e-06 
3.3275 6.94159e-06 
3.335 5.1038e-06 
3.3325 5.65624e-06 
3.34 4.15227e-06 
3.3375 4.60411e-06 
3.345 3.37461e-06 
3.3425 3.74378e-06 
3.35 2.7397e-06 
3.3475 3.04103e-06 
3.355 2.2219e-06 
3.3525 2.46758e-06 
3.36 1.80005e-06 
3.3575 2.00015e-06 
3.365 1.45673e-06 
3.3625 1.61953e-06 
3.37 1.17762e-06 
3.3675 1.30994e-06 
3.375 9.50964e-07 
3.3725 1.05838e-06 
3.38 7.67096e-07 
3.3775 8.54212e-07 
3.385 6.18105e-07 
3.3825 6.88676e-07 
3.39 4.97505e-07 
3.3875 5.54612e-07 
3.395 3.99995e-07 
3.3925 4.46155e-07 
3.4 3.21241e-07 
3.3975 3.58511e-07 
3.405 2.57706e-07 
3.4025 2.87765e-07 
3.41 2.06506e-07 
3.4075 2.30722e-07 
3.415 1.65293e-07 
3.4125 1.8478e-07 
3.42 1.32156e-07 
3.4175 1.47819e-07 
3.425 1.05543e-07 
3.4225 1.18119e-07 
3.43 8.41938e-08 
3.4275 9.42792e-08 
3.435 6.70867e-08 
3.4325 7.51657e-08 
3.44 5.33946e-08 
3.4375 5.98588e-08 
3.445 4.24483e-08 
3.4425 4.76146e-08 
3.45 3.37074e-08 
3.4475 3.78316e-08 
3.455 2.67356e-08 
3.4525 3.00241e-08 
3.46 2.11813e-08 
3.4575 2.38004e-08 
3.465 1.67615e-08 
3.4625 1.8845e-08 
3.47 1.32486e-08 
3.4675 1.4904e-08 
3.475 1.04597e-08 
3.4725 1.17735e-08 
3.48 8.24829e-09 
3.4775 9.28976e-09 
3.485 6.49681e-09 
3.4825 7.32141e-09 
3.49 5.11125e-09 
3.4875 5.76337e-09 
3.495 4.01647e-09 
3.4925 4.53158e-09 
3.5 3.15247e-09 
3.4975 3.55886e-09 
3.505 2.47142e-09 
3.5025 2.79166e-09 
3.51 1.93521e-09 
3.5075 2.18726e-09 
3.515 1.51355e-09 
3.5125 1.7117e-09 
3.52 1.18237e-09 
3.5175 1.33795e-09 
3.525 9.22554e-10 
3.5225 1.04457e-09 
3.53 7.18978e-10 
3.5275 8.1455e-10 
3.535 5.59659e-10 
3.5325 6.34429e-10 
3.54 4.35125e-10 
3.5375 4.93551e-10 
3.545 3.37899e-10 
3.5425 3.83499e-10 
3.55 2.62085e-10 
3.5475 2.97631e-10 
3.555 2.03038e-10 
3.5525 2.30714e-10 
3.56 1.57107e-10 
3.5575 1.78628e-10 
3.565 1.21421e-10 
3.5625 1.38136e-10 
3.57 9.37283e-11 
3.5675 1.06695e-10 
3.575 7.2265e-11 
3.5725 8.23121e-11 
3.58 5.565e-11 
3.5775 6.3425e-11 
3.585 4.28037e-11 
3.5825 4.88132e-11 
3.59 3.28833e-11 
3.5875 3.75226e-11 
3.595 2.52319e-11 
3.5925 2.88089e-11 
3.6 1.93375e-11 
3.5975 2.20922e-11 
3.605 1.48024e-11 
3.6025 1.69212e-11 
3.61 1.13172e-11 
3.6075 1.29449e-11 
3.615 8.64223e-12 
3.6125 9.89115e-12 
3.62 6.59158e-12 
3.6175 7.54869e-12 
3.625 5.02148e-12 
3.6225 5.75406e-12 
3.63 3.82077e-12 
3.6275 4.38082e-12 
3.635 2.90368e-12 
3.6325 3.3313e-12 
3.64 2.20406e-12 
3.6375 2.53017e-12 
3.645 1.671e-12 
3.6425 1.91939e-12 
3.65 1.26534e-12 
3.6475 1.45431e-12 
3.655 9.57008e-13 
3.6525 1.10059e-12 
3.66 7.2294e-13 
3.6575 8.31903e-13 
3.665 5.45465e-13 
3.6625 6.28056e-13 
3.67 4.11065e-13 
3.6675 4.7359e-13 
3.675 3.09408e-13 
3.6725 3.56685e-13 
3.68 2.32612e-13 
3.6775 2.68316e-13 
3.685 1.74667e-13 
3.6825 2.01598e-13 
3.69 1.30999e-13 
3.6875 1.51288e-13 
3.695 9.81312e-14 
3.6925 1.13397e-13 
3.7 7.34216e-14 
3.6975 8.48944e-14 
3.705 5.48682e-14 
3.7025 6.34799e-14 
3.71 4.09542e-14 
3.7075 4.74103e-14 
3.715 3.05321e-14 
3.7125 3.53664e-14 
3.72 2.2735e-14 
3.7175 2.63505e-14 
3.725 1.69089e-14 
3.7225 1.96096e-14 
3.73 1.25608e-14 
3.7275 1.45757e-14 
3.735 9.31964e-15 
3.7325 1.08211e-14 
3.74 6.90661e-15 
3.7375 8.02408e-15 
3.745 5.11227e-15 
3.7425 5.94295e-15 
3.75 3.7796e-15 
3.7475 4.39636e-15 
3.755 2.79101e-15 
3.7525 3.24838e-15 
3.76 2.05856e-15 
3.7575 2.39731e-15 
3.765 1.51652e-15 
3.7625 1.76713e-15 
3.77 1.11588e-15 
3.7675 1.30106e-15 
3.775 8.20117e-16 
3.7725 9.56774e-16 
3.78 6.02032e-16 
3.7775 7.02764e-16 
3.785 4.41419e-16 
3.7825 5.15581e-16 
3.79 3.23273e-16 
3.7875 3.77809e-16 
3.795 2.36471e-16 
3.7925 2.76526e-16 
3.8 1.72773e-16 
3.7975 2.02157e-16 
3.805 1.26085e-16 
3.8025 1.47615e-16 
3.81 9.1906e-17 
3.8075 1.07663e-16 
3.815 6.69138e-17 
3.8125 7.84316e-17 
3.82 4.8661e-17 
3.8175 5.70702e-17 
3.825 3.53461e-17 
3.8225 4.14784e-17 
3.83 2.56446e-17 
3.8275 3.01113e-17 
3.835 1.85844e-17 
3.8325 2.1834e-17 
3.84 1.34524e-17 
3.8375 1.58137e-17 
3.845 9.72636e-18 
3.8425 1.14402e-17 
3.85 7.02429e-18 
3.8475 8.26677e-18 
3.855 5.06708e-18 
3.8525 5.96677e-18 
3.86 3.65105e-18 
3.8575 4.30177e-18 
3.865 2.62776e-18 
3.8625 3.09786e-18 
3.87 1.88914e-18 
3.8675 2.22835e-18 
3.875 1.35661e-18 
3.8725 1.6011e-18 
3.88 9.73108e-19 
3.8775 1.14912e-18 
3.885 6.97246e-19 
3.8825 8.23817e-19 
3.89 4.99038e-19 
3.8875 5.89951e-19 
3.895 3.56786e-19 
3.8925 4.22014e-19 
3.9 2.54808e-19 
3.8975 3.01554e-19 
3.905 1.81784e-19 
3.9025 2.15248e-19 
3.91 1.29551e-19 
3.9075 1.5348e-19 
3.915 9.22307e-20 
3.9125 1.09323e-19 
3.92 6.55945e-20 
3.9175 7.77899e-20 
3.925 4.66042e-20 
3.9225 5.52964e-20 
3.93 3.30795e-20 
3.9275 3.92682e-20 
3.935 2.34574e-20 
3.9325 2.78591e-20 
3.94 1.66188e-20 
3.9375 1.97463e-20 
3.945 1.17634e-20 
3.9425 1.39833e-20 
3.95 8.31954e-21 
3.9475 9.89369e-21 
3.955 5.87915e-21 
3.9525 6.99433e-21 
3.96 4.15147e-21 
3.9575 4.94077e-21 
3.965 2.92944e-21 
3.9625 3.4876e-21 
3.97 2.06582e-21 
3.9675 2.46019e-21 
3.975 1.45599e-21 
3.9725 1.7344e-21 
3.98 1.02569e-21 
3.9775 1.2221e-21 
3.985 7.22281e-22 
3.9825 8.60745e-22 
3.99 5.08486e-22 
3.9875 6.06039e-22 
3.995 3.5792e-22 
3.9925 4.26612e-22 
4 2.51934e-22 
3.9975 3.00282e-22 
4.005 1.77358e-22 
4.0025 2.11375e-22 
4.01 1.24897e-22 
4.0075 1.48825e-22 
4.015 8.79983e-23 
4.0125 1.04828e-22 
4.02 6.20457e-23 
4.0175 7.38829e-23 
4.025 4.37892e-23 
4.0225 5.21167e-23 
4.03 3.09423e-23 
4.0275 3.68029e-23 
4.035 2.18972e-23 
4.0325 2.60242e-23 
4.04 1.55241e-23 
4.0375 1.84327e-23 
4.045 1.10293e-23 
4.0425 1.30813e-23 
4.05 7.85503e-24 
4.0475 9.30468e-24 
4.055 5.60998e-24 
4.0525 6.63576e-24 
4.06 4.01915e-24 
4.0575 4.74641e-24 
4.065 2.88943e-24 
4.0625 3.40622e-24 
4.07 2.08515e-24 
4.0675 2.45334e-24 
4.075 1.51091e-24 
4.0725 1.77401e-24 
4.08 1.09958e-24 
4.0775 1.28821e-24 
4.085 8.03904e-25 
4.0825 9.39637e-25 
4.09 5.90524e-25 
4.0875 6.88584e-25 
4.095 4.35888e-25 
4.0925 5.07036e-25 
4.1 3.23323e-25 
4.0975 3.75179e-25 
4.105 2.40998e-25 
4.1025 2.78972e-25 
4.11 1.80496e-25 
4.1075 2.0844e-25 
4.115 1.35812e-25 
4.1125 1.56478e-25 
4.12 1.02645e-25 
4.1175 1.18005e-25 
4.125 7.79037e-26 
4.1225 8.93767e-26 
4.13 5.93585e-26 
4.1275 6.79695e-26 
4.135 4.53919e-26 
4.1325 5.18849e-26 
4.14 3.48262e-26 
4.1375 3.97439e-26 
4.145 2.67993e-26 
4.1425 3.05394e-26 
4.15 2.06772e-26 
4.1475 2.35327e-26 
4.155 1.59908e-26 
4.1525 1.81786e-26 
4.16 1.23916e-26 
4.1575 1.40733e-26 
4.165 9.61915e-27 
4.1625 1.09155e-26 
4.17 7.47799e-27 
4.1675 8.47983e-27 
4.175 5.82051e-27 
4.1725 6.59648e-27 
4.18 4.53491e-27 
4.1775 5.13707e-27 
4.185 3.53603e-27 
4.1825 4.00409e-27 
4.19 2.75882e-27 
4.1875 3.12314e-27 
4.195 2.15337e-27 
4.1925 2.43725e-27 
4.2 1.68126e-27 
4.1975 1.90268e-27 
4.205 1.31286e-27 
4.2025 1.48567e-27 
4.21 1.02522e-27 
4.2075 1.16016e-27 
4.215 8.0054e-28 
4.2125 9.05953e-28 
4.22 6.25e-28 
4.2175 7.07362e-28 
4.225 4.87833e-28 
4.2225 5.52191e-28 
4.23 3.8065e-28 
4.2275 4.30939e-28 
4.235 2.96905e-28 
4.2325 3.36196e-28 
4.24 2.31485e-28 
4.2375 2.62177e-28 
4.245 1.80393e-28 
4.2425 2.0436e-28 
4.25 1.40504e-28 
4.2475 1.59214e-28 
4.255 1.09374e-28 
4.2525 1.23974e-28 
4.26 8.50909e-29 
4.2575 9.64786e-29 
4.265 6.61578e-29 
4.2625 7.50353e-29 
4.27 5.1404e-29 
4.2675 5.83208e-29 
4.275 3.99135e-29 
4.2725 4.52996e-29 
4.28 3.09699e-29 
4.2775 3.51615e-29 
4.285 2.40133e-29 
4.2825 2.72731e-29 
4.29 1.86056e-29 
4.2875 2.11391e-29 
4.295 1.4405e-29 
4.2925 1.63726e-29 
4.3 1.11442e-29 
4.2975 1.26713e-29 
4.305 8.61494e-30 
4.3025 9.79925e-30 
4.31 6.65444e-30 
4.3075 7.57223e-30 
4.315 5.136e-30 
4.3125 5.8467e-30 
4.32 3.96084e-30 
4.3175 4.51075e-30 
4.325 3.05206e-30 
4.3225 3.47723e-30 
4.33 2.34986e-30 
4.3275 2.67831e-30 
4.335 1.8077e-30 
4.3325 2.06124e-30 
4.34 1.38945e-30 
4.3375 1.585e-30 
4.345 1.06707e-30 
4.3425 1.21777e-30 
4.35 8.18785e-31 
4.3475 9.34818e-31 
4.355 6.27726e-31 
4.3525 7.16995e-31 
4.36 4.80831e-31 
4.3575 5.4945e-31 
4.365 3.67988e-31 
4.3625 4.20688e-31 
4.37 2.81379e-31 
4.3675 3.21818e-31 
4.375 2.14963e-31 
4.3725 2.45966e-31 
4.38 1.64077e-31 
4.3775 1.87825e-31 
4.385 1.25124e-31 
4.3825 1.43298e-31 
4.39 9.53321e-32 
4.3875 1.09229e-31 
4.395 7.25678e-32 
4.3925 8.3184e-32 
4.4 5.51889e-32 
4.3975 6.32917e-32 
4.405 4.19335e-32 
4.4025 4.81122e-32 
4.41 3.18324e-32 
4.4075 3.65396e-32 
4.415 2.41421e-32 
4.4125 2.7725e-32 
4.42 1.82926e-32 
4.4175 2.10172e-32 
4.425 1.38475e-32 
4.4225 1.59175e-32 
4.43 1.04727e-32 
4.4275 1.20439e-32 
4.435 7.91295e-33 
4.4325 9.10435e-33 
4.44 5.97319e-33 
4.4375 6.87579e-33 
4.445 4.50466e-33 
4.4425 5.18781e-33 
4.45 3.39394e-33 
4.4475 3.91051e-33 
4.455 2.55465e-33 
4.4525 2.94488e-33 
4.46 1.92106e-33 
4.4575 2.21558e-33 
4.465 1.44322e-33 
4.4625 1.66528e-33 
4.47 1.0832e-33 
4.4675 1.25047e-33 
4.475 8.12197e-34 
4.4725 9.38071e-34 
4.48 6.08406e-34 
4.4775 7.03038e-34 
4.485 4.55306e-34 
4.4825 5.2638e-34 
4.49 3.404e-34 
4.4875 3.93729e-34 
4.495 2.54244e-34 
4.4925 2.9422e-34 
4.5 1.89708e-34 
4.4975 2.19645e-34 
4.505 1.41415e-34 
4.5025 1.63811e-34 
4.51 1.05312e-34 
4.5075 1.2205e-34 
4.515 7.83484e-35 
4.5125 9.0846e-35 
4.52 5.8231e-35 
4.5175 6.75529e-35 
4.525 4.32362e-35 
4.5225 5.01825e-35 
4.53 3.20708e-35 
4.5275 3.72418e-35 
4.535 2.37651e-35 
4.5325 2.76106e-35 
4.54 1.75929e-35 
4.5375 2.04499e-35 
4.545 1.30107e-35 
4.5425 1.51311e-35 
4.55 9.61237e-36 
4.5475 1.11845e-35 
4.555 7.09456e-36 
4.5525 8.25906e-36 
4.56 5.231e-36 
4.5575 6.09267e-36 
4.565 3.85308e-36 
4.5625 4.49003e-36 
4.57 2.83527e-36 
4.5675 3.30563e-36 
4.575 2.08422e-36 
4.5725 2.4312e-36 
4.58 1.53057e-36 
4.5775 1.78629e-36 
4.585 1.12286e-36 
4.5825 1.31112e-36 
4.59 8.22925e-37 
4.5875 9.61383e-37 
4.595 6.02496e-37 
4.5925 7.04223e-37 
4.6 4.40665e-37 
4.5975 5.15329e-37 
4.605 3.21975e-37 
4.6025 3.76719e-37 
4.61 2.35014e-37 
4.6075 2.75113e-37 
4.615 1.71366e-37 
4.6125 2.00707e-37 
4.62 1.24829e-37 
4.6175 1.46276e-37 
4.625 9.0837e-38 
4.6225 1.06498e-37 
4.63 6.6034e-38 
4.6275 7.74584e-38 
4.635 4.79546e-38 
4.6325 5.62797e-38 
4.64 3.47896e-38 
4.6375 4.08501e-38 
4.645 2.5213e-38 
4.6425 2.96203e-38 
4.65 1.82539e-38 
4.6475 2.14558e-38 
4.655 1.32021e-38 
4.6525 1.55258e-38 
4.66 9.53868e-39 
4.6575 1.12233e-38 
4.665 6.88474e-39 
4.6625 8.10477e-39 
4.67 4.96411e-39 
4.6675 5.84679e-39 
4.675 3.57562e-39 
4.6725 4.21356e-39 
4.68 2.57285e-39 
4.6775 3.03345e-39 
4.685 1.84941e-39 
4.6825 2.18161e-39 
4.69 1.32803e-39 
4.6875 1.56738e-39 
4.695 9.52653e-40 
4.6925 1.12493e-39 
4.7 6.82679e-40 
4.6975 8.06545e-40 
4.705 4.88711e-40 
4.7025 5.7768e-40 
4.71 3.49496e-40 
4.7075 4.13333e-40 
4.715 2.49681e-40 
4.7125 2.95438e-40 
4.72 1.7819e-40 
4.7175 2.10954e-40 
4.725 1.27038e-40 
4.7225 1.50474e-40 
4.73 9.04768e-41 
4.7275 1.07223e-40 
4.735 6.43717e-41 
4.7325 7.63254e-41 
4.74 4.57516e-41 
4.7375 5.42754e-41 
4.745 3.24841e-41 
4.7425 3.85559e-41 
4.75 2.30403e-41 
4.7475 2.7361e-41 
4.755 1.63252e-41 
4.7525 1.93966e-41 
4.76 1.15553e-41 
4.7575 1.37364e-41 
4.765 8.17072e-42 
4.7625 9.71794e-42 
4.77 5.77153e-42 
4.7675 6.86797e-42 
4.775 4.07263e-42 
4.7725 4.84882e-42 
4.78 2.87086e-42 
4.7775 3.41976e-42 
4.785 2.02164e-42 
4.7825 2.40941e-42 
4.79 1.42215e-42 
4.7875 1.69581e-42 
4.795 9.99411e-43 
4.7925 1.19233e-42 
4.8 7.01609e-43 
4.7975 8.37475e-43 
4.805 4.92039e-43 
4.8025 5.87624e-43 
4.81 3.44713e-43 
4.8075 4.11889e-43 
4.815 2.41251e-43 
4.8125 2.88413e-43 
4.82 1.68669e-43 
4.8175 2.01745e-43 
4.825 1.17802e-43 
4.8225 1.40976e-43 
4.83 8.21915e-44 
4.8275 9.84107e-44 
4.835 5.72867e-44 
4.8325 6.86266e-44 
4.84 3.98874e-44 
4.8375 4.78076e-44 
4.845 2.77441e-44 
4.8425 3.32702e-44 
4.85 1.9278e-44 
4.8475 2.31296e-44 
4.855 1.33815e-44 
4.8525 1.60633e-44 
4.86 9.27909e-45 
4.8575 1.11444e-44 
4.865 6.42776e-45 
4.8625 7.72386e-45 
4.87 4.44804e-45 
4.8675 5.34769e-45 
4.875 3.07492e-45 
4.8725 3.69873e-45 
4.88 2.1235e-45 
4.8775 2.55561e-45 
4.885 1.46497e-45 
4.8825 1.76397e-45 
4.89 1.00962e-45 
4.8875 1.21631e-45 
4.895 6.95098e-46 
4.8925 8.37826e-46 
4.9 4.78067e-46 
4.8975 5.76525e-46 
4.905 3.28464e-46 
4.9025 3.96314e-46 
4.91 2.25446e-46 
4.9075 2.72155e-46 
4.915 1.54581e-46 
4.9125 1.86702e-46 
4.92 1.05883e-46 
4.9175 1.2795e-46 
4.925 7.24523e-47 
4.9225 8.75969e-47 
4.93 4.95266e-47 
4.9275 5.99095e-47 
4.935 3.38211e-47 
4.9325 4.0932e-47 
4.94 2.3073e-47 
4.9375 2.79379e-47 
4.945 1.57253e-47 
4.9425 1.90501e-47 
4.95 1.07078e-47 
4.9475 1.29775e-47 
4.955 7.28562e-48 
4.9525 8.83314e-48 
4.96 4.95477e-48 
4.9575 6.00833e-48 
4.965 3.37015e-48 
4.9625 4.08597e-48 
4.97 2.29591e-48 
4.9675 2.78069e-48 
4.975 1.57131e-48 
4.9725 1.89769e-48 
4.98 1.08739e-48 
4.9775 1.30451e-48 
4.985 7.71019e-49 
4.9825 9.11737e-49 
4.99 5.74208e-49 
4.9875 6.59894e-49 
4.995 4.66983e-49 
4.9925 5.10696e-49 
5 4.32974e-49 
4.9975 4.41391e-49 
