0 6.24928e-06 
0.005 6.31049e-06 
0.0025 6.26456e-06 
0.01 6.49519e-06 
0.0075 6.38726e-06 
0.015 6.80651e-06 
0.0125 6.63474e-06 
0.02 7.24972e-06 
0.0175 7.01121e-06 
0.025 7.83234e-06 
0.0225 7.52305e-06 
0.03 8.5642e-06 
0.0275 8.17891e-06 
0.035 9.45761e-06 
0.0325 8.98984e-06 
0.04 1.05275e-05 
0.0375 9.96947e-06 
0.045 1.17918e-05 
0.0425 1.11342e-05 
0.05 1.32715e-05 
0.0475 1.25033e-05 
0.055 1.49908e-05 
0.0525 1.40995e-05 
0.06 1.69781e-05 
0.0575 1.59491e-05 
0.065 1.92658e-05 
0.0625 1.80822e-05 
0.07 2.18908e-05 
0.0675 2.05336e-05 
0.075 2.48954e-05 
0.0725 2.33428e-05 
0.08 2.83277e-05 
0.0775 2.65549e-05 
0.085 3.2242e-05 
0.0825 3.02209e-05 
0.09 3.67001e-05 
0.0875 3.43989e-05 
0.095 4.17717e-05 
0.0925 3.91545e-05 
0.1 4.75356e-05 
0.0975 4.45618e-05 
0.105 5.40809e-05 
0.1025 5.07046e-05 
0.11 6.15077e-05 
0.1075 5.76773e-05 
0.115 6.99291e-05 
0.1125 6.55865e-05 
0.12 7.94725e-05 
0.1175 7.4552e-05 
0.125 9.02811e-05 
0.1225 8.4709e-05 
0.13 0.000102516 
0.1275 9.62096e-05 
0.135 0.000116359 
0.1325 0.000109225 
0.14 0.000132014 
0.1375 0.000123946 
0.145 0.00014971 
0.1425 0.000140591 
0.15 0.000169703 
0.1475 0.000159402 
0.155 0.000192285 
0.1525 0.000180651 
0.16 0.000217778 
0.1575 0.000204646 
0.165 0.000246548 
0.1625 0.000231729 
0.17 0.000279003 
0.1675 0.000262287 
0.175 0.000315603 
0.1725 0.000296754 
0.18 0.000356861 
0.1775 0.000335615 
0.185 0.000403356 
0.1825 0.000379415 
0.19 0.000455734 
0.1875 0.000428766 
0.195 0.00051472 
0.1925 0.000484352 
0.2 0.000581129 
0.1975 0.000546942 
0.205 0.00065587 
0.2025 0.000617396 
0.21 0.000739964 
0.2075 0.000696679 
0.215 0.000834554 
0.2125 0.00078587 
0.22 0.000940921 
0.2175 0.00088618 
0.225 0.0010605 
0.2225 0.000998962 
0.23 0.00119489 
0.2275 0.00112573 
0.235 0.00134588 
0.2325 0.00126819 
0.24 0.0015155 
0.2375 0.00142823 
0.245 0.00170598 
0.2425 0.00160798 
0.25 0.00191983 
0.2475 0.00180981 
0.255 0.00215987 
0.2525 0.00203639 
0.26 0.00242923 
0.2575 0.00229068 
0.265 0.00273143 
0.2625 0.00257599 
0.27 0.00307037 
0.2675 0.00289604 
0.275 0.00345044 
0.2725 0.00325498 
0.28 0.00387653 
0.2775 0.00365741 
0.285 0.00435407 
0.2825 0.0041085 
0.29 0.00488914 
0.2875 0.004614 
0.295 0.00548853 
0.2925 0.00518034 
0.3 0.00615977 
0.2975 0.00581466 
0.305 0.00691127 
0.3025 0.00652492 
0.31 0.00775237 
0.3075 0.00731999 
0.315 0.00869348 
0.3125 0.00820973 
0.32 0.00974614 
0.3175 0.0092051 
0.325 0.0109232 
0.3225 0.0103182 
0.33 0.0122387 
0.3275 0.0115627 
0.335 0.0137086 
0.3325 0.0129534 
0.34 0.0153502 
0.3375 0.0145068 
0.345 0.0171828 
0.3425 0.0162414 
0.35 0.0192274 
0.3475 0.0181771 
0.355 0.0215074 
0.3525 0.0203364 
0.36 0.0240485 
0.3575 0.0227437 
0.365 0.0268787 
0.3625 0.0254257 
0.37 0.0300287 
0.3675 0.0284117 
0.375 0.0335319 
0.3725 0.0317339 
0.38 0.0374245 
0.3775 0.0354271 
0.385 0.0417459 
0.3825 0.039529 
0.39 0.0465383 
0.3875 0.0440805 
0.395 0.0518472 
0.3925 0.0491252 
0.4 0.0577207 
0.3975 0.0547102 
0.405 0.0642102 
0.4025 0.0608851 
0.41 0.0713694 
0.4075 0.0677026 
0.415 0.0792544 
0.4125 0.0752176 
0.42 0.0879232 
0.4175 0.0834872 
0.425 0.0974347 
0.4225 0.0925699 
0.43 0.107848 
0.4275 0.102525 
0.435 0.119222 
0.4325 0.113412 
0.44 0.131614 
0.4375 0.125288 
0.445 0.145075 
0.4425 0.138208 
0.45 0.159655 
0.4475 0.152222 
0.455 0.175393 
0.4525 0.167377 
0.46 0.192323 
0.4575 0.183708 
0.465 0.210464 
0.4625 0.201241 
0.47 0.229824 
0.4675 0.219992 
0.475 0.250396 
0.4725 0.23996 
0.48 0.272153 
0.4775 0.261128 
0.485 0.295052 
0.4825 0.283463 
0.49 0.319029 
0.4875 0.30691 
0.495 0.344 
0.4925 0.331396 
0.5 0.369861 
0.4975 0.356826 
0.505 0.396488 
0.5025 0.383087 
0.51 0.423742 
0.5075 0.410046 
0.515 0.451466 
0.5125 0.437555 
0.52 0.479494 
0.5175 0.465453 
0.525 0.507651 
0.5225 0.493567 
0.53 0.535761 
0.5275 0.521723 
0.535 0.563647 
0.5325 0.549743 
0.54 0.591138 
0.5375 0.577452 
0.545 0.618073 
0.5425 0.604684 
0.55 0.644304 
0.5475 0.631285 
0.555 0.669701 
0.5525 0.657115 
0.56 0.694149 
0.5575 0.68205 
0.565 0.717556 
0.5625 0.705988 
0.57 0.739847 
0.5675 0.728845 
0.575 0.760971 
0.5725 0.750558 
0.58 0.780893 
0.5775 0.771084 
0.585 0.799598 
0.5825 0.790398 
0.59 0.817086 
0.5875 0.808494 
0.595 0.833372 
0.5925 0.825378 
0.6 0.848484 
0.5975 0.841073 
0.605 0.862456 
0.6025 0.85561 
0.61 0.875336 
0.6075 0.86903 
0.615 0.887174 
0.6125 0.881382 
0.62 0.898024 
0.6175 0.892719 
0.625 0.907945 
0.6225 0.903097 
0.63 0.916995 
0.6275 0.912575 
0.635 0.925234 
0.6325 0.921212 
0.64 0.932721 
0.6375 0.929068 
0.645 0.939512 
0.6425 0.9362 
0.65 0.945662 
0.6475 0.942664 
0.655 0.951224 
0.6525 0.948513 
0.66 0.956247 
0.6575 0.9538 
0.665 0.960778 
0.6625 0.958571 
0.67 0.964862 
0.6675 0.962873 
0.675 0.968537 
0.6725 0.966748 
0.68 0.971843 
0.6775 0.970234 
0.685 0.974814 
0.6825 0.973369 
0.69 0.977482 
0.6875 0.976184 
0.695 0.979876 
0.6925 0.978711 
0.7 0.982023 
0.6975 0.980978 
0.705 0.983947 
0.7025 0.983011 
0.71 0.98567 
0.7075 0.984832 
0.715 0.987213 
0.7125 0.986463 
0.72 0.988594 
0.7175 0.987923 
0.725 0.989829 
0.7225 0.989229 
0.73 0.990934 
0.7275 0.990397 
0.735 0.991921 
0.7325 0.991441 
0.74 0.992803 
0.7375 0.992374 
0.745 0.993591 
0.7425 0.993208 
0.75 0.994294 
0.7475 0.993952 
0.755 0.994922 
0.7525 0.994617 
0.76 0.995482 
0.7575 0.99521 
0.765 0.995981 
0.7625 0.995739 
0.77 0.996427 
0.7675 0.99621 
0.775 0.996824 
0.7725 0.996631 
0.78 0.997178 
0.7775 0.997006 
0.785 0.997493 
0.7825 0.99734 
0.79 0.997774 
0.7875 0.997638 
0.795 0.998024 
0.7925 0.997903 
0.8 0.998247 
0.7975 0.998138 
0.805 0.998445 
0.8025 0.998348 
0.81 0.998621 
0.8075 0.998535 
0.815 0.998777 
0.8125 0.998701 
0.82 0.998917 
0.8175 0.998849 
0.825 0.99904 
0.8225 0.99898 
0.83 0.99915 
0.8275 0.999097 
0.835 0.999248 
0.8325 0.999201 
0.84 0.999335 
0.8375 0.999293 
0.845 0.999412 
0.8425 0.999374 
0.85 0.99948 
0.8475 0.999447 
0.855 0.99954 
0.8525 0.999511 
0.86 0.999594 
0.8575 0.999568 
0.865 0.999642 
0.8625 0.999619 
0.87 0.999684 
0.8675 0.999663 
0.875 0.999721 
0.8725 0.999703 
0.88 0.999754 
0.8775 0.999738 
0.885 0.999783 
0.8825 0.999769 
0.89 0.999809 
0.8875 0.999796 
0.895 0.999832 
0.8925 0.999821 
0.9 0.999852 
0.8975 0.999842 
0.905 0.99987 
0.9025 0.999861 
0.91 0.999885 
0.9075 0.999878 
0.915 0.999899 
0.9125 0.999892 
0.92 0.999911 
0.9175 0.999905 
0.925 0.999922 
0.9225 0.999917 
0.93 0.999931 
0.9275 0.999927 
0.935 0.999939 
0.9325 0.999935 
0.94 0.999947 
0.9375 0.999943 
0.945 0.999953 
0.9425 0.99995 
0.95 0.999958 
0.9475 0.999956 
0.955 0.999963 
0.9525 0.999961 
0.96 0.999967 
0.9575 0.999965 
0.965 0.999971 
0.9625 0.999969 
0.97 0.999973 
0.9675 0.999972 
0.975 0.999976 
0.9725 0.999975 
0.98 0.999978 
0.9775 0.999977 
0.985 0.99998 
0.9825 0.999979 
0.99 0.999981 
0.9875 0.99998 
0.995 0.999982 
0.9925 0.999981 
1 0.999982 
0.9975 0.999982 
1.005 0.999983 
1.0025 0.999982 
1.01 0.999983 
1.0075 0.999983 
1.015 0.999982 
1.0125 0.999982 
1.02 0.999981 
1.0175 0.999982 
1.025 0.99998 
1.0225 0.999981 
1.03 0.999979 
1.0275 0.99998 
1.035 0.999977 
1.0325 0.999978 
1.04 0.999975 
1.0375 0.999977 
1.045 0.999973 
1.0425 0.999974 
1.05 0.99997 
1.0475 0.999972 
1.055 0.999967 
1.0525 0.999969 
1.06 0.999963 
1.0575 0.999965 
1.065 0.999959 
1.0625 0.999961 
1.07 0.999954 
1.0675 0.999957 
1.075 0.999949 
1.0725 0.999952 
1.08 0.999943 
1.0775 0.999946 
1.085 0.999936 
1.0825 0.999939 
1.09 0.999928 
1.0875 0.999932 
1.095 0.999919 
1.0925 0.999924 
1.1 0.999909 
1.0975 0.999914 
1.105 0.999898 
1.1025 0.999904 
1.11 0.999886 
1.1075 0.999892 
1.115 0.999872 
1.1125 0.999879 
1.12 0.999857 
1.1175 0.999865 
1.125 0.99984 
1.1225 0.999849 
1.13 0.999822 
1.1275 0.999831 
1.135 0.999801 
1.1325 0.999812 
1.14 0.999778 
1.1375 0.99979 
1.145 0.999752 
1.1425 0.999765 
1.15 0.999723 
1.1475 0.999738 
1.155 0.999692 
1.1525 0.999708 
1.16 0.999657 
1.1575 0.999675 
1.165 0.999618 
1.1625 0.999638 
1.17 0.999575 
1.1675 0.999597 
1.175 0.999528 
1.1725 0.999552 
1.18 0.999476 
1.1775 0.999503 
1.185 0.999418 
1.1825 0.999448 
1.19 0.999354 
1.1875 0.999387 
1.195 0.999284 
1.1925 0.99932 
1.2 0.999206 
1.1975 0.999246 
1.205 0.999121 
1.2025 0.999164 
1.21 0.999026 
1.2075 0.999075 
1.215 0.998922 
1.2125 0.998976 
1.22 0.998808 
1.2175 0.998867 
1.225 0.998682 
1.2225 0.998747 
1.23 0.998544 
1.2275 0.998615 
1.235 0.998392 
1.2325 0.99847 
1.24 0.998225 
1.2375 0.998311 
1.245 0.998042 
1.2425 0.998136 
1.25 0.99784 
1.2475 0.997943 
1.255 0.997619 
1.2525 0.997732 
1.26 0.997377 
1.2575 0.997501 
1.265 0.997111 
1.2625 0.997247 
1.27 0.996819 
1.2675 0.996969 
1.275 0.9965 
1.2725 0.996663 
1.28 0.99615 
1.2775 0.996329 
1.285 0.995767 
1.2825 0.995963 
1.29 0.995348 
1.2875 0.995562 
1.295 0.994889 
1.2925 0.995123 
1.3 0.994387 
1.2975 0.994643 
1.305 0.993838 
1.3025 0.994118 
1.31 0.993238 
1.3075 0.993545 
1.315 0.992583 
1.3125 0.992918 
1.32 0.991867 
1.3175 0.992233 
1.325 0.991086 
1.3225 0.991485 
1.33 0.990233 
1.3275 0.990669 
1.335 0.989303 
1.3325 0.989778 
1.34 0.988288 
1.3375 0.988806 
1.345 0.987183 
1.3425 0.987747 
1.35 0.985978 
1.3475 0.986593 
1.355 0.984667 
1.3525 0.985336 
1.36 0.983239 
1.3575 0.983968 
1.365 0.981686 
1.3625 0.982479 
1.37 0.979997 
1.3675 0.980859 
1.375 0.978162 
1.3725 0.979099 
1.38 0.976169 
1.3775 0.977186 
1.385 0.974005 
1.3825 0.975109 
1.39 0.971659 
1.3875 0.972856 
1.395 0.969115 
1.3925 0.970412 
1.4 0.966359 
1.3975 0.967764 
1.405 0.963377 
1.4025 0.964898 
1.41 0.960152 
1.4075 0.961796 
1.415 0.956668 
1.4125 0.958444 
1.42 0.952907 
1.4175 0.954823 
1.425 0.948852 
1.4225 0.950917 
1.43 0.944484 
1.4275 0.946708 
1.435 0.939784 
1.4325 0.942177 
1.44 0.934735 
1.4375 0.937305 
1.445 0.929317 
1.4425 0.932073 
1.45 0.923511 
1.4475 0.926464 
1.455 0.9173 
1.4525 0.920458 
1.46 0.910666 
1.4575 0.914037 
1.465 0.903594 
1.4625 0.907186 
1.47 0.896067 
1.4675 0.899888 
1.475 0.888074 
1.4725 0.89213 
1.48 0.879603 
1.4775 0.883899 
1.485 0.870647 
1.4825 0.875186 
1.49 0.8612 
1.4875 0.865985 
1.495 0.851263 
1.4925 0.856293 
1.5 0.840837 
1.4975 0.846111 
1.505 0.829932 
1.5025 0.835444 
1.51 0.818561 
1.5075 0.824304 
1.515 0.806743 
1.5125 0.812706 
1.52 0.794502 
1.5175 0.800673 
1.525 0.781871 
1.5225 0.788233 
1.53 0.768888 
1.5275 0.775421 
1.535 0.755598 
1.5325 0.762278 
1.54 0.742054 
1.5375 0.748855 
1.545 0.728314 
1.5425 0.735205 
1.55 0.714444 
1.5475 0.721391 
1.555 0.700516 
1.5525 0.707483 
1.56 0.686608 
1.5575 0.693554 
1.565 0.672801 
1.5625 0.679686 
1.57 0.659183 
1.5675 0.665963 
1.575 0.645845 
1.5725 0.652473 
1.58 0.63288 
1.5775 0.63931 
1.585 0.620383 
1.5825 0.626567 
1.59 0.60845 
1.5875 0.61434 
1.595 0.597175 
1.5925 0.602724 
1.6 0.586651 
1.5975 0.591813 
1.605 0.576969 
1.6025 0.581699 
1.61 0.568214 
1.6075 0.57247 
1.615 0.560468 
1.6125 0.56421 
1.62 0.553805 
1.6175 0.556997 
1.625 0.548291 
1.6225 0.5509 
1.63 0.543983 
1.6275 0.545983 
1.635 0.54093 
1.6325 0.542297 
1.64 0.539168 
1.6375 0.539886 
1.645 0.538723 
1.6425 0.53878 
1.65 0.539608 
1.6475 0.538999 
1.655 0.541823 
1.6525 0.54055 
1.66 0.545357 
1.6575 0.543427 
1.665 0.550185 
1.6625 0.547611 
1.67 0.556269 
1.6675 0.553072 
1.675 0.563561 
1.6725 0.559767 
1.68 0.572001 
1.6775 0.567642 
1.685 0.581519 
1.6825 0.57663 
1.69 0.592035 
1.6875 0.586657 
1.695 0.603462 
1.6925 0.59764 
1.7 0.615706 
1.6975 0.609488 
1.705 0.628665 
1.7025 0.622102 
1.71 0.642237 
1.7075 0.635382 
1.715 0.656314 
1.7125 0.649219 
1.72 0.670786 
1.7175 0.663507 
1.725 0.685547 
1.7225 0.678137 
1.73 0.700488 
1.7275 0.693001 
1.735 0.715506 
1.7325 0.707993 
1.74 0.730502 
1.7375 0.723012 
1.745 0.745382 
1.7425 0.737962 
1.75 0.76006 
1.7475 0.752751 
1.755 0.774458 
1.7525 0.767299 
1.76 0.788505 
1.7575 0.781529 
1.765 0.80214 
1.7625 0.795377 
1.77 0.815312 
1.7675 0.808787 
1.775 0.827978 
1.7725 0.82171 
1.78 0.840104 
1.7775 0.83411 
1.785 0.851667 
1.7825 0.845957 
1.79 0.86265 
1.7875 0.857232 
1.795 0.873043 
1.7925 0.86792 
1.8 0.882846 
1.7975 0.878018 
1.805 0.89206 
1.8025 0.887526 
1.81 0.900697 
1.8075 0.89645 
1.815 0.908769 
1.8125 0.904803 
1.82 0.916294 
1.8175 0.912599 
1.825 0.923291 
1.8225 0.919857 
1.83 0.929782 
1.8275 0.926598 
1.835 0.935792 
1.8325 0.932846 
1.84 0.941345 
1.8375 0.938624 
1.845 0.946466 
1.8425 0.943958 
1.85 0.951181 
1.8475 0.948873 
1.855 0.955516 
1.8525 0.953395 
1.86 0.959496 
1.8575 0.957549 
1.865 0.963144 
1.8625 0.96136 
1.87 0.966484 
1.8675 0.964851 
1.875 0.96954 
1.8725 0.968046 
1.88 0.972331 
1.8775 0.970967 
1.885 0.974879 
1.8825 0.973634 
1.89 0.977202 
1.8875 0.976068 
1.895 0.97932 
1.8925 0.978286 
1.9 0.981248 
1.8975 0.980306 
1.905 0.983002 
1.9025 0.982145 
1.91 0.984597 
1.9075 0.983818 
1.915 0.986047 
1.9125 0.985339 
1.92 0.987363 
1.9175 0.986721 
1.925 0.988559 
1.9225 0.987976 
1.93 0.989644 
1.9275 0.989115 
1.935 0.990628 
1.9325 0.990148 
1.94 0.99152 
1.9375 0.991085 
1.945 0.992329 
1.9425 0.991934 
1.95 0.993061 
1.9475 0.992704 
1.955 0.993725 
1.9525 0.993402 
1.96 0.994326 
1.9575 0.994033 
1.965 0.994871 
1.9625 0.994605 
1.97 0.995363 
1.9675 0.995123 
1.975 0.995809 
1.9725 0.995592 
1.98 0.996212 
1.9775 0.996015 
1.985 0.996577 
1.9825 0.996399 
1.99 0.996907 
1.9875 0.996746 
1.995 0.997205 
1.9925 0.99706 
2 0.997475 
1.9975 0.997343 
2.005 0.997718 
2.0025 0.9976 
2.01 0.997939 
2.0075 0.997831 
2.015 0.998138 
2.0125 0.998041 
2.02 0.998317 
2.0175 0.99823 
2.025 0.99848 
2.0225 0.998401 
2.03 0.998627 
2.0275 0.998555 
2.035 0.998759 
2.0325 0.998694 
2.04 0.998879 
2.0375 0.99882 
2.045 0.998987 
2.0425 0.998934 
2.05 0.999084 
2.0475 0.999036 
2.055 0.999172 
2.0525 0.999129 
2.06 0.999251 
2.0575 0.999212 
2.065 0.999322 
2.0625 0.999287 
2.07 0.999386 
2.0675 0.999355 
2.075 0.999444 
2.0725 0.999416 
2.08 0.999496 
2.0775 0.999471 
2.085 0.999543 
2.0825 0.99952 
2.09 0.999585 
2.0875 0.999565 
2.095 0.999622 
2.0925 0.999604 
2.1 0.999656 
2.0975 0.99964 
2.105 0.999686 
2.1025 0.999671 
2.11 0.999713 
2.1075 0.9997 
2.115 0.999736 
2.1125 0.999725 
2.12 0.999757 
2.1175 0.999747 
2.125 0.999775 
2.1225 0.999767 
2.13 0.999791 
2.1275 0.999784 
2.135 0.999805 
2.1325 0.999798 
2.14 0.999817 
2.1375 0.999811 
2.145 0.999826 
2.1425 0.999822 
2.15 0.999834 
2.1475 0.999831 
2.155 0.999841 
2.1525 0.999838 
2.16 0.999845 
2.1575 0.999843 
2.165 0.999848 
2.1625 0.999847 
2.17 0.99985 
2.1675 0.999849 
2.175 0.99985 
2.1725 0.99985 
2.18 0.999848 
2.1775 0.999849 
2.185 0.999846 
2.1825 0.999847 
2.19 0.999841 
2.1875 0.999844 
2.195 0.999835 
2.1925 0.999839 
2.2 0.999828 
2.1975 0.999832 
2.205 0.99982 
2.2025 0.999824 
2.21 0.999809 
2.2075 0.999815 
2.215 0.999797 
2.2125 0.999804 
2.22 0.999784 
2.2175 0.999791 
2.225 0.999769 
2.2225 0.999777 
2.23 0.999752 
2.2275 0.99976 
2.235 0.999733 
2.2325 0.999742 
2.24 0.999712 
2.2375 0.999723 
2.245 0.999689 
2.2425 0.999701 
2.25 0.999664 
2.2475 0.999677 
2.255 0.999636 
2.2525 0.99965 
2.26 0.999606 
2.2575 0.999622 
2.265 0.999574 
2.2625 0.99959 
2.27 0.999538 
2.2675 0.999556 
2.275 0.9995 
2.2725 0.999519 
2.28 0.999458 
2.2775 0.999479 
2.285 0.999413 
2.2825 0.999436 
2.29 0.999365 
2.2875 0.99939 
2.295 0.999313 
2.2925 0.999339 
2.3 0.999256 
2.2975 0.999285 
2.305 0.999196 
2.3025 0.999227 
2.31 0.999131 
2.3075 0.999164 
2.315 0.99906 
2.3125 0.999096 
2.32 0.998985 
2.3175 0.999023 
2.325 0.998904 
2.3225 0.998945 
2.33 0.998818 
2.3275 0.998862 
2.335 0.998725 
2.3325 0.998772 
2.34 0.998625 
2.3375 0.998676 
2.345 0.998518 
2.3425 0.998572 
2.35 0.998403 
2.3475 0.998462 
2.355 0.998281 
2.3525 0.998343 
2.36 0.998149 
2.3575 0.998216 
2.365 0.998009 
2.3625 0.99808 
2.37 0.997858 
2.3675 0.997935 
2.375 0.997697 
2.3725 0.997779 
2.38 0.997524 
2.3775 0.997612 
2.385 0.99734 
2.3825 0.997434 
2.39 0.997142 
2.3875 0.997243 
2.395 0.996931 
2.3925 0.997038 
2.4 0.996705 
2.3975 0.99682 
2.405 0.996463 
2.4025 0.996586 
2.41 0.996204 
2.4075 0.996336 
2.415 0.995927 
2.4125 0.996068 
2.42 0.995631 
2.4175 0.995781 
2.425 0.995313 
2.4225 0.995475 
2.43 0.994974 
2.4275 0.995147 
2.435 0.99461 
2.4325 0.994795 
2.44 0.994221 
2.4375 0.994419 
2.445 0.993804 
2.4425 0.994016 
2.45 0.993357 
2.4475 0.993584 
2.455 0.992878 
2.4525 0.993122 
2.46 0.992366 
2.4575 0.992626 
2.465 0.991816 
2.4625 0.992095 
2.47 0.991226 
2.4675 0.991526 
2.475 0.990594 
2.4725 0.990916 
2.48 0.989916 
2.4775 0.990261 
2.485 0.989189 
2.4825 0.989559 
2.49 0.988408 
2.4875 0.988805 
2.495 0.98757 
2.4925 0.987997 
2.5 0.986671 
2.4975 0.987129 
2.505 0.985705 
2.5025 0.986197 
2.51 0.984668 
2.5075 0.985196 
2.515 0.983554 
2.5125 0.984121 
2.52 0.982357 
2.5175 0.982966 
2.525 0.981071 
2.5225 0.981726 
2.53 0.979689 
2.5275 0.980393 
2.535 0.978204 
2.5325 0.97896 
2.54 0.976608 
2.5375 0.977421 
2.545 0.974893 
2.5425 0.975766 
2.55 0.973049 
2.5475 0.973988 
2.555 0.971068 
2.5525 0.972076 
2.56 0.968938 
2.5575 0.970022 
2.565 0.966649 
2.5625 0.967814 
2.57 0.96419 
2.5675 0.965442 
2.575 0.961548 
2.5725 0.962893 
2.58 0.95871 
2.5775 0.960154 
2.585 0.955662 
2.5825 0.957213 
2.59 0.952389 
2.5875 0.954054 
2.595 0.948877 
2.5925 0.950664 
2.6 0.945109 
2.5975 0.947026 
2.605 0.941068 
2.6025 0.943123 
2.61 0.936736 
2.6075 0.938939 
2.615 0.932095 
2.6125 0.934455 
2.62 0.927126 
2.6175 0.929652 
2.625 0.921808 
2.6225 0.924512 
2.63 0.916123 
2.6275 0.919013 
2.635 0.910048 
2.6325 0.913135 
2.64 0.903562 
2.6375 0.906858 
2.645 0.896645 
2.6425 0.900159 
2.65 0.889274 
2.6475 0.893017 
2.655 0.881428 
2.6525 0.885411 
2.66 0.873085 
2.6575 0.87732 
2.665 0.864225 
2.6625 0.868721 
2.67 0.854828 
2.6675 0.859595 
2.675 0.844874 
2.6725 0.849922 
2.68 0.834346 
2.6775 0.839683 
2.685 0.823226 
2.6825 0.828861 
2.69 0.811501 
2.6875 0.81744 
2.695 0.799158 
2.6925 0.805407 
2.7 0.786186 
2.6975 0.792751 
2.705 0.772579 
2.7025 0.779462 
2.71 0.758333 
2.7075 0.765536 
2.715 0.743447 
2.7125 0.75097 
2.72 0.727923 
2.7175 0.735764 
2.725 0.71177 
2.7225 0.719925 
2.73 0.694998 
2.7275 0.70346 
2.735 0.677624 
2.7325 0.686385 
2.74 0.659669 
2.7375 0.668718 
2.745 0.641158 
2.7425 0.650481 
2.75 0.622122 
2.7475 0.631703 
2.755 0.602597 
2.7525 0.612418 
2.76 0.582624 
2.7575 0.592664 
2.765 0.56225 
2.7625 0.572484 
2.77 0.541525 
2.7675 0.551928 
2.775 0.520506 
2.7725 0.531048 
2.78 0.499252 
2.7775 0.509904 
2.785 0.477827 
2.7825 0.488557 
2.79 0.4563 
2.7875 0.467072 
2.795 0.43474 
2.7925 0.44552 
2.8 0.41322 
2.7975 0.423971 
2.805 0.391812 
2.8025 0.402497 
2.81 0.370591 
2.8075 0.381174 
2.815 0.349628 
2.8125 0.360073 
2.82 0.328995 
2.8175 0.339266 
2.825 0.308759 
2.8225 0.318823 
2.83 0.288986 
2.8275 0.298811 
2.835 0.269735 
2.8325 0.279292 
2.84 0.251061 
2.8375 0.260323 
2.845 0.233012 
2.8425 0.241955 
2.85 0.215631 
2.8475 0.224236 
2.855 0.198954 
2.8525 0.207203 
2.86 0.183011 
2.8575 0.19089 
2.865 0.167823 
2.8625 0.175322 
2.87 0.153408 
2.8675 0.160518 
2.875 0.139774 
2.8725 0.146493 
2.88 0.126927 
2.8775 0.133252 
2.885 0.114864 
2.8825 0.120797 
2.89 0.103581 
2.8875 0.109126 
2.895 0.0930663 
2.8925 0.0982282 
2.9 0.0833066 
2.8975 0.0880931 
2.905 0.0742841 
2.9025 0.0787044 
2.91 0.0659783 
2.9075 0.070043 
2.915 0.0583659 
2.9125 0.062087 
2.92 0.0514212 
2.9175 0.0548118 
2.925 0.045116 
2.9225 0.0481905 
2.93 0.0394201 
2.9275 0.0421938 
2.935 0.0343014 
2.9325 0.0367907 
2.94 0.0297258 
2.9375 0.0319479 
2.945 0.025658 
2.9425 0.0276307 
2.95 0.0220614 
2.9475 0.0238031 
2.955 0.0188988 
2.9525 0.0204282 
2.96 0.0161326 
2.9575 0.0174684 
2.965 0.0137257 
2.9625 0.0148865 
2.97 0.0116419 
2.9675 0.0126457 
2.975 0.0098463 
2.9725 0.0107102 
2.98 0.00830583 
2.9775 0.00904615 
2.985 0.00698962 
2.9825 0.00762152 
2.99 0.00586922 
2.9875 0.00640662 
2.995 0.00491874 
2.9925 0.00537425 
3 0.00411487 
2.9975 0.00449983 
3.005 0.00343688 
3.0025 0.00376134 
3.01 0.00286646 
3.0075 0.00313927 
3.015 0.00238759 
3.0125 0.00261649 
3.02 0.00198637 
3.0175 0.00217806 
3.025 0.00165079 
3.0225 0.00181105 
3.03 0.00137055 
3.0275 0.00150433 
3.035 0.00113685 
3.0325 0.00124837 
3.04 0.000942201 
3.0375 0.00103506 
3.045 0.000780268 
3.0425 0.000857501 
3.05 0.000645686 
3.0475 0.000709858 
3.055 0.000533943 
3.0525 0.000587212 
3.06 0.000441241 
3.0575 0.000485423 
3.065 0.000364399 
3.0625 0.000401015 
3.07 0.000300752 
3.0675 0.000331075 
3.075 0.00024807 
3.0725 0.000273164 
3.08 0.000204495 
3.0775 0.000225248 
3.085 0.000168476 
3.0825 0.000185627 
3.09 0.00013872 
3.0875 0.000152887 
3.095 0.000114155 
3.0925 0.000125848 
3.1 9.38857e-05 
3.0975 0.000103533 
3.105 7.71717e-05 
3.1025 8.51255e-05 
3.11 6.33971e-05 
3.1075 6.99511e-05 
3.115 5.20514e-05 
3.1125 5.74489e-05 
3.12 4.27117e-05 
3.1175 4.71542e-05 
3.125 3.50276e-05 
3.1225 3.8682e-05 
3.13 2.87093e-05 
3.1275 3.17137e-05 
3.135 2.35169e-05 
3.1325 2.59856e-05 
3.14 1.92523e-05 
3.1375 2.12796e-05 
3.145 1.57516e-05 
3.1425 1.74155e-05 
3.15 1.28798e-05 
3.1475 1.42446e-05 
3.155 1.05252e-05 
3.1525 1.1644e-05 
3.16 8.59573e-06 
3.1575 9.51237e-06 
3.165 7.01565e-06 
3.1625 7.7662e-06 
3.17 5.72244e-06 
3.1675 6.33663e-06 
3.175 4.66467e-06 
3.1725 5.16696e-06 
3.18 3.79999e-06 
3.1775 4.21052e-06 
3.185 3.0936e-06 
3.1825 3.42893e-06 
3.19 2.51688e-06 
3.1875 2.7906e-06 
3.195 2.04632e-06 
3.1925 2.26962e-06 
3.2 1.66263e-06 
3.1975 1.84468e-06 
3.205 1.34998e-06 
3.2025 1.4983e-06 
3.21 1.09537e-06 
3.2075 1.21613e-06 
3.215 8.88172e-07 
3.2125 9.8643e-07 
3.22 7.19667e-07 
3.2175 7.99562e-07 
3.225 5.82722e-07 
3.2225 6.47641e-07 
3.23 4.71502e-07 
3.2275 5.24217e-07 
3.235 3.81237e-07 
3.2325 4.24012e-07 
3.24 3.0803e-07 
3.2375 3.42715e-07 
3.245 2.487e-07 
3.2425 2.76805e-07 
3.25 2.00649e-07 
3.2475 2.23407e-07 
3.255 1.61762e-07 
3.2525 1.80176e-07 
3.26 1.30314e-07 
3.2575 1.45203e-07 
3.265 1.04901e-07 
3.2625 1.1693e-07 
3.27 8.43788e-08 
3.2675 9.40907e-08 
3.275 6.78196e-08 
3.2725 7.56546e-08 
3.28 5.44679e-08 
3.2775 6.0784e-08 
3.285 4.37106e-08 
3.2825 4.87984e-08 
3.29 3.50503e-08 
3.2875 3.91455e-08 
3.295 2.80836e-08 
3.2925 3.13772e-08 
3.3 2.24836e-08 
3.2975 2.51305e-08 
3.305 1.79858e-08 
3.3025 2.01113e-08 
3.31 1.43761e-08 
3.3075 1.60816e-08 
3.315 1.14815e-08 
3.3125 1.28489e-08 
3.32 9.16224e-09 
3.3175 1.02576e-08 
3.325 7.30541e-09 
3.3225 8.18215e-09 
3.33 5.82004e-09 
3.3275 6.52124e-09 
3.335 4.63281e-09 
3.3325 5.19314e-09 
3.34 3.68466e-09 
3.3375 4.13206e-09 
3.345 2.92808e-09 
3.3425 3.285e-09 
3.35 2.32487e-09 
3.3475 2.60938e-09 
3.355 1.84435e-09 
3.3525 2.07094e-09 
3.36 1.46189e-09 
3.3575 1.6422e-09 
3.365 1.15774e-09 
3.3625 1.3011e-09 
3.37 9.16075e-10 
3.3675 1.02995e-09 
3.375 7.24222e-10 
3.3725 8.14607e-10 
3.38 5.72049e-10 
3.3775 6.43724e-10 
3.385 4.51453e-10 
3.3825 5.08241e-10 
3.39 3.55966e-10 
3.3875 4.0092e-10 
3.395 2.80428e-10 
3.3925 3.15982e-10 
3.4 2.20723e-10 
3.3975 2.48818e-10 
3.405 1.73575e-10 
3.4025 1.95756e-10 
3.41 1.36376e-10 
3.4075 1.53873e-10 
3.415 1.07054e-10 
3.4125 1.20842e-10 
3.42 8.39606e-11 
3.4175 9.48172e-11 
3.425 6.57897e-11 
3.4225 7.43301e-11 
3.43 5.1505e-11 
3.4275 5.82173e-11 
3.435 4.02855e-11 
3.4325 4.55562e-11 
3.44 3.14815e-11 
3.4375 3.56164e-11 
3.445 2.45793e-11 
3.4425 2.78202e-11 
3.45 1.9173e-11 
3.4475 2.17109e-11 
3.455 1.49423e-11 
3.4525 1.69279e-11 
3.46 1.16346e-11 
3.4575 1.31866e-11 
3.465 9.05095e-12 
3.4625 1.02629e-11 
3.47 7.03466e-12 
3.4675 7.98026e-12 
3.475 5.4626e-12 
3.4725 6.19968e-12 
3.48 4.23804e-12 
3.4775 4.81205e-12 
3.485 3.28503e-12 
3.4825 3.73164e-12 
3.49 2.54404e-12 
3.4875 2.8912e-12 
3.495 1.96843e-12 
3.4925 2.23804e-12 
3.5 1.5217e-12 
3.4975 1.73089e-12 
3.505 1.17531e-12 
3.5025 1.33748e-12 
3.51 9.06964e-13 
3.5075 1.03256e-12 
3.515 6.99275e-13 
3.5125 7.96463e-13 
3.52 5.38674e-13 
3.5175 6.13809e-13 
3.525 4.14599e-13 
3.5225 4.72632e-13 
3.53 3.18829e-13 
3.5275 3.63612e-13 
3.535 2.44972e-13 
3.5325 2.795e-13 
3.54 1.88066e-13 
3.5375 2.14663e-13 
3.545 1.44258e-13 
3.5425 1.64728e-13 
3.55 1.10564e-13 
3.5475 1.26305e-13 
3.555 8.46707e-14 
3.5525 9.67644e-14 
3.56 6.47898e-14 
3.5575 7.40733e-14 
3.565 4.95381e-14 
3.5625 5.66584e-14 
3.57 3.78475e-14 
3.5675 4.3304e-14 
3.575 2.8894e-14 
3.5725 3.30721e-14 
3.58 2.20424e-14 
3.5775 2.5239e-14 
3.585 1.68035e-14 
3.5825 1.92471e-14 
3.59 1.28008e-14 
3.5875 1.46674e-14 
3.595 9.74504e-15 
3.5925 1.11698e-14 
3.6 7.41394e-15 
3.5975 8.5006e-15 
3.605 5.63697e-15 
3.6025 6.46516e-15 
3.61 4.28337e-15 
3.6075 4.91412e-15 
3.615 3.25299e-15 
3.6125 3.73304e-15 
3.62 2.46918e-15 
3.6175 2.83429e-15 
3.625 1.87331e-15 
3.6225 2.15082e-15 
3.63 1.4206e-15 
3.6275 1.63141e-15 
3.635 1.07686e-15 
3.6325 1.2369e-15 
3.64 8.15993e-16 
3.6375 9.37431e-16 
3.645 6.1813e-16 
3.6425 7.10227e-16 
3.65 4.68122e-16 
3.6475 5.37936e-16 
3.655 3.54446e-16 
3.6525 4.07346e-16 
3.66 2.68334e-16 
3.6575 3.08403e-16 
3.665 2.03126e-16 
3.6625 2.33465e-16 
3.67 1.53761e-16 
3.6675 1.76727e-16 
3.675 1.16398e-16 
3.6725 1.3378e-16 
3.68 8.81255e-17 
3.6775 1.01278e-16 
3.685 6.67331e-17 
3.6825 7.66844e-17 
3.69 5.05476e-17 
3.6875 5.80767e-17 
3.695 3.83014e-17 
3.6925 4.39982e-17 
3.7 2.90349e-17 
3.6975 3.33457e-17 
3.705 2.20219e-17 
3.7025 2.52846e-17 
3.71 1.67131e-17 
3.7075 1.91831e-17 
3.715 1.26931e-17 
3.7125 1.45636e-17 
3.72 9.6476e-18 
3.7175 1.10649e-17 
3.725 7.33932e-18 
3.7225 8.41368e-18 
3.73 5.58875e-18 
3.7275 6.40367e-18 
3.735 4.26024e-18 
3.7325 4.8788e-18 
3.74 3.25124e-18 
3.7375 3.72114e-18 
3.745 2.48425e-18 
3.7425 2.84153e-18 
3.75 1.90066e-18 
3.7475 2.17258e-18 
3.755 1.45616e-18 
3.7525 1.66333e-18 
3.76 1.11721e-18 
3.7575 1.27524e-18 
3.765 8.58437e-19 
3.7625 9.79125e-19 
3.77 6.60617e-19 
3.7675 7.5291e-19 
3.775 5.09186e-19 
3.7725 5.79863e-19 
3.78 3.93099e-19 
3.7775 4.47301e-19 
3.785 3.03974e-19 
3.7825 3.45605e-19 
3.79 2.35443e-19 
3.7875 2.67467e-19 
3.795 1.82662e-19 
3.7925 2.07337e-19 
3.8 1.41946e-19 
3.7975 1.60989e-19 
3.805 1.10485e-19 
3.8025 1.25206e-19 
3.81 8.61352e-20 
3.8075 9.75339e-20 
3.815 6.72569e-20 
3.8125 7.60981e-20 
3.82 5.25965e-20 
3.8175 5.94654e-20 
3.825 4.11927e-20 
3.8225 4.65381e-20 
3.83 3.23076e-20 
3.8275 3.64742e-20 
3.835 2.53737e-20 
3.8325 2.86266e-20 
3.84 1.99542e-20 
3.8375 2.24977e-20 
3.845 1.57118e-20 
3.8425 1.77037e-20 
3.85 1.2386e-20 
3.8475 1.39481e-20 
3.855 9.77507e-21 
3.8525 1.10019e-20 
3.86 7.7226e-21 
3.8575 8.68733e-21 
3.865 6.10706e-21 
3.8625 6.86667e-21 
3.87 4.83389e-21 
3.8675 5.4327e-21 
3.875 3.82937e-21 
3.8725 4.30197e-21 
3.88 3.03597e-21 
3.8775 3.40935e-21 
3.885 2.40868e-21 
3.8825 2.70396e-21 
3.89 1.91225e-21 
3.8875 2.14599e-21 
3.895 1.51905e-21 
3.8925 1.70422e-21 
3.9 1.20735e-21 
3.8975 1.35417e-21 
3.905 9.60081e-22 
3.9025 1.07658e-21 
3.91 7.63788e-22 
3.9075 8.56283e-22 
3.915 6.07867e-22 
3.9125 6.8135e-22 
3.92 4.83944e-22 
3.9175 5.42355e-22 
3.925 3.85401e-22 
3.9225 4.31855e-22 
3.93 3.07006e-22 
3.9275 3.43966e-22 
3.935 2.44612e-22 
3.9325 2.74031e-22 
3.94 1.94937e-22 
3.9375 2.18361e-22 
3.945 1.55374e-22 
3.9425 1.74031e-22 
3.95 1.23856e-22 
3.9475 1.38721e-22 
3.955 9.8742e-23 
3.9525 1.10587e-22 
3.96 7.87257e-23 
3.9575 8.81669e-23 
3.965 6.27699e-23 
3.9625 7.02962e-23 
3.97 5.0049e-23 
3.9675 5.60496e-23 
3.975 3.99061e-23 
3.9725 4.46907e-23 
3.98 3.18181e-23 
3.9775 3.56334e-23 
3.985 2.53682e-23 
3.9825 2.84108e-23 
3.99 2.02245e-23 
3.9875 2.2651e-23 
3.995 1.61224e-23 
3.9925 1.80575e-23 
4 1.28511e-23 
3.9975 1.43943e-23 
4.005 1.02424e-23 
4.0025 1.1473e-23 
4.01 8.1621e-24 
4.0075 9.1434e-24 
4.015 6.50338e-24 
4.0125 7.28582e-24 
4.02 5.1809e-24 
4.0175 5.80471e-24 
4.025 4.1266e-24 
4.0225 4.6239e-24 
4.03 3.28622e-24 
4.0275 3.6826e-24 
4.035 2.61643e-24 
4.0325 2.93234e-24 
4.04 2.08269e-24 
4.0375 2.33442e-24 
4.045 1.65744e-24 
4.0425 1.85799e-24 
4.05 1.31869e-24 
4.0475 1.47844e-24 
4.055 1.0489e-24 
4.0525 1.17612e-24 
4.06 8.34069e-25 
4.0575 9.35367e-25 
4.065 6.63047e-25 
4.0625 7.43684e-25 
4.07 5.26933e-25 
4.0675 5.91107e-25 
4.075 4.18628e-25 
4.0725 4.69687e-25 
4.08 3.32474e-25 
4.0775 3.73088e-25 
4.085 2.6396e-25 
4.0825 2.96256e-25 
4.09 2.0949e-25 
4.0875 2.35164e-25 
4.095 1.66199e-25 
4.0925 1.86602e-25 
4.1 1.31804e-25 
4.0975 1.48013e-25 
4.105 1.04486e-25 
4.1025 1.17359e-25 
4.11 8.2796e-26 
4.1075 9.30155e-26 
4.115 6.55811e-26 
4.1125 7.36913e-26 
4.12 5.1923e-26 
4.1175 5.83569e-26 
4.125 4.10911e-26 
4.1225 4.61932e-26 
4.13 3.25041e-26 
4.1275 3.65483e-26 
4.135 2.56994e-26 
4.1325 2.89039e-26 
4.14 2.03095e-26 
4.1375 2.28475e-26 
4.145 1.60421e-26 
4.1425 1.80513e-26 
4.15 1.2665e-26 
4.1475 1.42548e-26 
4.155 9.9936e-27 
4.1525 1.1251e-26 
4.16 7.88151e-27 
4.1575 8.87552e-27 
4.165 6.21243e-27 
4.1625 6.99785e-27 
4.17 4.8941e-27 
4.1675 5.51438e-27 
4.175 3.85336e-27 
4.1725 4.34297e-27 
4.18 3.03219e-27 
4.1775 3.41845e-27 
4.185 2.38461e-27 
4.1825 2.68917e-27 
4.19 1.87421e-27 
4.1875 2.11422e-27 
4.195 1.47216e-27 
4.1925 1.66119e-27 
4.2 1.15564e-27 
4.1975 1.30444e-27 
4.205 9.06604e-28 
4.2025 1.02366e-27 
4.21 7.10776e-28 
4.2075 8.02804e-28 
4.215 5.56884e-28 
4.2125 6.29193e-28 
4.22 4.36023e-28 
4.2175 4.92802e-28 
4.225 3.41163e-28 
4.2225 3.8572e-28 
4.23 2.66759e-28 
4.2275 3.01701e-28 
4.235 2.08438e-28 
4.2325 2.35822e-28 
4.24 1.62753e-28 
4.2375 1.842e-28 
4.245 1.26991e-28 
4.2425 1.43777e-28 
4.25 9.90157e-29 
4.2475 1.12144e-28 
4.255 7.7147e-29 
4.2525 8.74079e-29 
4.26 6.0064e-29 
4.2575 6.80779e-29 
4.265 4.67289e-29 
4.2625 5.29834e-29 
4.27 3.6327e-29 
4.2675 4.12048e-29 
4.275 2.8219e-29 
4.2725 3.20204e-29 
4.28 2.19038e-29 
4.2775 2.48641e-29 
4.285 1.69887e-29 
4.2825 1.92922e-29 
4.29 1.31661e-29 
4.2875 1.49572e-29 
4.295 1.01956e-29 
4.2925 1.15872e-29 
4.3 7.88893e-30 
4.2975 8.96929e-30 
4.305 6.0992e-30 
4.3025 6.93727e-30 
4.31 4.71166e-30 
4.3075 5.36126e-30 
4.315 3.63678e-30 
4.3125 4.13989e-30 
4.32 2.80479e-30 
4.3175 3.19413e-30 
4.325 2.16133e-30 
4.3225 2.46238e-30 
4.33 1.66409e-30 
4.3275 1.89668e-30 
4.335 1.28015e-30 
4.3325 1.4597e-30 
4.34 9.83961e-31 
4.3375 1.12245e-30 
4.345 7.55649e-31 
4.3425 8.62372e-31 
4.35 5.7981e-31 
4.3475 6.61986e-31 
4.355 4.44501e-31 
4.3525 5.07722e-31 
4.36 3.4047e-31 
4.3575 3.89065e-31 
4.365 2.60557e-31 
4.3625 2.97877e-31 
4.37 1.99223e-31 
4.3675 2.2786e-31 
4.375 1.52191e-31 
4.3725 1.74145e-31 
4.38 1.16158e-31 
4.3775 1.32974e-31 
4.385 8.85763e-32 
4.3825 1.01445e-31 
4.39 6.74826e-32 
4.3875 7.7322e-32 
4.395 5.13653e-32 
4.3925 5.88816e-32 
4.4 3.90617e-32 
4.3975 4.47981e-32 
4.405 2.96778e-32 
4.4025 3.40518e-32 
4.41 2.25274e-32 
4.4075 2.58595e-32 
4.415 1.70839e-32 
4.4125 1.962e-32 
4.42 1.29437e-32 
4.4175 1.48721e-32 
4.425 9.7977e-33 
4.4225 1.12627e-32 
4.43 7.40936e-33 
4.4275 8.52123e-33 
4.435 5.59794e-33 
4.4325 6.44102e-33 
4.44 4.22536e-33 
4.4375 4.86403e-33 
4.445 3.18631e-33 
4.4425 3.66966e-33 
4.45 2.40047e-33 
4.4475 2.76594e-33 
4.455 1.80672e-33 
4.4525 2.08278e-33 
4.46 1.35853e-33 
4.4575 1.56686e-33 
4.465 1.02053e-33 
4.4625 1.1776e-33 
4.47 7.65892e-34 
4.4675 8.84196e-34 
4.475 5.74231e-34 
4.4725 6.63252e-34 
4.48 4.30115e-34 
4.4775 4.97035e-34 
4.485 3.21855e-34 
4.4825 3.72112e-34 
4.49 2.40609e-34 
4.4875 2.78315e-34 
4.495 1.79696e-34 
4.4925 2.07958e-34 
4.5 1.34072e-34 
4.4975 1.55235e-34 
4.505 9.99337e-35 
4.5025 1.15765e-34 
4.51 7.44145e-35 
4.5075 8.62456e-35 
4.515 5.53573e-35 
4.5125 6.41901e-35 
4.52 4.11398e-35 
4.5175 4.77277e-35 
4.525 3.05435e-35 
4.5225 3.54521e-35 
4.53 2.2654e-35 
4.5275 2.63077e-35 
4.535 1.67856e-35 
4.5325 1.95026e-35 
4.54 1.2425e-35 
4.5375 1.44434e-35 
4.545 9.18807e-36 
4.5425 1.0686e-35 
4.55 6.7876e-36 
4.5475 7.8981e-36 
4.555 5.00926e-36 
4.5525 5.83173e-36 
4.56 3.69313e-36 
4.5575 4.30167e-36 
4.565 2.72007e-36 
4.5625 3.16986e-36 
4.57 2.00137e-36 
4.5675 2.33349e-36 
4.575 1.47109e-36 
4.5725 1.71607e-36 
4.58 1.08022e-36 
4.5775 1.26075e-36 
4.585 7.92399e-37 
4.5825 9.25295e-37 
4.59 5.80682e-37 
4.5875 6.78413e-37 
4.595 4.25102e-37 
4.5925 4.969e-37 
4.6 3.10891e-37 
4.5975 3.63583e-37 
4.605 2.27134e-37 
4.6025 2.65765e-37 
4.61 1.65773e-37 
4.6075 1.94067e-37 
4.615 1.20866e-37 
4.6125 1.41567e-37 
4.62 8.80348e-38 
4.6175 1.03165e-37 
4.625 6.40562e-38 
4.6225 7.51036e-38 
4.63 4.65614e-38 
4.6275 5.46194e-38 
4.635 3.38101e-38 
4.6325 3.96816e-38 
4.64 2.45259e-38 
4.6375 2.87998e-38 
4.645 1.77729e-38 
4.6425 2.08807e-38 
4.65 1.28662e-38 
4.6475 1.51237e-38 
4.655 9.30457e-39 
4.6525 1.09427e-38 
4.66 6.72199e-39 
4.6575 7.90952e-39 
4.665 4.85127e-39 
4.6625 5.71123e-39 
4.67 3.49758e-39 
4.6675 4.11969e-39 
4.675 2.51904e-39 
4.6725 2.96861e-39 
4.68 1.81241e-39 
4.6775 2.13697e-39 
4.685 1.30266e-39 
4.6825 1.53673e-39 
4.69 9.35325e-40 
4.6875 1.10395e-39 
4.695 6.70883e-40 
4.6925 7.92242e-40 
4.7 4.80713e-40 
4.6975 5.67962e-40 
4.705 3.44095e-40 
4.7025 4.06757e-40 
4.71 2.4605e-40 
4.7075 2.91007e-40 
4.715 1.75761e-40 
4.7125 2.07982e-40 
4.72 1.25423e-40 
4.7175 1.48492e-40 
4.725 8.94094e-41 
4.7225 1.05909e-40 
4.73 6.36712e-41 
4.7275 7.54599e-41 
4.735 4.52956e-41 
4.7325 5.37097e-41 
4.74 3.21901e-41 
4.7375 3.81894e-41 
4.745 2.2853e-41 
4.7425 2.7126e-41 
4.75 1.62075e-41 
4.7475 1.92478e-41 
4.755 1.14826e-41 
4.7525 1.36437e-41 
4.76 8.1268e-42 
4.7575 9.66124e-42 
4.765 5.74582e-42 
4.7625 6.83421e-42 
4.77 4.05823e-42 
4.7675 4.82944e-42 
4.775 2.86336e-42 
4.7725 3.40925e-42 
4.78 2.01821e-42 
4.7775 2.40422e-42 
4.785 1.42106e-42 
4.7825 1.69372e-42 
4.79 9.9956e-43 
4.7875 1.19196e-42 
4.795 7.0236e-43 
4.7925 8.37986e-43 
4.8 4.9302e-43 
4.7975 5.88524e-43 
4.805 3.45718e-43 
4.8025 4.129e-43 
4.81 2.42177e-43 
4.8075 2.89387e-43 
4.815 1.69472e-43 
4.8125 2.02613e-43 
4.82 1.18472e-43 
4.8175 1.41713e-43 
4.825 8.27347e-44 
4.8225 9.90156e-44 
4.83 5.77183e-44 
4.8275 6.91119e-44 
4.835 4.02247e-44 
4.8325 4.81898e-44 
4.84 2.80044e-44 
4.8375 3.35669e-44 
4.845 1.94767e-44 
4.8425 2.33573e-44 
4.85 1.35318e-44 
4.8475 1.62363e-44 
4.855 9.39189e-45 
4.8525 1.12747e-44 
4.86 6.51185e-45 
4.8575 7.82132e-45 
4.865 4.51035e-45 
4.8625 5.42012e-45 
4.87 3.12083e-45 
4.8675 3.75225e-45 
4.875 2.15718e-45 
4.8725 2.59495e-45 
4.88 1.48956e-45 
4.8775 1.79276e-45 
4.885 1.0275e-45 
4.8825 1.23729e-45 
4.89 7.08051e-46 
4.8875 8.5305e-46 
4.895 4.87418e-46 
4.8925 5.87535e-46 
4.9 3.35193e-46 
4.8975 4.04249e-46 
4.905 2.30273e-46 
4.9025 2.77856e-46 
4.91 1.58034e-46 
4.9075 1.90786e-46 
4.915 1.08346e-46 
4.9125 1.30867e-46 
4.92 7.42046e-47 
4.9175 8.96751e-47 
4.925 5.07701e-47 
4.9225 6.13861e-47 
4.93 3.47012e-47 
4.9275 4.19784e-47 
4.935 2.36942e-47 
4.9325 2.86776e-47 
4.94 1.61625e-47 
4.9375 1.95715e-47 
4.945 1.10142e-47 
4.9425 1.33437e-47 
4.95 7.49899e-48 
4.9475 9.08907e-48 
4.955 5.10172e-48 
4.9525 6.18573e-48 
4.96 3.46914e-48 
4.9575 4.20705e-48 
4.965 2.35936e-48 
4.9625 2.86067e-48 
4.97 1.60711e-48 
4.9675 1.94658e-48 
4.975 1.09976e-48 
4.9725 1.32828e-48 
4.98 7.60956e-49 
4.9775 9.12964e-49 
4.985 5.39485e-49 
4.9825 6.37992e-49 
4.99 4.01719e-49 
4.9875 4.61697e-49 
4.995 3.26667e-49 
4.9925 3.57263e-49 
5 3.02863e-49 
4.9975 3.08754e-49 
