0 6.23179e-06 
0.005 6.29285e-06 
0.0025 6.24703e-06 
0.01 6.47707e-06 
0.0075 6.36942e-06 
0.015 6.78759e-06 
0.0125 6.61627e-06 
0.02 7.22968e-06 
0.0175 6.99177e-06 
0.025 7.81082e-06 
0.0225 7.50231e-06 
0.03 8.54082e-06 
0.0275 8.1565e-06 
0.035 9.43196e-06 
0.0325 8.96538e-06 
0.04 1.04992e-05 
0.0375 9.94252e-06 
0.045 1.17603e-05 
0.0425 1.11043e-05 
0.05 1.32362e-05 
0.0475 1.247e-05 
0.055 1.49513e-05 
0.0525 1.40622e-05 
0.06 1.69336e-05 
0.0575 1.59071e-05 
0.065 1.92156e-05 
0.0625 1.8035e-05 
0.07 2.18342e-05 
0.0675 2.04803e-05 
0.075 2.48314e-05 
0.0725 2.32826e-05 
0.08 2.82552e-05 
0.0775 2.64868e-05 
0.085 3.216e-05 
0.0825 3.01438e-05 
0.09 3.66073e-05 
0.0875 3.43117e-05 
0.095 4.16666e-05 
0.0925 3.90557e-05 
0.1 4.74167e-05 
0.0975 4.445e-05 
0.105 5.39462e-05 
0.1025 5.0578e-05 
0.11 6.13552e-05 
0.1075 5.7534e-05 
0.115 6.97566e-05 
0.1125 6.54243e-05 
0.12 7.92773e-05 
0.1175 7.43685e-05 
0.125 9.00604e-05 
0.1225 8.45014e-05 
0.13 0.000102267 
0.1275 9.59748e-05 
0.135 0.000116077 
0.1325 0.000108959 
0.14 0.000131695 
0.1375 0.000123646 
0.145 0.000149349 
0.1425 0.000140252 
0.15 0.000169297 
0.1475 0.000159019 
0.155 0.000191825 
0.1525 0.000180219 
0.16 0.00021726 
0.1575 0.000204158 
0.165 0.000245963 
0.1625 0.000231178 
0.17 0.000278343 
0.1675 0.000261666 
0.175 0.000314858 
0.1725 0.000296053 
0.18 0.000356022 
0.1775 0.000334825 
0.185 0.00040241 
0.1825 0.000378524 
0.19 0.000454668 
0.1875 0.000427762 
0.195 0.000513519 
0.1925 0.000483221 
0.2 0.000579776 
0.1975 0.000545668 
0.205 0.000654347 
0.2025 0.000615961 
0.21 0.000738249 
0.2075 0.000695063 
0.215 0.000832624 
0.2125 0.000784051 
0.22 0.000938749 
0.2175 0.000884132 
0.225 0.00105805 
0.2225 0.000996658 
0.23 0.00119214 
0.2275 0.00112314 
0.235 0.00134279 
0.2325 0.00126527 
0.24 0.00151202 
0.2375 0.00142495 
0.245 0.00170207 
0.2425 0.0016043 
0.25 0.00191544 
0.2475 0.00180567 
0.255 0.00215494 
0.2525 0.00203174 
0.26 0.00242369 
0.2575 0.00228545 
0.265 0.00272521 
0.2625 0.00257012 
0.27 0.00306339 
0.2675 0.00288945 
0.275 0.0034426 
0.2725 0.00324757 
0.28 0.00386772 
0.2775 0.0036491 
0.285 0.00434419 
0.2825 0.00409917 
0.29 0.00487806 
0.2875 0.00460354 
0.295 0.0054761 
0.2925 0.00516861 
0.3 0.00614584 
0.2975 0.00580151 
0.305 0.00689566 
0.3025 0.00651018 
0.31 0.00773488 
0.3075 0.00730347 
0.315 0.00867389 
0.3125 0.00819122 
0.32 0.0097242 
0.3175 0.00918437 
0.325 0.0108986 
0.3225 0.010295 
0.33 0.0122113 
0.3275 0.0115367 
0.335 0.0136779 
0.3325 0.0129243 
0.34 0.0153159 
0.3375 0.0144743 
0.345 0.0171444 
0.3425 0.0162051 
0.35 0.0191846 
0.3475 0.0181366 
0.355 0.0214597 
0.3525 0.0202912 
0.36 0.0239952 
0.3575 0.0226932 
0.365 0.0268193 
0.3625 0.0253694 
0.37 0.0299626 
0.3675 0.0283491 
0.375 0.0334583 
0.3725 0.0316642 
0.38 0.0373427 
0.3775 0.0353495 
0.385 0.0416551 
0.3825 0.0394428 
0.39 0.0464376 
0.3875 0.0439848 
0.395 0.0517355 
0.3925 0.0490192 
0.4 0.0575972 
0.3975 0.0545928 
0.405 0.0640737 
0.4025 0.0607553 
0.41 0.0712189 
0.4075 0.0675593 
0.415 0.0790887 
0.4125 0.0750597 
0.42 0.0877411 
0.4175 0.0833135 
0.425 0.0972351 
0.4225 0.0923792 
0.43 0.10763 
0.4275 0.102316 
0.435 0.118984 
0.4325 0.113183 
0.44 0.131354 
0.4375 0.125039 
0.445 0.144794 
0.4425 0.137937 
0.45 0.15935 
0.4475 0.151929 
0.455 0.175065 
0.4525 0.167061 
0.46 0.19197 
0.4575 0.183367 
0.465 0.210087 
0.4625 0.200876 
0.47 0.229422 
0.4675 0.219602 
0.475 0.249969 
0.4725 0.239546 
0.48 0.271703 
0.4775 0.26069 
0.485 0.294579 
0.4825 0.283002 
0.49 0.318535 
0.4875 0.306427 
0.495 0.343487 
0.4925 0.330893 
0.5 0.369331 
0.4975 0.356305 
0.505 0.395945 
0.5025 0.38255 
0.51 0.423187 
0.5075 0.409497 
0.515 0.450903 
0.5125 0.436996 
0.52 0.478926 
0.5175 0.464887 
0.525 0.507083 
0.5225 0.492999 
0.53 0.535195 
0.5275 0.521156 
0.535 0.563087 
0.5325 0.54918 
0.54 0.590588 
0.5375 0.576897 
0.545 0.617535 
0.5425 0.60414 
0.55 0.643783 
0.5475 0.630755 
0.555 0.669197 
0.5525 0.656601 
0.56 0.693665 
0.5575 0.681556 
0.565 0.717094 
0.5625 0.705515 
0.57 0.739408 
0.5675 0.728394 
0.575 0.760556 
0.5725 0.750131 
0.58 0.780503 
0.5775 0.770681 
0.585 0.799232 
0.5825 0.79002 
0.59 0.816745 
0.5875 0.80814 
0.595 0.833055 
0.5925 0.825049 
0.6 0.84819 
0.5975 0.840767 
0.605 0.862185 
0.6025 0.855327 
0.61 0.875087 
0.6075 0.86877 
0.615 0.886945 
0.6125 0.881143 
0.62 0.897814 
0.6175 0.892499 
0.625 0.907753 
0.6225 0.902896 
0.63 0.916821 
0.6275 0.912392 
0.635 0.925076 
0.6325 0.921046 
0.64 0.932577 
0.6375 0.928917 
0.645 0.939381 
0.6425 0.936063 
0.65 0.945544 
0.6475 0.94254 
0.655 0.951117 
0.6525 0.948401 
0.66 0.956151 
0.6575 0.953699 
0.665 0.960692 
0.6625 0.95848 
0.67 0.964784 
0.6675 0.962791 
0.675 0.968467 
0.6725 0.966674 
0.68 0.97178 
0.6775 0.970168 
0.685 0.974758 
0.6825 0.973309 
0.69 0.977431 
0.6875 0.976131 
0.695 0.97983 
0.6925 0.978663 
0.7 0.981982 
0.6975 0.980936 
0.705 0.98391 
0.7025 0.982973 
0.71 0.985638 
0.7075 0.984798 
0.715 0.987184 
0.7125 0.986432 
0.72 0.988568 
0.7175 0.987895 
0.725 0.989806 
0.7225 0.989204 
0.73 0.990913 
0.7275 0.990375 
0.735 0.991902 
0.7325 0.991422 
0.74 0.992786 
0.7375 0.992357 
0.745 0.993576 
0.7425 0.993192 
0.75 0.994281 
0.7475 0.993938 
0.755 0.99491 
0.7525 0.994604 
0.76 0.995471 
0.7575 0.995199 
0.765 0.995972 
0.7625 0.995729 
0.77 0.996419 
0.7675 0.996202 
0.775 0.996817 
0.7725 0.996623 
0.78 0.997171 
0.7775 0.996999 
0.785 0.997487 
0.7825 0.997334 
0.79 0.997769 
0.7875 0.997632 
0.795 0.998019 
0.7925 0.997898 
0.8 0.998242 
0.7975 0.998134 
0.805 0.998441 
0.8025 0.998345 
0.81 0.998617 
0.8075 0.998532 
0.815 0.998775 
0.8125 0.998698 
0.82 0.998914 
0.8175 0.998846 
0.825 0.999038 
0.8225 0.998978 
0.83 0.999148 
0.8275 0.999095 
0.835 0.999246 
0.8325 0.999199 
0.84 0.999333 
0.8375 0.999291 
0.845 0.99941 
0.8425 0.999373 
0.85 0.999479 
0.8475 0.999446 
0.855 0.999539 
0.8525 0.99951 
0.86 0.999593 
0.8575 0.999567 
0.865 0.999641 
0.8625 0.999618 
0.87 0.999683 
0.8675 0.999663 
0.875 0.99972 
0.8725 0.999702 
0.88 0.999753 
0.8775 0.999737 
0.885 0.999783 
0.8825 0.999769 
0.89 0.999809 
0.8875 0.999796 
0.895 0.999831 
0.8925 0.99982 
0.9 0.999852 
0.8975 0.999842 
0.905 0.999869 
0.9025 0.999861 
0.91 0.999885 
0.9075 0.999877 
0.915 0.999899 
0.9125 0.999892 
0.92 0.999911 
0.9175 0.999905 
0.925 0.999922 
0.9225 0.999917 
0.93 0.999931 
0.9275 0.999927 
0.935 0.999939 
0.9325 0.999935 
0.94 0.999946 
0.9375 0.999943 
0.945 0.999953 
0.9425 0.99995 
0.95 0.999958 
0.9475 0.999956 
0.955 0.999963 
0.9525 0.999961 
0.96 0.999967 
0.9575 0.999965 
0.965 0.999971 
0.9625 0.999969 
0.97 0.999973 
0.9675 0.999972 
0.975 0.999976 
0.9725 0.999975 
0.98 0.999978 
0.9775 0.999977 
0.985 0.99998 
0.9825 0.999979 
0.99 0.999981 
0.9875 0.99998 
0.995 0.999982 
0.9925 0.999981 
1 0.999982 
0.9975 0.999982 
1.005 0.999983 
1.0025 0.999983 
1.01 0.999983 
1.0075 0.999983 
1.015 0.999982 
1.0125 0.999983 
1.02 0.999982 
1.0175 0.999982 
1.025 0.999981 
1.0225 0.999981 
1.03 0.999979 
1.0275 0.99998 
1.035 0.999978 
1.0325 0.999979 
1.04 0.999976 
1.0375 0.999977 
1.045 0.999973 
1.0425 0.999975 
1.05 0.999971 
1.0475 0.999972 
1.055 0.999968 
1.0525 0.999969 
1.06 0.999964 
1.0575 0.999966 
1.065 0.99996 
1.0625 0.999962 
1.07 0.999955 
1.0675 0.999957 
1.075 0.999949 
1.0725 0.999952 
1.08 0.999943 
1.0775 0.999946 
1.085 0.999936 
1.0825 0.99994 
1.09 0.999929 
1.0875 0.999933 
1.095 0.99992 
1.0925 0.999924 
1.1 0.99991 
1.0975 0.999915 
1.105 0.999899 
1.1025 0.999905 
1.11 0.999887 
1.1075 0.999894 
1.115 0.999874 
1.1125 0.999881 
1.12 0.999859 
1.1175 0.999867 
1.125 0.999842 
1.1225 0.999851 
1.13 0.999823 
1.1275 0.999833 
1.135 0.999803 
1.1325 0.999813 
1.14 0.99978 
1.1375 0.999792 
1.145 0.999754 
1.1425 0.999767 
1.15 0.999726 
1.1475 0.999741 
1.155 0.999695 
1.1525 0.999711 
1.16 0.99966 
1.1575 0.999678 
1.165 0.999622 
1.1625 0.999641 
1.17 0.999579 
1.1675 0.999601 
1.175 0.999532 
1.1725 0.999556 
1.18 0.99948 
1.1775 0.999507 
1.185 0.999423 
1.1825 0.999452 
1.19 0.99936 
1.1875 0.999392 
1.195 0.99929 
1.1925 0.999326 
1.2 0.999213 
1.1975 0.999253 
1.205 0.999129 
1.2025 0.999172 
1.21 0.999035 
1.2075 0.999083 
1.215 0.998932 
1.2125 0.998985 
1.22 0.998819 
1.2175 0.998877 
1.225 0.998695 
1.2225 0.998759 
1.23 0.998558 
1.2275 0.998628 
1.235 0.998408 
1.2325 0.998485 
1.24 0.998243 
1.2375 0.998328 
1.245 0.998062 
1.2425 0.998155 
1.25 0.997864 
1.2475 0.997965 
1.255 0.997646 
1.2525 0.997757 
1.26 0.997407 
1.2575 0.997529 
1.265 0.997145 
1.2625 0.997279 
1.27 0.996858 
1.2675 0.997004 
1.275 0.996543 
1.2725 0.996704 
1.28 0.996199 
1.2775 0.996375 
1.285 0.995823 
1.2825 0.996015 
1.29 0.995411 
1.2875 0.995621 
1.295 0.99496 
1.2925 0.995191 
1.3 0.994468 
1.2975 0.99472 
1.305 0.99393 
1.3025 0.994205 
1.31 0.993343 
1.3075 0.993643 
1.315 0.992702 
1.3125 0.993029 
1.32 0.992002 
1.3175 0.99236 
1.325 0.991239 
1.3225 0.991629 
1.33 0.990407 
1.3275 0.990832 
1.335 0.9895 
1.3325 0.989963 
1.34 0.988512 
1.3375 0.989016 
1.345 0.987436 
1.3425 0.987985 
1.35 0.986265 
1.3475 0.986863 
1.355 0.984991 
1.3525 0.985641 
1.36 0.983605 
1.3575 0.984313 
1.365 0.9821 
1.3625 0.982868 
1.37 0.980465 
1.3675 0.981299 
1.375 0.97869 
1.3725 0.979595 
1.38 0.976764 
1.3775 0.977746 
1.385 0.974676 
1.3825 0.975741 
1.39 0.972414 
1.3875 0.973567 
1.395 0.969964 
1.3925 0.971213 
1.4 0.967314 
1.3975 0.968665 
1.405 0.964449 
1.4025 0.965909 
1.41 0.961355 
1.4075 0.962932 
1.415 0.958016 
1.4125 0.959717 
1.42 0.954416 
1.4175 0.956249 
1.425 0.950539 
1.4225 0.952513 
1.43 0.946368 
1.4275 0.948491 
1.435 0.941886 
1.4325 0.944167 
1.44 0.937076 
1.4375 0.939523 
1.445 0.931921 
1.4425 0.934543 
1.45 0.926405 
1.4475 0.929209 
1.455 0.92051 
1.4525 0.923506 
1.46 0.914221 
1.4575 0.917416 
1.465 0.907525 
1.4625 0.910925 
1.47 0.900407 
1.4675 0.904019 
1.475 0.892856 
1.4725 0.896686 
1.48 0.884863 
1.4775 0.888915 
1.485 0.876421 
1.4825 0.880698 
1.49 0.867526 
1.4875 0.87203 
1.495 0.858179 
1.4925 0.862909 
1.5 0.848384 
1.4975 0.853337 
1.505 0.838147 
1.5025 0.84332 
1.51 0.827483 
1.5075 0.832868 
1.515 0.816411 
1.5125 0.821997 
1.52 0.804953 
1.5175 0.810728 
1.525 0.793141 
1.5225 0.799089 
1.53 0.781011 
1.5275 0.787113 
1.535 0.768607 
1.5325 0.77484 
1.54 0.755977 
1.5375 0.762317 
1.545 0.743179 
1.5425 0.749596 
1.55 0.730275 
1.5475 0.736736 
1.555 0.717333 
1.5525 0.723804 
1.56 0.704428 
1.5575 0.710871 
1.565 0.69164 
1.5625 0.698014 
1.57 0.679052 
1.5675 0.685316 
1.575 0.666753 
1.5725 0.672861 
1.58 0.654833 
1.5775 0.66074 
1.585 0.643384 
1.5825 0.649044 
1.59 0.632501 
1.5875 0.637866 
1.595 0.622274 
1.5925 0.6273 
1.6 0.612797 
1.5975 0.617437 
1.605 0.604157 
1.6025 0.608367 
1.61 0.596438 
1.6075 0.600177 
1.615 0.589719 
1.6125 0.592949 
1.62 0.584071 
1.6175 0.586757 
1.625 0.579558 
1.6225 0.581669 
1.63 0.576234 
1.6275 0.577745 
1.635 0.574141 
1.6325 0.575031 
1.64 0.57331 
1.6375 0.573566 
1.645 0.573762 
1.6425 0.573376 
1.65 0.575503 
1.6475 0.574472 
1.655 0.578523 
1.6525 0.576854 
1.66 0.582804 
1.6575 0.580508 
1.665 0.588312 
1.6625 0.585407 
1.67 0.594999 
1.6675 0.591511 
1.675 0.602808 
1.6725 0.598767 
1.68 0.611669 
1.6775 0.607112 
1.685 0.621504 
1.6825 0.61647 
1.69 0.632224 
1.6875 0.626759 
1.695 0.643735 
1.6925 0.637887 
1.7 0.655936 
1.6975 0.649755 
1.705 0.668722 
1.7025 0.662262 
1.71 0.681987 
1.7075 0.675302 
1.715 0.695623 
1.7125 0.688765 
1.72 0.709521 
1.7175 0.702546 
1.725 0.723578 
1.7225 0.716536 
1.73 0.737692 
1.7275 0.730634 
1.735 0.751767 
1.7325 0.74474 
1.74 0.765713 
1.7375 0.758761 
1.745 0.779449 
1.7425 0.772612 
1.75 0.792901 
1.7475 0.786215 
1.755 0.806002 
1.7525 0.799499 
1.76 0.818699 
1.7575 0.812404 
1.765 0.830943 
1.7625 0.82488 
1.77 0.842696 
1.7675 0.836883 
1.775 0.853931 
1.7725 0.84838 
1.78 0.864626 
1.7775 0.859347 
1.785 0.874768 
1.7825 0.869766 
1.79 0.884352 
1.7875 0.87963 
1.795 0.893377 
1.7925 0.888934 
1.8 0.901849 
1.7975 0.897682 
1.805 0.90978 
1.8025 0.905882 
1.81 0.917182 
1.8075 0.913546 
1.815 0.924074 
1.8125 0.920691 
1.82 0.930475 
1.8175 0.927334 
1.825 0.936407 
1.8225 0.933498 
1.83 0.941893 
1.8275 0.939205 
1.835 0.946957 
1.8325 0.944477 
1.84 0.951624 
1.8375 0.949339 
1.845 0.955916 
1.8425 0.953815 
1.85 0.959859 
1.8475 0.957929 
1.855 0.963475 
1.8525 0.961706 
1.86 0.966787 
1.8575 0.965168 
1.865 0.969818 
1.8625 0.968336 
1.87 0.972588 
1.8675 0.971234 
1.875 0.975116 
1.8725 0.973881 
1.88 0.977423 
1.8775 0.976296 
1.885 0.979525 
1.8825 0.978498 
1.89 0.981439 
1.8875 0.980504 
1.895 0.983181 
1.8925 0.98233 
1.9 0.984764 
1.8975 0.983991 
1.905 0.986203 
1.9025 0.985501 
1.91 0.987511 
1.9075 0.986873 
1.915 0.988697 
1.9125 0.988118 
1.92 0.989773 
1.9175 0.989248 
1.925 0.990749 
1.9225 0.990273 
1.93 0.991634 
1.9275 0.991203 
1.935 0.992436 
1.9325 0.992045 
1.94 0.993162 
1.9375 0.992808 
1.945 0.99382 
1.9425 0.993499 
1.95 0.994415 
1.9475 0.994125 
1.955 0.994954 
1.9525 0.994691 
1.96 0.995441 
1.9575 0.995204 
1.965 0.995882 
1.9625 0.995667 
1.97 0.996281 
1.9675 0.996086 
1.975 0.996641 
1.9725 0.996465 
1.98 0.996967 
1.9775 0.996808 
1.985 0.997261 
1.9825 0.997118 
1.99 0.997527 
1.9875 0.997398 
1.995 0.997767 
1.9925 0.99765 
2 0.997985 
1.9975 0.997879 
2.005 0.99818 
2.0025 0.998085 
2.01 0.998357 
2.0075 0.998271 
2.015 0.998517 
2.0125 0.998439 
2.02 0.998661 
2.0175 0.998591 
2.025 0.998791 
2.0225 0.998728 
2.03 0.998909 
2.0275 0.998852 
2.035 0.999015 
2.0325 0.998963 
2.04 0.99911 
2.0375 0.999064 
2.045 0.999196 
2.0425 0.999154 
2.05 0.999274 
2.0475 0.999236 
2.055 0.999344 
2.0525 0.99931 
2.06 0.999406 
2.0575 0.999376 
2.065 0.999463 
2.0625 0.999435 
2.07 0.999514 
2.0675 0.999489 
2.075 0.99956 
2.0725 0.999537 
2.08 0.9996 
2.0775 0.999581 
2.085 0.999637 
2.0825 0.999619 
2.09 0.99967 
2.0875 0.999654 
2.095 0.999699 
2.0925 0.999685 
2.1 0.999725 
2.0975 0.999713 
2.105 0.999748 
2.1025 0.999737 
2.11 0.999769 
2.1075 0.999759 
2.115 0.999787 
2.1125 0.999778 
2.12 0.999803 
2.1175 0.999795 
2.125 0.999816 
2.1225 0.99981 
2.13 0.999828 
2.1275 0.999822 
2.135 0.999837 
2.1325 0.999833 
2.14 0.999845 
2.1375 0.999842 
2.145 0.999852 
2.1425 0.999849 
2.15 0.999857 
2.1475 0.999854 
2.155 0.99986 
2.1525 0.999859 
2.16 0.999862 
2.1575 0.999861 
2.165 0.999863 
2.1625 0.999863 
2.17 0.999862 
2.1675 0.999862 
2.175 0.99986 
2.1725 0.999861 
2.18 0.999856 
2.1775 0.999858 
2.185 0.999851 
2.1825 0.999854 
2.19 0.999845 
2.1875 0.999848 
2.195 0.999837 
2.1925 0.999841 
2.2 0.999828 
2.1975 0.999833 
2.205 0.999818 
2.2025 0.999823 
2.21 0.999805 
2.2075 0.999812 
2.215 0.999792 
2.2125 0.999799 
2.22 0.999776 
2.2175 0.999784 
2.225 0.999759 
2.2225 0.999768 
2.23 0.99974 
2.2275 0.99975 
2.235 0.999719 
2.2325 0.99973 
2.24 0.999696 
2.2375 0.999708 
2.245 0.99967 
2.2425 0.999683 
2.25 0.999642 
2.2475 0.999657 
2.255 0.999612 
2.2525 0.999628 
2.26 0.999579 
2.2575 0.999596 
2.265 0.999543 
2.2625 0.999562 
2.27 0.999505 
2.2675 0.999524 
2.275 0.999462 
2.2725 0.999484 
2.28 0.999417 
2.2775 0.99944 
2.285 0.999368 
2.2825 0.999393 
2.29 0.999314 
2.2875 0.999342 
2.295 0.999257 
2.2925 0.999286 
2.3 0.999195 
2.2975 0.999227 
2.305 0.999128 
2.3025 0.999162 
2.31 0.999056 
2.3075 0.999093 
2.315 0.998979 
2.3125 0.999018 
2.32 0.998896 
2.3175 0.998938 
2.325 0.998806 
2.3225 0.998852 
2.33 0.99871 
2.3275 0.998759 
2.335 0.998607 
2.3325 0.998659 
2.34 0.998496 
2.3375 0.998552 
2.345 0.998377 
2.3425 0.998437 
2.35 0.998249 
2.3475 0.998314 
2.355 0.998112 
2.3525 0.998181 
2.36 0.997964 
2.3575 0.998039 
2.365 0.997806 
2.3625 0.997887 
2.37 0.997637 
2.3675 0.997723 
2.375 0.997455 
2.3725 0.997548 
2.38 0.99726 
2.3775 0.99736 
2.385 0.997052 
2.3825 0.997158 
2.39 0.996828 
2.3875 0.996942 
2.395 0.996588 
2.3925 0.99671 
2.4 0.99633 
2.3975 0.996461 
2.405 0.996054 
2.4025 0.996195 
2.41 0.995759 
2.4075 0.995909 
2.415 0.995441 
2.4125 0.995603 
2.42 0.995101 
2.4175 0.995274 
2.425 0.994736 
2.4225 0.994922 
2.43 0.994345 
2.4275 0.994544 
2.435 0.993926 
2.4325 0.994139 
2.44 0.993475 
2.4375 0.993704 
2.445 0.992992 
2.4425 0.993238 
2.45 0.992474 
2.4475 0.992738 
2.455 0.991918 
2.4525 0.992201 
2.46 0.991321 
2.4575 0.991624 
2.465 0.990679 
2.4625 0.991006 
2.47 0.989991 
2.4675 0.990341 
2.475 0.989251 
2.4725 0.989628 
2.48 0.988457 
2.4775 0.988861 
2.485 0.987604 
2.4825 0.988038 
2.49 0.986687 
2.4875 0.987154 
2.495 0.985702 
2.4925 0.986203 
2.5 0.984642 
2.4975 0.985182 
2.505 0.983504 
2.5025 0.984084 
2.51 0.98228 
2.5075 0.982903 
2.515 0.980964 
2.5125 0.981634 
2.52 0.979549 
2.5175 0.98027 
2.525 0.978028 
2.5225 0.978803 
2.53 0.976392 
2.5275 0.977225 
2.535 0.974633 
2.5325 0.975529 
2.54 0.972741 
2.5375 0.973704 
2.545 0.970708 
2.5425 0.971743 
2.55 0.968521 
2.5475 0.969634 
2.555 0.96617 
2.5525 0.967367 
2.56 0.963643 
2.5575 0.964929 
2.565 0.960927 
2.5625 0.96231 
2.57 0.95801 
2.5675 0.959495 
2.575 0.954876 
2.5725 0.956471 
2.58 0.95151 
2.5775 0.953223 
2.585 0.947898 
2.5825 0.949736 
2.59 0.944022 
2.5875 0.945994 
2.595 0.939865 
2.5925 0.94198 
2.6 0.935408 
2.5975 0.937675 
2.605 0.930634 
2.6025 0.933062 
2.61 0.925522 
2.6075 0.928121 
2.615 0.920052 
2.6125 0.922833 
2.62 0.914204 
2.6175 0.917177 
2.625 0.907956 
2.6225 0.911132 
2.63 0.901288 
2.6275 0.904676 
2.635 0.894176 
2.6325 0.897789 
2.64 0.886601 
2.6375 0.890448 
2.645 0.878539 
2.6425 0.882632 
2.65 0.86997 
2.6475 0.874319 
2.655 0.860873 
2.6525 0.865489 
2.66 0.851228 
2.6575 0.85612 
2.665 0.841017 
2.6625 0.846195 
2.67 0.830222 
2.6675 0.835693 
2.675 0.818827 
2.6725 0.8246 
2.68 0.806818 
2.6775 0.8129 
2.685 0.794184 
2.6825 0.80058 
2.69 0.780916 
2.6875 0.787629 
2.695 0.767008 
2.6925 0.774042 
2.7 0.752457 
2.6975 0.759813 
2.705 0.737264 
2.7025 0.744941 
2.71 0.721435 
2.7075 0.729429 
2.715 0.704978 
2.7125 0.713284 
2.72 0.687905 
2.7175 0.696517 
2.725 0.670237 
2.7225 0.679144 
2.73 0.651994 
2.7275 0.661186 
2.735 0.633206 
2.7325 0.642666 
2.74 0.613905 
2.7375 0.623617 
2.745 0.594128 
2.7425 0.604073 
2.75 0.57392 
2.7475 0.584075 
2.755 0.553327 
2.7525 0.563668 
2.76 0.532404 
2.7575 0.542904 
2.765 0.511208 
2.7625 0.521836 
2.77 0.489799 
2.7675 0.500526 
2.775 0.468245 
2.7725 0.479036 
2.78 0.446613 
2.7775 0.457434 
2.785 0.424974 
2.7825 0.43579 
2.79 0.403402 
2.7875 0.414175 
2.795 0.381971 
2.7925 0.392664 
2.8 0.360753 
2.7975 0.37133 
2.805 0.339821 
2.8025 0.350247 
2.81 0.319247 
2.8075 0.329485 
2.815 0.299098 
2.8125 0.309115 
2.82 0.279437 
2.8175 0.289202 
2.825 0.260323 
2.8225 0.269808 
2.83 0.24181 
2.8275 0.250988 
2.835 0.223946 
2.8325 0.232794 
2.84 0.206772 
2.8375 0.215271 
2.845 0.190322 
2.8425 0.198455 
2.85 0.174625 
2.8475 0.182378 
2.855 0.159701 
2.8525 0.167065 
2.86 0.145565 
2.8575 0.152534 
2.865 0.132226 
2.8625 0.138796 
2.87 0.119688 
2.8675 0.125857 
2.875 0.107947 
2.8725 0.113718 
2.88 0.0969973 
2.8775 0.102374 
2.885 0.0868262 
2.8825 0.0918153 
2.89 0.0774186 
2.8875 0.0820281 
2.895 0.0687553 
2.8925 0.0729953 
2.9 0.0608139 
2.8975 0.0646959 
2.905 0.0535688 
2.9025 0.057106 
2.91 0.0469918 
2.9075 0.0501987 
2.915 0.0410518 
2.9125 0.0439442 
2.92 0.0357155 
2.9175 0.0383103 
2.925 0.0309475 
2.9225 0.0332628 
2.93 0.0267107 
2.9275 0.0287651 
2.935 0.0229665 
2.9325 0.0247795 
2.94 0.0196756 
2.9375 0.0212668 
2.945 0.0167984 
2.9425 0.0181877 
2.95 0.0142959 
2.9475 0.0155027 
2.955 0.0121299 
2.9525 0.0131732 
2.96 0.0102638 
2.9575 0.0111616 
2.965 0.00866293 
2.9625 0.00943228 
2.97 0.00729502 
2.9675 0.00795177 
2.975 0.00613039 
2.9725 0.00668904 
2.98 0.00514208 
2.9775 0.00561577 
2.985 0.00430585 
2.9825 0.00470636 
2.99 0.00360016 
2.9875 0.00393793 
2.995 0.00300604 
2.9925 0.00329025 
3 0.0025069 
2.9975 0.00274555 
3.005 0.00208832 
3.0025 0.00228835 
3.01 0.00173788 
3.0075 0.00190528 
3.015 0.00144492 
3.0125 0.00158482 
3.02 0.00120034 
3.0175 0.0013171 
3.025 0.000996375 
3.0225 0.00109371 
3.03 0.000826471 
3.0275 0.000907535 
3.035 0.000685073 
3.0325 0.00075252 
3.04 0.0005675 
3.0375 0.00062357 
3.045 0.000469816 
3.0425 0.000516391 
3.05 0.000388717 
3.0475 0.000427378 
3.055 0.000321434 
3.0525 0.000353503 
3.06 0.000265649 
3.0575 0.000292233 
3.065 0.000219427 
3.0625 0.000241451 
3.07 0.00018115 
3.0675 0.000199385 
3.075 0.000149472 
3.0725 0.000164561 
3.08 0.000123268 
3.0775 0.000135748 
3.085 0.000101605 
3.0825 0.000111921 
3.09 8.37054e-05 
3.0875 9.22279e-05 
3.095 6.8923e-05 
3.0925 7.59603e-05 
3.1 5.67214e-05 
3.0975 6.25294e-05 
3.105 4.66553e-05 
3.1025 5.14461e-05 
3.11 3.83552e-05 
3.1075 4.23049e-05 
3.115 3.15147e-05 
3.1125 3.47694e-05 
3.12 2.58802e-05 
3.1175 2.85608e-05 
3.125 2.12415e-05 
3.1225 2.3448e-05 
3.13 1.74246e-05 
3.1275 1.92399e-05 
3.135 1.42855e-05 
3.1325 1.57783e-05 
3.14 1.17054e-05 
3.1375 1.29322e-05 
3.145 9.5857e-06 
3.1425 1.05934e-05 
3.15 7.84533e-06 
3.1475 8.67259e-06 
3.155 6.41717e-06 
3.1525 7.09592e-06 
3.16 5.24587e-06 
3.1575 5.80246e-06 
3.165 4.28578e-06 
3.1625 4.74194e-06 
3.17 3.49927e-06 
3.1675 3.8729e-06 
3.175 2.85533e-06 
3.1725 3.16118e-06 
3.18 2.32843e-06 
3.1775 2.57866e-06 
3.185 1.89756e-06 
3.1825 2.10215e-06 
3.19 1.54543e-06 
3.1875 1.71261e-06 
3.195 1.25783e-06 
3.1925 1.39435e-06 
3.2 1.02308e-06 
3.1975 1.13449e-06 
3.205 8.31587e-07 
3.2025 9.22453e-07 
3.21 6.75483e-07 
3.2075 7.49544e-07 
3.215 5.48309e-07 
3.2125 6.08635e-07 
3.22 4.44773e-07 
3.2175 4.93877e-07 
3.225 3.60537e-07 
3.2225 4.00481e-07 
3.23 2.92049e-07 
3.2275 3.24519e-07 
3.235 2.36403e-07 
3.2325 2.6278e-07 
3.24 1.91222e-07 
3.2375 2.12635e-07 
3.245 1.54564e-07 
3.2425 1.71935e-07 
3.25 1.24843e-07 
3.2475 1.38923e-07 
3.255 1.00762e-07 
3.2525 1.12168e-07 
3.26 8.1265e-08 
3.2575 9.04981e-08 
3.265 6.54915e-08 
3.2625 7.296e-08 
3.27 5.27395e-08 
3.2675 5.87762e-08 
3.275 4.2438e-08 
3.2725 4.73137e-08 
3.28 3.41223e-08 
3.2775 3.80573e-08 
3.285 2.74146e-08 
3.2825 3.05881e-08 
3.29 2.20083e-08 
3.2875 2.45656e-08 
3.295 1.76541e-08 
3.2925 1.97133e-08 
3.3 1.41501e-08 
3.2975 1.58069e-08 
3.305 1.13324e-08 
3.3025 1.26644e-08 
3.31 9.06852e-09 
3.3075 1.01385e-08 
3.315 7.25096e-09 
3.3125 8.10979e-09 
3.32 5.79293e-09 
3.3175 6.48173e-09 
3.325 4.62426e-09 
3.3225 5.17624e-09 
3.33 3.6883e-09 
3.3275 4.13028e-09 
3.335 2.93932e-09 
3.3325 3.29292e-09 
3.34 2.34047e-09 
3.3375 2.62313e-09 
3.345 1.86206e-09 
3.3425 2.08782e-09 
3.35 1.48018e-09 
3.3475 1.66035e-09 
3.355 1.17561e-09 
3.3525 1.31927e-09 
3.36 9.32913e-10 
3.3575 1.04737e-09 
3.365 7.39681e-10 
3.3625 8.30786e-10 
3.37 5.85967e-10 
3.3675 6.58424e-10 
3.375 4.63793e-10 
3.3725 5.21369e-10 
3.38 3.66773e-10 
3.3775 4.12485e-10 
3.385 2.89795e-10 
3.3825 3.26055e-10 
3.39 2.28772e-10 
3.3875 2.5751e-10 
3.395 1.8044e-10 
3.3925 2.03196e-10 
3.4 1.42194e-10 
3.3975 1.60197e-10 
3.405 1.11956e-10 
3.4025 1.26186e-10 
3.41 8.80694e-11 
3.4075 9.93077e-11 
3.415 6.9218e-11 
3.4125 7.80854e-11 
3.42 5.43535e-11 
3.4175 6.13438e-11 
3.425 4.26432e-11 
3.4225 4.81489e-11 
3.43 3.34261e-11 
3.4275 3.77586e-11 
3.435 2.61779e-11 
3.4325 2.95841e-11 
3.44 2.04832e-11 
3.4375 2.31587e-11 
3.445 1.60131e-11 
3.4425 1.81127e-11 
3.45 1.25074e-11 
3.4475 1.41536e-11 
3.455 9.76047e-12 
3.4525 1.10501e-11 
3.46 7.61011e-12 
3.4575 8.61943e-12 
3.465 5.92826e-12 
3.4625 6.71748e-12 
3.47 4.61403e-12 
3.4675 5.23059e-12 
3.475 3.588e-12 
3.4725 4.06924e-12 
3.48 2.78769e-12 
3.4775 3.16297e-12 
3.485 2.164e-12 
3.4825 2.45639e-12 
3.49 1.67839e-12 
3.4875 1.90599e-12 
3.495 1.30063e-12 
3.4925 1.47764e-12 
3.5 1.00704e-12 
3.4975 1.14458e-12 
3.505 7.79053e-13 
3.5025 8.85832e-13 
3.51 6.02174e-13 
3.5075 6.84998e-13 
3.515 4.65067e-13 
3.5125 5.29252e-13 
3.52 3.5888e-13 
3.5175 4.08579e-13 
3.525 2.76713e-13 
3.5225 3.15161e-13 
3.53 2.13187e-13 
3.5275 2.42905e-13 
3.535 1.64114e-13 
3.5325 1.87066e-13 
3.54 1.26238e-13 
3.5375 1.43949e-13 
3.545 9.70297e-14 
3.5425 1.10685e-13 
3.55 7.45231e-14 
3.5475 8.50427e-14 
3.555 5.7195e-14 
3.5525 6.52924e-14 
3.56 4.38645e-14 
3.5575 5.00925e-14 
3.565 3.36175e-14 
3.5625 3.84039e-14 
3.57 2.57468e-14 
3.5675 2.94224e-14 
3.575 1.97059e-14 
3.5725 2.25264e-14 
3.58 1.50728e-14 
3.5775 1.72356e-14 
3.585 1.15221e-14 
3.5825 1.31793e-14 
3.59 8.80272e-15 
3.5875 1.00717e-14 
3.595 6.72149e-15 
3.5925 7.69252e-15 
3.6 5.1297e-15 
3.5975 5.87225e-15 
3.605 3.913e-15 
3.6025 4.48048e-15 
3.61 2.98357e-15 
3.6075 3.417e-15 
3.615 2.27399e-15 
3.6125 2.60484e-15 
3.62 1.73254e-15 
3.6175 1.98496e-15 
3.625 1.3196e-15 
3.6225 1.51209e-15 
3.63 1.00482e-15 
3.6275 1.15153e-15 
3.635 7.64959e-16 
3.6325 8.76742e-16 
3.64 5.82262e-16 
3.6375 6.67397e-16 
3.645 4.43153e-16 
3.6425 5.07971e-16 
3.65 3.37263e-16 
3.6475 3.86599e-16 
3.655 2.5668e-16 
3.6525 2.94223e-16 
3.66 1.95366e-16 
3.6575 2.2393e-16 
3.665 1.48721e-16 
3.6625 1.70451e-16 
3.67 1.13238e-16 
3.6675 1.29768e-16 
3.675 8.62459e-17 
3.6725 9.88203e-17 
3.68 6.5712e-17 
3.6775 7.5278e-17 
3.685 5.0089e-17 
3.6825 5.73675e-17 
3.69 3.82003e-17 
3.6875 4.37395e-17 
3.695 2.91509e-17 
3.6925 3.33675e-17 
3.7 2.22603e-17 
3.6975 2.54713e-17 
3.705 1.70113e-17 
3.7025 1.94576e-17 
3.71 1.30109e-17 
3.7075 1.48755e-17 
3.715 9.96021e-18 
3.7125 1.13824e-17 
3.72 7.63234e-18 
3.7175 8.71779e-18 
3.725 5.85468e-18 
3.7225 6.68375e-18 
3.73 4.49608e-18 
3.7275 5.12985e-18 
3.735 3.45683e-18 
3.7325 3.94175e-18 
3.74 2.66108e-18 
3.7375 3.03248e-18 
3.745 2.05115e-18 
3.7425 2.33591e-18 
3.75 1.58313e-18 
3.7475 1.8017e-18 
3.755 1.22357e-18 
3.7525 1.39154e-18 
3.76 9.47002e-19 
3.7575 1.07625e-18 
3.765 7.33989e-19 
3.7625 8.33569e-19 
3.77 5.69709e-19 
3.7675 6.46535e-19 
3.775 4.42837e-19 
3.7725 5.02191e-19 
3.78 3.44716e-19 
3.7775 3.90637e-19 
3.785 2.68721e-19 
3.7825 3.04301e-19 
3.79 2.09778e-19 
3.7875 2.37385e-19 
3.795 1.63992e-19 
3.7925 1.85445e-19 
3.8 1.28375e-19 
3.7975 1.4507e-19 
3.805 1.00628e-19 
3.8025 1.13639e-19 
3.81 7.89797e-20 
3.8075 8.91346e-20 
3.815 6.20663e-20 
3.8125 7.00033e-20 
3.82 4.88335e-20 
3.8175 5.50455e-20 
3.825 3.84661e-20 
3.8225 4.33347e-20 
3.83 3.03329e-20 
3.8275 3.41537e-20 
3.835 2.39442e-20 
3.8325 2.69465e-20 
3.84 1.89197e-20 
3.8375 2.12817e-20 
3.845 1.49634e-20 
3.8425 1.68238e-20 
3.85 1.18446e-20 
3.8475 1.33116e-20 
3.855 9.38353e-21 
3.8525 1.05415e-20 
3.86 7.4394e-21 
3.8575 8.35433e-21 
3.865 5.90218e-21 
3.8625 6.6258e-21 
3.87 4.68563e-21 
3.8675 5.25843e-21 
3.875 3.72205e-21 
3.8725 4.17584e-21 
3.88 2.95823e-21 
3.8775 3.31801e-21 
3.885 2.35232e-21 
3.8825 2.63778e-21 
3.89 1.87136e-21 
3.8875 2.09799e-21 
3.895 1.48934e-21 
3.8925 1.66938e-21 
3.9 1.18574e-21 
3.8975 1.32884e-21 
3.905 9.4434e-22 
3.9025 1.05814e-21 
3.91 7.52301e-22 
3.9075 8.42839e-22 
3.915 5.99466e-22 
3.9125 6.71529e-22 
3.92 4.77786e-22 
3.9175 5.35165e-22 
3.925 3.80877e-22 
3.9225 4.26579e-22 
3.93 3.03673e-22 
3.9275 3.40085e-22 
3.935 2.4215e-22 
3.9325 2.71168e-22 
3.94 1.93112e-22 
3.9375 2.16242e-22 
3.945 1.54017e-22 
3.9425 1.72458e-22 
3.95 1.22844e-22 
3.9475 1.37549e-22 
3.955 9.79838e-23 
3.9525 1.09711e-22 
3.96 7.81559e-23 
3.9575 8.75099e-23 
3.965 6.23401e-23 
3.9625 6.98015e-23 
3.97 4.97237e-23 
3.9675 5.56758e-23 
3.975 3.96589e-23 
3.9725 4.44073e-23 
3.98 3.16296e-23 
3.9775 3.54177e-23 
3.985 2.52239e-23 
3.9825 2.8246e-23 
3.99 2.01137e-23 
3.9875 2.25246e-23 
3.995 1.60371e-23 
3.9925 1.79604e-23 
4 1.27852e-23 
3.9975 1.43193e-23 
4.005 1.01913e-23 
4.0025 1.1415e-23 
4.01 8.12241e-24 
4.0075 9.0984e-24 
4.015 6.47247e-24 
4.0125 7.2508e-24 
4.02 5.15677e-24 
4.0175 5.77741e-24 
4.025 4.10773e-24 
4.0225 4.60256e-24 
4.03 3.27143e-24 
4.0275 3.6659e-24 
4.035 2.60482e-24 
4.0325 2.91924e-24 
4.04 2.07357e-24 
4.0375 2.32413e-24 
4.045 1.65026e-24 
4.0425 1.8499e-24 
4.05 1.31303e-24 
4.0475 1.47207e-24 
4.055 1.04443e-24 
4.0525 1.1711e-24 
4.06 8.30547e-25 
4.0575 9.31403e-25 
4.065 6.60266e-25 
4.0625 7.40555e-25 
4.07 5.24735e-25 
4.0675 5.88635e-25 
4.075 4.1689e-25 
4.0725 4.67733e-25 
4.08 3.311e-25 
4.0775 3.71542e-25 
4.085 2.62873e-25 
4.0825 2.95033e-25 
4.09 2.08631e-25 
4.0875 2.34197e-25 
4.095 1.65519e-25 
4.0925 1.85837e-25 
4.1 1.31266e-25 
4.0975 1.47408e-25 
4.105 1.0406e-25 
4.1025 1.1688e-25 
4.11 8.24592e-26 
4.1075 9.26368e-26 
4.115 6.53147e-26 
4.1125 7.33918e-26 
4.12 5.17124e-26 
4.1175 5.812e-26 
4.125 4.09246e-26 
4.1225 4.60059e-26 
4.13 3.23725e-26 
4.1275 3.64003e-26 
4.135 2.55955e-26 
4.1325 2.87869e-26 
4.14 2.02274e-26 
4.1375 2.27551e-26 
4.145 1.59773e-26 
4.1425 1.79783e-26 
4.15 1.26138e-26 
4.1475 1.41972e-26 
4.155 9.95326e-27 
4.1525 1.12056e-26 
4.16 7.8497e-27 
4.1575 8.8397e-27 
4.165 6.18736e-27 
4.1625 6.96961e-27 
4.17 4.87436e-27 
4.1675 5.49214e-27 
4.175 3.83782e-27 
4.1725 4.32545e-27 
4.18 3.01996e-27 
4.1775 3.40466e-27 
4.185 2.375e-27 
4.1825 2.67833e-27 
4.19 1.86666e-27 
4.1875 2.1057e-27 
4.195 1.46623e-27 
4.1925 1.6545e-27 
4.2 1.15098e-27 
4.1975 1.29918e-27 
4.205 9.02948e-28 
4.2025 1.01953e-27 
4.21 7.0791e-28 
4.2075 7.99567e-28 
4.215 5.54638e-28 
4.2125 6.26655e-28 
4.22 4.34265e-28 
4.2175 4.90815e-28 
4.225 3.39787e-28 
4.2225 3.84164e-28 
4.23 2.65683e-28 
4.2275 3.00485e-28 
4.235 2.07597e-28 
4.2325 2.34871e-28 
4.24 1.62096e-28 
4.2375 1.83457e-28 
4.245 1.26478e-28 
4.2425 1.43197e-28 
4.25 9.86161e-29 
4.2475 1.11692e-28 
4.255 7.68357e-29 
4.2525 8.70551e-29 
4.26 5.98216e-29 
4.2575 6.78031e-29 
4.265 4.65403e-29 
4.2625 5.27695e-29 
4.27 3.61803e-29 
4.2675 4.10384e-29 
4.275 2.81051e-29 
4.2725 3.18911e-29 
4.28 2.18154e-29 
4.2775 2.47637e-29 
4.285 1.69201e-29 
4.2825 1.92143e-29 
4.29 1.31129e-29 
4.2875 1.48968e-29 
4.295 1.01544e-29 
4.2925 1.15404e-29 
4.3 7.85705e-30 
4.2975 8.93304e-30 
4.305 6.07455e-30 
4.3025 6.90923e-30 
4.31 4.69261e-30 
4.3075 5.33959e-30 
4.315 3.62208e-30 
4.3125 4.12316e-30 
4.32 2.79345e-30 
4.3175 3.18122e-30 
4.325 2.15259e-30 
4.3225 2.45242e-30 
4.33 1.65736e-30 
4.3275 1.88901e-30 
4.335 1.27498e-30 
4.3325 1.4538e-30 
4.34 9.79979e-31 
4.3375 1.11791e-30 
4.345 7.5259e-31 
4.3425 8.58882e-31 
4.35 5.77463e-31 
4.3475 6.59307e-31 
4.355 4.42701e-31 
4.3525 5.05666e-31 
4.36 3.39091e-31 
4.3575 3.8749e-31 
4.365 2.59501e-31 
4.3625 2.96671e-31 
4.37 1.98416e-31 
4.3675 2.26937e-31 
4.375 1.51575e-31 
4.3725 1.7344e-31 
4.38 1.15687e-31 
4.3775 1.32435e-31 
4.385 8.82173e-32 
4.3825 1.01034e-31 
4.39 6.7209e-32 
4.3875 7.70085e-32 
4.395 5.1157e-32 
4.3925 5.86428e-32 
4.4 3.89032e-32 
4.3975 4.46164e-32 
4.405 2.95574e-32 
4.4025 3.39137e-32 
4.41 2.2436e-32 
4.4075 2.57546e-32 
4.415 1.70146e-32 
4.4125 1.95404e-32 
4.42 1.28912e-32 
4.4175 1.48117e-32 
4.425 9.75791e-33 
4.4225 1.12169e-32 
4.43 7.37927e-33 
4.4275 8.48662e-33 
4.435 5.5752e-33 
4.4325 6.41485e-33 
4.44 4.20819e-33 
4.4375 4.84427e-33 
4.445 3.17336e-33 
4.4425 3.65475e-33 
4.45 2.39072e-33 
4.4475 2.7547e-33 
4.455 1.79937e-33 
4.4525 2.07432e-33 
4.46 1.353e-33 
4.4575 1.56049e-33 
4.465 1.01638e-33 
4.4625 1.17281e-33 
4.47 7.62776e-34 
4.4675 8.80599e-34 
4.475 5.71895e-34 
4.4725 6.60553e-34 
4.48 4.28365e-34 
4.4775 4.95012e-34 
4.485 3.20544e-34 
4.4825 3.70597e-34 
4.49 2.39629e-34 
4.4875 2.77182e-34 
4.495 1.78964e-34 
4.4925 2.07111e-34 
4.5 1.33526e-34 
4.4975 1.54603e-34 
4.505 9.95265e-35 
4.5025 1.15293e-34 
4.51 7.41112e-35 
4.5075 8.58941e-35 
4.515 5.51316e-35 
4.5125 6.39284e-35 
4.52 4.0972e-35 
4.5175 4.75331e-35 
4.525 3.04189e-35 
4.5225 3.53076e-35 
4.53 2.25615e-35 
4.5275 2.62004e-35 
4.535 1.67171e-35 
4.5325 1.9423e-35 
4.54 1.23743e-35 
4.5375 1.43845e-35 
4.545 9.15055e-36 
4.5425 1.06423e-35 
4.55 6.75988e-36 
4.5475 7.86585e-36 
4.555 4.9888e-36 
4.5525 5.80791e-36 
4.56 3.67804e-36 
4.5575 4.28409e-36 
4.565 2.70895e-36 
4.5625 3.15691e-36 
4.57 1.99319e-36 
4.5675 2.32396e-36 
4.575 1.46507e-36 
4.5725 1.70906e-36 
4.58 1.0758e-36 
4.5775 1.25559e-36 
4.585 7.89158e-37 
4.5825 9.2151e-37 
4.59 5.78306e-37 
4.5875 6.75637e-37 
4.595 4.23362e-37 
4.5925 4.94866e-37 
4.6 3.09618e-37 
4.5975 3.62094e-37 
4.605 2.26203e-37 
4.6025 2.64676e-37 
4.61 1.65094e-37 
4.6075 1.93272e-37 
4.615 1.20371e-37 
4.6125 1.40987e-37 
4.62 8.7674e-38 
4.6175 1.02742e-37 
4.625 6.37936e-38 
4.6225 7.47958e-38 
4.63 4.63704e-38 
4.6275 5.43954e-38 
4.635 3.36715e-38 
4.6325 3.95189e-38 
4.64 2.44253e-38 
4.6375 2.86816e-38 
4.645 1.77e-38 
4.6425 2.0795e-38 
4.65 1.28134e-38 
4.6475 1.50616e-38 
4.655 9.26636e-39 
4.6525 1.08978e-38 
4.66 6.69438e-39 
4.6575 7.87704e-39 
4.665 4.83133e-39 
4.6625 5.68777e-39 
4.67 3.4832e-39 
4.6675 4.10276e-39 
4.675 2.50868e-39 
4.6725 2.95641e-39 
4.68 1.80495e-39 
4.6775 2.12818e-39 
4.685 1.2973e-39 
4.6825 1.53041e-39 
4.69 9.31476e-40 
4.6875 1.09941e-39 
4.695 6.68122e-40 
4.6925 7.88982e-40 
4.7 4.78733e-40 
4.6975 5.65624e-40 
4.705 3.42678e-40 
4.7025 4.05082e-40 
4.71 2.45037e-40 
4.7075 2.89809e-40 
4.715 1.75037e-40 
4.7125 2.07126e-40 
4.72 1.24906e-40 
4.7175 1.4788e-40 
4.725 8.90408e-41 
4.7225 1.05472e-40 
4.73 6.34086e-41 
4.7275 7.51487e-41 
4.735 4.51088e-41 
4.7325 5.34881e-41 
4.74 3.20573e-41 
4.7375 3.80318e-41 
4.745 2.27586e-41 
4.7425 2.7014e-41 
4.75 1.61405e-41 
4.7475 1.91684e-41 
4.755 1.14352e-41 
4.7525 1.35873e-41 
4.76 8.09323e-42 
4.7575 9.62134e-42 
4.765 5.72207e-42 
4.7625 6.80597e-42 
4.77 4.04146e-42 
4.7675 4.80948e-42 
4.775 2.85151e-42 
4.7725 3.39515e-42 
4.78 2.00986e-42 
4.7775 2.39427e-42 
4.785 1.41518e-42 
4.7825 1.68671e-42 
4.79 9.95423e-43 
4.7875 1.18703e-42 
4.795 6.99452e-43 
4.7925 8.34517e-43 
4.8 4.90978e-43 
4.7975 5.86087e-43 
4.805 3.44286e-43 
4.8025 4.1119e-43 
4.81 2.41173e-43 
4.8075 2.88188e-43 
4.815 1.68769e-43 
4.8125 2.01773e-43 
4.82 1.17981e-43 
4.8175 1.41125e-43 
4.825 8.23916e-44 
4.8225 9.8605e-44 
4.83 5.74788e-44 
4.8275 6.88252e-44 
4.835 4.00578e-44 
4.8325 4.79898e-44 
4.84 2.78882e-44 
4.8375 3.34276e-44 
4.845 1.93958e-44 
4.8425 2.32603e-44 
4.85 1.34756e-44 
4.8475 1.61689e-44 
4.855 9.35287e-45 
4.8525 1.12279e-44 
4.86 6.48478e-45 
4.8575 7.78882e-45 
4.865 4.49159e-45 
4.8625 5.39758e-45 
4.87 3.10785e-45 
4.8675 3.73664e-45 
4.875 2.1482e-45 
4.8725 2.58416e-45 
4.88 1.48336e-45 
4.8775 1.7853e-45 
4.885 1.02322e-45 
4.8825 1.23214e-45 
4.89 7.05102e-46 
4.8875 8.49498e-46 
4.895 4.85387e-46 
4.8925 5.85088e-46 
4.9 3.33796e-46 
4.8975 4.02565e-46 
4.905 2.29314e-46 
4.9025 2.76698e-46 
4.91 1.57375e-46 
4.9075 1.89991e-46 
4.915 1.07894e-46 
4.9125 1.30322e-46 
4.92 7.3895e-47 
4.9175 8.9301e-47 
4.925 5.05582e-47 
4.9225 6.11299e-47 
4.93 3.45563e-47 
4.9275 4.18032e-47 
4.935 2.35952e-47 
4.9325 2.85578e-47 
4.94 1.60949e-47 
4.9375 1.94897e-47 
4.945 1.09681e-47 
4.9425 1.32879e-47 
4.95 7.46764e-48 
4.9475 9.05107e-48 
4.955 5.08039e-48 
4.9525 6.15987e-48 
4.96 3.45462e-48 
4.9575 4.18945e-48 
4.965 2.34949e-48 
4.9625 2.8487e-48 
4.97 1.60038e-48 
4.9675 1.93843e-48 
4.975 1.09515e-48 
4.9725 1.32272e-48 
4.98 7.57768e-49 
4.9775 9.0914e-49 
4.985 5.37224e-49 
4.9825 6.35318e-49 
4.99 4.00035e-49 
4.9875 4.59762e-49 
4.995 3.25297e-49 
4.9925 3.55765e-49 
5 3.01593e-49 
4.9975 3.07459e-49 
