0 6.90297e-06 
0.005 6.97047e-06 
0.0025 6.91982e-06 
0.01 7.17412e-06 
0.0075 7.05511e-06 
0.015 7.51737e-06 
0.0125 7.32799e-06 
0.02 8.00604e-06 
0.0175 7.74307e-06 
0.025 8.64839e-06 
0.0225 8.30739e-06 
0.03 9.45523e-06 
0.0275 9.03046e-06 
0.035 1.04401e-05 
0.0325 9.92447e-06 
0.04 1.16196e-05 
0.0375 1.10044e-05 
0.045 1.30131e-05 
0.0425 1.22882e-05 
0.05 1.4644e-05 
0.0475 1.37973e-05 
0.055 1.65389e-05 
0.0525 1.55566e-05 
0.06 1.87289e-05 
0.0575 1.75949e-05 
0.065 2.12498e-05 
0.0625 1.99456e-05 
0.07 2.41421e-05 
0.0675 2.26467e-05 
0.075 2.74524e-05 
0.0725 2.57419e-05 
0.08 3.12335e-05 
0.0775 2.92806e-05 
0.085 3.55454e-05 
0.0825 3.33191e-05 
0.09 4.04557e-05 
0.0875 3.79212e-05 
0.095 4.60414e-05 
0.0925 4.3159e-05 
0.1 5.2389e-05 
0.0975 4.91141e-05 
0.105 5.95964e-05 
0.1025 5.58786e-05 
0.11 6.77738e-05 
0.1075 6.35564e-05 
0.115 7.70457e-05 
0.1125 7.22646e-05 
0.12 8.75519e-05 
0.1175 8.2135e-05 
0.125 9.945e-05 
0.1225 9.33163e-05 
0.13 0.000112917 
0.1275 0.000105976 
0.135 0.000128153 
0.1325 0.000120301 
0.14 0.000145382 
0.1375 0.000136503 
0.145 0.000164855 
0.1425 0.000154821 
0.15 0.000186855 
0.1475 0.00017552 
0.155 0.000211701 
0.1525 0.000198901 
0.16 0.000239749 
0.1575 0.000225301 
0.165 0.000271399 
0.1625 0.000255097 
0.17 0.000307101 
0.1675 0.000288713 
0.175 0.000347359 
0.1725 0.000326627 
0.18 0.000392738 
0.1775 0.00036937 
0.185 0.000443873 
0.1825 0.000417544 
0.19 0.000501474 
0.1875 0.000471818 
0.195 0.000566339 
0.1925 0.000532945 
0.2 0.00063936 
0.1975 0.00060177 
0.205 0.000721537 
0.2025 0.000679237 
0.21 0.000813991 
0.2075 0.000766404 
0.215 0.000917978 
0.2125 0.000864459 
0.22 0.0010349 
0.2175 0.000974729 
0.225 0.00116634 
0.2225 0.0010987 
0.23 0.00131404 
0.2275 0.00123804 
0.235 0.00147999 
0.2325 0.00139461 
0.24 0.00166639 
0.2375 0.00157049 
0.245 0.00187569 
0.2425 0.00176801 
0.25 0.00211066 
0.2475 0.00198978 
0.255 0.00237437 
0.2525 0.00223871 
0.26 0.00267027 
0.2575 0.00251807 
0.265 0.00300221 
0.2625 0.00283148 
0.27 0.00337448 
0.2675 0.00318302 
0.275 0.00379186 
0.2725 0.00357721 
0.28 0.00425972 
0.2775 0.00401913 
0.285 0.00478401 
0.2825 0.00451441 
0.29 0.00537139 
0.2875 0.00506937 
0.295 0.00602927 
0.2925 0.00569103 
0.3 0.0067659 
0.2975 0.00638719 
0.305 0.00759045 
0.3025 0.00716657 
0.31 0.00851314 
0.3075 0.00803885 
0.315 0.00954532 
0.3125 0.00901479 
0.32 0.0106996 
0.3175 0.0101063 
0.325 0.0119899 
0.3225 0.0113268 
0.33 0.0134316 
0.3275 0.0126908 
0.335 0.0150421 
0.3325 0.0142146 
0.34 0.01684 
0.3375 0.0159163 
0.345 0.0188462 
0.3425 0.0178157 
0.35 0.0210838 
0.3475 0.0199346 
0.355 0.0235779 
0.3525 0.0222971 
0.36 0.0263561 
0.3575 0.0249296 
0.365 0.0294487 
0.3625 0.0278611 
0.37 0.0328886 
0.3675 0.031123 
0.375 0.0367116 
0.3725 0.0347498 
0.38 0.0409564 
0.3775 0.0387787 
0.385 0.0456649 
0.3825 0.04325 
0.39 0.0508818 
0.3875 0.0482069 
0.395 0.0566551 
0.3925 0.0536958 
0.4 0.0630354 
0.3975 0.0597661 
0.405 0.0700761 
0.4025 0.0664697 
0.41 0.077833 
0.4075 0.0738614 
0.415 0.0863636 
0.4125 0.0819979 
0.42 0.095727 
0.4175 0.0909375 
0.425 0.105982 
0.4225 0.100739 
0.43 0.117188 
0.4275 0.111463 
0.435 0.129402 
0.4325 0.123166 
0.44 0.142677 
0.4375 0.135904 
0.445 0.157063 
0.4425 0.149729 
0.45 0.172602 
0.4475 0.164686 
0.455 0.189326 
0.4525 0.180814 
0.46 0.20726 
0.4575 0.198141 
0.465 0.226412 
0.4625 0.216684 
0.47 0.246779 
0.4675 0.236445 
0.475 0.268336 
0.4725 0.257411 
0.48 0.291045 
0.4775 0.27955 
0.485 0.314844 
0.4825 0.302813 
0.49 0.339653 
0.4875 0.327128 
0.495 0.365371 
0.4925 0.352405 
0.5 0.391878 
0.4975 0.378534 
0.505 0.419035 
0.5025 0.405384 
0.51 0.446691 
0.5075 0.432811 
0.515 0.47468 
0.5125 0.460655 
0.52 0.502829 
0.5175 0.488746 
0.525 0.53096 
0.5225 0.516908 
0.53 0.558897 
0.5275 0.544964 
0.535 0.586468 
0.5325 0.572739 
0.54 0.613509 
0.5375 0.600064 
0.545 0.639871 
0.5425 0.626784 
0.55 0.665419 
0.5475 0.652754 
0.555 0.690036 
0.5525 0.67785 
0.56 0.713626 
0.5575 0.701965 
0.565 0.736113 
0.5625 0.725011 
0.57 0.757438 
0.5675 0.746923 
0.575 0.777567 
0.5725 0.767654 
0.58 0.79648 
0.5775 0.787176 
0.585 0.814174 
0.5825 0.805479 
0.59 0.830663 
0.5875 0.822568 
0.595 0.845972 
0.5925 0.838463 
0.6 0.860136 
0.5975 0.853194 
0.605 0.873198 
0.6025 0.866801 
0.61 0.885209 
0.6075 0.879332 
0.615 0.896223 
0.6125 0.890837 
0.62 0.906298 
0.6175 0.901374 
0.625 0.915492 
0.6225 0.911001 
0.63 0.923865 
0.6275 0.919777 
0.635 0.931476 
0.6325 0.927762 
0.64 0.938381 
0.6375 0.935013 
0.645 0.944637 
0.6425 0.941587 
0.65 0.950295 
0.6475 0.947537 
0.655 0.955407 
0.6525 0.952916 
0.66 0.960019 
0.6575 0.957772 
0.665 0.964176 
0.6625 0.962152 
0.67 0.967918 
0.6675 0.966096 
0.675 0.971285 
0.6725 0.969646 
0.68 0.974311 
0.6775 0.972839 
0.685 0.977029 
0.6825 0.975706 
0.69 0.979468 
0.6875 0.978281 
0.695 0.981655 
0.6925 0.980591 
0.7 0.983616 
0.6975 0.982663 
0.705 0.985373 
0.7025 0.984519 
0.71 0.986946 
0.7075 0.986181 
0.715 0.988354 
0.7125 0.987669 
0.72 0.989613 
0.7175 0.989001 
0.725 0.99074 
0.7225 0.990192 
0.73 0.991746 
0.7275 0.991257 
0.735 0.992646 
0.7325 0.992209 
0.74 0.99345 
0.7375 0.993059 
0.745 0.994167 
0.7425 0.993819 
0.75 0.994808 
0.7475 0.994497 
0.755 0.99538 
0.7525 0.995102 
0.76 0.99589 
0.7575 0.995642 
0.765 0.996345 
0.7625 0.996124 
0.77 0.99675 
0.7675 0.996553 
0.775 0.997112 
0.7725 0.996936 
0.78 0.997434 
0.7775 0.997277 
0.785 0.997721 
0.7825 0.997581 
0.79 0.997976 
0.7875 0.997852 
0.795 0.998204 
0.7925 0.998093 
0.8 0.998406 
0.7975 0.998308 
0.805 0.998586 
0.8025 0.998499 
0.81 0.998746 
0.8075 0.998669 
0.815 0.998889 
0.8125 0.99882 
0.82 0.999015 
0.8175 0.998954 
0.825 0.999128 
0.8225 0.999073 
0.83 0.999228 
0.8275 0.999179 
0.835 0.999317 
0.8325 0.999274 
0.84 0.999396 
0.8375 0.999357 
0.845 0.999466 
0.8425 0.999432 
0.85 0.999528 
0.8475 0.999497 
0.855 0.999583 
0.8525 0.999556 
0.86 0.999631 
0.8575 0.999608 
0.865 0.999675 
0.8625 0.999654 
0.87 0.999713 
0.8675 0.999694 
0.875 0.999747 
0.8725 0.99973 
0.88 0.999777 
0.8775 0.999762 
0.885 0.999803 
0.8825 0.99979 
0.89 0.999826 
0.8875 0.999815 
0.895 0.999847 
0.8925 0.999837 
0.9 0.999865 
0.8975 0.999857 
0.905 0.999882 
0.9025 0.999874 
0.91 0.999896 
0.9075 0.999889 
0.915 0.999908 
0.9125 0.999902 
0.92 0.999919 
0.9175 0.999914 
0.925 0.999929 
0.9225 0.999924 
0.93 0.999937 
0.9275 0.999933 
0.935 0.999945 
0.9325 0.999941 
0.94 0.999951 
0.9375 0.999948 
0.945 0.999957 
0.9425 0.999954 
0.95 0.999962 
0.9475 0.999959 
0.955 0.999966 
0.9525 0.999964 
0.96 0.99997 
0.9575 0.999968 
0.965 0.999973 
0.9625 0.999971 
0.97 0.999975 
0.9675 0.999974 
0.975 0.999977 
0.9725 0.999976 
0.98 0.999979 
0.9775 0.999978 
0.985 0.99998 
0.9825 0.99998 
0.99 0.999982 
0.9875 0.999981 
0.995 0.999982 
0.9925 0.999982 
1 0.999983 
0.9975 0.999982 
1.005 0.999983 
1.0025 0.999983 
1.01 0.999982 
1.0075 0.999983 
1.015 0.999982 
1.0125 0.999982 
1.02 0.999981 
1.0175 0.999982 
1.025 0.99998 
1.0225 0.999981 
1.03 0.999979 
1.0275 0.999979 
1.035 0.999977 
1.0325 0.999978 
1.04 0.999975 
1.0375 0.999976 
1.045 0.999972 
1.0425 0.999973 
1.05 0.999969 
1.0475 0.999971 
1.055 0.999966 
1.0525 0.999968 
1.06 0.999962 
1.0575 0.999964 
1.065 0.999958 
1.0625 0.99996 
1.07 0.999953 
1.0675 0.999955 
1.075 0.999947 
1.0725 0.99995 
1.08 0.999941 
1.0775 0.999944 
1.085 0.999934 
1.0825 0.999937 
1.09 0.999926 
1.0875 0.99993 
1.095 0.999917 
1.0925 0.999922 
1.1 0.999907 
1.0975 0.999912 
1.105 0.999896 
1.1025 0.999902 
1.11 0.999884 
1.1075 0.99989 
1.115 0.99987 
1.1125 0.999877 
1.12 0.999855 
1.1175 0.999863 
1.125 0.999838 
1.1225 0.999847 
1.13 0.999819 
1.1275 0.999829 
1.135 0.999798 
1.1325 0.999809 
1.14 0.999775 
1.1375 0.999787 
1.145 0.999749 
1.1425 0.999762 
1.15 0.99972 
1.1475 0.999735 
1.155 0.999688 
1.1525 0.999704 
1.16 0.999653 
1.1575 0.999671 
1.165 0.999614 
1.1625 0.999634 
1.17 0.99957 
1.1675 0.999592 
1.175 0.999522 
1.1725 0.999547 
1.18 0.999469 
1.1775 0.999496 
1.185 0.99941 
1.1825 0.99944 
1.19 0.999345 
1.1875 0.999378 
1.195 0.999273 
1.1925 0.99931 
1.2 0.999194 
1.1975 0.999234 
1.205 0.999106 
1.2025 0.999151 
1.21 0.999009 
1.2075 0.999059 
1.215 0.998902 
1.2125 0.998957 
1.22 0.998784 
1.2175 0.998845 
1.225 0.998654 
1.2225 0.998721 
1.23 0.99851 
1.2275 0.998584 
1.235 0.998352 
1.2325 0.998433 
1.24 0.998177 
1.2375 0.998267 
1.245 0.997985 
1.2425 0.998084 
1.25 0.997773 
1.2475 0.997882 
1.255 0.99754 
1.2525 0.997659 
1.26 0.997283 
1.2575 0.997414 
1.265 0.997 
1.2625 0.997145 
1.27 0.996689 
1.2675 0.996848 
1.275 0.996346 
1.2725 0.996522 
1.28 0.99597 
1.2775 0.996163 
1.285 0.995556 
1.2825 0.995768 
1.29 0.9951 
1.2875 0.995333 
1.295 0.9946 
1.2925 0.994856 
1.3 0.99405 
1.2975 0.994331 
1.305 0.993445 
1.3025 0.993755 
1.31 0.992782 
1.3075 0.993121 
1.315 0.992053 
1.3125 0.992426 
1.32 0.991252 
1.3175 0.991662 
1.325 0.990374 
1.3225 0.990824 
1.33 0.989411 
1.3275 0.989904 
1.335 0.988354 
1.3325 0.988894 
1.34 0.987195 
1.3375 0.987788 
1.345 0.985924 
1.3425 0.986574 
1.35 0.984532 
1.3475 0.985244 
1.355 0.983007 
1.3525 0.983787 
1.36 0.981337 
1.3575 0.982191 
1.365 0.979509 
1.3625 0.980444 
1.37 0.97751 
1.3675 0.978532 
1.375 0.975323 
1.3725 0.976441 
1.38 0.972933 
1.3775 0.974154 
1.385 0.970322 
1.3825 0.971656 
1.39 0.967471 
1.3875 0.968928 
1.395 0.964362 
1.3925 0.96595 
1.4 0.960972 
1.3975 0.962703 
1.405 0.957279 
1.4025 0.959165 
1.41 0.95326 
1.4075 0.955312 
1.415 0.948889 
1.4125 0.95112 
1.42 0.944141 
1.4175 0.946564 
1.425 0.938989 
1.4225 0.941617 
1.43 0.933404 
1.4275 0.936252 
1.435 0.927359 
1.4325 0.930441 
1.44 0.920824 
1.4375 0.924155 
1.445 0.913771 
1.4425 0.917364 
1.45 0.90617 
1.4475 0.91004 
1.455 0.897993 
1.4525 0.902155 
1.46 0.889213 
1.4575 0.89368 
1.465 0.879805 
1.4625 0.884589 
1.47 0.869746 
1.4675 0.874858 
1.475 0.859016 
1.4725 0.864466 
1.48 0.8476 
1.4775 0.853395 
1.485 0.835484 
1.4825 0.84163 
1.49 0.822665 
1.4875 0.829163 
1.495 0.809141 
1.4925 0.81599 
1.5 0.79492 
1.4975 0.802117 
1.505 0.780017 
1.5025 0.787553 
1.51 0.764456 
1.5075 0.772317 
1.515 0.74827 
1.5125 0.756439 
1.52 0.731499 
1.5175 0.739954 
1.525 0.714196 
1.5225 0.722911 
1.53 0.696422 
1.5275 0.705364 
1.535 0.678247 
1.5325 0.68738 
1.54 0.65975 
1.5375 0.669034 
1.545 0.641019 
1.5425 0.650408 
1.55 0.622146 
1.5475 0.631594 
1.555 0.603234 
1.5525 0.612689 
1.56 0.584385 
1.5575 0.593795 
1.565 0.565709 
1.5625 0.575019 
1.57 0.547314 
1.5675 0.556469 
1.575 0.529309 
1.5725 0.538256 
1.58 0.511804 
1.5775 0.520488 
1.585 0.494903 
1.5825 0.503272 
1.59 0.478709 
1.5875 0.486712 
1.595 0.463317 
1.5925 0.470907 
1.6 0.448819 
1.5975 0.455951 
1.605 0.435299 
1.6025 0.441931 
1.61 0.422834 
1.6075 0.42893 
1.615 0.411496 
1.6125 0.41702 
1.62 0.401346 
1.6175 0.406269 
1.625 0.39244 
1.6225 0.396735 
1.63 0.384824 
1.6275 0.388468 
1.635 0.378537 
1.6325 0.381512 
1.64 0.373611 
1.6375 0.375902 
1.645 0.370067 
1.6425 0.371665 
1.65 0.367922 
1.6475 0.368819 
1.655 0.367181 
1.6525 0.367375 
1.66 0.367843 
1.6575 0.367337 
1.665 0.369899 
1.6625 0.368697 
1.67 0.373333 
1.6675 0.371445 
1.675 0.378121 
1.6725 0.375559 
1.68 0.384231 
1.6775 0.381013 
1.685 0.391628 
1.6825 0.387772 
1.69 0.400268 
1.6875 0.395796 
1.695 0.410102 
1.6925 0.405039 
1.7 0.421075 
1.6975 0.41545 
1.705 0.433128 
1.7025 0.426971 
1.71 0.446196 
1.7075 0.439539 
1.715 0.460209 
1.7125 0.453089 
1.72 0.475093 
1.7175 0.467547 
1.725 0.490768 
1.7225 0.482837 
1.73 0.507151 
1.7275 0.498877 
1.735 0.524154 
1.7325 0.515581 
1.74 0.541684 
1.7375 0.532859 
1.745 0.559646 
1.7425 0.550617 
1.75 0.577944 
1.7475 0.568759 
1.755 0.596477 
1.7525 0.587187 
1.76 0.615146 
1.7575 0.605801 
1.765 0.633852 
1.7625 0.6245 
1.77 0.652497 
1.7675 0.643188 
1.775 0.670989 
1.7725 0.661768 
1.78 0.689237 
1.7775 0.680149 
1.785 0.707158 
1.7825 0.698243 
1.79 0.724676 
1.7875 0.715972 
1.795 0.741721 
1.7925 0.733262 
1.8 0.758234 
1.7975 0.750048 
1.805 0.774163 
1.8025 0.766275 
1.81 0.789465 
1.8075 0.781895 
1.815 0.804108 
1.8125 0.796871 
1.82 0.818068 
1.8175 0.811175 
1.825 0.831327 
1.8225 0.824785 
1.83 0.84388 
1.8275 0.837692 
1.835 0.855724 
1.8325 0.84989 
1.84 0.866867 
1.8375 0.861383 
1.845 0.87732 
1.8425 0.872179 
1.85 0.887099 
1.8475 0.882292 
1.855 0.896224 
1.8525 0.891742 
1.86 0.90472 
1.8575 0.900549 
1.865 0.912612 
1.8625 0.90874 
1.87 0.919929 
1.8675 0.916341 
1.875 0.9267 
1.8725 0.923381 
1.88 0.932954 
1.8775 0.929889 
1.885 0.938721 
1.8825 0.935896 
1.89 0.944033 
1.8875 0.941432 
1.895 0.948917 
1.8925 0.946527 
1.9 0.953403 
1.8975 0.951208 
1.905 0.957519 
1.9025 0.955506 
1.91 0.96129 
1.9075 0.959446 
1.915 0.964743 
1.9125 0.963055 
1.92 0.967902 
1.9175 0.966358 
1.925 0.970789 
1.9225 0.969378 
1.93 0.973425 
1.9275 0.972137 
1.935 0.975832 
1.9325 0.974656 
1.94 0.978027 
1.9375 0.976955 
1.945 0.980028 
1.9425 0.97905 
1.95 0.981851 
1.9475 0.98096 
1.955 0.983511 
1.9525 0.9827 
1.96 0.985022 
1.9575 0.984284 
1.965 0.986398 
1.9625 0.985726 
1.97 0.987649 
1.9675 0.987038 
1.975 0.988786 
1.9725 0.988231 
1.98 0.989821 
1.9775 0.989316 
1.985 0.990761 
1.9825 0.990302 
1.99 0.991615 
1.9875 0.991198 
1.995 0.992391 
1.9925 0.992012 
2 0.993095 
1.9975 0.992751 
2.005 0.993735 
2.0025 0.993423 
2.01 0.994316 
2.0075 0.994033 
2.015 0.994844 
2.0125 0.994586 
2.02 0.995322 
2.0175 0.995089 
2.025 0.995757 
2.0225 0.995545 
2.03 0.996151 
2.0275 0.995959 
2.035 0.996509 
2.0325 0.996334 
2.04 0.996833 
2.0375 0.996675 
2.045 0.997128 
2.0425 0.996984 
2.05 0.997395 
2.0475 0.997264 
2.055 0.997637 
2.0525 0.997519 
2.06 0.997856 
2.0575 0.997749 
2.065 0.998055 
2.0625 0.997958 
2.07 0.998236 
2.0675 0.998148 
2.075 0.998399 
2.0725 0.99832 
2.08 0.998547 
2.0775 0.998475 
2.085 0.998682 
2.0825 0.998616 
2.09 0.998803 
2.0875 0.998744 
2.095 0.998913 
2.0925 0.99886 
2.1 0.999013 
2.0975 0.998964 
2.105 0.999103 
2.1025 0.999059 
2.11 0.999184 
2.1075 0.999145 
2.115 0.999258 
2.1125 0.999222 
2.12 0.999324 
2.1175 0.999292 
2.125 0.999384 
2.1225 0.999355 
2.13 0.999438 
2.1275 0.999412 
2.135 0.999486 
2.1325 0.999463 
2.14 0.99953 
2.1375 0.999508 
2.145 0.999568 
2.1425 0.99955 
2.15 0.999603 
2.1475 0.999586 
2.155 0.999634 
2.1525 0.999619 
2.16 0.999661 
2.1575 0.999648 
2.165 0.999685 
2.1625 0.999674 
2.17 0.999706 
2.1675 0.999696 
2.175 0.999724 
2.1725 0.999715 
2.18 0.99974 
2.1775 0.999732 
2.185 0.999753 
2.1825 0.999746 
2.19 0.999763 
2.1875 0.999758 
2.195 0.999772 
2.1925 0.999768 
2.2 0.999778 
2.1975 0.999775 
2.205 0.999782 
2.2025 0.99978 
2.21 0.999784 
2.2075 0.999784 
2.215 0.999785 
2.2125 0.999785 
2.22 0.999784 
2.2175 0.999784 
2.225 0.99978 
2.2225 0.999782 
2.23 0.999775 
2.2275 0.999778 
2.235 0.999769 
2.2325 0.999772 
2.24 0.99976 
2.2375 0.999765 
2.245 0.99975 
2.2425 0.999755 
2.25 0.999738 
2.2475 0.999744 
2.255 0.999724 
2.2525 0.999731 
2.26 0.999708 
2.2575 0.999716 
2.265 0.99969 
2.2625 0.999699 
2.27 0.999671 
2.2675 0.999681 
2.275 0.999649 
2.2725 0.99966 
2.28 0.999625 
2.2775 0.999637 
2.285 0.999599 
2.2825 0.999613 
2.29 0.999571 
2.2875 0.999586 
2.295 0.999541 
2.2925 0.999556 
2.3 0.999508 
2.2975 0.999525 
2.305 0.999473 
2.3025 0.999491 
2.31 0.999435 
2.3075 0.999454 
2.315 0.999395 
2.3125 0.999415 
2.32 0.999351 
2.3175 0.999373 
2.325 0.999305 
2.3225 0.999328 
2.33 0.999255 
2.3275 0.999281 
2.335 0.999203 
2.3325 0.99923 
2.34 0.999147 
2.3375 0.999175 
2.345 0.999087 
2.3425 0.999117 
2.35 0.999024 
2.3475 0.999056 
2.355 0.998957 
2.3525 0.998991 
2.36 0.998886 
2.3575 0.998922 
2.365 0.99881 
2.3625 0.998848 
2.37 0.99873 
2.3675 0.998771 
2.375 0.998645 
2.3725 0.998688 
2.38 0.998555 
2.3775 0.998601 
2.385 0.99846 
2.3825 0.998508 
2.39 0.99836 
2.3875 0.998411 
2.395 0.998253 
2.3925 0.998307 
2.4 0.998141 
2.3975 0.998198 
2.405 0.998021 
2.4025 0.998082 
2.41 0.997895 
2.4075 0.997959 
2.415 0.997762 
2.4125 0.997829 
2.42 0.99762 
2.4175 0.997692 
2.425 0.997471 
2.4225 0.997547 
2.43 0.997313 
2.4275 0.997393 
2.435 0.997145 
2.4325 0.99723 
2.44 0.996967 
2.4375 0.997058 
2.445 0.996779 
2.4425 0.996875 
2.45 0.99658 
2.4475 0.996681 
2.455 0.996368 
2.4525 0.996475 
2.46 0.996144 
2.4575 0.996257 
2.465 0.995905 
2.4625 0.996026 
2.47 0.995652 
2.4675 0.99578 
2.475 0.995382 
2.4725 0.995519 
2.48 0.995096 
2.4775 0.995242 
2.485 0.994791 
2.4825 0.994946 
2.49 0.994467 
2.4875 0.994632 
2.495 0.994121 
2.4925 0.994297 
2.5 0.993752 
2.4975 0.99394 
2.505 0.993359 
2.5025 0.993559 
2.51 0.992939 
2.5075 0.993153 
2.515 0.992491 
2.5125 0.992719 
2.52 0.992011 
2.5175 0.992255 
2.525 0.991498 
2.5225 0.991759 
2.53 0.99095 
2.5275 0.991229 
2.535 0.990362 
2.5325 0.990661 
2.54 0.989732 
2.5375 0.990053 
2.545 0.989057 
2.5425 0.989401 
2.55 0.988333 
2.5475 0.988702 
2.555 0.987556 
2.5525 0.987952 
2.56 0.986722 
2.5575 0.987147 
2.565 0.985827 
2.5625 0.986283 
2.57 0.984864 
2.5675 0.985354 
2.575 0.98383 
2.5725 0.984356 
2.58 0.982717 
2.5775 0.983283 
2.585 0.981521 
2.5825 0.98213 
2.59 0.980234 
2.5875 0.980889 
2.595 0.978849 
2.5925 0.979554 
2.6 0.977358 
2.5975 0.978117 
2.605 0.975754 
2.6025 0.976571 
2.61 0.974026 
2.6075 0.974906 
2.615 0.972167 
2.6125 0.973114 
2.62 0.970165 
2.6175 0.971184 
2.625 0.968009 
2.6225 0.969107 
2.63 0.965689 
2.6275 0.96687 
2.635 0.963191 
2.6325 0.964463 
2.64 0.960503 
2.6375 0.961872 
2.645 0.95761 
2.6425 0.959083 
2.65 0.954498 
2.6475 0.956082 
2.655 0.95115 
2.6525 0.952854 
2.66 0.947552 
2.6575 0.949384 
2.665 0.943684 
2.6625 0.945653 
2.67 0.939529 
2.6675 0.941644 
2.675 0.935068 
2.6725 0.937338 
2.68 0.930281 
2.6775 0.932717 
2.685 0.925147 
2.6825 0.927759 
2.69 0.919644 
2.6875 0.922443 
2.695 0.913752 
2.6925 0.916748 
2.7 0.907446 
2.6975 0.910652 
2.705 0.900705 
2.7025 0.904131 
2.71 0.893504 
2.7075 0.897163 
2.715 0.885821 
2.7125 0.889724 
2.72 0.877632 
2.7175 0.881791 
2.725 0.868913 
2.7225 0.87334 
2.73 0.859644 
2.7275 0.864349 
2.735 0.849801 
2.7325 0.854795 
2.74 0.839364 
2.7375 0.844658 
2.745 0.828315 
2.7425 0.833917 
2.75 0.816636 
2.7475 0.822555 
2.755 0.804311 
2.7525 0.810555 
2.76 0.79133 
2.7575 0.797903 
2.765 0.777682 
2.7625 0.78459 
2.77 0.763362 
2.7675 0.770606 
2.775 0.748367 
2.7725 0.755948 
2.78 0.732701 
2.7775 0.740618 
2.785 0.71637 
2.7825 0.724618 
2.79 0.699388 
2.7875 0.707959 
2.795 0.681771 
2.7925 0.690657 
2.8 0.663544 
2.7975 0.672732 
2.805 0.644736 
2.8025 0.65421 
2.81 0.625382 
2.8075 0.635125 
2.815 0.605526 
2.8125 0.615514 
2.82 0.585215 
2.8175 0.595424 
2.825 0.564502 
2.8225 0.574905 
2.83 0.543448 
2.8275 0.554014 
2.835 0.522116 
2.8325 0.532812 
2.84 0.500577 
2.8375 0.511368 
2.845 0.478902 
2.8425 0.489752 
2.85 0.457168 
2.8475 0.468037 
2.855 0.435452 
2.8525 0.446303 
2.86 0.413832 
2.8575 0.424625 
2.865 0.392387 
2.8625 0.403083 
2.87 0.371194 
2.8675 0.381754 
2.875 0.350326 
2.8725 0.360714 
2.88 0.329854 
2.8775 0.340036 
2.885 0.309844 
2.8825 0.319787 
2.89 0.290357 
2.8875 0.300031 
2.895 0.271446 
2.8925 0.280826 
2.9 0.253161 
2.8975 0.262223 
2.905 0.23554 
2.9025 0.244265 
2.91 0.218618 
2.9075 0.22699 
2.915 0.20242 
2.9125 0.210427 
2.92 0.186966 
2.9175 0.1946 
2.925 0.172268 
2.9225 0.179522 
2.93 0.158332 
2.9275 0.165205 
2.935 0.145157 
2.9325 0.151649 
2.94 0.132738 
2.9375 0.138853 
2.945 0.121065 
2.9425 0.126809 
2.95 0.110123 
2.9475 0.115503 
2.955 0.099896 
2.9525 0.104922 
2.96 0.0903629 
2.9575 0.0950441 
2.965 0.0815011 
2.9625 0.0858495 
2.97 0.0732868 
2.9675 0.0773146 
2.975 0.0656944 
2.9725 0.0694144 
2.98 0.0586979 
2.9775 0.0621233 
2.985 0.0522707 
2.9825 0.0554148 
2.99 0.0463859 
2.9875 0.0492621 
2.995 0.0410166 
2.9925 0.0436385 
3 0.0361359 
2.9975 0.0385169 
3.005 0.0317168 
3.0025 0.0338704 
3.01 0.0277325 
3.0075 0.029672 
3.015 0.0241559 
3.0125 0.0258949 
3.02 0.0209603 
3.0175 0.0225122 
3.025 0.0181186 
3.0225 0.0194969 
3.03 0.0156041 
3.0275 0.0168222 
3.035 0.0133901 
3.0325 0.0144612 
3.04 0.0114504 
3.0375 0.0123876 
3.045 0.00975924 
3.0425 0.0105753 
3.05 0.0082918 
3.0475 0.00899907 
3.055 0.0070243 
3.0525 0.0076345 
3.06 0.00593424 
3.0575 0.00645844 
3.065 0.0050006 
3.0625 0.00544912 
3.07 0.00420396 
3.0675 0.0045863 
3.075 0.0035266 
3.0725 0.00385141 
3.08 0.0029525 
3.0775 0.00322757 
3.085 0.00246735 
3.0825 0.00269964 
3.09 0.00205846 
3.0875 0.0022541 
3.095 0.00171467 
3.0925 0.00187907 
3.1 0.00142626 
3.0975 0.0015641 
3.105 0.00118478 
3.1025 0.00130013 
3.11 0.000982961 
3.1075 0.00107932 
3.115 0.000814569 
3.1125 0.000894939 
3.12 0.00067428 
3.1175 0.000741212 
3.125 0.000557568 
3.1225 0.000613231 
3.13 0.000460595 
3.1275 0.000506829 
3.135 0.00038012 
3.1325 0.000418477 
3.14 0.000313414 
3.1375 0.000345199 
3.145 0.000258179 
3.1425 0.00028449 
3.15 0.000212489 
3.1475 0.000234248 
3.155 0.000174733 
3.1525 0.000192709 
3.16 0.000143562 
3.1575 0.0001584 
3.165 0.000117852 
3.1625 0.000130087 
3.17 9.6665e-05 
3.1675 0.000106745 
3.175 7.92205e-05 
3.1725 8.75182e-05 
3.18 6.487e-05 
3.1775 7.16945e-05 
3.185 5.3075e-05 
3.1825 5.86829e-05 
3.19 4.33885e-05 
3.1875 4.79929e-05 
3.195 3.54404e-05 
3.1925 3.92176e-05 
3.2 2.89242e-05 
3.1975 3.20203e-05 
3.205 2.35864e-05 
3.2025 2.6122e-05 
3.21 1.92175e-05 
3.2075 2.12924e-05 
3.215 1.56448e-05 
3.2125 1.73412e-05 
3.22 1.27255e-05 
3.2175 1.41113e-05 
3.225 1.03422e-05 
3.2225 1.14733e-05 
3.23 8.39807e-06 
3.2275 9.32055e-06 
3.235 6.81358e-06 
3.2325 7.56526e-06 
3.24 5.52329e-06 
3.2375 6.13526e-06 
3.245 4.47347e-06 
3.2425 4.97128e-06 
3.25 3.62005e-06 
3.2475 4.02464e-06 
3.255 2.92688e-06 
3.2525 3.25542e-06 
3.26 2.36437e-06 
3.2575 2.63092e-06 
3.265 1.90827e-06 
3.2625 2.12435e-06 
3.27 1.5388e-06 
3.2675 1.7138e-06 
3.275 1.23975e-06 
3.2725 1.38136e-06 
3.28 9.97931e-07 
3.2775 1.11241e-06 
3.285 8.02555e-07 
3.2825 8.95027e-07 
3.29 6.44846e-07 
3.2875 7.19472e-07 
3.295 5.17657e-07 
3.2925 5.77827e-07 
3.3 4.15176e-07 
3.2975 4.63646e-07 
3.305 3.32678e-07 
3.3025 3.71687e-07 
3.31 2.66327e-07 
3.3075 2.97694e-07 
3.315 2.13013e-07 
3.3125 2.3821e-07 
3.32 1.70213e-07 
3.3175 1.90436e-07 
3.325 1.35885e-07 
3.3225 1.52101e-07 
3.33 1.0838e-07 
3.3275 1.2137e-07 
3.335 8.63601e-08 
3.3325 9.67566e-08 
3.34 6.87494e-08 
3.3375 7.70623e-08 
3.345 5.46781e-08 
3.3425 6.13186e-08 
3.35 4.34455e-08 
3.3475 4.8745e-08 
3.355 3.44874e-08 
3.3525 3.87127e-08 
3.36 2.73503e-08 
3.3575 3.07159e-08 
3.365 2.16693e-08 
3.3625 2.43475e-08 
3.37 1.71518e-08 
3.3675 1.9281e-08 
3.375 1.3563e-08 
3.3725 1.5254e-08 
3.38 1.07146e-08 
3.3775 1.20564e-08 
3.385 8.45626e-09 
3.3825 9.51985e-09 
3.39 6.66738e-09 
3.3875 7.50964e-09 
3.395 5.25178e-09 
3.3925 5.91811e-09 
3.4 4.13268e-09 
3.3975 4.65931e-09 
3.405 3.24885e-09 
3.4025 3.66466e-09 
3.41 2.55153e-09 
3.4075 2.87951e-09 
3.415 2.00189e-09 
3.4125 2.26034e-09 
3.42 1.5691e-09 
3.4175 1.77255e-09 
3.425 1.22865e-09 
3.4225 1.38865e-09 
3.43 9.6111e-10 
3.4275 1.08681e-09 
3.435 7.51078e-10 
3.4325 8.49733e-10 
3.44 5.86358e-10 
3.4375 6.63708e-10 
3.445 4.57304e-10 
3.4425 5.1789e-10 
3.45 3.56296e-10 
3.4475 4.03703e-10 
3.455 2.77319e-10 
3.4525 3.14376e-10 
3.46 2.15631e-10 
3.4575 2.44568e-10 
3.465 1.67496e-10 
3.4625 1.90069e-10 
3.47 1.29975e-10 
3.4675 1.47566e-10 
3.475 1.00756e-10 
3.4725 1.14451e-10 
3.48 7.80273e-11 
3.4775 8.86776e-11 
3.485 6.03641e-11 
3.4825 6.86384e-11 
3.49 4.66519e-11 
3.4875 5.30736e-11 
3.495 3.60179e-11 
3.4925 4.09966e-11 
3.5 2.77795e-11 
3.4975 3.16355e-11 
3.505 2.14036e-11 
3.5025 2.43871e-11 
3.51 1.64742e-11 
3.5075 1.87802e-11 
3.515 1.26672e-11 
3.5125 1.44476e-11 
3.52 9.72993e-12 
3.5175 1.11032e-11 
3.525 7.46613e-12 
3.5225 8.52427e-12 
3.53 5.72316e-12 
3.5275 6.53763e-12 
3.535 4.38259e-12 
3.5325 5.00885e-12 
3.54 3.35259e-12 
3.5375 3.83363e-12 
3.545 2.56203e-12 
3.5425 2.93114e-12 
3.55 1.95588e-12 
3.5475 2.23882e-12 
3.555 1.49161e-12 
3.5525 1.70826e-12 
3.56 1.13638e-12 
3.5575 1.3021e-12 
3.565 8.64855e-13 
3.5625 9.91488e-13 
3.57 6.57536e-13 
3.5675 7.54199e-13 
3.575 4.99401e-13 
3.5725 5.73111e-13 
3.58 3.78909e-13 
3.5775 4.35058e-13 
3.585 2.87194e-13 
3.5825 3.29921e-13 
3.59 2.17457e-13 
3.5875 2.49936e-13 
3.595 1.64485e-13 
3.5925 1.89149e-13 
3.6 1.2429e-13 
3.5975 1.43e-13 
3.605 9.38218e-14 
3.6025 1.08e-13 
3.61 7.07507e-14 
3.6075 8.14838e-14 
3.615 5.32987e-14 
3.6125 6.14154e-14 
3.62 4.01111e-14 
3.6175 4.62428e-14 
3.625 3.0156e-14 
3.6225 3.47834e-14 
3.63 2.26489e-14 
3.6275 2.61374e-14 
3.635 1.69936e-14 
3.6325 1.96209e-14 
3.64 1.27377e-14 
3.6375 1.47143e-14 
3.645 9.53815e-15 
3.6425 1.10237e-14 
3.65 7.13527e-15 
3.6475 8.25067e-15 
3.655 5.3325e-15 
3.6525 6.1691e-15 
3.66 3.98133e-15 
3.6575 4.60819e-15 
3.665 2.96965e-15 
3.6625 3.43888e-15 
3.67 2.21293e-15 
3.6675 2.56381e-15 
3.675 1.64746e-15 
3.6725 1.90959e-15 
3.68 1.22534e-15 
3.6775 1.42097e-15 
3.685 9.10536e-16 
3.6825 1.05639e-15 
3.69 6.75988e-16 
3.6875 7.84631e-16 
3.695 5.01407e-16 
3.6925 5.82253e-16 
3.7 3.71584e-16 
3.6975 4.31687e-16 
3.705 2.75136e-16 
3.7025 3.19777e-16 
3.71 2.03549e-16 
3.7075 2.36675e-16 
3.715 1.50464e-16 
3.7125 1.75022e-16 
3.72 1.11134e-16 
3.7175 1.29324e-16 
3.725 8.20207e-17 
3.7225 9.54826e-17 
3.73 6.0489e-17 
3.7275 7.0443e-17 
3.735 4.45778e-17 
3.7325 5.19318e-17 
3.74 3.28296e-17 
3.7375 3.82583e-17 
3.745 2.41621e-17 
3.7425 2.81664e-17 
3.75 1.77724e-17 
3.7475 2.07238e-17 
3.755 1.30653e-17 
3.7525 1.52391e-17 
3.76 9.60019e-18 
3.7575 1.12001e-17 
3.765 7.051e-18 
3.7625 8.22782e-18 
3.77 5.1768e-18 
3.7675 6.04188e-18 
3.775 3.79964e-18 
3.7725 4.4352e-18 
3.78 2.78822e-18 
3.7775 3.25494e-18 
3.785 2.04576e-18 
3.7825 2.38833e-18 
3.79 1.50095e-18 
3.7875 1.7523e-18 
3.795 1.10129e-18 
3.7925 1.28566e-18 
3.8 8.08189e-19 
3.7975 9.43393e-19 
3.805 5.93267e-19 
3.8025 6.92405e-19 
3.81 4.35681e-19 
3.8075 5.08371e-19 
3.815 3.20133e-19 
3.8125 3.73433e-19 
3.82 2.35394e-19 
3.8175 2.74485e-19 
3.825 1.73234e-19 
3.8225 2.01912e-19 
3.83 1.27618e-19 
3.8275 1.48666e-19 
3.835 9.41258e-20 
3.8325 1.09582e-19 
3.84 6.95177e-20 
3.8375 8.08763e-20 
3.845 5.14223e-20 
3.8425 5.97768e-20 
3.85 3.81026e-20 
3.8475 4.4254e-20 
3.855 2.82867e-20 
3.8525 3.28215e-20 
3.86 2.10431e-20 
3.8575 2.43909e-20 
3.865 1.56897e-20 
3.8625 1.8165e-20 
3.87 1.17264e-20 
3.8675 1.35598e-20 
3.875 8.78659e-21 
3.8725 1.01472e-20 
3.88 6.60152e-21 
3.8775 7.61345e-21 
3.885 4.97374e-21 
3.8825 5.72805e-21 
3.89 3.75818e-21 
3.8875 4.32185e-21 
3.895 2.84811e-21 
3.8925 3.27042e-21 
3.9 2.16491e-21 
3.8975 2.48218e-21 
3.905 1.65058e-21 
3.9025 1.88961e-21 
3.91 1.26223e-21 
3.9075 1.44285e-21 
3.915 9.68131e-22 
3.9125 1.10503e-21 
3.92 7.44728e-22 
3.9175 8.48805e-22 
3.925 5.74505e-22 
3.9225 6.53872e-22 
3.93 4.44405e-22 
3.9275 5.05114e-22 
3.935 3.44669e-22 
3.9325 3.91247e-22 
3.94 2.67982e-22 
3.9375 3.03824e-22 
3.945 2.08847e-22 
3.9425 2.36506e-22 
3.95 1.63119e-22 
3.9475 1.84523e-22 
3.955 1.27664e-22 
3.9525 1.44271e-22 
3.96 1.00104e-22 
3.9575 1.13021e-22 
3.965 7.86287e-23 
3.9625 8.87003e-23 
3.97 6.1858e-23 
3.9675 6.97279e-23 
3.975 4.87337e-23 
3.9725 5.48957e-23 
3.98 3.8443e-23 
3.9775 4.3277e-23 
3.985 3.03599e-23 
3.9825 3.41586e-23 
3.99 2.40007e-23 
3.9875 2.69904e-23 
3.995 1.89902e-23 
3.9925 2.13467e-23 
4 1.50374e-23 
3.9975 1.68971e-23 
4.005 1.19152e-23 
4.0025 1.33845e-23 
4.01 9.44667e-24 
4.0075 1.06087e-23 
4.015 7.49308e-24 
4.0125 8.4129e-24 
4.02 5.9458e-24 
4.0175 6.67445e-24 
4.025 4.7195e-24 
4.0225 5.29709e-24 
4.03 3.74701e-24 
4.0275 4.20512e-24 
4.035 2.97543e-24 
4.0325 3.33894e-24 
4.04 2.36301e-24 
4.0375 2.65157e-24 
4.045 1.87675e-24 
4.0425 2.10588e-24 
4.05 1.49057e-24 
4.0475 1.67255e-24 
4.055 1.18382e-24 
4.0525 1.32838e-24 
4.06 9.40116e-25 
4.0575 1.05496e-24 
4.065 7.46499e-25 
4.0625 8.37745e-25 
4.07 5.92667e-25 
4.0675 6.65164e-25 
4.075 4.7045e-25 
4.0725 5.28047e-25 
4.08 3.73356e-25 
4.0775 4.19112e-25 
4.085 2.96229e-25 
4.0825 3.32574e-25 
4.09 2.34971e-25 
4.0875 2.63837e-25 
4.095 1.86327e-25 
4.0925 2.09248e-25 
4.1 1.47706e-25 
4.0975 1.65903e-25 
4.105 1.17052e-25 
4.1025 1.31494e-25 
4.11 9.27255e-26 
4.1075 1.04186e-25 
4.115 7.34274e-26 
4.1125 8.25181e-26 
4.12 5.81226e-26 
4.1175 6.53315e-26 
4.125 4.59889e-26 
4.1225 5.17037e-26 
4.13 3.63726e-26 
4.1275 4.09013e-26 
4.135 2.87543e-26 
4.1325 3.23417e-26 
4.14 2.27212e-26 
4.1375 2.55618e-26 
4.145 1.79453e-26 
4.1425 2.01937e-26 
4.15 1.41664e-26 
4.1475 1.59453e-26 
4.155 1.11776e-26 
4.1525 1.25843e-26 
4.16 8.81478e-27 
4.1575 9.92676e-27 
4.165 6.94775e-27 
4.1625 7.8263e-27 
4.17 5.47319e-27 
4.1675 6.16697e-27 
4.175 4.30918e-27 
4.1725 4.85677e-27 
4.18 3.39079e-27 
4.1775 3.82277e-27 
4.185 2.66658e-27 
4.1825 3.00718e-27 
4.19 2.09581e-27 
4.1875 2.3642e-27 
4.195 1.64621e-27 
4.1925 1.85759e-27 
4.2 1.29226e-27 
4.1975 1.45865e-27 
4.205 1.01378e-27 
4.2025 1.14467e-27 
4.21 7.948e-28 
4.2075 8.97706e-28 
4.215 6.22717e-28 
4.2125 7.03573e-28 
4.22 4.87571e-28 
4.2175 5.51061e-28 
4.225 3.81499e-28 
4.2225 4.31322e-28 
4.23 2.98301e-28 
4.2275 3.37373e-28 
4.235 2.33085e-28 
4.2325 2.63707e-28 
4.24 1.82e-28 
4.2375 2.05983e-28 
4.245 1.42011e-28 
4.2425 1.60781e-28 
4.25 1.10728e-28 
4.2475 1.25409e-28 
4.255 8.62737e-29 
4.2525 9.77478e-29 
4.26 6.71706e-29 
4.2575 7.61322e-29 
4.265 5.22585e-29 
4.2625 5.92527e-29 
4.27 4.06263e-29 
4.2675 4.60811e-29 
4.275 3.15593e-29 
4.2725 3.58103e-29 
4.28 2.44969e-29 
4.2775 2.78074e-29 
4.285 1.90002e-29 
4.2825 2.15763e-29 
4.29 1.47253e-29 
4.2875 1.67284e-29 
4.295 1.14032e-29 
4.2925 1.29595e-29 
4.3 8.82348e-30 
4.2975 1.00317e-29 
4.305 6.82186e-30 
4.3025 7.75916e-30 
4.31 5.27001e-30 
4.3075 5.99654e-30 
4.315 4.06783e-30 
4.3125 4.63053e-30 
4.32 3.13729e-30 
4.3175 3.57275e-30 
4.325 2.4176e-30 
4.3225 2.75432e-30 
4.33 1.86143e-30 
4.3275 2.12158e-30 
4.335 1.432e-30 
4.3325 1.63283e-30 
4.34 1.10069e-30 
4.3375 1.2556e-30 
4.345 8.45313e-31 
4.3425 9.6469e-31 
4.35 6.48623e-31 
4.3475 7.40544e-31 
4.355 4.97266e-31 
4.3525 5.67985e-31 
4.36 3.80894e-31 
4.3575 4.35254e-31 
4.365 2.91498e-31 
4.3625 3.33248e-31 
4.37 2.22886e-31 
4.3675 2.54922e-31 
4.375 1.70272e-31 
4.3725 1.94832e-31 
4.38 1.29961e-31 
4.3775 1.48773e-31 
4.385 9.91037e-32 
4.3825 1.13501e-31 
4.39 7.55046e-32 
4.3875 8.65127e-32 
4.395 5.74727e-32 
4.3925 6.58819e-32 
4.4 4.37071e-32 
4.3975 5.01251e-32 
4.405 3.3208e-32 
4.4025 3.81019e-32 
4.41 2.52077e-32 
4.4075 2.89359e-32 
4.415 1.9117e-32 
4.4125 2.19546e-32 
4.42 1.44844e-32 
4.4175 1.66422e-32 
4.425 1.09642e-32 
4.4225 1.26034e-32 
4.43 8.2917e-33 
4.4275 9.53586e-33 
4.435 6.26472e-33 
4.4325 7.20813e-33 
4.44 4.72877e-33 
4.4375 5.44346e-33 
4.445 3.56601e-33 
4.4425 4.10691e-33 
4.45 2.6866e-33 
4.4475 3.09558e-33 
4.455 2.02212e-33 
4.4525 2.33107e-33 
4.46 1.52053e-33 
4.4575 1.75369e-33 
4.465 1.14226e-33 
4.4625 1.31805e-33 
4.47 8.57268e-34 
4.4675 9.89674e-34 
4.475 6.42758e-34 
4.4725 7.42392e-34 
4.48 4.81456e-34 
4.4775 5.56357e-34 
4.485 3.60282e-34 
4.4825 4.16535e-34 
4.49 2.69343e-34 
4.4875 3.11549e-34 
4.495 2.01161e-34 
4.4925 2.32796e-34 
4.5 1.50091e-34 
4.4975 1.73781e-34 
4.505 1.11877e-34 
4.5025 1.29599e-34 
4.51 8.33102e-35 
4.5075 9.65543e-35 
4.515 6.19765e-35 
4.5125 7.18646e-35 
4.52 4.60602e-35 
4.5175 5.34354e-35 
4.525 3.41975e-35 
4.5225 3.96929e-35 
4.53 2.53648e-35 
4.5275 2.94555e-35 
4.535 1.87948e-35 
4.5325 2.18367e-35 
4.54 1.39126e-35 
4.5375 1.61725e-35 
4.545 1.02884e-35 
4.5425 1.19655e-35 
4.55 7.60069e-36 
4.5475 8.84409e-36 
4.555 5.60948e-36 
4.5525 6.53041e-36 
4.56 4.13577e-36 
4.5575 4.81717e-36 
4.565 3.04617e-36 
4.5625 3.54983e-36 
4.57 2.24137e-36 
4.5675 2.61328e-36 
4.575 1.64754e-36 
4.5725 1.92189e-36 
4.58 1.20982e-36 
4.5775 1.41199e-36 
4.585 8.875e-37 
4.5825 1.03633e-36 
4.59 6.50392e-37 
4.5875 7.59844e-37 
4.595 4.76149e-37 
4.5925 5.5656e-37 
4.6 3.48233e-37 
4.5975 4.07248e-37 
4.605 2.54423e-37 
4.6025 2.97691e-37 
4.61 1.85696e-37 
4.6075 2.17386e-37 
4.615 1.35396e-37 
4.6125 1.58583e-37 
4.62 9.86209e-38 
4.6175 1.15569e-37 
4.625 7.17611e-38 
4.6225 8.4136e-38 
4.63 5.21635e-38 
4.6275 6.11901e-38 
4.635 3.78792e-38 
4.6325 4.44567e-38 
4.64 2.74785e-38 
4.6375 3.22664e-38 
4.645 1.99132e-38 
4.6425 2.33948e-38 
4.65 1.4416e-38 
4.6475 1.69452e-38 
4.655 1.04257e-38 
4.6525 1.2261e-38 
4.66 7.53216e-39 
4.6575 8.86268e-39 
4.665 5.43614e-39 
4.6625 6.39968e-39 
4.67 3.91937e-39 
4.6675 4.61643e-39 
4.675 2.82291e-39 
4.6725 3.32667e-39 
4.68 2.03111e-39 
4.6775 2.39479e-39 
4.685 1.4599e-39 
4.6825 1.72219e-39 
4.69 1.04826e-39 
4.6875 1.23722e-39 
4.695 7.51909e-40 
4.6925 8.87911e-40 
4.7 5.38788e-40 
4.6975 6.36568e-40 
4.705 3.85678e-40 
4.7025 4.55905e-40 
4.71 2.75794e-40 
4.7075 3.2618e-40 
4.715 1.97015e-40 
4.7125 2.33128e-40 
4.72 1.40594e-40 
4.7175 1.66451e-40 
4.725 1.00228e-40 
4.7225 1.18722e-40 
4.73 7.13775e-41 
4.7275 8.45916e-41 
4.735 5.07796e-41 
4.7325 6.02113e-41 
4.74 3.60886e-41 
4.7375 4.28137e-41 
4.745 2.56215e-41 
4.7425 3.04116e-41 
4.75 1.81715e-41 
4.7475 2.158e-41 
4.755 1.28745e-41 
4.7525 1.52973e-41 
4.76 9.11225e-42 
4.7575 1.08326e-41 
4.765 6.44277e-42 
4.7625 7.66305e-42 
4.77 4.55064e-42 
4.7675 5.41533e-42 
4.775 3.21089e-42 
4.7725 3.82298e-42 
4.78 2.26325e-42 
4.7775 2.69607e-42 
4.785 1.59364e-42 
4.7825 1.89939e-42 
4.79 1.121e-42 
4.7875 1.33675e-42 
4.795 7.87717e-43 
4.7925 9.39809e-43 
4.8 5.52955e-43 
4.7975 6.60058e-43 
4.805 3.8776e-43 
4.8025 4.63104e-43 
4.81 2.71637e-43 
4.8075 3.24585e-43 
4.815 1.90094e-43 
4.8125 2.27264e-43 
4.82 1.32893e-43 
4.8175 1.5896e-43 
4.825 9.28089e-44 
4.8225 1.1107e-43 
4.83 6.47487e-44 
4.8275 7.75287e-44 
4.835 4.51259e-44 
4.8325 5.40605e-44 
4.84 3.14178e-44 
4.8375 3.76576e-44 
4.845 2.18514e-44 
4.8425 2.62047e-44 
4.85 1.51823e-44 
4.8475 1.82163e-44 
4.855 1.05378e-44 
4.8525 1.26501e-44 
4.86 7.3066e-45 
4.8575 8.77574e-45 
4.865 5.06101e-45 
4.8625 6.08174e-45 
4.87 3.50198e-45 
4.8675 4.21043e-45 
4.875 2.42072e-45 
4.8725 2.91193e-45 
4.88 1.6716e-45 
4.8775 2.01182e-45 
4.885 1.15312e-45 
4.8825 1.38852e-45 
4.89 7.94641e-46 
4.8875 9.57356e-46 
4.895 5.47047e-46 
4.8925 6.594e-46 
4.9 3.76213e-46 
4.8975 4.53712e-46 
4.905 2.58463e-46 
4.9025 3.11865e-46 
4.91 1.77387e-46 
4.9075 2.14146e-46 
4.915 1.21618e-46 
4.9125 1.46896e-46 
4.92 8.32981e-47 
4.9175 1.00663e-46 
4.925 5.69939e-47 
4.9225 6.891e-47 
4.93 3.89566e-47 
4.9275 4.71254e-47 
4.935 2.66008e-47 
4.9325 3.2195e-47 
4.94 1.81458e-47 
4.9375 2.19728e-47 
4.945 1.23663e-47 
4.9425 1.49815e-47 
4.95 8.41988e-48 
4.9475 1.0205e-47 
4.955 5.72845e-48 
4.9525 6.94549e-48 
4.96 3.89546e-48 
4.9575 4.72396e-48 
4.965 2.64941e-48 
4.9625 3.21227e-48 
4.97 1.80475e-48 
4.9675 2.18592e-48 
4.975 1.23506e-48 
4.9725 1.49166e-48 
4.98 8.54611e-49 
4.9775 1.0253e-48 
4.985 6.05911e-49 
4.9825 7.1653e-49 
4.99 4.51203e-49 
4.9875 5.18557e-49 
4.995 3.66919e-49 
4.9925 4.01279e-49 
5 3.40187e-49 
4.9975 3.46803e-49 
