0 7.56215e-06 
0.005 7.63598e-06 
0.0025 7.58059e-06 
0.01 7.85875e-06 
0.0075 7.72857e-06 
0.015 8.23421e-06 
0.0125 8.02705e-06 
0.02 8.76872e-06 
0.0175 8.48108e-06 
0.025 9.4713e-06 
0.0225 9.09833e-06 
0.03 1.03538e-05 
0.0275 9.8892e-06 
0.035 1.14309e-05 
0.0325 1.0867e-05 
0.04 1.27208e-05 
0.0375 1.2048e-05 
0.045 1.42448e-05 
0.0425 1.3452e-05 
0.05 1.60281e-05 
0.0475 1.51023e-05 
0.055 1.81e-05 
0.0525 1.70259e-05 
0.06 2.04945e-05 
0.0575 1.92546e-05 
0.065 2.32504e-05 
0.0625 2.18246e-05 
0.07 2.64123e-05 
0.0675 2.47776e-05 
0.075 3.00308e-05 
0.0725 2.8161e-05 
0.08 3.41636e-05 
0.0775 3.2029e-05 
0.085 3.88761e-05 
0.0825 3.6443e-05 
0.09 4.42423e-05 
0.0875 4.14725e-05 
0.095 5.03461e-05 
0.0925 4.71964e-05 
0.1 5.72818e-05 
0.0975 5.37036e-05 
0.105 6.51564e-05 
0.1025 6.10946e-05 
0.11 7.40902e-05 
0.1075 6.94828e-05 
0.115 8.42187e-05 
0.1125 7.8996e-05 
0.12 9.56948e-05 
0.1175 8.9778e-05 
0.125 0.00010869 
0.1225 0.000101991 
0.13 0.000123398 
0.1275 0.000115817 
0.135 0.000140037 
0.1325 0.000131462 
0.14 0.00015885 
0.1375 0.000149155 
0.145 0.000180112 
0.1425 0.000169156 
0.15 0.000204132 
0.1475 0.000191757 
0.155 0.000231256 
0.1525 0.000217283 
0.16 0.000261874 
0.1575 0.000246103 
0.165 0.000296422 
0.1625 0.000278627 
0.17 0.000335389 
0.1675 0.00031532 
0.175 0.000379326 
0.1725 0.0003567 
0.18 0.000428849 
0.1775 0.000403348 
0.185 0.000484648 
0.1825 0.000455917 
0.19 0.000547499 
0.1875 0.00051514 
0.195 0.000618269 
0.1925 0.000581836 
0.2 0.000697932 
0.1975 0.000656924 
0.205 0.000787578 
0.2025 0.000741434 
0.21 0.000888427 
0.2075 0.00083652 
0.215 0.00100185 
0.2125 0.000943474 
0.22 0.00112937 
0.2175 0.00106374 
0.225 0.0012727 
0.2225 0.00119894 
0.23 0.00143377 
0.2275 0.00135089 
0.235 0.00161471 
0.2325 0.00152161 
0.24 0.00181792 
0.2375 0.00171337 
0.245 0.0020461 
0.2425 0.00192871 
0.25 0.00230223 
0.2475 0.00217047 
0.255 0.00258966 
0.2525 0.00244181 
0.26 0.00291214 
0.2575 0.00274627 
0.265 0.00327386 
0.2625 0.00308782 
0.27 0.00367948 
0.2675 0.00347087 
0.275 0.0041342 
0.2725 0.00390035 
0.28 0.00464385 
0.2775 0.00438177 
0.285 0.00521489 
0.2825 0.00492126 
0.29 0.00585455 
0.2875 0.00552566 
0.295 0.00657087 
0.2925 0.00620259 
0.3 0.0073728 
0.2975 0.00696054 
0.305 0.00827029 
0.3025 0.00780893 
0.31 0.00927439 
0.3075 0.00875827 
0.315 0.0103974 
0.3125 0.00982021 
0.32 0.0116529 
0.3175 0.0110077 
0.325 0.0130561 
0.3225 0.012335 
0.33 0.0146235 
0.3275 0.0138181 
0.335 0.0163737 
0.3325 0.0154745 
0.34 0.018327 
0.3375 0.0173236 
0.345 0.0205059 
0.3425 0.0193868 
0.35 0.022935 
0.3475 0.0216875 
0.355 0.0256413 
0.3525 0.0242517 
0.36 0.0286544 
0.3575 0.0271075 
0.365 0.0320065 
0.3625 0.0302859 
0.37 0.0357329 
0.3675 0.0338206 
0.375 0.0398715 
0.3725 0.0377482 
0.38 0.0444633 
0.3775 0.0421081 
0.385 0.0495525 
0.3825 0.0469429 
0.39 0.0551862 
0.3875 0.0522982 
0.395 0.0614143 
0.3925 0.0582227 
0.4 0.0682898 
0.3975 0.0647677 
0.405 0.0758677 
0.4025 0.0719874 
0.41 0.0842054 
0.4075 0.0799379 
0.415 0.0933614 
0.4125 0.0886774 
0.42 0.103395 
0.4175 0.0982648 
0.425 0.114365 
0.4225 0.10876 
0.43 0.12633 
0.4275 0.12022 
0.435 0.139343 
0.4325 0.132702 
0.44 0.153456 
0.4375 0.146259 
0.445 0.168712 
0.4425 0.160939 
0.45 0.185147 
0.4475 0.17678 
0.455 0.202786 
0.4525 0.193815 
0.46 0.221643 
0.4575 0.212062 
0.465 0.241717 
0.4625 0.231529 
0.47 0.262989 
0.4675 0.252205 
0.475 0.285424 
0.4725 0.274065 
0.48 0.308966 
0.4775 0.297061 
0.485 0.333539 
0.4825 0.321129 
0.49 0.359048 
0.4875 0.346183 
0.495 0.385376 
0.4925 0.372117 
0.5 0.41239 
0.4975 0.398806 
0.505 0.43994 
0.5025 0.426108 
0.51 0.467865 
0.5075 0.453866 
0.515 0.495991 
0.5125 0.481914 
0.52 0.524143 
0.5175 0.510075 
0.525 0.552144 
0.5225 0.538173 
0.53 0.579819 
0.5275 0.566032 
0.535 0.607003 
0.5325 0.593482 
0.54 0.633543 
0.5375 0.620362 
0.545 0.659299 
0.5425 0.646527 
0.55 0.684152 
0.5475 0.671845 
0.555 0.707999 
0.5525 0.696207 
0.56 0.730758 
0.5575 0.719519 
0.565 0.752369 
0.5625 0.74171 
0.57 0.77279 
0.5675 0.76273 
0.575 0.791998 
0.5725 0.782546 
0.58 0.809987 
0.5775 0.801144 
0.585 0.826766 
0.5825 0.818526 
0.59 0.842357 
0.5875 0.834708 
0.595 0.856794 
0.5925 0.849718 
0.6 0.870119 
0.5975 0.863593 
0.605 0.882379 
0.6025 0.876379 
0.61 0.893629 
0.6075 0.888127 
0.615 0.903926 
0.6125 0.898893 
0.62 0.913328 
0.6175 0.908735 
0.625 0.921894 
0.6225 0.917712 
0.63 0.929684 
0.6275 0.925882 
0.635 0.936755 
0.6325 0.933306 
0.64 0.943163 
0.6375 0.940038 
0.645 0.948961 
0.6425 0.946135 
0.65 0.954201 
0.6475 0.951648 
0.655 0.95893 
0.6525 0.956626 
0.66 0.963193 
0.6575 0.961117 
0.665 0.967033 
0.6625 0.965163 
0.67 0.970487 
0.6675 0.968806 
0.675 0.973593 
0.6725 0.972082 
0.68 0.976383 
0.6775 0.975025 
0.685 0.978887 
0.6825 0.977669 
0.69 0.981133 
0.6875 0.980041 
0.695 0.983147 
0.6925 0.982168 
0.7 0.984952 
0.6975 0.984074 
0.705 0.986568 
0.7025 0.985782 
0.71 0.988015 
0.7075 0.987312 
0.715 0.989309 
0.7125 0.98868 
0.72 0.990467 
0.7175 0.989904 
0.725 0.991502 
0.7225 0.990999 
0.73 0.992427 
0.7275 0.991977 
0.735 0.993253 
0.7325 0.992852 
0.74 0.993991 
0.7375 0.993633 
0.745 0.99465 
0.7425 0.99433 
0.75 0.995238 
0.7475 0.994953 
0.755 0.995763 
0.7525 0.995508 
0.76 0.996231 
0.7575 0.996004 
0.765 0.996649 
0.7625 0.996446 
0.77 0.997021 
0.7675 0.99684 
0.775 0.997352 
0.7725 0.997191 
0.78 0.997648 
0.7775 0.997504 
0.785 0.997911 
0.7825 0.997783 
0.79 0.998145 
0.7875 0.998032 
0.795 0.998354 
0.7925 0.998253 
0.8 0.99854 
0.7975 0.998449 
0.805 0.998705 
0.8025 0.998625 
0.81 0.998852 
0.8075 0.99878 
0.815 0.998982 
0.8125 0.998919 
0.82 0.999098 
0.8175 0.999042 
0.825 0.999201 
0.8225 0.999151 
0.83 0.999293 
0.8275 0.999249 
0.835 0.999374 
0.8325 0.999335 
0.84 0.999447 
0.8375 0.999412 
0.845 0.999511 
0.8425 0.99948 
0.85 0.999567 
0.8475 0.99954 
0.855 0.999618 
0.8525 0.999593 
0.86 0.999662 
0.8575 0.999641 
0.865 0.999702 
0.8625 0.999683 
0.87 0.999737 
0.8675 0.99972 
0.875 0.999768 
0.8725 0.999753 
0.88 0.999795 
0.8775 0.999782 
0.885 0.99982 
0.8825 0.999808 
0.89 0.999841 
0.8875 0.999831 
0.895 0.99986 
0.8925 0.999851 
0.9 0.999877 
0.8975 0.999869 
0.905 0.999891 
0.9025 0.999884 
0.91 0.999904 
0.9075 0.999898 
0.915 0.999916 
0.9125 0.99991 
0.92 0.999926 
0.9175 0.999921 
0.925 0.999935 
0.9225 0.99993 
0.93 0.999942 
0.9275 0.999939 
0.935 0.999949 
0.9325 0.999946 
0.94 0.999955 
0.9375 0.999952 
0.945 0.99996 
0.9425 0.999958 
0.95 0.999965 
0.9475 0.999962 
0.955 0.999968 
0.9525 0.999967 
0.96 0.999972 
0.9575 0.99997 
0.965 0.999974 
0.9625 0.999973 
0.97 0.999977 
0.9675 0.999976 
0.975 0.999979 
0.9725 0.999978 
0.98 0.99998 
0.9775 0.999979 
0.985 0.999981 
0.9825 0.999981 
0.99 0.999982 
0.9875 0.999982 
0.995 0.999983 
0.9925 0.999982 
1 0.999983 
0.9975 0.999983 
1.005 0.999983 
1.0025 0.999983 
1.01 0.999983 
1.0075 0.999983 
1.015 0.999982 
1.0125 0.999982 
1.02 0.999981 
1.0175 0.999981 
1.025 0.99998 
1.0225 0.99998 
1.03 0.999978 
1.0275 0.999979 
1.035 0.999976 
1.0325 0.999977 
1.04 0.999974 
1.0375 0.999975 
1.045 0.999972 
1.0425 0.999973 
1.05 0.999969 
1.0475 0.99997 
1.055 0.999965 
1.0525 0.999967 
1.06 0.999961 
1.0575 0.999963 
1.065 0.999957 
1.0625 0.999959 
1.07 0.999952 
1.0675 0.999954 
1.075 0.999946 
1.0725 0.999949 
1.08 0.99994 
1.0775 0.999943 
1.085 0.999933 
1.0825 0.999936 
1.09 0.999925 
1.0875 0.999929 
1.095 0.999916 
1.0925 0.99992 
1.1 0.999906 
1.0975 0.999911 
1.105 0.999895 
1.1025 0.9999 
1.11 0.999882 
1.1075 0.999889 
1.115 0.999869 
1.1125 0.999876 
1.12 0.999853 
1.1175 0.999861 
1.125 0.999836 
1.1225 0.999845 
1.13 0.999817 
1.1275 0.999827 
1.135 0.999796 
1.1325 0.999807 
1.14 0.999772 
1.1375 0.999784 
1.145 0.999746 
1.1425 0.99976 
1.15 0.999717 
1.1475 0.999732 
1.155 0.999685 
1.1525 0.999702 
1.16 0.999649 
1.1575 0.999668 
1.165 0.99961 
1.1625 0.99963 
1.17 0.999566 
1.1675 0.999588 
1.175 0.999517 
1.1725 0.999542 
1.18 0.999463 
1.1775 0.999491 
1.185 0.999403 
1.1825 0.999434 
1.19 0.999337 
1.1875 0.999371 
1.195 0.999264 
1.1925 0.999302 
1.2 0.999183 
1.1975 0.999225 
1.205 0.999094 
1.2025 0.999139 
1.21 0.998994 
1.2075 0.999045 
1.215 0.998885 
1.2125 0.998941 
1.22 0.998764 
1.2175 0.998826 
1.225 0.99863 
1.2225 0.998698 
1.23 0.998482 
1.2275 0.998558 
1.235 0.998318 
1.2325 0.998402 
1.24 0.998138 
1.2375 0.99823 
1.245 0.997939 
1.2425 0.998041 
1.25 0.997719 
1.2475 0.997831 
1.255 0.997476 
1.2525 0.9976 
1.26 0.997208 
1.2575 0.997345 
1.265 0.996912 
1.2625 0.997063 
1.27 0.996585 
1.2675 0.996753 
1.275 0.996225 
1.2725 0.99641 
1.28 0.995828 
1.2775 0.996032 
1.285 0.995391 
1.2825 0.995615 
1.29 0.994908 
1.2875 0.995155 
1.295 0.994376 
1.2925 0.994649 
1.3 0.99379 
1.2975 0.99409 
1.305 0.993144 
1.3025 0.993475 
1.31 0.992433 
1.3075 0.992797 
1.315 0.991649 
1.3125 0.99205 
1.32 0.990786 
1.3175 0.991228 
1.325 0.989836 
1.3225 0.990322 
1.33 0.98879 
1.3275 0.989325 
1.335 0.987639 
1.3325 0.988228 
1.34 0.986373 
1.3375 0.987021 
1.345 0.984981 
1.3425 0.985694 
1.35 0.983451 
1.3475 0.984234 
1.355 0.981768 
1.3525 0.982629 
1.36 0.97992 
1.3575 0.980866 
1.365 0.97789 
1.3625 0.978929 
1.37 0.975662 
1.3675 0.976802 
1.375 0.973217 
1.3725 0.974468 
1.38 0.970536 
1.3775 0.971908 
1.385 0.967598 
1.3825 0.969101 
1.39 0.96438 
1.3875 0.966025 
1.395 0.960857 
1.3925 0.962658 
1.4 0.957004 
1.3975 0.958973 
1.405 0.952794 
1.4025 0.954945 
1.41 0.948197 
1.4075 0.950545 
1.415 0.943182 
1.4125 0.945744 
1.42 0.937719 
1.4175 0.940509 
1.425 0.931774 
1.4225 0.934809 
1.43 0.925313 
1.4275 0.928611 
1.435 0.918301 
1.4325 0.921878 
1.44 0.910703 
1.4375 0.914577 
1.445 0.902483 
1.4425 0.906673 
1.45 0.893607 
1.4475 0.898129 
1.455 0.884042 
1.4525 0.888913 
1.46 0.873756 
1.4575 0.878991 
1.465 0.86272 
1.4625 0.868334 
1.47 0.850909 
1.4675 0.856913 
1.475 0.838303 
1.4725 0.844707 
1.48 0.824885 
1.4775 0.831696 
1.485 0.810647 
1.4825 0.817869 
1.49 0.795589 
1.4875 0.80322 
1.495 0.779717 
1.4925 0.787754 
1.5 0.763049 
1.4975 0.771481 
1.505 0.745613 
1.5025 0.754425 
1.51 0.727447 
1.5075 0.736618 
1.515 0.7086 
1.5125 0.718105 
1.52 0.689135 
1.5175 0.698941 
1.525 0.669124 
1.5225 0.679193 
1.53 0.648651 
1.5275 0.65894 
1.535 0.627808 
1.5325 0.638269 
1.54 0.6067 
1.5375 0.617281 
1.545 0.585434 
1.5425 0.596079 
1.55 0.564127 
1.5475 0.574779 
1.555 0.542899 
1.5525 0.553496 
1.56 0.521869 
1.5575 0.532351 
1.565 0.501158 
1.5625 0.511466 
1.57 0.480886 
1.5675 0.49096 
1.575 0.461167 
1.5725 0.470951 
1.58 0.442111 
1.5775 0.45155 
1.585 0.423819 
1.5825 0.432863 
1.59 0.406387 
1.5875 0.41499 
1.595 0.389901 
1.5925 0.398021 
1.6 0.374439 
1.5975 0.382038 
1.605 0.36007 
1.6025 0.367114 
1.61 0.346853 
1.6075 0.353314 
1.615 0.33484 
1.6125 0.340693 
1.62 0.324075 
1.6175 0.329299 
1.625 0.314592 
1.6225 0.319171 
1.63 0.306421 
1.6275 0.310341 
1.635 0.299582 
1.6325 0.302834 
1.64 0.294091 
1.6375 0.296668 
1.645 0.289958 
1.6425 0.291855 
1.65 0.287184 
1.6475 0.288401 
1.655 0.285768 
1.6525 0.286307 
1.66 0.285702 
1.6575 0.285567 
1.665 0.286973 
1.6625 0.286172 
1.67 0.289564 
1.6675 0.288105 
1.675 0.293453 
1.6725 0.291348 
1.68 0.298615 
1.6775 0.295877 
1.685 0.30502 
1.6825 0.301664 
1.69 0.312636 
1.6875 0.308679 
1.695 0.321427 
1.6925 0.316887 
1.7 0.331355 
1.6975 0.326252 
1.705 0.34238 
1.7025 0.336733 
1.71 0.354455 
1.7075 0.348289 
1.715 0.367535 
1.7125 0.360873 
1.72 0.381569 
1.7175 0.374436 
1.725 0.396501 
1.7225 0.388926 
1.73 0.412274 
1.7275 0.404286 
1.735 0.428824 
1.7325 0.420456 
1.74 0.446084 
1.7375 0.43737 
1.745 0.463983 
1.7425 0.454958 
1.75 0.482442 
1.7475 0.473147 
1.755 0.501382 
1.7525 0.491857 
1.76 0.520717 
1.7575 0.511006 
1.765 0.540357 
1.7625 0.530504 
1.77 0.560212 
1.7675 0.550264 
1.775 0.580188 
1.7725 0.570191 
1.78 0.60019 
1.7775 0.590192 
1.785 0.620127 
1.7825 0.610173 
1.79 0.639905 
1.7875 0.630041 
1.795 0.659437 
1.7925 0.649707 
1.8 0.678639 
1.7975 0.669084 
1.805 0.697433 
1.8025 0.688091 
1.81 0.715748 
1.8075 0.706654 
1.815 0.73352 
1.8125 0.724706 
1.82 0.750696 
1.8175 0.742186 
1.825 0.767228 
1.8225 0.759045 
1.83 0.783078 
1.8275 0.77524 
1.835 0.79822 
1.8325 0.790739 
1.84 0.812633 
1.8375 0.805518 
1.845 0.826305 
1.8425 0.819562 
1.85 0.839233 
1.8475 0.832862 
1.855 0.85142 
1.8525 0.845418 
1.86 0.862875 
1.8575 0.857238 
1.865 0.873612 
1.8625 0.868332 
1.87 0.883652 
1.8675 0.878718 
1.875 0.893017 
1.8725 0.888417 
1.88 0.901732 
1.8775 0.897454 
1.885 0.909827 
1.8825 0.905855 
1.89 0.91733 
1.8875 0.913651 
1.895 0.924274 
1.8925 0.92087 
1.9 0.930687 
1.8975 0.927545 
1.905 0.936603 
1.9025 0.933706 
1.91 0.942052 
1.9075 0.939384 
1.915 0.947065 
1.9125 0.944611 
1.92 0.951671 
1.9175 0.949417 
1.925 0.955898 
1.9225 0.95383 
1.93 0.959774 
1.9275 0.957878 
1.935 0.963324 
1.9325 0.961588 
1.94 0.966574 
1.9375 0.964985 
1.945 0.969547 
1.9425 0.968094 
1.95 0.972263 
1.9475 0.970936 
1.955 0.974745 
1.9525 0.973532 
1.96 0.977011 
1.9575 0.975904 
1.965 0.979078 
1.9625 0.978068 
1.97 0.980963 
1.9675 0.980042 
1.975 0.982682 
1.9725 0.981842 
1.98 0.984248 
1.9775 0.983483 
1.985 0.985675 
1.9825 0.984978 
1.99 0.986974 
1.9875 0.986339 
1.995 0.988157 
1.9925 0.987579 
2 0.989234 
1.9975 0.988708 
2.005 0.990213 
2.0025 0.989735 
2.01 0.991105 
2.0075 0.99067 
2.015 0.991916 
2.0125 0.99152 
2.02 0.992653 
2.0175 0.992293 
2.025 0.993324 
2.0225 0.992996 
2.03 0.993933 
2.0275 0.993636 
2.035 0.994487 
2.0325 0.994217 
2.04 0.994991 
2.0375 0.994745 
2.045 0.995449 
2.0425 0.995226 
2.05 0.995865 
2.0475 0.995662 
2.055 0.996243 
2.0525 0.996059 
2.06 0.996587 
2.0575 0.996419 
2.065 0.996899 
2.0625 0.996746 
2.07 0.997182 
2.0675 0.997044 
2.075 0.99744 
2.0725 0.997314 
2.08 0.997674 
2.0775 0.997559 
2.085 0.997886 
2.0825 0.997782 
2.09 0.998079 
2.0875 0.997985 
2.095 0.998254 
2.0925 0.998168 
2.1 0.998412 
2.0975 0.998335 
2.105 0.998556 
2.1025 0.998486 
2.11 0.998687 
2.1075 0.998623 
2.115 0.998805 
2.1125 0.998748 
2.12 0.998913 
2.1175 0.99886 
2.125 0.99901 
2.1225 0.998963 
2.13 0.999098 
2.1275 0.999055 
2.135 0.999178 
2.1325 0.999139 
2.14 0.99925 
2.1375 0.999214 
2.145 0.999314 
2.1425 0.999283 
2.15 0.999373 
2.1475 0.999344 
2.155 0.999426 
2.1525 0.9994 
2.16 0.999473 
2.1575 0.99945 
2.165 0.999515 
2.1625 0.999495 
2.17 0.999553 
2.1675 0.999535 
2.175 0.999586 
2.1725 0.99957 
2.18 0.999616 
2.1775 0.999602 
2.185 0.999642 
2.1825 0.99963 
2.19 0.999665 
2.1875 0.999654 
2.195 0.999685 
2.1925 0.999675 
2.2 0.999702 
2.1975 0.999694 
2.205 0.999716 
2.2025 0.999709 
2.21 0.999728 
2.2075 0.999722 
2.215 0.999737 
2.2125 0.999733 
2.22 0.999744 
2.2175 0.999741 
2.225 0.999748 
2.2225 0.999746 
2.23 0.999751 
2.2275 0.99975 
2.235 0.999752 
2.2325 0.999752 
2.24 0.99975 
2.2375 0.999751 
2.245 0.999747 
2.2425 0.999749 
2.25 0.999742 
2.2475 0.999745 
2.255 0.999735 
2.2525 0.999738 
2.26 0.999726 
2.2575 0.99973 
2.265 0.999715 
2.2625 0.999721 
2.27 0.999703 
2.2675 0.999709 
2.275 0.999688 
2.2725 0.999696 
2.28 0.999672 
2.2775 0.99968 
2.285 0.999654 
2.2825 0.999663 
2.29 0.999634 
2.2875 0.999644 
2.295 0.999612 
2.2925 0.999623 
2.3 0.999588 
2.2975 0.999601 
2.305 0.999563 
2.3025 0.999576 
2.31 0.999535 
2.3075 0.999549 
2.315 0.999505 
2.3125 0.99952 
2.32 0.999473 
2.3175 0.999489 
2.325 0.999439 
2.3225 0.999456 
2.33 0.999402 
2.3275 0.999421 
2.335 0.999364 
2.3325 0.999383 
2.34 0.999322 
2.3375 0.999343 
2.345 0.999279 
2.3425 0.999301 
2.35 0.999233 
2.3475 0.999256 
2.355 0.999184 
2.3525 0.999209 
2.36 0.999132 
2.3575 0.999158 
2.365 0.999078 
2.3625 0.999106 
2.37 0.999021 
2.3675 0.99905 
2.375 0.998961 
2.3725 0.998991 
2.38 0.998897 
2.3775 0.998929 
2.385 0.99883 
2.3825 0.998864 
2.39 0.99876 
2.3875 0.998796 
2.395 0.998687 
2.3925 0.998724 
2.4 0.998609 
2.3975 0.998648 
2.405 0.998528 
2.4025 0.998569 
2.41 0.998442 
2.4075 0.998486 
2.415 0.998353 
2.4125 0.998398 
2.42 0.998259 
2.4175 0.998306 
2.425 0.99816 
2.4225 0.99821 
2.43 0.998056 
2.4275 0.998108 
2.435 0.997947 
2.4325 0.998002 
2.44 0.997832 
2.4375 0.99789 
2.445 0.997711 
2.4425 0.997772 
2.45 0.997584 
2.4475 0.997649 
2.455 0.997451 
2.4525 0.997519 
2.46 0.99731 
2.4575 0.997381 
2.465 0.997162 
2.4625 0.997237 
2.47 0.997005 
2.4675 0.997085 
2.475 0.99684 
2.4725 0.996924 
2.48 0.996666 
2.4775 0.996754 
2.485 0.996481 
2.4825 0.996575 
2.49 0.996286 
2.4875 0.996385 
2.495 0.996079 
2.4925 0.996184 
2.5 0.99586 
2.4975 0.995971 
2.505 0.995627 
2.5025 0.995745 
2.51 0.995379 
2.5075 0.995505 
2.515 0.995116 
2.5125 0.99525 
2.52 0.994836 
2.5175 0.994978 
2.525 0.994538 
2.5225 0.994689 
2.53 0.99422 
2.5275 0.994381 
2.535 0.99388 
2.5325 0.994052 
2.54 0.993517 
2.5375 0.993701 
2.545 0.993129 
2.5425 0.993326 
2.55 0.992713 
2.5475 0.992924 
2.555 0.992268 
2.5525 0.992494 
2.56 0.991791 
2.5575 0.992033 
2.565 0.991279 
2.5625 0.991539 
2.57 0.990729 
2.5675 0.991009 
2.575 0.990139 
2.5725 0.990439 
2.58 0.989504 
2.5775 0.989827 
2.585 0.988821 
2.5825 0.989169 
2.59 0.988086 
2.5875 0.98846 
2.595 0.987295 
2.5925 0.987698 
2.6 0.986443 
2.5975 0.986877 
2.605 0.985525 
2.6025 0.985993 
2.61 0.984535 
2.6075 0.985039 
2.615 0.983468 
2.6125 0.984012 
2.62 0.982317 
2.6175 0.982903 
2.625 0.981075 
2.6225 0.981708 
2.63 0.979735 
2.6275 0.980418 
2.635 0.97829 
2.6325 0.979026 
2.64 0.976729 
2.6375 0.977524 
2.645 0.975045 
2.6425 0.975903 
2.65 0.973228 
2.6475 0.974154 
2.655 0.971266 
2.6525 0.972265 
2.66 0.969149 
2.6575 0.970228 
2.665 0.966864 
2.6625 0.968028 
2.67 0.9644 
2.6675 0.965655 
2.675 0.961741 
2.6725 0.963095 
2.68 0.958874 
2.6775 0.960334 
2.685 0.955782 
2.6825 0.957357 
2.69 0.952451 
2.6875 0.954148 
2.695 0.948861 
2.6925 0.950689 
2.7 0.944996 
2.6975 0.946964 
2.705 0.940835 
2.7025 0.942953 
2.71 0.936358 
2.7075 0.938637 
2.715 0.931545 
2.7125 0.933995 
2.72 0.926374 
2.7175 0.929006 
2.725 0.920821 
2.7225 0.923646 
2.73 0.914863 
2.7275 0.917894 
2.735 0.908476 
2.7325 0.911725 
2.74 0.901635 
2.7375 0.905114 
2.745 0.894316 
2.7425 0.898037 
2.75 0.886492 
2.7475 0.890469 
2.755 0.878139 
2.7525 0.882383 
2.76 0.869232 
2.7575 0.873756 
2.765 0.859745 
2.7625 0.864562 
2.77 0.849657 
2.7675 0.854778 
2.775 0.838944 
2.7725 0.84438 
2.78 0.827585 
2.7775 0.833346 
2.785 0.815563 
2.7825 0.821658 
2.79 0.80286 
2.7875 0.809297 
2.795 0.789465 
2.7925 0.79625 
2.8 0.775367 
2.7975 0.782504 
2.805 0.760561 
2.8025 0.768053 
2.81 0.745046 
2.8075 0.752892 
2.815 0.728827 
2.8125 0.737024 
2.82 0.711914 
2.8175 0.720456 
2.825 0.694322 
2.8225 0.703201 
2.83 0.676074 
2.8275 0.685278 
2.835 0.6572 
2.8325 0.666713 
2.84 0.637736 
2.8375 0.647539 
2.845 0.617725 
2.8425 0.627795 
2.85 0.597217 
2.8475 0.60753 
2.855 0.576271 
2.8525 0.586795 
2.86 0.55495 
2.8575 0.565654 
2.865 0.533323 
2.8625 0.54417 
2.87 0.511465 
2.8675 0.522418 
2.875 0.489454 
2.8725 0.500474 
2.88 0.467373 
2.8775 0.478417 
2.885 0.445305 
2.8825 0.456332 
2.89 0.423335 
2.8875 0.434303 
2.895 0.401546 
2.8925 0.412413 
2.9 0.38002 
2.8975 0.390745 
2.905 0.358836 
2.9025 0.369381 
2.91 0.338068 
2.9075 0.348395 
2.915 0.317784 
2.9125 0.327861 
2.92 0.298046 
2.9175 0.307843 
2.925 0.278911 
2.9225 0.2884 
2.93 0.260426 
2.9275 0.269585 
2.935 0.24263 
2.9325 0.25144 
2.94 0.225556 
2.9375 0.234001 
2.945 0.209228 
2.9425 0.217298 
2.95 0.193663 
2.9475 0.20135 
2.955 0.17887 
2.9525 0.186169 
2.96 0.164851 
2.9575 0.171764 
2.965 0.151604 
2.9625 0.158132 
2.97 0.13912 
2.9675 0.145268 
2.975 0.127386 
2.9725 0.133161 
2.98 0.116384 
2.9775 0.121795 
2.985 0.106093 
2.9825 0.111151 
2.99 0.0964904 
2.9875 0.101207 
2.995 0.0875505 
2.9925 0.0919393 
3 0.0792464 
2.9975 0.0833207 
3.005 0.0715505 
3.0025 0.0753242 
3.01 0.0644344 
3.0075 0.0679217 
3.015 0.0578697 
3.0125 0.0610849 
3.02 0.0518283 
3.0175 0.0547853 
3.025 0.0462822 
3.0225 0.048995 
3.03 0.0412045 
3.0275 0.0436865 
3.035 0.0365686 
3.0325 0.038833 
3.04 0.0323488 
3.0375 0.0344083 
3.045 0.0285202 
3.0425 0.0303871 
3.05 0.0250584 
3.0475 0.0267449 
3.055 0.02194 
3.0525 0.0234577 
3.06 0.0191418 
3.0575 0.0205022 
3.065 0.0166413 
3.0625 0.0178557 
3.07 0.0144166 
3.0675 0.0154959 
3.075 0.0124459 
3.0725 0.0134008 
3.08 0.0107082 
3.0775 0.0115493 
3.085 0.00918291 
3.0825 0.00992028 
3.09 0.00785007 
3.0875 0.00849365 
3.095 0.00669056 
3.0925 0.00724981 
3.1 0.00568616 
3.0975 0.00617007 
3.105 0.00481967 
3.1025 0.0052367 
3.11 0.00407507 
3.1075 0.00443309 
3.115 0.00343753 
3.1125 0.00374379 
3.12 0.0028935 
3.1175 0.00315462 
3.125 0.00243073 
3.1225 0.00265268 
3.13 0.0020382 
3.1275 0.00222632 
3.135 0.00170614 
3.1325 0.00186518 
3.14 0.0014259 
3.1375 0.00156003 
3.145 0.00118992 
3.1425 0.00130281 
3.15 0.000991616 
3.1475 0.00108644 
3.155 0.000825278 
3.1525 0.000904775 
3.16 0.000685991 
3.1575 0.000752531 
3.165 0.00056954 
3.1625 0.000625149 
3.17 0.000472324 
3.1675 0.00051873 
3.175 0.000391276 
3.1725 0.000429951 
3.18 0.000323796 
3.1775 0.000355986 
3.185 0.00026768 
3.1825 0.000294441 
3.19 0.000221068 
3.1875 0.00024329 
3.195 0.000182394 
3.1925 0.000200827 
3.2 0.000150341 
3.1975 0.000165614 
3.205 0.000123803 
3.2025 0.000136445 
3.21 0.000101853 
3.2075 0.000112306 
3.215 8.37163e-05 
3.2125 9.23513e-05 
3.22 6.87448e-05 
3.2175 7.58709e-05 
3.225 5.63982e-05 
3.2225 6.22734e-05 
3.23 4.62259e-05 
3.2275 5.10652e-05 
3.235 3.78531e-05 
3.2325 4.18354e-05 
3.24 3.09679e-05 
3.2375 3.42418e-05 
3.245 2.53114e-05 
3.2425 2.80004e-05 
3.25 2.06687e-05 
3.2475 2.28752e-05 
3.255 1.68617e-05 
3.2525 1.86706e-05 
3.26 1.37429e-05 
3.2575 1.52244e-05 
3.265 1.11903e-05 
3.2625 1.24026e-05 
3.27 9.10318e-06 
3.2675 1.00941e-05 
3.275 7.39821e-06 
3.2725 8.20752e-06 
3.28 6.00679e-06 
3.2775 6.66709e-06 
3.285 4.87233e-06 
3.2825 5.41056e-06 
3.29 3.94829e-06 
3.2875 4.38657e-06 
3.295 3.19636e-06 
3.2925 3.55292e-06 
3.3 2.58509e-06 
3.2975 2.87488e-06 
3.305 2.08866e-06 
3.3025 2.32394e-06 
3.31 1.68588e-06 
3.3075 1.87673e-06 
3.315 1.35942e-06 
3.3125 1.51406e-06 
3.32 1.09508e-06 
3.3175 1.22026e-06 
3.325 8.8125e-07 
3.3225 9.82486e-07 
3.33 7.08458e-07 
3.3275 7.90244e-07 
3.335 5.68968e-07 
3.3325 6.34973e-07 
3.34 4.56476e-07 
3.3375 5.09692e-07 
3.345 3.65851e-07 
3.3425 4.08711e-07 
3.35 2.92916e-07 
3.3475 3.274e-07 
3.355 2.34279e-07 
3.3525 2.61995e-07 
3.36 1.87186e-07 
3.3575 2.0944e-07 
3.365 1.49404e-07 
3.3625 1.67253e-07 
3.37 1.19124e-07 
3.3675 1.33425e-07 
3.375 9.48809e-08 
3.3725 1.06327e-07 
3.38 7.54924e-08 
3.3775 8.46443e-08 
3.385 6.00026e-08 
3.3825 6.73121e-08 
3.39 4.76406e-08 
3.3875 5.34725e-08 
3.395 3.77854e-08 
3.3925 4.24334e-08 
3.4 2.99371e-08 
3.3975 3.36375e-08 
3.405 2.36936e-08 
3.4025 2.66365e-08 
3.41 1.87322e-08 
3.4075 2.10702e-08 
3.415 1.47939e-08 
3.4125 1.66492e-08 
3.42 1.1671e-08 
3.4175 1.31417e-08 
3.425 9.19742e-09 
3.4225 1.0362e-08 
3.43 7.24028e-09 
3.4275 8.16148e-09 
3.435 5.69345e-09 
3.4325 6.42131e-09 
3.44 4.47224e-09 
3.4375 5.04671e-09 
3.445 3.50916e-09 
3.4425 3.96207e-09 
3.45 2.75048e-09 
3.4475 3.10716e-09 
3.455 2.15348e-09 
3.4525 2.43407e-09 
3.46 1.68422e-09 
3.4575 1.90471e-09 
3.465 1.31578e-09 
3.4625 1.48885e-09 
3.47 1.02681e-09 
3.4675 1.16251e-09 
3.475 8.00429e-10 
3.4725 9.06704e-10 
3.48 6.23273e-10 
3.4775 7.06414e-10 
3.485 4.84793e-10 
3.4825 5.49764e-10 
3.49 3.76665e-10 
3.4875 4.27381e-10 
3.495 2.92332e-10 
3.4925 3.31876e-10 
3.5 2.26631e-10 
3.4975 2.57429e-10 
3.505 1.75502e-10 
3.5025 1.99462e-10 
3.51 1.35758e-10 
3.5075 1.54377e-10 
3.515 1.04898e-10 
3.5125 1.19351e-10 
3.52 8.09633e-11 
3.5175 9.21694e-11 
3.525 6.24207e-11 
3.5225 7.10996e-11 
3.53 4.80714e-11 
3.5275 5.47857e-11 
3.535 3.69797e-11 
3.5325 4.21682e-11 
3.54 2.84157e-11 
3.5375 3.24206e-11 
3.545 2.18108e-11 
3.5425 2.48985e-11 
3.55 1.67225e-11 
3.5475 1.91005e-11 
3.555 1.2807e-11 
3.5525 1.46364e-11 
3.56 9.79742e-12 
3.5575 1.12031e-11 
3.565 7.48673e-12 
3.5625 8.56567e-12 
3.57 5.71466e-12 
3.5675 6.54185e-12 
3.575 4.35717e-12 
3.5725 4.99064e-12 
3.58 3.31845e-12 
3.5775 3.80303e-12 
3.585 2.52454e-12 
3.5825 2.8948e-12 
3.59 1.91843e-12 
3.5875 2.20102e-12 
3.595 1.45622e-12 
3.5925 1.67165e-12 
3.6 1.10414e-12 
3.5975 1.26819e-12 
3.605 8.36255e-13 
3.6025 9.61039e-13 
3.61 6.32659e-13 
3.6075 7.27467e-13 
3.615 4.78098e-13 
3.6125 5.5005e-13 
3.62 3.60896e-13 
3.6175 4.1544e-13 
3.625 2.72122e-13 
3.6225 3.13424e-13 
3.63 2.04957e-13 
3.6275 2.36196e-13 
3.635 1.54199e-13 
3.6325 1.778e-13 
3.64 1.15882e-13 
3.6375 1.33692e-13 
3.645 8.699e-14 
3.6425 1.00416e-13 
3.65 6.52291e-14 
3.6475 7.5338e-14 
3.655 4.88577e-14 
3.6525 5.64606e-14 
3.66 3.65547e-14 
3.6575 4.22665e-14 
3.665 2.73196e-14 
3.6625 3.16059e-14 
3.67 2.03951e-14 
3.6675 2.3608e-14 
3.675 1.5209e-14 
3.6725 1.76145e-14 
3.68 1.13291e-14 
3.6775 1.31282e-14 
3.685 8.42971e-15 
3.6825 9.77376e-15 
3.69 6.26547e-15 
3.6875 7.26844e-15 
3.695 4.65179e-15 
3.6925 5.39939e-15 
3.7 3.44994e-15 
3.6975 4.00657e-15 
3.705 2.55581e-15 
3.7025 2.9698e-15 
3.71 1.89136e-15 
3.7075 2.19892e-15 
3.715 1.39814e-15 
3.7125 1.62637e-15 
3.72 1.03242e-15 
3.7175 1.2016e-15 
3.725 7.6154e-16 
3.7225 8.8681e-16 
3.73 5.61131e-16 
3.7275 6.53785e-16 
3.735 4.13021e-16 
3.7325 4.81476e-16 
3.74 3.03682e-16 
3.7375 3.54202e-16 
3.745 2.23052e-16 
3.7425 2.60296e-16 
3.75 1.63658e-16 
3.7475 1.91085e-16 
3.755 1.19954e-16 
3.7525 1.40129e-16 
3.76 8.78294e-17 
3.7575 1.02655e-16 
3.765 6.42423e-17 
3.7625 7.51249e-17 
3.77 4.69417e-17 
3.7675 5.49216e-17 
3.775 3.42657e-17 
3.7725 4.01109e-17 
3.78 2.49879e-17 
3.7775 2.92648e-17 
3.785 1.82042e-17 
3.7825 2.13305e-17 
3.79 1.32493e-17 
3.7875 1.55322e-17 
3.795 9.63395e-18 
3.7925 1.12992e-17 
3.8 6.99858e-18 
3.7975 8.21211e-18 
3.805 5.0795e-18 
3.8025 5.96296e-18 
3.81 3.68339e-18 
3.8075 4.32593e-18 
3.815 2.6687e-18 
3.8125 3.13558e-18 
3.82 1.93194e-18 
3.8175 2.27085e-18 
3.825 1.39747e-18 
3.8225 1.64326e-18 
3.83 1.01009e-18 
3.8275 1.1882e-18 
3.835 7.29575e-19 
3.8325 8.5852e-19 
3.84 5.2661e-19 
3.8375 6.19886e-19 
3.845 3.79877e-19 
3.8425 4.47296e-19 
3.85 2.73877e-19 
3.8475 3.22571e-19 
3.855 1.9736e-19 
3.8525 2.32503e-19 
3.86 1.42162e-19 
3.8575 1.67509e-19 
3.865 1.02368e-19 
3.8625 1.20639e-19 
3.87 7.36969e-20 
3.8675 8.6859e-20 
3.875 5.3049e-20 
3.8725 6.25265e-20 
3.88 3.81857e-20 
3.8775 4.50073e-20 
3.885 2.749e-20 
3.8825 3.23985e-20 
3.89 1.97953e-20 
3.8875 2.33264e-20 
3.895 1.42604e-20 
3.8925 1.68003e-20 
3.9 1.0279e-20 
3.8975 1.21061e-20 
3.905 7.41496e-21 
3.9025 8.72933e-21 
3.91 5.35409e-21 
3.9075 6.29994e-21 
3.915 3.87057e-21 
3.9125 4.55153e-21 
3.92 2.80205e-21 
3.9175 3.29261e-21 
3.925 2.03184e-21 
3.9225 2.38552e-21 
3.93 1.47613e-21 
3.9275 1.73139e-21 
3.935 1.07471e-21 
3.9325 1.25916e-21 
3.94 7.84331e-22 
3.9375 9.17816e-22 
3.945 5.7393e-22 
3.9425 6.70697e-22 
3.95 4.2119e-22 
3.9475 4.91476e-22 
3.955 3.10067e-22 
3.9525 3.61234e-22 
3.96 2.29027e-22 
3.9575 2.66368e-22 
3.965 1.69768e-22 
3.9625 1.97094e-22 
3.97 1.26307e-22 
3.9675 1.46364e-22 
3.975 9.43324e-23 
3.9725 1.09102e-22 
3.98 7.07278e-23 
3.9775 8.16413e-23 
3.985 5.32398e-23 
3.9825 6.13333e-23 
3.99 4.02346e-23 
3.9875 4.62596e-23 
3.995 3.05254e-23 
3.9925 3.50282e-23 
4 2.32481e-23 
3.9975 2.66267e-23 
4.005 1.77715e-23 
4.0025 2.03168e-23 
4.01 1.36335e-23 
4.0075 1.55588e-23 
4.015 1.04944e-23 
4.0125 1.19565e-23 
4.02 8.10377e-24 
4.0175 9.21837e-24 
4.025 6.27627e-24 
4.0225 7.12917e-24 
4.03 4.87419e-24 
4.0275 5.52916e-24 
4.035 3.79478e-24 
4.0325 4.29947e-24 
4.04 2.96111e-24 
4.0375 3.35122e-24 
4.045 2.31528e-24 
4.0425 2.61772e-24 
4.05 1.81359e-24 
4.0475 2.0487e-24 
4.055 1.42287e-24 
4.0525 1.60609e-24 
4.06 1.11789e-24 
4.0575 1.26099e-24 
4.065 8.79332e-25 
4.0625 9.91322e-25 
4.07 6.92393e-25 
4.0675 7.80191e-25 
4.075 5.45665e-25 
4.0725 6.14605e-25 
4.08 4.30338e-25 
4.0775 4.84543e-25 
4.085 3.39581e-25 
4.0825 3.82251e-25 
4.09 2.68086e-25 
4.0875 3.01708e-25 
4.095 2.11715e-25 
4.0925 2.3823e-25 
4.1 1.67237e-25 
4.0975 1.88161e-25 
4.105 1.32122e-25 
4.1025 1.48644e-25 
4.11 1.04387e-25 
4.1075 1.17438e-25 
4.115 8.24738e-26 
4.1125 9.27863e-26 
4.12 6.51553e-26 
4.1175 7.33058e-26 
4.125 5.14665e-26 
4.1225 5.79089e-26 
4.13 4.06459e-26 
4.1275 4.57385e-26 
4.135 3.20926e-26 
4.1325 3.61181e-26 
4.14 2.5332e-26 
4.1375 2.85137e-26 
4.145 1.99892e-26 
4.1425 2.25035e-26 
4.15 1.57676e-26 
4.1475 1.77542e-26 
4.155 1.24327e-26 
4.1525 1.40019e-26 
4.16 9.79903e-27 
4.1575 1.10382e-26 
4.165 7.7198e-27 
4.1625 8.69799e-27 
4.17 6.07889e-27 
4.1675 6.85079e-27 
4.175 4.78439e-27 
4.1725 5.39327e-27 
4.18 3.76361e-27 
4.1775 4.24369e-27 
4.185 2.95904e-27 
4.1825 3.33739e-27 
4.19 2.32517e-27 
4.1875 2.62321e-27 
4.195 1.82604e-27 
4.1925 2.0607e-27 
4.2 1.43322e-27 
4.1975 1.61787e-27 
4.205 1.12422e-27 
4.2025 1.26944e-27 
4.21 8.81294e-28 
4.2075 9.95449e-28 
4.215 6.90425e-28 
4.2125 7.80104e-28 
4.22 5.40546e-28 
4.2175 6.10955e-28 
4.225 4.22925e-28 
4.2225 4.78171e-28 
4.23 3.30677e-28 
4.2275 3.73998e-28 
4.235 2.58373e-28 
4.2325 2.92322e-28 
4.24 2.0174e-28 
4.2375 2.28327e-28 
4.245 1.5741e-28 
4.2425 1.78217e-28 
4.25 1.22733e-28 
4.2475 1.39006e-28 
4.255 9.56261e-29 
4.2525 1.08345e-28 
4.26 7.44517e-29 
4.2575 8.43849e-29 
4.265 5.79229e-29 
4.2625 6.56753e-29 
4.27 4.50299e-29 
4.2675 5.10759e-29 
4.275 3.49801e-29 
4.2725 3.96919e-29 
4.28 2.71524e-29 
4.2775 3.08216e-29 
4.285 2.106e-29 
4.2825 2.39152e-29 
4.29 1.63218e-29 
4.2875 1.85419e-29 
4.295 1.26396e-29 
4.2925 1.43646e-29 
4.3 9.78029e-30 
4.2975 1.11195e-29 
4.305 7.56171e-30 
4.3025 8.6006e-30 
4.31 5.84163e-30 
4.3075 6.64692e-30 
4.315 4.50912e-30 
4.3125 5.13283e-30 
4.32 3.47768e-30 
4.3175 3.96037e-30 
4.325 2.67995e-30 
4.3225 3.05318e-30 
4.33 2.06346e-30 
4.3275 2.35183e-30 
4.335 1.58745e-30 
4.3325 1.81006e-30 
4.34 1.2202e-30 
4.3375 1.39191e-30 
4.345 9.37106e-31 
4.3425 1.06944e-30 
4.35 7.1907e-31 
4.3475 8.20968e-31 
4.355 5.51284e-31 
4.3525 6.2968e-31 
4.36 4.22279e-31 
4.3575 4.82541e-31 
4.365 3.23177e-31 
4.3625 3.69459e-31 
4.37 2.47113e-31 
4.3675 2.82628e-31 
4.375 1.88783e-31 
4.3725 2.16011e-31 
4.38 1.44092e-31 
4.3775 1.64949e-31 
4.385 1.09882e-31 
4.3825 1.25844e-31 
4.39 8.37183e-32 
4.3875 9.59229e-32 
4.395 6.37261e-32 
4.3925 7.30495e-32 
4.4 4.84638e-32 
4.3975 5.55797e-32 
4.405 3.68228e-32 
4.4025 4.2249e-32 
4.41 2.79522e-32 
4.4075 3.2086e-32 
4.415 2.11988e-32 
4.4125 2.43452e-32 
4.42 1.60621e-32 
4.4175 1.84547e-32 
4.425 1.21587e-32 
4.4225 1.39764e-32 
4.43 9.19527e-33 
4.4275 1.05749e-32 
4.435 6.94756e-33 
4.4325 7.99371e-33 
4.44 5.24431e-33 
4.4375 6.03685e-33 
4.445 3.95487e-33 
4.4425 4.55471e-33 
4.45 2.97963e-33 
4.4475 3.43319e-33 
4.455 2.24273e-33 
4.4525 2.58536e-33 
4.46 1.68646e-33 
4.4575 1.94503e-33 
4.465 1.26694e-33 
4.4625 1.4619e-33 
4.47 9.50861e-34 
4.4675 1.09771e-33 
4.475 7.12948e-34 
4.4725 8.23453e-34 
4.48 5.34044e-34 
4.4775 6.17119e-34 
4.485 3.99645e-34 
4.4825 4.62038e-34 
4.49 2.98777e-34 
4.4875 3.45591e-34 
4.495 2.23149e-34 
4.4925 2.5824e-34 
4.5 1.66502e-34 
4.4975 1.92779e-34 
4.505 1.24112e-34 
4.5025 1.4377e-34 
4.51 9.24235e-35 
4.5075 1.07115e-34 
4.515 6.87578e-35 
4.5125 7.97268e-35 
4.52 5.11013e-35 
4.5175 5.92828e-35 
4.525 3.79412e-35 
4.5225 4.40376e-35 
4.53 2.81423e-35 
4.5275 3.26804e-35 
4.535 2.08534e-35 
4.5325 2.42282e-35 
4.54 1.54369e-35 
4.5375 1.7944e-35 
4.545 1.14159e-35 
4.5425 1.32766e-35 
4.55 8.43384e-36 
4.5475 9.81341e-36 
4.555 6.22452e-36 
4.5525 7.24633e-36 
4.56 4.58935e-36 
4.5575 5.34541e-36 
4.565 3.38034e-36 
4.5625 3.9392e-36 
4.57 2.48732e-36 
4.5675 2.9e-36 
4.575 1.82838e-36 
4.5725 2.13281e-36 
4.58 1.34265e-36 
4.5775 1.56699e-36 
4.585 9.84965e-37 
4.5825 1.15012e-36 
4.59 7.21838e-37 
4.5875 8.43302e-37 
4.595 5.28468e-37 
4.5925 6.17706e-37 
4.6 3.86507e-37 
4.5975 4.52003e-37 
4.605 2.82395e-37 
4.6025 3.30415e-37 
4.61 2.06117e-37 
4.6075 2.41289e-37 
4.615 1.5029e-37 
4.6125 1.76025e-37 
4.62 1.09472e-37 
4.6175 1.28283e-37 
4.625 7.96594e-38 
4.6225 9.33951e-38 
4.63 5.79064e-38 
4.6275 6.79258e-38 
4.635 4.20507e-38 
4.6325 4.93518e-38 
4.64 3.05054e-38 
4.6375 3.58202e-38 
4.645 2.21074e-38 
4.6425 2.59723e-38 
4.65 1.60049e-38 
4.6475 1.88126e-38 
4.655 1.15751e-38 
4.6525 1.36127e-38 
4.66 8.36284e-39 
4.6575 9.83995e-39 
4.665 6.03583e-39 
4.6625 7.10557e-39 
4.67 4.35187e-39 
4.6675 5.12578e-39 
4.675 3.13451e-39 
4.6725 3.69382e-39 
4.68 2.25537e-39 
4.6775 2.65917e-39 
4.685 1.62114e-39 
4.6825 1.91237e-39 
4.69 1.16407e-39 
4.6875 1.37389e-39 
4.695 8.35004e-40 
4.6925 9.86021e-40 
4.7 5.98349e-40 
4.6975 7.06927e-40 
4.705 4.28325e-40 
4.7025 5.06311e-40 
4.71 3.063e-40 
4.7075 3.62254e-40 
4.715 2.18813e-40 
4.7125 2.58919e-40 
4.72 1.56154e-40 
4.7175 1.8487e-40 
4.725 1.11324e-40 
4.7225 1.31863e-40 
4.73 7.92823e-41 
4.7275 9.39583e-41 
4.735 5.64049e-41 
4.7325 6.68805e-41 
4.74 4.00877e-41 
4.7375 4.75573e-41 
4.745 2.84616e-41 
4.7425 3.37822e-41 
4.75 2.01864e-41 
4.7475 2.39724e-41 
4.755 1.43026e-41 
4.7525 1.69938e-41 
4.76 1.01233e-41 
4.7575 1.20343e-41 
4.765 7.15783e-42 
4.7625 8.51341e-42 
4.77 5.05586e-42 
4.7675 6.01645e-42 
4.775 3.56748e-42 
4.7725 4.24747e-42 
4.78 2.51467e-42 
4.7775 2.99553e-42 
4.785 1.77074e-42 
4.7825 2.11043e-42 
4.79 1.24561e-42 
4.7875 1.48532e-42 
4.795 8.75309e-43 
4.7925 1.0443e-42 
4.8 6.14462e-43 
4.7975 7.33467e-43 
4.805 4.30905e-43 
4.8025 5.14624e-43 
4.81 3.01871e-43 
4.8075 3.60706e-43 
4.815 2.11259e-43 
4.8125 2.52564e-43 
4.82 1.47694e-43 
4.8175 1.76661e-43 
4.825 1.03149e-43 
4.8225 1.23443e-43 
4.83 7.19648e-44 
4.8275 8.61677e-44 
4.835 5.01568e-44 
4.8325 6.00865e-44 
4.84 3.49215e-44 
4.8375 4.18565e-44 
4.845 2.42891e-44 
4.8425 2.91276e-44 
4.85 1.68765e-44 
4.8475 2.02488e-44 
4.855 1.17141e-44 
4.8525 1.4062e-44 
4.86 8.12252e-45 
4.8575 9.75555e-45 
4.865 5.62635e-45 
4.8625 6.76099e-45 
4.87 3.8933e-45 
4.8675 4.68084e-45 
4.875 2.69131e-45 
4.8725 3.23737e-45 
4.88 1.85851e-45 
4.8775 2.23674e-45 
4.885 1.2821e-45 
4.8825 1.54381e-45 
4.89 8.83556e-46 
4.8875 1.06446e-45 
4.895 6.08278e-46 
4.8925 7.33195e-46 
4.9 4.18337e-46 
4.8975 5.04505e-46 
4.905 2.87413e-46 
4.9025 3.46791e-46 
4.91 1.97262e-46 
4.9075 2.38137e-46 
4.915 1.3525e-46 
4.9125 1.63358e-46 
4.92 9.26377e-47 
4.9175 1.11947e-46 
4.925 6.33864e-47 
4.9225 7.66377e-47 
4.93 4.33275e-47 
4.9275 5.24119e-47 
4.935 2.95865e-47 
4.9325 3.58079e-47 
4.94 2.01832e-47 
4.9375 2.44394e-47 
4.945 1.37552e-47 
4.9425 1.66638e-47 
4.95 9.3659e-48 
4.9475 1.13514e-47 
4.955 6.37229e-48 
4.9525 7.72599e-48 
4.96 4.33344e-48 
4.9575 5.255e-48 
4.965 2.9474e-48 
4.9625 3.57351e-48 
4.97 2.00782e-48 
4.9675 2.43183e-48 
4.975 1.37407e-48 
4.9725 1.65953e-48 
4.98 9.50845e-49 
4.9775 1.14074e-48 
4.985 6.74168e-49 
4.9825 7.97231e-49 
4.99 5.02053e-49 
4.9875 5.76986e-49 
4.995 4.08284e-49 
4.9925 4.46511e-49 
5 3.78544e-49 
4.9975 3.85904e-49 
