0 6.33905e-06 
0.005 6.40119e-06 
0.0025 6.35457e-06 
0.01 6.58867e-06 
0.0075 6.47912e-06 
0.015 6.90468e-06 
0.0125 6.73033e-06 
0.02 7.35458e-06 
0.0175 7.11247e-06 
0.025 7.94599e-06 
0.0225 7.63203e-06 
0.03 8.6889e-06 
0.0275 8.29779e-06 
0.035 9.59583e-06 
0.0325 9.12098e-06 
0.04 1.0682e-05 
0.0375 1.01154e-05 
0.045 1.19654e-05 
0.0425 1.12978e-05 
0.05 1.34675e-05 
0.0475 1.26877e-05 
0.055 1.52131e-05 
0.0525 1.43082e-05 
0.06 1.72307e-05 
0.0575 1.61859e-05 
0.065 1.95533e-05 
0.0625 1.83516e-05 
0.07 2.22185e-05 
0.0675 2.08405e-05 
0.075 2.52691e-05 
0.0725 2.36927e-05 
0.08 2.87541e-05 
0.0775 2.6954e-05 
0.085 3.27286e-05 
0.0825 3.06764e-05 
0.09 3.72554e-05 
0.0875 3.49188e-05 
0.095 4.24053e-05 
0.0925 3.97477e-05 
0.1 4.82584e-05 
0.0975 4.52386e-05 
0.105 5.4905e-05 
0.1025 5.14764e-05 
0.11 6.24469e-05 
0.1075 5.85572e-05 
0.115 7.09992e-05 
0.1125 6.65891e-05 
0.12 8.0691e-05 
0.1175 7.56939e-05 
0.125 9.16679e-05 
0.1225 8.6009e-05 
0.13 0.000104094 
0.1275 9.76887e-05 
0.135 0.000118153 
0.1325 0.000110907 
0.14 0.000134052 
0.1375 0.000125859 
0.145 0.000152024 
0.1425 0.000142764 
0.15 0.000172331 
0.1475 0.000161868 
0.155 0.000195266 
0.1525 0.000183451 
0.16 0.000221159 
0.1575 0.000207821 
0.165 0.00025038 
0.1625 0.000235329 
0.17 0.000283345 
0.1675 0.000266367 
0.175 0.000320519 
0.1725 0.000301374 
0.18 0.000362425 
0.1775 0.000340845 
0.185 0.00040965 
0.1825 0.000385334 
0.19 0.000462851 
0.1875 0.000435459 
0.195 0.000522764 
0.1925 0.000491919 
0.2 0.000590216 
0.1975 0.000555493 
0.205 0.000666132 
0.2025 0.000627054 
0.21 0.000751547 
0.2075 0.000707582 
0.215 0.000847623 
0.2125 0.000798174 
0.22 0.00095566 
0.2175 0.000900059 
0.225 0.00107711 
0.2225 0.00101461 
0.23 0.00121361 
0.2275 0.00114337 
0.235 0.00136698 
0.2325 0.00128806 
0.24 0.00153925 
0.2375 0.00145061 
0.245 0.00173271 
0.2425 0.00163318 
0.25 0.00194991 
0.2475 0.00183817 
0.255 0.0021937 
0.2525 0.00206829 
0.26 0.00246727 
0.2575 0.00232655 
0.265 0.00277418 
0.2625 0.00261632 
0.27 0.00311841 
0.2675 0.00294137 
0.275 0.0035044 
0.2725 0.00330589 
0.28 0.0039371 
0.2775 0.00371458 
0.285 0.00442206 
0.2825 0.00417268 
0.29 0.00496543 
0.2875 0.00468603 
0.295 0.00557408 
0.2925 0.00526113 
0.3 0.00625569 
0.2975 0.00590526 
0.305 0.00701877 
0.3025 0.00662648 
0.31 0.00787281 
0.3075 0.00743379 
0.315 0.00882836 
0.3125 0.00833719 
0.32 0.00989712 
0.3175 0.0093478 
0.325 0.0110921 
0.3225 0.010478 
0.33 0.0124277 
0.3275 0.0117414 
0.335 0.0139199 
0.3325 0.0131531 
0.34 0.0155862 
0.3375 0.0147301 
0.345 0.0174463 
0.3425 0.0164908 
0.35 0.0195215 
0.3475 0.0184556 
0.355 0.0218355 
0.3525 0.0206471 
0.36 0.0244143 
0.3575 0.0230901 
0.365 0.0272861 
0.3625 0.0258117 
0.37 0.0304821 
0.3675 0.0288415 
0.375 0.0340361 
0.3725 0.0322121 
0.38 0.0379847 
0.3775 0.0359586 
0.385 0.0423676 
0.3825 0.0401192 
0.39 0.0472276 
0.3875 0.0447352 
0.395 0.0526103 
0.3925 0.0498506 
0.4 0.0585646 
0.3975 0.0555129 
0.405 0.065142 
0.4025 0.0617721 
0.41 0.0723967 
0.4075 0.0686812 
0.415 0.080385 
0.4125 0.0762955 
0.42 0.089165 
0.4175 0.0846724 
0.425 0.0987958 
0.4225 0.0938703 
0.43 0.109337 
0.4275 0.103949 
0.435 0.120846 
0.4325 0.114967 
0.44 0.13338 
0.4375 0.126982 
0.445 0.146991 
0.4425 0.140048 
0.45 0.161726 
0.4475 0.154215 
0.455 0.177625 
0.4525 0.169528 
0.46 0.194719 
0.4575 0.186021 
0.465 0.213026 
0.4625 0.20372 
0.47 0.232551 
0.4675 0.222636 
0.475 0.253286 
0.4725 0.242769 
0.48 0.275201 
0.4775 0.264098 
0.485 0.298251 
0.4825 0.286588 
0.49 0.322369 
0.4875 0.310181 
0.495 0.347468 
0.4925 0.334802 
0.5 0.37344 
0.4975 0.360352 
0.505 0.400162 
0.5025 0.386716 
0.51 0.427488 
0.5075 0.413759 
0.515 0.455264 
0.5125 0.44133 
0.52 0.483319 
0.5175 0.469267 
0.525 0.511481 
0.5225 0.497398 
0.53 0.53957 
0.5275 0.525545 
0.535 0.567412 
0.5325 0.553532 
0.54 0.594836 
0.5375 0.581186 
0.545 0.621683 
0.5425 0.608341 
0.55 0.647808 
0.5475 0.634845 
0.555 0.673082 
0.5525 0.660559 
0.56 0.697393 
0.5575 0.685364 
0.565 0.720652 
0.5625 0.709159 
0.57 0.742787 
0.5675 0.731863 
0.575 0.763749 
0.5725 0.753417 
0.58 0.783506 
0.5775 0.773779 
0.585 0.802045 
0.5825 0.792928 
0.59 0.819368 
0.5875 0.810857 
0.595 0.835492 
0.5925 0.827578 
0.6 0.850446 
0.5975 0.843113 
0.605 0.864267 
0.6025 0.857496 
0.61 0.877002 
0.6075 0.870768 
0.615 0.888702 
0.6125 0.882978 
0.62 0.899422 
0.6175 0.894181 
0.625 0.909221 
0.6225 0.904433 
0.63 0.918158 
0.6275 0.913794 
0.635 0.926292 
0.6325 0.922321 
0.64 0.93368 
0.6375 0.930075 
0.645 0.940381 
0.6425 0.937113 
0.65 0.946448 
0.6475 0.94349 
0.655 0.951934 
0.6525 0.949261 
0.66 0.956888 
0.6575 0.954474 
0.665 0.961356 
0.6625 0.95918 
0.67 0.965381 
0.6675 0.963421 
0.675 0.969005 
0.6725 0.967241 
0.68 0.972263 
0.6775 0.970677 
0.685 0.975191 
0.6825 0.973766 
0.69 0.97782 
0.6875 0.976541 
0.695 0.980179 
0.6925 0.979031 
0.7 0.982294 
0.6975 0.981265 
0.705 0.984189 
0.7025 0.983268 
0.71 0.985887 
0.7075 0.985062 
0.715 0.987407 
0.7125 0.986668 
0.72 0.988768 
0.7175 0.988107 
0.725 0.989984 
0.7225 0.989393 
0.73 0.991072 
0.7275 0.990544 
0.735 0.992044 
0.7325 0.991572 
0.74 0.992913 
0.7375 0.992491 
0.745 0.993689 
0.7425 0.993312 
0.75 0.994381 
0.7475 0.994045 
0.755 0.995 
0.7525 0.994699 
0.76 0.995551 
0.7575 0.995283 
0.765 0.996043 
0.7625 0.995804 
0.77 0.996482 
0.7675 0.996269 
0.775 0.996873 
0.7725 0.996683 
0.78 0.997221 
0.7775 0.997052 
0.785 0.997532 
0.7825 0.997381 
0.79 0.997808 
0.7875 0.997674 
0.795 0.998054 
0.7925 0.997935 
0.8 0.998274 
0.7975 0.998167 
0.805 0.998469 
0.8025 0.998374 
0.81 0.998642 
0.8075 0.998558 
0.815 0.998796 
0.8125 0.998721 
0.82 0.998933 
0.8175 0.998867 
0.825 0.999055 
0.8225 0.998996 
0.83 0.999163 
0.8275 0.999111 
0.835 0.99926 
0.8325 0.999213 
0.84 0.999345 
0.8375 0.999304 
0.845 0.999421 
0.8425 0.999384 
0.85 0.999488 
0.8475 0.999455 
0.855 0.999548 
0.8525 0.999519 
0.86 0.9996 
0.8575 0.999575 
0.865 0.999647 
0.8625 0.999624 
0.87 0.999689 
0.8675 0.999669 
0.875 0.999725 
0.8725 0.999708 
0.88 0.999758 
0.8775 0.999742 
0.885 0.999787 
0.8825 0.999773 
0.89 0.999812 
0.8875 0.9998 
0.895 0.999834 
0.8925 0.999824 
0.9 0.999854 
0.8975 0.999845 
0.905 0.999872 
0.9025 0.999863 
0.91 0.999887 
0.9075 0.99988 
0.915 0.999901 
0.9125 0.999894 
0.92 0.999913 
0.9175 0.999907 
0.925 0.999923 
0.9225 0.999918 
0.93 0.999932 
0.9275 0.999928 
0.935 0.99994 
0.9325 0.999937 
0.94 0.999948 
0.9375 0.999944 
0.945 0.999954 
0.9425 0.999951 
0.95 0.999959 
0.9475 0.999957 
0.955 0.999964 
0.9525 0.999962 
0.96 0.999968 
0.9575 0.999966 
0.965 0.999971 
0.9625 0.99997 
0.97 0.999974 
0.9675 0.999973 
0.975 0.999977 
0.9725 0.999975 
0.98 0.999979 
0.9775 0.999978 
0.985 0.99998 
0.9825 0.99998 
0.99 0.999982 
0.9875 0.999981 
0.995 0.999983 
0.9925 0.999982 
1 0.999983 
0.9975 0.999983 
1.005 0.999983 
1.0025 0.999983 
1.01 0.999983 
1.0075 0.999983 
1.015 0.999983 
1.0125 0.999983 
1.02 0.999983 
1.0175 0.999983 
1.025 0.999982 
1.0225 0.999982 
1.03 0.99998 
1.0275 0.999981 
1.035 0.999979 
1.0325 0.99998 
1.04 0.999977 
1.0375 0.999978 
1.045 0.999975 
1.0425 0.999976 
1.05 0.999972 
1.0475 0.999973 
1.055 0.999969 
1.0525 0.999971 
1.06 0.999965 
1.0575 0.999967 
1.065 0.999961 
1.0625 0.999964 
1.07 0.999957 
1.0675 0.999959 
1.075 0.999952 
1.0725 0.999954 
1.08 0.999946 
1.0775 0.999949 
1.085 0.999939 
1.0825 0.999942 
1.09 0.999932 
1.0875 0.999935 
1.095 0.999923 
1.0925 0.999928 
1.1 0.999914 
1.0975 0.999919 
1.105 0.999903 
1.1025 0.999909 
1.11 0.999892 
1.1075 0.999898 
1.115 0.999879 
1.1125 0.999885 
1.12 0.999864 
1.1175 0.999871 
1.125 0.999848 
1.1225 0.999856 
1.13 0.99983 
1.1275 0.999839 
1.135 0.99981 
1.1325 0.99982 
1.14 0.999787 
1.1375 0.999799 
1.145 0.999763 
1.1425 0.999775 
1.15 0.999735 
1.1475 0.999749 
1.155 0.999705 
1.1525 0.99972 
1.16 0.999671 
1.1575 0.999688 
1.165 0.999634 
1.1625 0.999653 
1.17 0.999593 
1.1675 0.999614 
1.175 0.999547 
1.1725 0.999571 
1.18 0.999497 
1.1775 0.999523 
1.185 0.999441 
1.1825 0.99947 
1.19 0.99938 
1.1875 0.999412 
1.195 0.999313 
1.1925 0.999347 
1.2 0.999238 
1.1975 0.999276 
1.205 0.999156 
1.2025 0.999198 
1.21 0.999066 
1.2075 0.999112 
1.215 0.998966 
1.2125 0.999017 
1.22 0.998857 
1.2175 0.998913 
1.225 0.998737 
1.2225 0.998798 
1.23 0.998605 
1.2275 0.998672 
1.235 0.99846 
1.2325 0.998534 
1.24 0.998301 
1.2375 0.998382 
1.245 0.998126 
1.2425 0.998216 
1.25 0.997935 
1.2475 0.998033 
1.255 0.997725 
1.2525 0.997833 
1.26 0.997496 
1.2575 0.997613 
1.265 0.997244 
1.2625 0.997373 
1.27 0.996969 
1.2675 0.99711 
1.275 0.996668 
1.2725 0.996822 
1.28 0.996338 
1.2775 0.996507 
1.285 0.995978 
1.2825 0.996162 
1.29 0.995585 
1.2875 0.995786 
1.295 0.995156 
1.2925 0.995375 
1.3 0.994687 
1.2975 0.994927 
1.305 0.994176 
1.3025 0.994437 
1.31 0.993618 
1.3075 0.993903 
1.315 0.99301 
1.3125 0.99332 
1.32 0.992348 
1.3175 0.992686 
1.325 0.991626 
1.3225 0.991995 
1.33 0.990841 
1.3275 0.991242 
1.335 0.989986 
1.3325 0.990423 
1.34 0.989057 
1.3375 0.989532 
1.345 0.988047 
1.3425 0.988563 
1.35 0.98695 
1.3475 0.98751 
1.355 0.985759 
1.3525 0.986367 
1.36 0.984466 
1.3575 0.985126 
1.365 0.983064 
1.3625 0.983779 
1.37 0.981545 
1.3675 0.98232 
1.375 0.979898 
1.3725 0.980738 
1.38 0.978116 
1.3775 0.979025 
1.385 0.976189 
1.3825 0.977171 
1.39 0.974105 
1.3875 0.975167 
1.395 0.971854 
1.3925 0.973001 
1.4 0.969424 
1.3975 0.970662 
1.405 0.966804 
1.4025 0.968139 
1.41 0.963981 
1.4075 0.965419 
1.415 0.960943 
1.4125 0.96249 
1.42 0.957675 
1.4175 0.959338 
1.425 0.954165 
1.4225 0.955952 
1.43 0.9504 
1.4275 0.952315 
1.435 0.946364 
1.4325 0.948416 
1.44 0.942045 
1.4375 0.944241 
1.445 0.937428 
1.4425 0.939775 
1.45 0.932502 
1.4475 0.935005 
1.455 0.927252 
1.4525 0.929918 
1.46 0.921668 
1.4575 0.924502 
1.465 0.915737 
1.4625 0.918746 
1.47 0.909452 
1.4675 0.91264 
1.475 0.902804 
1.4725 0.906174 
1.48 0.895787 
1.4775 0.899342 
1.485 0.888398 
1.4825 0.892139 
1.49 0.880636 
1.4875 0.884564 
1.495 0.872504 
1.4925 0.876616 
1.5 0.864007 
1.4975 0.868301 
1.505 0.855157 
1.5025 0.859626 
1.51 0.845966 
1.5075 0.850603 
1.515 0.836455 
1.5125 0.841249 
1.52 0.826647 
1.5175 0.831586 
1.525 0.816573 
1.5225 0.821641 
1.53 0.806268 
1.5275 0.811447 
1.535 0.795773 
1.5325 0.801041 
1.54 0.785136 
1.5375 0.790469 
1.545 0.77441 
1.5425 0.77978 
1.55 0.763655 
1.5475 0.769032 
1.555 0.752935 
1.5525 0.758286 
1.56 0.74232 
1.5575 0.74761 
1.565 0.731887 
1.5625 0.737076 
1.57 0.721714 
1.5675 0.726763 
1.575 0.711884 
1.5725 0.716751 
1.58 0.702482 
1.5775 0.707124 
1.585 0.693595 
1.5825 0.697969 
1.59 0.68531 
1.5875 0.689372 
1.595 0.677712 
1.5925 0.68142 
1.6 0.670884 
1.5975 0.674196 
1.605 0.664904 
1.6025 0.667783 
1.61 0.659847 
1.6075 0.662256 
1.615 0.655776 
1.6125 0.657684 
1.62 0.65275 
1.6175 0.654129 
1.625 0.650813 
1.6225 0.651643 
1.63 0.65 
1.6275 0.650264 
1.635 0.650333 
1.6325 0.650023 
1.64 0.651821 
1.6375 0.650933 
1.645 0.654457 
1.6425 0.652996 
1.65 0.658222 
1.6475 0.6562 
1.655 0.663081 
1.6525 0.660517 
1.66 0.668989 
1.6575 0.665908 
1.665 0.675887 
1.6625 0.672319 
1.67 0.683703 
1.6675 0.679685 
1.675 0.692359 
1.6725 0.687931 
1.68 0.701766 
1.6775 0.696974 
1.685 0.711831 
1.6825 0.706723 
1.69 0.722456 
1.6875 0.71708 
1.695 0.733538 
1.6925 0.727946 
1.7 0.744977 
1.6975 0.739219 
1.705 0.756672 
1.7025 0.750799 
1.71 0.768525 
1.7075 0.762585 
1.715 0.780443 
1.7125 0.774482 
1.72 0.792337 
1.7175 0.786398 
1.725 0.804126 
1.7225 0.79825 
1.73 0.815736 
1.7275 0.809958 
1.735 0.827101 
1.7325 0.821453 
1.74 0.838164 
1.7375 0.832674 
1.745 0.848876 
1.7425 0.843566 
1.75 0.859196 
1.7475 0.854087 
1.755 0.869093 
1.7525 0.864199 
1.76 0.878544 
1.7575 0.873876 
1.765 0.88753 
1.7625 0.883095 
1.77 0.896042 
1.7675 0.891846 
1.775 0.904077 
1.7725 0.900119 
1.78 0.911635 
1.7775 0.907915 
1.785 0.918724 
1.7825 0.915238 
1.79 0.925351 
1.7875 0.922094 
1.795 0.931532 
1.7925 0.928497 
1.8 0.93728 
1.7975 0.934459 
1.805 0.942615 
1.8025 0.939998 
1.81 0.947554 
1.8075 0.945133 
1.815 0.952118 
1.8125 0.949882 
1.82 0.956327 
1.8175 0.954266 
1.825 0.960202 
1.8225 0.958305 
1.83 0.963764 
1.8275 0.962021 
1.835 0.967034 
1.8325 0.965434 
1.84 0.97003 
1.8375 0.968565 
1.845 0.972772 
1.8425 0.971432 
1.85 0.97528 
1.8475 0.974054 
1.855 0.977569 
1.8525 0.97645 
1.86 0.979658 
1.8575 0.978638 
1.865 0.981562 
1.8625 0.980632 
1.87 0.983295 
1.8675 0.982449 
1.875 0.984872 
1.8725 0.984102 
1.88 0.986306 
1.8775 0.985606 
1.885 0.987609 
1.8825 0.986973 
1.89 0.988792 
1.8875 0.988215 
1.895 0.989865 
1.8925 0.989341 
1.9 0.990838 
1.8975 0.990364 
1.905 0.991721 
1.9025 0.99129 
1.91 0.99252 
1.9075 0.99213 
1.915 0.993244 
1.9125 0.992891 
1.92 0.993899 
1.9175 0.993579 
1.925 0.994492 
1.9225 0.994203 
1.93 0.995028 
1.9275 0.994767 
1.935 0.995513 
1.9325 0.995277 
1.94 0.995951 
1.9375 0.995738 
1.945 0.996347 
1.9425 0.996154 
1.95 0.996705 
1.9475 0.996531 
1.955 0.997028 
1.9525 0.996871 
1.96 0.99732 
1.9575 0.997178 
1.965 0.997583 
1.9625 0.997455 
1.97 0.997821 
1.9675 0.997705 
1.975 0.998036 
1.9725 0.997931 
1.98 0.998229 
1.9775 0.998135 
1.985 0.998404 
1.9825 0.998319 
1.99 0.998561 
1.9875 0.998485 
1.995 0.998703 
1.9925 0.998634 
2 0.998831 
1.9975 0.998769 
2.005 0.998946 
2.0025 0.99889 
2.01 0.99905 
2.0075 0.999 
2.015 0.999144 
2.0125 0.999098 
2.02 0.999228 
2.0175 0.999187 
2.025 0.999304 
2.0225 0.999267 
2.03 0.999372 
2.0275 0.999339 
2.035 0.999434 
2.0325 0.999404 
2.04 0.999489 
2.0375 0.999462 
2.045 0.999539 
2.0425 0.999514 
2.05 0.999583 
2.0475 0.999561 
2.055 0.999623 
2.0525 0.999604 
2.06 0.999659 
2.0575 0.999642 
2.065 0.999691 
2.0625 0.999675 
2.07 0.99972 
2.0675 0.999706 
2.075 0.999745 
2.0725 0.999733 
2.08 0.999768 
2.0775 0.999757 
2.085 0.999788 
2.0825 0.999778 
2.09 0.999806 
2.0875 0.999797 
2.095 0.999822 
2.0925 0.999814 
2.1 0.999835 
2.0975 0.999829 
2.105 0.999847 
2.1025 0.999842 
2.11 0.999858 
2.1075 0.999853 
2.115 0.999866 
2.1125 0.999862 
2.12 0.999873 
2.1175 0.99987 
2.125 0.999879 
2.1225 0.999876 
2.13 0.999884 
2.1275 0.999882 
2.135 0.999887 
2.1325 0.999885 
2.14 0.999889 
2.1375 0.999888 
2.145 0.99989 
2.1425 0.999889 
2.15 0.999889 
2.1475 0.99989 
2.155 0.999888 
2.1525 0.999889 
2.16 0.999885 
2.1575 0.999887 
2.165 0.999882 
2.1625 0.999884 
2.17 0.999877 
2.1675 0.999879 
2.175 0.999871 
2.1725 0.999874 
2.18 0.999863 
2.1775 0.999867 
2.185 0.999855 
2.1825 0.999859 
2.19 0.999845 
2.1875 0.99985 
2.195 0.999833 
2.1925 0.999839 
2.2 0.999821 
2.1975 0.999827 
2.205 0.999806 
2.2025 0.999814 
2.21 0.99979 
2.2075 0.999799 
2.215 0.999773 
2.2125 0.999782 
2.22 0.999753 
2.2175 0.999763 
2.225 0.999731 
2.2225 0.999743 
2.23 0.999708 
2.2275 0.99972 
2.235 0.999682 
2.2325 0.999695 
2.24 0.999653 
2.2375 0.999668 
2.245 0.999622 
2.2425 0.999638 
2.25 0.999589 
2.2475 0.999606 
2.255 0.999552 
2.2525 0.999571 
2.26 0.999512 
2.2575 0.999532 
2.265 0.999468 
2.2625 0.999491 
2.27 0.999421 
2.2675 0.999445 
2.275 0.99937 
2.2725 0.999396 
2.28 0.999314 
2.2775 0.999343 
2.285 0.999254 
2.2825 0.999285 
2.29 0.999189 
2.2875 0.999222 
2.295 0.999119 
2.2925 0.999155 
2.3 0.999042 
2.2975 0.999081 
2.305 0.99896 
2.3025 0.999002 
2.31 0.998871 
2.3075 0.998916 
2.315 0.998775 
2.3125 0.998824 
2.32 0.998671 
2.3175 0.998724 
2.325 0.998559 
2.3225 0.998616 
2.33 0.998438 
2.3275 0.9985 
2.335 0.998308 
2.3325 0.998374 
2.34 0.998167 
2.3375 0.998239 
2.345 0.998016 
2.3425 0.998093 
2.35 0.997852 
2.3475 0.997936 
2.355 0.997676 
2.3525 0.997766 
2.36 0.997487 
2.3575 0.997583 
2.365 0.997282 
2.3625 0.997386 
2.37 0.997062 
2.3675 0.997174 
2.375 0.996825 
2.3725 0.996946 
2.38 0.99657 
2.3775 0.9967 
2.385 0.996294 
2.3825 0.996435 
2.39 0.995998 
2.3875 0.996149 
2.395 0.995679 
2.3925 0.995842 
2.4 0.995335 
2.3975 0.99551 
2.405 0.994965 
2.4025 0.995154 
2.41 0.994567 
2.4075 0.99477 
2.415 0.994137 
2.4125 0.994356 
2.42 0.993675 
2.4175 0.993911 
2.425 0.993177 
2.4225 0.993431 
2.43 0.992641 
2.4275 0.992914 
2.435 0.992063 
2.4325 0.992357 
2.44 0.991441 
2.4375 0.991758 
2.445 0.99077 
2.4425 0.991112 
2.45 0.990048 
2.4475 0.990416 
2.455 0.98927 
2.4525 0.989666 
2.46 0.988431 
2.4575 0.988858 
2.465 0.987527 
2.4625 0.987988 
2.47 0.986554 
2.4675 0.98705 
2.475 0.985504 
2.4725 0.986039 
2.48 0.984373 
2.4775 0.984949 
2.485 0.983155 
2.4825 0.983775 
2.49 0.981841 
2.4875 0.98251 
2.495 0.980426 
2.4925 0.981147 
2.5 0.9789 
2.4975 0.979677 
2.505 0.977257 
2.5025 0.978094 
2.51 0.975485 
2.5075 0.976387 
2.515 0.973577 
2.5125 0.974549 
2.52 0.971521 
2.5175 0.972568 
2.525 0.969306 
2.5225 0.970434 
2.53 0.966922 
2.5275 0.968136 
2.535 0.964354 
2.5325 0.965661 
2.54 0.961589 
2.5375 0.962997 
2.545 0.958615 
2.5425 0.960129 
2.55 0.955414 
2.5475 0.957044 
2.555 0.951973 
2.5525 0.953725 
2.56 0.948273 
2.5575 0.950156 
2.565 0.944298 
2.5625 0.946321 
2.57 0.940028 
2.5675 0.942201 
2.575 0.935446 
2.5725 0.937778 
2.58 0.930531 
2.5775 0.933032 
2.585 0.925262 
2.5825 0.927942 
2.59 0.919619 
2.5875 0.922489 
2.595 0.913579 
2.5925 0.91665 
2.6 0.907119 
2.5975 0.910403 
2.605 0.900219 
2.6025 0.903726 
2.61 0.892854 
2.6075 0.896596 
2.615 0.885002 
2.6125 0.88899 
2.62 0.87664 
2.6175 0.880886 
2.625 0.867747 
2.6225 0.872261 
2.63 0.858301 
2.6275 0.863094 
2.635 0.848281 
2.6325 0.853364 
2.64 0.837669 
2.6375 0.84305 
2.645 0.826447 
2.6425 0.832135 
2.65 0.814599 
2.6475 0.820602 
2.655 0.802112 
2.6525 0.808436 
2.66 0.788976 
2.6575 0.795626 
2.665 0.775182 
2.6625 0.782161 
2.67 0.760725 
2.6675 0.768036 
2.675 0.745606 
2.6725 0.753249 
2.68 0.729828 
2.6775 0.737799 
2.685 0.713397 
2.6825 0.721693 
2.69 0.696326 
2.6875 0.704941 
2.695 0.678632 
2.6925 0.687556 
2.7 0.660336 
2.6975 0.669558 
2.705 0.641466 
2.7025 0.650971 
2.71 0.622054 
2.7075 0.631826 
2.715 0.602137 
2.7125 0.612156 
2.72 0.581758 
2.7175 0.592002 
2.725 0.560965 
2.7225 0.57141 
2.73 0.539812 
2.7275 0.55043 
2.735 0.518356 
2.7325 0.529118 
2.74 0.496659 
2.7375 0.507534 
2.745 0.474789 
2.7425 0.485742 
2.75 0.452814 
2.7475 0.46381 
2.755 0.430808 
2.7525 0.441811 
2.76 0.408846 
2.7575 0.419817 
2.765 0.387003 
2.7625 0.397905 
2.77 0.365356 
2.7675 0.37615 
2.775 0.343981 
2.7725 0.35463 
2.78 0.322951 
2.7775 0.333418 
2.785 0.302339 
2.7825 0.312588 
2.79 0.282212 
2.7875 0.292211 
2.795 0.262634 
2.7925 0.27235 
2.8 0.243662 
2.7975 0.253069 
2.805 0.22535 
2.8025 0.234421 
2.81 0.207744 
2.8075 0.216456 
2.815 0.190882 
2.8125 0.199218 
2.82 0.174797 
2.8175 0.182741 
2.825 0.159515 
2.8225 0.167055 
2.83 0.145054 
2.8275 0.152181 
2.835 0.131427 
2.8325 0.138136 
2.84 0.118638 
2.8375 0.124927 
2.845 0.106688 
2.8425 0.112559 
2.85 0.095571 
2.8475 0.101026 
2.855 0.0852752 
2.8525 0.0903213 
2.86 0.0757848 
2.8575 0.0804306 
2.865 0.067079 
2.8625 0.0713353 
2.87 0.0591326 
2.8675 0.0630126 
2.875 0.0519166 
2.8725 0.0554353 
2.88 0.0453984 
2.8775 0.0485724 
2.885 0.0395419 
2.8825 0.0423897 
2.89 0.0343084 
2.8875 0.0368498 
2.895 0.0296571 
2.8925 0.0319126 
2.9 0.0255452 
2.8975 0.0275364 
2.905 0.0219293 
2.9025 0.023678 
2.91 0.0187657 
2.9075 0.0202937 
2.915 0.0160112 
2.9125 0.0173399 
2.92 0.0136239 
2.9175 0.0147742 
2.925 0.0115637 
2.9225 0.0125553 
2.93 0.00979289 
2.9275 0.0106444 
2.935 0.00827626 
2.9325 0.00900488 
2.94 0.00698164 
2.9375 0.00760309 
2.945 0.00587979 
2.9425 0.00640832 
2.95 0.00494452 
2.9475 0.00539286 
2.955 0.00415251 
2.9525 0.00453195 
2.96 0.00348324 
2.9575 0.00380371 
2.965 0.00291874 
2.9625 0.00318892 
2.97 0.00244338 
2.9675 0.00267081 
2.975 0.00204369 
2.9725 0.00223484 
2.98 0.00170804 
2.9775 0.00186851 
2.985 0.0014265 
2.9825 0.00156106 
2.99 0.00119058 
2.9875 0.00130331 
2.995 0.000993074 
2.9925 0.00108743 
3 0.000827863 
2.9975 0.000906775 
3.005 0.000689767 
3.0025 0.000755716 
3.01 0.000574414 
3.0075 0.000629492 
3.015 0.00047812 
3.0125 0.000524091 
3.02 0.00039778 
3.0175 0.000436129 
3.025 0.000330789 
3.0225 0.000362762 
3.03 0.000274957 
3.0275 0.000301601 
3.035 0.000228447 
3.0325 0.000250639 
3.04 0.000189722 
3.0375 0.000208198 
3.045 0.000157493 
3.0425 0.000172867 
3.05 0.000130681 
3.0475 0.00014347 
3.055 0.000108387 
3.0525 0.00011902 
3.06 8.98566e-05 
3.0575 9.86932e-05 
3.065 7.44613e-05 
3.0625 8.1802e-05 
3.07 6.1676e-05 
3.0675 6.77716e-05 
3.075 5.10629e-05 
3.0725 5.61223e-05 
3.08 4.22567e-05 
3.0775 4.64542e-05 
3.085 3.49528e-05 
3.0825 3.84339e-05 
3.09 2.88977e-05 
3.0875 3.17833e-05 
3.095 2.38801e-05 
3.0925 2.6271e-05 
3.1 1.97241e-05 
3.0975 2.17042e-05 
3.105 1.62832e-05 
3.1025 1.79224e-05 
3.11 1.34358e-05 
3.1075 1.47921e-05 
3.115 1.10806e-05 
3.1125 1.22023e-05 
3.12 9.13348e-06 
3.1175 1.00607e-05 
3.125 7.5245e-06 
3.1225 8.2906e-06 
3.13 6.19559e-06 
3.1275 6.82825e-06 
3.135 5.09857e-06 
3.1325 5.62076e-06 
3.14 4.19344e-06 
3.1375 4.62423e-06 
3.145 3.44702e-06 
3.1425 3.80223e-06 
3.15 2.83183e-06 
3.1475 3.12455e-06 
3.155 2.32505e-06 
3.1525 2.56615e-06 
3.16 1.90783e-06 
3.1575 2.10629e-06 
3.165 1.56452e-06 
3.1625 1.7278e-06 
3.17 1.2822e-06 
3.1675 1.41645e-06 
3.175 1.05017e-06 
3.1725 1.16049e-06 
3.18 8.59575e-07 
3.1775 9.50179e-07 
3.185 7.03121e-07 
3.1825 7.77485e-07 
3.19 5.74768e-07 
3.1875 6.35765e-07 
3.195 4.69534e-07 
3.1925 5.19536e-07 
3.2 3.8331e-07 
3.1975 4.24272e-07 
3.205 3.12707e-07 
3.2025 3.46243e-07 
3.21 2.54933e-07 
3.2075 2.82371e-07 
3.215 2.07689e-07 
3.2125 2.30122e-07 
3.22 1.69081e-07 
3.2175 1.87409e-07 
3.225 1.37551e-07 
3.2225 1.52517e-07 
3.23 1.11821e-07 
3.2275 1.24032e-07 
3.235 9.08371e-08 
3.2325 1.00793e-07 
3.24 7.37369e-08 
3.2375 8.18491e-08 
3.245 5.98114e-08 
3.2425 6.64163e-08 
3.25 4.84793e-08 
3.2475 5.38531e-08 
3.255 3.92645e-08 
3.2525 4.36334e-08 
3.26 3.17769e-08 
3.2575 3.53262e-08 
3.265 2.56974e-08 
3.2625 2.85787e-08 
3.27 2.07648e-08 
3.2675 2.3102e-08 
3.275 1.67659e-08 
3.2725 1.86603e-08 
3.28 1.35264e-08 
3.2775 1.50607e-08 
3.285 1.09041e-08 
3.2825 1.21459e-08 
3.29 8.78319e-09 
3.2875 9.78735e-09 
3.295 7.06909e-09 
3.2925 7.88046e-09 
3.3 5.68489e-09 
3.2975 6.33996e-09 
3.305 4.56799e-09 
3.3025 5.09645e-09 
3.31 3.66751e-09 
3.3075 4.09348e-09 
3.315 2.94211e-09 
3.3125 3.28518e-09 
3.32 2.35822e-09 
3.3175 2.63431e-09 
3.325 1.88864e-09 
3.3225 2.11063e-09 
3.33 1.51129e-09 
3.3275 1.68964e-09 
3.335 1.20832e-09 
3.3325 1.35148e-09 
3.34 9.65268e-10 
3.3375 1.08009e-09 
3.345 7.70452e-10 
3.3425 8.62467e-10 
3.35 6.14431e-10 
3.3475 6.88106e-10 
3.355 4.89587e-10 
3.3525 5.48527e-10 
3.36 3.89776e-10 
3.3575 4.36887e-10 
3.365 3.10047e-10 
3.3625 3.4767e-10 
3.37 2.46414e-10 
3.3675 2.76435e-10 
3.375 1.95673e-10 
3.3725 2.19606e-10 
3.38 1.55246e-10 
3.3775 1.7431e-10 
3.385 1.23066e-10 
3.3825 1.38237e-10 
3.39 9.74713e-11 
3.3875 1.09535e-10 
3.395 7.71334e-11 
3.3925 8.67173e-11 
3.4 6.09865e-11 
3.3975 6.85937e-11 
3.405 4.81781e-11 
3.4025 5.4211e-11 
3.41 3.8027e-11 
3.4075 4.28072e-11 
3.415 2.9989e-11 
3.4125 3.37733e-11 
3.42 2.36297e-11 
3.4175 2.66229e-11 
3.425 1.86031e-11 
3.4225 2.09685e-11 
3.43 1.46332e-11 
3.4275 1.65009e-11 
3.435 1.15008e-11 
3.4325 1.29742e-11 
3.44 9.03127e-12 
3.4375 1.01926e-11 
3.445 7.08606e-12 
3.4425 8.00058e-12 
3.45 5.55518e-12 
3.4475 6.27474e-12 
3.455 4.35143e-12 
3.4525 4.9171e-12 
3.46 3.40571e-12 
3.4575 3.85003e-12 
3.465 2.66336e-12 
3.4625 3.01205e-12 
3.47 2.08114e-12 
3.4675 2.35455e-12 
3.475 1.6249e-12 
3.4725 1.8391e-12 
3.48 1.26767e-12 
3.4775 1.43535e-12 
3.485 9.8821e-13 
3.4825 1.11936e-12 
3.49 7.69764e-13 
3.4875 8.72256e-13 
3.495 5.99153e-13 
3.4925 6.79184e-13 
3.5 4.6601e-13 
3.4975 5.28452e-13 
3.505 3.62189e-13 
3.5025 4.10869e-13 
3.51 2.81297e-13 
3.5075 3.19218e-13 
3.515 2.18319e-13 
3.5125 2.47836e-13 
3.52 1.69325e-13 
3.5175 1.92283e-13 
3.525 1.31239e-13 
3.5225 1.49083e-13 
3.53 1.01655e-13 
3.5275 1.15513e-13 
3.535 7.86906e-14 
3.5325 8.94453e-14 
3.54 6.08776e-14 
3.5375 6.92183e-14 
3.545 4.70698e-14 
3.5425 5.3534e-14 
3.55 3.63739e-14 
3.5475 4.13804e-14 
3.555 2.80939e-14 
3.5525 3.19689e-14 
3.56 2.16881e-14 
3.5575 2.46855e-14 
3.565 1.67352e-14 
3.5625 1.90524e-14 
3.57 1.29079e-14 
3.5675 1.46982e-14 
3.575 9.95194e-15 
3.5725 1.13344e-14 
3.58 7.67021e-15 
3.5775 8.73725e-15 
3.585 5.90975e-15 
3.5825 6.73292e-15 
3.59 4.55209e-15 
3.5875 5.18684e-15 
3.595 3.50551e-15 
3.5925 3.99477e-15 
3.6 2.69904e-15 
3.5975 3.07602e-15 
3.605 2.07781e-15 
3.6025 2.36817e-15 
3.61 1.59942e-15 
3.6075 1.823e-15 
3.615 1.23111e-15 
3.6125 1.40323e-15 
3.62 9.47623e-16 
3.6175 1.0801e-15 
3.625 7.29458e-16 
3.6225 8.31404e-16 
3.63 5.61583e-16 
3.6275 6.40027e-16 
3.635 4.32417e-16 
3.6325 4.92772e-16 
3.64 3.33034e-16 
3.6375 3.79473e-16 
3.645 2.56566e-16 
3.6425 2.92298e-16 
3.65 1.97723e-16 
3.6475 2.2522e-16 
3.655 1.52437e-16 
3.6525 1.736e-16 
3.66 1.17577e-16 
3.6575 1.33869e-16 
3.665 9.07359e-17 
3.6625 1.03281e-16 
3.67 7.00623e-17 
3.6675 7.97256e-17 
3.675 5.4133e-17 
3.6725 6.15796e-17 
3.68 4.18539e-17 
3.6775 4.75948e-17 
3.685 3.23839e-17 
3.6825 3.68121e-17 
3.69 2.50762e-17 
3.6875 2.84938e-17 
3.695 1.94336e-17 
3.6925 2.20729e-17 
3.7 1.50738e-17 
3.6975 1.71135e-17 
3.705 1.17027e-17 
3.7025 1.32802e-17 
3.71 9.09414e-18 
3.7075 1.0315e-17 
3.715 7.0739e-18 
3.7125 8.01966e-18 
3.72 5.50796e-18 
3.7175 6.24122e-18 
3.725 4.29305e-18 
3.7225 4.86207e-18 
3.73 3.34958e-18 
3.7275 3.79159e-18 
3.735 2.6162e-18 
3.7325 2.95987e-18 
3.74 2.04554e-18 
3.7375 2.31303e-18 
3.745 1.60104e-18 
3.7425 1.80945e-18 
3.75 1.25445e-18 
3.7475 1.417e-18 
3.755 9.8391e-19 
3.7525 1.11083e-18 
3.76 7.7251e-19 
3.7575 8.71713e-19 
3.765 6.07144e-19 
3.7625 6.84767e-19 
3.77 4.77649e-19 
3.7675 5.38451e-19 
3.775 3.76136e-19 
3.7725 4.23813e-19 
3.78 2.96475e-19 
3.7775 3.33899e-19 
3.785 2.33897e-19 
3.7825 2.63304e-19 
3.79 1.84689e-19 
3.7875 2.07819e-19 
3.795 1.45956e-19 
3.7925 1.64167e-19 
3.8 1.15439e-19 
3.7975 1.2979e-19 
3.805 9.13719e-20 
3.8025 1.02693e-19 
3.81 7.23753e-20 
3.8075 8.13135e-20 
3.815 5.73677e-20 
3.8125 6.44306e-20 
3.82 4.55017e-20 
3.8175 5.10872e-20 
3.825 3.61121e-20 
3.8225 4.05328e-20 
3.83 2.86766e-20 
3.8275 3.2178e-20 
3.835 2.27842e-20 
3.8325 2.55595e-20 
3.84 1.81117e-20 
3.8375 2.03128e-20 
3.845 1.4404e-20 
3.8425 1.61509e-20 
3.85 1.14603e-20 
3.8475 1.28474e-20 
3.855 9.12176e-21 
3.8525 1.02239e-20 
3.86 7.26305e-21 
3.8575 8.13916e-21 
3.865 5.78501e-21 
3.8625 6.48177e-21 
3.87 4.60914e-21 
3.8675 5.16352e-21 
3.875 3.67328e-21 
3.8725 4.11455e-21 
3.88 2.92816e-21 
3.8775 3.27953e-21 
3.885 2.3347e-21 
3.8825 2.61458e-21 
3.89 1.86189e-21 
3.8875 2.08488e-21 
3.895 1.48508e-21 
3.8925 1.66281e-21 
3.9 1.18471e-21 
3.8975 1.32639e-21 
3.905 9.45208e-22 
3.9025 1.05819e-21 
3.91 7.54208e-22 
3.9075 8.44313e-22 
3.915 6.01858e-22 
3.9125 6.73733e-22 
3.92 4.80316e-22 
3.9175 5.37658e-22 
3.925 3.83339e-22 
3.9225 4.29094e-22 
3.93 3.05954e-22 
3.9275 3.42466e-22 
3.935 2.44195e-22 
3.9325 2.73335e-22 
3.94 1.94904e-22 
3.9375 2.18162e-22 
3.945 1.55561e-22 
3.9425 1.74125e-22 
3.95 1.24157e-22 
3.9475 1.38975e-22 
3.955 9.90889e-23 
3.9525 1.10917e-22 
3.96 7.90782e-23 
3.9575 8.85204e-23 
3.965 6.31046e-23 
3.9625 7.06419e-23 
3.97 5.03538e-23 
3.9675 5.63704e-23 
3.975 4.01759e-23 
3.9725 4.49784e-23 
3.98 3.2052e-23 
3.9775 3.58852e-23 
3.985 2.5568e-23 
3.9825 2.86274e-23 
3.99 2.03931e-23 
3.9875 2.28347e-23 
3.995 1.62634e-23 
3.9925 1.82118e-23 
4 1.2968e-23 
3.9975 1.45228e-23 
4.005 1.03388e-23 
4.0025 1.15792e-23 
4.01 8.24116e-24 
4.0075 9.23075e-24 
4.015 6.56794e-24 
4.0125 7.3573e-24 
4.02 5.23342e-24 
4.0175 5.86297e-24 
4.025 4.1692e-24 
4.0225 4.67122e-24 
4.03 3.32067e-24 
4.0275 3.72093e-24 
4.035 2.64423e-24 
4.0325 2.96329e-24 
4.04 2.10508e-24 
4.0375 2.35937e-24 
4.045 1.67544e-24 
4.0425 1.87807e-24 
4.05 1.33313e-24 
4.0475 1.49456e-24 
4.055 1.06047e-24 
4.0525 1.18905e-24 
4.06 8.43329e-25 
4.0575 9.4572e-25 
4.065 6.7045e-25 
4.0625 7.51965e-25 
4.07 5.32844e-25 
4.0675 5.97723e-25 
4.075 4.23344e-25 
4.0725 4.74968e-25 
4.08 3.36233e-25 
4.0775 3.77298e-25 
4.085 2.66953e-25 
4.0825 2.9961e-25 
4.09 2.11872e-25 
4.0875 2.37834e-25 
4.095 1.68094e-25 
4.0925 1.88727e-25 
4.1 1.33309e-25 
4.0975 1.49702e-25 
4.105 1.05681e-25 
4.1025 1.187e-25 
4.11 8.37446e-26 
4.1075 9.40805e-26 
4.115 6.63335e-26 
4.1125 7.45362e-26 
4.12 5.25194e-26 
4.1175 5.90268e-26 
4.125 4.15636e-26 
4.1225 4.6724e-26 
4.13 3.28781e-26 
4.1275 3.69687e-26 
4.135 2.59954e-26 
4.1325 2.92366e-26 
4.14 2.05436e-26 
4.1375 2.31107e-26 
4.145 1.62271e-26 
4.1425 1.82594e-26 
4.15 1.28111e-26 
4.1475 1.44192e-26 
4.155 1.0109e-26 
4.1525 1.13808e-26 
4.16 7.97252e-27 
4.1575 8.97799e-27 
4.165 6.28419e-27 
4.1625 7.07867e-27 
4.17 4.95066e-27 
4.1675 5.57809e-27 
4.175 3.8979e-27 
4.1725 4.39316e-27 
4.18 3.06725e-27 
4.1775 3.45797e-27 
4.185 2.41219e-27 
4.1825 2.72027e-27 
4.19 1.89589e-27 
4.1875 2.13868e-27 
4.195 1.4892e-27 
4.1925 1.68041e-27 
4.2 1.16902e-27 
4.1975 1.31953e-27 
4.205 9.17098e-28 
4.2025 1.0355e-27 
4.21 7.19005e-28 
4.2075 8.12097e-28 
4.215 5.63332e-28 
4.2125 6.36478e-28 
4.22 4.41073e-28 
4.2175 4.98509e-28 
4.225 3.45115e-28 
4.2225 3.90187e-28 
4.23 2.6985e-28 
4.2275 3.05196e-28 
4.235 2.10853e-28 
4.2325 2.38555e-28 
4.24 1.64639e-28 
4.2375 1.86335e-28 
4.245 1.28463e-28 
4.2425 1.45443e-28 
4.25 1.00164e-28 
4.2475 1.13444e-28 
4.255 7.80415e-29 
4.2525 8.84212e-29 
4.26 6.07605e-29 
4.2575 6.88673e-29 
4.265 4.72709e-29 
4.2625 5.35979e-29 
4.27 3.67484e-29 
4.2675 4.16827e-29 
4.275 2.85464e-29 
4.2725 3.23918e-29 
4.28 2.2158e-29 
4.2775 2.51526e-29 
4.285 1.71859e-29 
4.2825 1.95161e-29 
4.29 1.3319e-29 
4.2875 1.51308e-29 
4.295 1.0314e-29 
4.2925 1.17217e-29 
4.3 7.98053e-30 
4.2975 9.07343e-30 
4.305 6.17004e-30 
4.3025 7.01783e-30 
4.31 4.76639e-30 
4.3075 5.42353e-30 
4.315 3.67903e-30 
4.3125 4.18799e-30 
4.32 2.83738e-30 
4.3175 3.23125e-30 
4.325 2.18645e-30 
4.3225 2.491e-30 
4.33 1.68343e-30 
4.3275 1.91872e-30 
4.335 1.29504e-30 
4.3325 1.47667e-30 
4.34 9.95403e-31 
4.3375 1.1355e-30 
4.345 7.64437e-31 
4.3425 8.72401e-31 
4.35 5.86555e-31 
4.3475 6.69686e-31 
4.355 4.49673e-31 
4.3525 5.13628e-31 
4.36 3.44432e-31 
4.3575 3.93593e-31 
4.365 2.63589e-31 
4.3625 3.01344e-31 
4.37 2.01542e-31 
4.3675 2.30512e-31 
4.375 1.53963e-31 
4.3725 1.76173e-31 
4.38 1.17511e-31 
4.3775 1.34523e-31 
4.385 8.96081e-32 
4.3825 1.02627e-31 
4.39 6.82688e-32 
4.3875 7.82228e-32 
4.395 5.19639e-32 
4.3925 5.95677e-32 
4.4 3.9517e-32 
4.3975 4.53201e-32 
4.405 3.00238e-32 
4.4025 3.44487e-32 
4.41 2.27901e-32 
4.4075 2.6161e-32 
4.415 1.72832e-32 
4.4125 1.98488e-32 
4.42 1.30947e-32 
4.4175 1.50456e-32 
4.425 9.91201e-33 
4.4225 1.13941e-32 
4.43 7.49583e-33 
4.4275 8.62066e-33 
4.435 5.66328e-33 
4.4325 6.51619e-33 
4.44 4.27469e-33 
4.4375 4.92081e-33 
4.445 3.22351e-33 
4.4425 3.71251e-33 
4.45 2.42851e-33 
4.4475 2.79824e-33 
4.455 1.82783e-33 
4.4525 2.10712e-33 
4.46 1.3744e-33 
4.4575 1.58517e-33 
4.465 1.03246e-33 
4.4625 1.19136e-33 
4.47 7.74846e-34 
4.4675 8.94532e-34 
4.475 5.80946e-34 
4.4725 6.71006e-34 
4.48 4.35146e-34 
4.4775 5.02848e-34 
4.485 3.2562e-34 
4.4825 3.76465e-34 
4.49 2.43424e-34 
4.4875 2.81572e-34 
4.495 1.81799e-34 
4.4925 2.10392e-34 
4.5 1.35642e-34 
4.4975 1.57052e-34 
4.505 1.01104e-34 
4.5025 1.1712e-34 
4.51 7.52861e-35 
4.5075 8.72556e-35 
4.515 5.60058e-35 
4.5125 6.49421e-35 
4.52 4.16219e-35 
4.5175 4.82869e-35 
4.525 3.09015e-35 
4.5225 3.58676e-35 
4.53 2.29196e-35 
4.5275 2.66161e-35 
4.535 1.69825e-35 
4.5325 1.97313e-35 
4.54 1.25708e-35 
4.5375 1.46128e-35 
4.545 9.29587e-36 
4.5425 1.08113e-35 
4.55 6.86726e-36 
4.5475 7.99078e-36 
4.555 5.06806e-36 
4.5525 5.90018e-36 
4.56 3.7365e-36 
4.5575 4.35217e-36 
4.565 2.75202e-36 
4.5625 3.20708e-36 
4.57 2.02488e-36 
4.5675 2.3609e-36 
4.575 1.48837e-36 
4.5725 1.73624e-36 
4.58 1.09291e-36 
4.5775 1.27556e-36 
4.585 8.01715e-37 
4.5825 9.36172e-37 
4.59 5.87511e-37 
4.5875 6.8639e-37 
4.595 4.30102e-37 
4.5925 5.02744e-37 
4.6 3.14548e-37 
4.5975 3.6786e-37 
4.605 2.29807e-37 
4.6025 2.68892e-37 
4.61 1.67725e-37 
4.6075 1.96351e-37 
4.615 1.2229e-37 
4.6125 1.43234e-37 
4.62 8.90717e-38 
4.6175 1.0438e-37 
4.625 6.48109e-38 
4.6225 7.59884e-38 
4.63 4.71101e-38 
4.6275 5.5263e-38 
4.635 3.42087e-38 
4.6325 4.01493e-38 
4.64 2.48151e-38 
4.6375 2.91393e-38 
4.645 1.79826e-38 
4.6425 2.1127e-38 
4.65 1.3018e-38 
4.6475 1.53021e-38 
4.655 9.41437e-39 
4.6525 1.10719e-38 
4.66 6.80134e-39 
4.6575 8.00287e-39 
4.665 4.90855e-39 
4.6625 5.77865e-39 
4.67 3.53889e-39 
4.6675 4.16834e-39 
4.675 2.54879e-39 
4.6725 3.00368e-39 
4.68 1.83383e-39 
4.6775 2.16222e-39 
4.685 1.31806e-39 
4.6825 1.55489e-39 
4.69 9.46384e-40 
4.6875 1.117e-39 
4.695 6.78818e-40 
4.6925 8.01611e-40 
4.7 4.864e-40 
4.6975 5.7468e-40 
4.705 3.48167e-40 
4.7025 4.1157e-40 
4.71 2.48963e-40 
4.7075 2.94452e-40 
4.715 1.77843e-40 
4.7125 2.10445e-40 
4.72 1.26908e-40 
4.7175 1.50251e-40 
4.725 9.04687e-41 
4.7225 1.07164e-40 
4.73 6.44258e-41 
4.7275 7.6354e-41 
4.735 4.58326e-41 
4.7325 5.43463e-41 
4.74 3.25718e-41 
4.7375 3.86421e-41 
4.745 2.3124e-41 
4.7425 2.74477e-41 
4.75 1.63998e-41 
4.7475 1.94762e-41 
4.755 1.16189e-41 
4.7525 1.38056e-41 
4.76 8.22329e-42 
4.7575 9.77593e-42 
4.765 5.81405e-42 
4.7625 6.91536e-42 
4.77 4.10644e-42 
4.7675 4.8868e-42 
4.775 2.89738e-42 
4.7725 3.44975e-42 
4.78 2.0422e-42 
4.7775 2.43279e-42 
4.785 1.43795e-42 
4.7825 1.71385e-42 
4.79 1.01145e-42 
4.7875 1.20614e-42 
4.795 7.10716e-43 
4.7925 8.47954e-43 
4.8 4.98887e-43 
4.7975 5.95527e-43 
4.805 3.49833e-43 
4.8025 4.17815e-43 
4.81 2.45061e-43 
4.8075 2.92833e-43 
4.815 1.71491e-43 
4.8125 2.05026e-43 
4.82 1.19884e-43 
4.8175 1.43401e-43 
4.825 8.37208e-44 
4.8225 1.00196e-43 
4.83 5.84065e-44 
4.8275 6.99357e-44 
4.835 4.07045e-44 
4.8325 4.87645e-44 
4.84 2.83385e-44 
4.8375 3.39673e-44 
4.845 1.97091e-44 
4.8425 2.3636e-44 
4.85 1.36934e-44 
4.8475 1.64301e-44 
4.855 9.50405e-45 
4.8525 1.14094e-44 
4.86 6.58963e-45 
4.8575 7.91474e-45 
4.865 4.56424e-45 
4.8625 5.48487e-45 
4.87 3.15814e-45 
4.8675 3.79709e-45 
4.875 2.18297e-45 
4.8725 2.62598e-45 
4.88 1.50737e-45 
4.8775 1.8142e-45 
4.885 1.0398e-45 
4.8825 1.25209e-45 
4.89 7.16525e-46 
4.8875 8.63258e-46 
4.895 4.93253e-46 
4.8925 5.94568e-46 
4.9 3.39207e-46 
4.8975 4.0909e-46 
4.905 2.33032e-46 
4.9025 2.81184e-46 
4.91 1.59927e-46 
4.9075 1.93072e-46 
4.915 1.09645e-46 
4.9125 1.32436e-46 
4.92 7.50945e-47 
4.9175 9.07503e-47 
4.925 5.13791e-47 
4.9225 6.21223e-47 
4.93 3.51176e-47 
4.9275 4.24821e-47 
4.935 2.39786e-47 
4.9325 2.90218e-47 
4.94 1.63565e-47 
4.9375 1.98064e-47 
4.945 1.11465e-47 
4.9425 1.3504e-47 
4.95 7.58909e-48 
4.9475 9.19826e-48 
4.955 5.16304e-48 
4.9525 6.26007e-48 
4.96 3.51085e-48 
4.9575 4.25763e-48 
4.965 2.38774e-48 
4.9625 2.89507e-48 
4.97 1.62645e-48 
4.9675 1.96999e-48 
4.975 1.11299e-48 
4.9725 1.34426e-48 
4.98 7.70119e-49 
4.9775 9.23955e-49 
4.985 5.45984e-49 
4.9825 6.45675e-49 
4.99 4.0656e-49 
4.9875 4.6726e-49 
4.995 3.30604e-49 
4.9925 3.61569e-49 
5 3.06514e-49 
4.9975 3.12476e-49 
