0 7.01775e-06 
0.005 7.08635e-06 
0.0025 7.03488e-06 
0.01 7.29333e-06 
0.0075 7.17238e-06 
0.015 7.6422e-06 
0.0125 7.44972e-06 
0.02 8.13887e-06 
0.0175 7.87159e-06 
0.025 8.79172e-06 
0.0225 8.44514e-06 
0.03 9.61175e-06 
0.0275 9.18004e-06 
0.035 1.06127e-05 
0.0325 1.00887e-05 
0.04 1.18114e-05 
0.0375 1.11862e-05 
0.045 1.32278e-05 
0.0425 1.2491e-05 
0.05 1.48852e-05 
0.0475 1.40247e-05 
0.055 1.6811e-05 
0.0525 1.58127e-05 
0.06 1.90367e-05 
0.0575 1.78842e-05 
0.065 2.15985e-05 
0.0625 2.02731e-05 
0.07 2.45379e-05 
0.0675 2.30182e-05 
0.075 2.7902e-05 
0.0725 2.61637e-05 
0.08 3.17445e-05 
0.0775 2.97598e-05 
0.085 3.61263e-05 
0.0825 3.38639e-05 
0.09 4.11162e-05 
0.0875 3.85406e-05 
0.095 4.67923e-05 
0.0925 4.38632e-05 
0.1 5.32426e-05 
0.0975 4.99148e-05 
0.105 6.05665e-05 
0.1025 5.67887e-05 
0.11 6.8876e-05 
0.1075 6.45905e-05 
0.115 7.82975e-05 
0.1125 7.34393e-05 
0.12 8.89731e-05 
0.1175 8.3469e-05 
0.125 0.000101063 
0.1225 9.48304e-05 
0.13 0.000114747 
0.1275 0.000107694 
0.135 0.000130228 
0.1325 0.000122249 
0.14 0.000147733 
0.1375 0.000138712 
0.145 0.000167519 
0.1425 0.000157324 
0.15 0.000189872 
0.1475 0.000178355 
0.155 0.000215117 
0.1525 0.000202111 
0.16 0.000243614 
0.1575 0.000228934 
0.165 0.00027577 
0.1625 0.000259207 
0.17 0.000312043 
0.1675 0.000293362 
0.175 0.000352944 
0.1725 0.000331881 
0.18 0.000399048 
0.1775 0.000375308 
0.185 0.000450999 
0.1825 0.00042425 
0.19 0.000509519 
0.1875 0.000479389 
0.195 0.000575416 
0.1925 0.000541491 
0.2 0.000649599 
0.1975 0.000611411 
0.205 0.000733083 
0.2025 0.00069011 
0.21 0.000827007 
0.2075 0.000778664 
0.215 0.000932644 
0.2125 0.000878276 
0.22 0.00105142 
0.2175 0.000990295 
0.225 0.00118494 
0.2225 0.00111623 
0.23 0.00133499 
0.2275 0.00125778 
0.235 0.00150356 
0.2325 0.00141682 
0.24 0.0016929 
0.2375 0.00159548 
0.245 0.00190551 
0.2425 0.00179613 
0.25 0.00214418 
0.2475 0.0020214 
0.255 0.00241205 
0.2525 0.00227426 
0.26 0.00271261 
0.2575 0.00255801 
0.265 0.00304976 
0.2625 0.00287635 
0.27 0.00342787 
0.2675 0.00323341 
0.275 0.0038518 
0.2725 0.00363378 
0.28 0.00432698 
0.2775 0.00408262 
0.285 0.00485947 
0.2825 0.00458566 
0.29 0.00545602 
0.2875 0.00514928 
0.295 0.00612414 
0.2925 0.00578063 
0.3 0.00687222 
0.2975 0.00648762 
0.305 0.00770956 
0.3025 0.00727911 
0.31 0.00864654 
0.3075 0.00816491 
0.315 0.00969465 
0.3125 0.00915593 
0.32 0.0108667 
0.3175 0.0102643 
0.325 0.0121768 
0.3225 0.0115035 
0.33 0.0136406 
0.3275 0.0128884 
0.335 0.0152756 
0.3325 0.0144356 
0.34 0.0171008 
0.3375 0.0161631 
0.345 0.0191374 
0.3425 0.0180913 
0.35 0.0214086 
0.3475 0.0202421 
0.355 0.02394 
0.3525 0.0226401 
0.36 0.0267596 
0.3575 0.0253119 
0.365 0.0298979 
0.3625 0.0282869 
0.37 0.0333882 
0.3675 0.0315968 
0.375 0.0372668 
0.3725 0.0352766 
0.38 0.0415728 
0.3775 0.0393638 
0.385 0.0463485 
0.3825 0.0438992 
0.39 0.051639 
0.3875 0.0489265 
0.395 0.0574927 
0.3925 0.0544923 
0.4 0.0639606 
0.3975 0.0606465 
0.405 0.0710964 
0.4025 0.0674416 
0.41 0.0789563 
0.4075 0.0749323 
0.415 0.087598 
0.4125 0.0831757 
0.42 0.0970805 
0.4175 0.0922304 
0.425 0.107463 
0.4225 0.102156 
0.43 0.118805 
0.4275 0.11301 
0.435 0.131161 
0.4325 0.124853 
0.44 0.144587 
0.4375 0.137737 
0.445 0.159129 
0.4425 0.151715 
0.45 0.174829 
0.4475 0.166832 
0.455 0.191719 
0.4525 0.183123 
0.46 0.20982 
0.4575 0.200617 
0.465 0.22914 
0.4625 0.219328 
0.47 0.249672 
0.4675 0.239256 
0.475 0.271391 
0.4725 0.260385 
0.48 0.294253 
0.4775 0.282683 
0.485 0.318197 
0.4825 0.306095 
0.49 0.343137 
0.4875 0.330548 
0.495 0.368971 
0.4925 0.35595 
0.5 0.395576 
0.4975 0.382186 
0.505 0.422812 
0.5025 0.409125 
0.51 0.450524 
0.5075 0.436619 
0.515 0.478546 
0.5125 0.464507 
0.52 0.506702 
0.5175 0.492618 
0.525 0.534817 
0.5225 0.520776 
0.53 0.562714 
0.5275 0.548804 
0.535 0.590221 
0.5325 0.576527 
0.54 0.617178 
0.5375 0.603778 
0.545 0.643435 
0.5425 0.630403 
0.55 0.668862 
0.5475 0.65626 
0.555 0.693343 
0.5525 0.681227 
0.56 0.716785 
0.5575 0.705199 
0.565 0.739115 
0.5625 0.728093 
0.57 0.760278 
0.5675 0.749845 
0.575 0.78024 
0.5725 0.77041 
0.58 0.798984 
0.5775 0.789764 
0.585 0.816512 
0.5825 0.8079 
0.59 0.832837 
0.5875 0.824823 
0.595 0.847986 
0.5925 0.840556 
0.6 0.861995 
0.5975 0.85513 
0.605 0.874909 
0.6025 0.868586 
0.61 0.88678 
0.6075 0.880972 
0.615 0.897661 
0.6125 0.89234 
0.62 0.907611 
0.6175 0.902749 
0.625 0.916689 
0.6225 0.912255 
0.63 0.924953 
0.6275 0.920919 
0.635 0.932464 
0.6325 0.928799 
0.64 0.939276 
0.6375 0.935954 
0.645 0.945447 
0.6425 0.942438 
0.65 0.951027 
0.6475 0.948307 
0.655 0.956067 
0.6525 0.953612 
0.66 0.960614 
0.6575 0.958399 
0.665 0.964711 
0.6625 0.962716 
0.67 0.9684 
0.6675 0.966605 
0.675 0.971718 
0.6725 0.970103 
0.68 0.9747 
0.6775 0.973249 
0.685 0.977377 
0.6825 0.976075 
0.69 0.97978 
0.6875 0.978612 
0.695 0.981935 
0.6925 0.980887 
0.7 0.983867 
0.6975 0.982928 
0.705 0.985597 
0.7025 0.984756 
0.71 0.987147 
0.7075 0.986393 
0.715 0.988533 
0.7125 0.987859 
0.72 0.989774 
0.7175 0.989171 
0.725 0.990883 
0.7225 0.990344 
0.73 0.991874 
0.7275 0.991392 
0.735 0.99276 
0.7325 0.99233 
0.74 0.993552 
0.7375 0.993167 
0.745 0.994258 
0.7425 0.993915 
0.75 0.994889 
0.7475 0.994582 
0.755 0.995452 
0.7525 0.995178 
0.76 0.995954 
0.7575 0.99571 
0.765 0.996402 
0.7625 0.996184 
0.77 0.996801 
0.7675 0.996607 
0.775 0.997157 
0.7725 0.996984 
0.78 0.997474 
0.7775 0.99732 
0.785 0.997756 
0.7825 0.997619 
0.79 0.998008 
0.7875 0.997886 
0.795 0.998232 
0.7925 0.998123 
0.8 0.998431 
0.7975 0.998334 
0.805 0.998608 
0.8025 0.998522 
0.81 0.998766 
0.8075 0.99869 
0.815 0.998906 
0.8125 0.998838 
0.82 0.999031 
0.8175 0.998971 
0.825 0.999142 
0.8225 0.999088 
0.83 0.99924 
0.8275 0.999192 
0.835 0.999328 
0.8325 0.999285 
0.84 0.999405 
0.8375 0.999368 
0.845 0.999474 
0.8425 0.999441 
0.85 0.999535 
0.8475 0.999505 
0.855 0.999589 
0.8525 0.999563 
0.86 0.999637 
0.8575 0.999614 
0.865 0.99968 
0.8625 0.999659 
0.87 0.999717 
0.8675 0.999699 
0.875 0.999751 
0.8725 0.999735 
0.88 0.99978 
0.8775 0.999766 
0.885 0.999806 
0.8825 0.999794 
0.89 0.999829 
0.8875 0.999818 
0.895 0.99985 
0.8925 0.99984 
0.9 0.999868 
0.8975 0.999859 
0.905 0.999883 
0.9025 0.999876 
0.91 0.999897 
0.9075 0.999891 
0.915 0.99991 
0.9125 0.999904 
0.92 0.99992 
0.9175 0.999915 
0.925 0.99993 
0.9225 0.999925 
0.93 0.999938 
0.9275 0.999934 
0.935 0.999946 
0.9325 0.999942 
0.94 0.999952 
0.9375 0.999949 
0.945 0.999957 
0.9425 0.999955 
0.95 0.999962 
0.9475 0.99996 
0.955 0.999966 
0.9525 0.999964 
0.96 0.99997 
0.9575 0.999968 
0.965 0.999973 
0.9625 0.999972 
0.97 0.999975 
0.9675 0.999974 
0.975 0.999978 
0.9725 0.999977 
0.98 0.999979 
0.9775 0.999979 
0.985 0.999981 
0.9825 0.99998 
0.99 0.999982 
0.9875 0.999981 
0.995 0.999982 
0.9925 0.999982 
1 0.999983 
0.9975 0.999983 
1.005 0.999983 
1.0025 0.999983 
1.01 0.999982 
1.0075 0.999983 
1.015 0.999982 
1.0125 0.999982 
1.02 0.999981 
1.0175 0.999982 
1.025 0.99998 
1.0225 0.999981 
1.03 0.999979 
1.0275 0.999979 
1.035 0.999977 
1.0325 0.999978 
1.04 0.999975 
1.0375 0.999976 
1.045 0.999972 
1.0425 0.999973 
1.05 0.999969 
1.0475 0.999971 
1.055 0.999966 
1.0525 0.999968 
1.06 0.999962 
1.0575 0.999964 
1.065 0.999958 
1.0625 0.99996 
1.07 0.999953 
1.0675 0.999955 
1.075 0.999947 
1.0725 0.99995 
1.08 0.999941 
1.0775 0.999944 
1.085 0.999934 
1.0825 0.999937 
1.09 0.999926 
1.0875 0.99993 
1.095 0.999917 
1.0925 0.999922 
1.1 0.999907 
1.0975 0.999912 
1.105 0.999896 
1.1025 0.999902 
1.11 0.999884 
1.1075 0.99989 
1.115 0.99987 
1.1125 0.999877 
1.12 0.999855 
1.1175 0.999863 
1.125 0.999838 
1.1225 0.999846 
1.13 0.999819 
1.1275 0.999829 
1.135 0.999798 
1.1325 0.999809 
1.14 0.999774 
1.1375 0.999786 
1.145 0.999749 
1.1425 0.999762 
1.15 0.99972 
1.1475 0.999735 
1.155 0.999688 
1.1525 0.999704 
1.16 0.999653 
1.1575 0.999671 
1.165 0.999613 
1.1625 0.999633 
1.17 0.99957 
1.1675 0.999592 
1.175 0.999522 
1.1725 0.999546 
1.18 0.999469 
1.1775 0.999496 
1.185 0.99941 
1.1825 0.99944 
1.19 0.999344 
1.1875 0.999378 
1.195 0.999272 
1.1925 0.999309 
1.2 0.999193 
1.1975 0.999234 
1.205 0.999105 
1.2025 0.99915 
1.21 0.999008 
1.2075 0.999057 
1.215 0.9989 
1.2125 0.998955 
1.22 0.998782 
1.2175 0.998842 
1.225 0.998651 
1.2225 0.998718 
1.23 0.998507 
1.2275 0.998581 
1.235 0.998348 
1.2325 0.998429 
1.24 0.998172 
1.2375 0.998262 
1.245 0.997979 
1.2425 0.998078 
1.25 0.997766 
1.2475 0.997875 
1.255 0.997531 
1.2525 0.997651 
1.26 0.997272 
1.2575 0.997405 
1.265 0.996987 
1.2625 0.997133 
1.27 0.996674 
1.2675 0.996834 
1.275 0.996329 
1.2725 0.996505 
1.28 0.995949 
1.2775 0.996143 
1.285 0.995531 
1.2825 0.995745 
1.29 0.995071 
1.2875 0.995306 
1.295 0.994565 
1.2925 0.994824 
1.3 0.994009 
1.2975 0.994294 
1.305 0.993398 
1.3025 0.993711 
1.31 0.992726 
1.3075 0.99307 
1.315 0.991988 
1.3125 0.992366 
1.32 0.991177 
1.3175 0.991592 
1.325 0.990287 
1.3225 0.990743 
1.33 0.98931 
1.3275 0.98981 
1.335 0.988237 
1.3325 0.988786 
1.34 0.98706 
1.3375 0.987662 
1.345 0.985769 
1.3425 0.986429 
1.35 0.984353 
1.3475 0.985077 
1.355 0.982801 
1.3525 0.983595 
1.36 0.9811 
1.3575 0.98197 
1.365 0.979238 
1.3625 0.98019 
1.37 0.977199 
1.3675 0.978241 
1.375 0.974967 
1.3725 0.976108 
1.38 0.972527 
1.3775 0.973774 
1.385 0.969859 
1.3825 0.971223 
1.39 0.966945 
1.3875 0.968434 
1.395 0.963764 
1.3925 0.965389 
1.4 0.960293 
1.3975 0.962066 
1.405 0.95651 
1.4025 0.958442 
1.41 0.95239 
1.4075 0.954494 
1.415 0.947906 
1.4125 0.950195 
1.42 0.943033 
1.4175 0.94552 
1.425 0.937741 
1.4225 0.940441 
1.43 0.932002 
1.4275 0.93493 
1.435 0.925787 
1.4325 0.928956 
1.44 0.919064 
1.4375 0.92249 
1.445 0.911803 
1.4425 0.915502 
1.45 0.903976 
1.4475 0.907962 
1.455 0.895551 
1.4525 0.89984 
1.46 0.886502 
1.4575 0.891106 
1.465 0.876802 
1.4625 0.881735 
1.47 0.866428 
1.4675 0.871701 
1.475 0.855359 
1.4725 0.860981 
1.48 0.843579 
1.4775 0.849558 
1.485 0.831076 
1.4825 0.837418 
1.49 0.817846 
1.4875 0.824552 
1.495 0.80389 
1.4925 0.810958 
1.5 0.789215 
1.4975 0.796641 
1.505 0.773839 
1.5025 0.781613 
1.51 0.757788 
1.5075 0.765896 
1.515 0.741097 
1.5125 0.74952 
1.52 0.723811 
1.5175 0.732525 
1.525 0.705984 
1.5225 0.714961 
1.53 0.687683 
1.5275 0.696889 
1.535 0.668981 
1.5325 0.678377 
1.54 0.649961 
1.5375 0.659505 
1.545 0.630715 
1.5425 0.64036 
1.55 0.611341 
1.5475 0.621038 
1.555 0.591943 
1.5525 0.601638 
1.56 0.572628 
1.5575 0.582268 
1.565 0.553508 
1.5625 0.563037 
1.57 0.534694 
1.5675 0.544056 
1.575 0.516298 
1.5725 0.525437 
1.58 0.498427 
1.5775 0.50729 
1.585 0.481189 
1.5825 0.489723 
1.59 0.464685 
1.5875 0.472839 
1.595 0.449009 
1.5925 0.456737 
1.6 0.43425 
1.5975 0.441509 
1.605 0.420493 
1.6025 0.427242 
1.61 0.40781 
1.6075 0.414012 
1.615 0.396269 
1.6125 0.401893 
1.62 0.38593 
1.6175 0.390946 
1.625 0.376845 
1.6225 0.381228 
1.63 0.369057 
1.6275 0.372786 
1.635 0.362602 
1.6325 0.365661 
1.64 0.357508 
1.6375 0.359883 
1.645 0.353797 
1.6425 0.355479 
1.65 0.351479 
1.6475 0.352463 
1.655 0.350562 
1.6525 0.350846 
1.66 0.351043 
1.6575 0.350628 
1.665 0.352911 
1.6625 0.351804 
1.67 0.356151 
1.6675 0.354361 
1.675 0.36074 
1.6725 0.358279 
1.68 0.366648 
1.6775 0.363531 
1.685 0.37384 
1.6825 0.370086 
1.69 0.382275 
1.6875 0.377905 
1.695 0.391908 
1.6925 0.386945 
1.7 0.402686 
1.6975 0.397157 
1.705 0.414555 
1.7025 0.408488 
1.71 0.427454 
1.7075 0.42088 
1.715 0.441317 
1.7125 0.434269 
1.72 0.456075 
1.7175 0.448589 
1.725 0.471654 
1.7225 0.463767 
1.73 0.487974 
1.7275 0.479727 
1.735 0.504953 
1.7325 0.496387 
1.74 0.522502 
1.7375 0.513662 
1.745 0.54053 
1.7425 0.531462 
1.75 0.558944 
1.7475 0.549695 
1.755 0.577646 
1.7525 0.568265 
1.76 0.596537 
1.7575 0.587074 
1.765 0.615521 
1.7625 0.606024 
1.77 0.634499 
1.7675 0.625017 
1.775 0.653376 
1.7725 0.643956 
1.78 0.67206 
1.7775 0.662747 
1.785 0.690464 
1.7825 0.681302 
1.79 0.708507 
1.7875 0.699535 
1.795 0.726115 
1.7925 0.71737 
1.8 0.743223 
1.7975 0.734735 
1.805 0.759773 
1.8025 0.751571 
1.81 0.775716 
1.8075 0.767823 
1.815 0.791013 
1.8125 0.783447 
1.82 0.805634 
1.8175 0.798409 
1.825 0.819557 
1.8225 0.812684 
1.83 0.832769 
1.8275 0.826253 
1.835 0.845265 
1.8325 0.839107 
1.84 0.857047 
1.8375 0.851245 
1.845 0.868121 
1.8425 0.862672 
1.85 0.878503 
1.8475 0.873398 
1.855 0.888208 
1.8525 0.883439 
1.86 0.89726 
1.8575 0.892814 
1.865 0.905683 
1.8625 0.901549 
1.87 0.913504 
1.8675 0.909667 
1.875 0.920751 
1.8725 0.917197 
1.88 0.927455 
1.8775 0.924169 
1.885 0.933646 
1.8825 0.930613 
1.89 0.939353 
1.8875 0.936558 
1.895 0.944608 
1.8925 0.942035 
1.9 0.949439 
1.8975 0.947075 
1.905 0.953876 
1.9025 0.951705 
1.91 0.957946 
1.9075 0.955955 
1.915 0.961675 
1.9125 0.959851 
1.92 0.965089 
1.9175 0.96342 
1.925 0.968212 
1.9225 0.966685 
1.93 0.971066 
1.9275 0.969671 
1.935 0.973673 
1.9325 0.972399 
1.94 0.976052 
1.9375 0.97489 
1.945 0.978222 
1.9425 0.977162 
1.95 0.980201 
1.9475 0.979235 
1.955 0.982004 
1.9525 0.981123 
1.96 0.983646 
1.9575 0.982844 
1.965 0.985141 
1.9625 0.984411 
1.97 0.986502 
1.9675 0.985838 
1.975 0.98774 
1.9725 0.987136 
1.98 0.988866 
1.9775 0.988317 
1.985 0.98989 
1.9825 0.989391 
1.99 0.990821 
1.9875 0.990367 
1.995 0.991667 
1.9925 0.991254 
2 0.992436 
1.9975 0.992061 
2.005 0.993134 
2.0025 0.992793 
2.01 0.993769 
2.0075 0.993459 
2.015 0.994345 
2.0125 0.994064 
2.02 0.994868 
2.0175 0.994612 
2.025 0.995343 
2.0225 0.995111 
2.03 0.995774 
2.0275 0.995563 
2.035 0.996165 
2.0325 0.995974 
2.04 0.99652 
2.0375 0.996347 
2.045 0.996843 
2.0425 0.996685 
2.05 0.997135 
2.0475 0.996992 
2.055 0.9974 
2.0525 0.997271 
2.06 0.997641 
2.0575 0.997524 
2.065 0.997859 
2.0625 0.997753 
2.07 0.998057 
2.0675 0.997961 
2.075 0.998237 
2.0725 0.998149 
2.08 0.9984 
2.0775 0.99832 
2.085 0.998547 
2.0825 0.998475 
2.09 0.998681 
2.0875 0.998616 
2.095 0.998802 
2.0925 0.998743 
2.1 0.998912 
2.0975 0.998858 
2.105 0.999011 
2.1025 0.998962 
2.11 0.999101 
2.1075 0.999057 
2.115 0.999182 
2.1125 0.999142 
2.12 0.999255 
2.1175 0.999219 
2.125 0.999321 
2.1225 0.999289 
2.13 0.999381 
2.1275 0.999352 
2.135 0.999435 
2.1325 0.999408 
2.14 0.999483 
2.1375 0.999459 
2.145 0.999526 
2.1425 0.999505 
2.15 0.999565 
2.1475 0.999546 
2.155 0.999599 
2.1525 0.999583 
2.16 0.99963 
2.1575 0.999615 
2.165 0.999657 
2.1625 0.999644 
2.17 0.999681 
2.1675 0.999669 
2.175 0.999702 
2.1725 0.999692 
2.18 0.99972 
2.1775 0.999711 
2.185 0.999735 
2.1825 0.999728 
2.19 0.999748 
2.1875 0.999742 
2.195 0.999758 
2.1925 0.999753 
2.2 0.999766 
2.1975 0.999762 
2.205 0.999772 
2.2025 0.999769 
2.21 0.999776 
2.2075 0.999774 
2.215 0.999778 
2.2125 0.999777 
2.22 0.999778 
2.2175 0.999779 
2.225 0.999777 
2.2225 0.999778 
2.23 0.999773 
2.2275 0.999775 
2.235 0.999768 
2.2325 0.999771 
2.24 0.99976 
2.2375 0.999764 
2.245 0.999751 
2.2425 0.999756 
2.25 0.999741 
2.2475 0.999746 
2.255 0.999728 
2.2525 0.999735 
2.26 0.999714 
2.2575 0.999721 
2.265 0.999697 
2.2625 0.999706 
2.27 0.999679 
2.2675 0.999689 
2.275 0.999659 
2.2725 0.999669 
2.28 0.999637 
2.2775 0.999648 
2.285 0.999613 
2.2825 0.999625 
2.29 0.999587 
2.2875 0.9996 
2.295 0.999558 
2.2925 0.999573 
2.3 0.999527 
2.2975 0.999543 
2.305 0.999494 
2.3025 0.999511 
2.31 0.999458 
2.3075 0.999476 
2.315 0.99942 
2.3125 0.99944 
2.32 0.999379 
2.3175 0.9994 
2.325 0.999336 
2.3225 0.999358 
2.33 0.999289 
2.3275 0.999313 
2.335 0.99924 
2.3325 0.999265 
2.34 0.999187 
2.3375 0.999214 
2.345 0.999131 
2.3425 0.999159 
2.35 0.999072 
2.3475 0.999102 
2.355 0.999009 
2.3525 0.999041 
2.36 0.998942 
2.3575 0.998976 
2.365 0.998871 
2.3625 0.998907 
2.37 0.998796 
2.3675 0.998834 
2.375 0.998717 
2.3725 0.998757 
2.38 0.998633 
2.3775 0.998676 
2.385 0.998545 
2.3825 0.998589 
2.39 0.998451 
2.3875 0.998498 
2.395 0.998352 
2.3925 0.998402 
2.4 0.998247 
2.3975 0.9983 
2.405 0.998137 
2.4025 0.998193 
2.41 0.99802 
2.4075 0.998079 
2.415 0.997897 
2.4125 0.997959 
2.42 0.997766 
2.4175 0.997832 
2.425 0.997628 
2.4225 0.997698 
2.43 0.997483 
2.4275 0.997556 
2.435 0.997328 
2.4325 0.997407 
2.44 0.997165 
2.4375 0.997248 
2.445 0.996993 
2.4425 0.99708 
2.45 0.99681 
2.4475 0.996903 
2.455 0.996616 
2.4525 0.996715 
2.46 0.996411 
2.4575 0.996515 
2.465 0.996194 
2.4625 0.996304 
2.47 0.995963 
2.4675 0.99608 
2.475 0.995718 
2.4725 0.995842 
2.48 0.995457 
2.4775 0.99559 
2.485 0.995181 
2.4825 0.995321 
2.49 0.994886 
2.4875 0.995036 
2.495 0.994573 
2.4925 0.994732 
2.5 0.994239 
2.4975 0.994408 
2.505 0.993883 
2.5025 0.994064 
2.51 0.993503 
2.5075 0.993696 
2.515 0.993098 
2.5125 0.993304 
2.52 0.992665 
2.5175 0.992885 
2.525 0.992202 
2.5225 0.992438 
2.53 0.991707 
2.5275 0.991959 
2.535 0.991178 
2.5325 0.991447 
2.54 0.99061 
2.5375 0.990899 
2.545 0.990002 
2.5425 0.990312 
2.55 0.98935 
2.5475 0.989682 
2.555 0.988651 
2.5525 0.989007 
2.56 0.9879 
2.5575 0.988282 
2.565 0.987094 
2.5625 0.987505 
2.57 0.986228 
2.5675 0.986669 
2.575 0.985297 
2.5725 0.985771 
2.58 0.984297 
2.5775 0.984806 
2.585 0.98322 
2.5825 0.983768 
2.59 0.982062 
2.5875 0.982651 
2.595 0.980815 
2.5925 0.98145 
2.6 0.979473 
2.5975 0.980157 
2.605 0.978028 
2.6025 0.978764 
2.61 0.976472 
2.6075 0.977265 
2.615 0.974797 
2.6125 0.97565 
2.62 0.972992 
2.6175 0.973911 
2.625 0.971048 
2.6225 0.972038 
2.63 0.968954 
2.6275 0.97002 
2.635 0.966699 
2.6325 0.967847 
2.64 0.96427 
2.6375 0.965507 
2.645 0.961655 
2.6425 0.962986 
2.65 0.958839 
2.6475 0.960273 
2.655 0.955808 
2.6525 0.957351 
2.66 0.952547 
2.6575 0.954208 
2.665 0.949039 
2.6625 0.950825 
2.67 0.945267 
2.6675 0.947187 
2.675 0.941213 
2.6725 0.943276 
2.68 0.936857 
2.6775 0.939074 
2.685 0.93218 
2.6825 0.93456 
2.69 0.927162 
2.6875 0.929715 
2.695 0.92178 
2.6925 0.924518 
2.7 0.916013 
2.6975 0.918946 
2.705 0.909838 
2.7025 0.912978 
2.71 0.903231 
2.7075 0.90659 
2.715 0.89617 
2.7125 0.899759 
2.72 0.888631 
2.7175 0.892462 
2.725 0.880589 
2.7225 0.884674 
2.73 0.872021 
2.7275 0.876372 
2.735 0.862905 
2.7325 0.867533 
2.74 0.853218 
2.7375 0.858134 
2.745 0.842938 
2.7425 0.848153 
2.75 0.832046 
2.7475 0.837569 
2.755 0.820523 
2.7525 0.826364 
2.76 0.808354 
2.7575 0.81452 
2.765 0.795525 
2.7625 0.802022 
2.77 0.782025 
2.7675 0.788859 
2.775 0.767849 
2.7725 0.775022 
2.78 0.752991 
2.7775 0.760505 
2.785 0.737455 
2.7825 0.745308 
2.79 0.721245 
2.7875 0.729434 
2.795 0.704374 
2.7925 0.712891 
2.8 0.686857 
2.7975 0.695695 
2.805 0.668718 
2.8025 0.677863 
2.81 0.649984 
2.8075 0.659423 
2.815 0.630692 
2.8125 0.640405 
2.82 0.610882 
2.8175 0.620849 
2.825 0.590602 
2.8225 0.600797 
2.83 0.569906 
2.8275 0.580302 
2.835 0.548852 
2.8325 0.55942 
2.84 0.527507 
2.8375 0.538212 
2.845 0.505939 
2.8425 0.516746 
2.85 0.484222 
2.8475 0.495094 
2.855 0.462432 
2.8525 0.473331 
2.86 0.440647 
2.8575 0.451534 
2.865 0.418948 
2.8625 0.429782 
2.87 0.397413 
2.8675 0.408155 
2.875 0.37612 
2.8725 0.386732 
2.88 0.355145 
2.8775 0.365588 
2.885 0.33456 
2.8825 0.344799 
2.89 0.31443 
2.8875 0.324434 
2.895 0.294819 
2.8925 0.304556 
2.9 0.275782 
2.8975 0.285226 
2.905 0.257366 
2.9025 0.266494 
2.91 0.239615 
2.9075 0.248405 
2.915 0.222561 
2.9125 0.230999 
2.92 0.206232 
2.9175 0.214305 
2.925 0.190647 
2.9225 0.198345 
2.93 0.175819 
2.9275 0.183138 
2.935 0.161753 
2.9325 0.168691 
2.94 0.148451 
2.9375 0.155007 
2.945 0.135906 
2.9425 0.142085 
2.95 0.124109 
2.9475 0.129915 
2.955 0.113046 
2.9525 0.118487 
2.96 0.102698 
2.9575 0.107783 
2.965 0.0930446 
2.9625 0.0977856 
2.97 0.0840641 
2.9675 0.0884718 
2.975 0.0757316 
2.9725 0.0798184 
2.98 0.0680213 
2.9775 0.0718003 
2.985 0.060907 
2.9825 0.0643913 
2.99 0.0543618 
2.9875 0.0575649 
2.995 0.0483587 
2.9925 0.0512942 
3 0.0428707 
2.9975 0.045552 
3.005 0.037871 
3.0025 0.0403115 
3.01 0.033333 
3.0075 0.035546 
3.015 0.0292301 
3.0125 0.0312288 
3.02 0.0255361 
3.0175 0.0273336 
3.025 0.0222247 
3.0225 0.0238342 
3.03 0.01927 
3.0275 0.0207044 
3.035 0.016646 
3.0325 0.0179183 
3.04 0.0143269 
3.0375 0.0154499 
3.045 0.0122874 
3.0425 0.0132738 
3.05 0.0105023 
3.0475 0.0113646 
3.055 0.0089476 
3.0525 0.00969768 
3.06 0.0075997 
3.0575 0.00824922 
3.065 0.00643633 
3.0625 0.00699629 
3.07 0.00543647 
3.0675 0.00591722 
3.075 0.00458054 
3.0725 0.00499167 
3.08 0.00385052 
3.0775 0.00420085 
3.085 0.00323001 
3.0825 0.00352754 
3.09 0.00270423 
3.0875 0.00295614 
3.095 0.00225999 
3.0925 0.00247268 
3.1 0.0018856 
3.0975 0.00206473 
3.105 0.00157083 
3.1025 0.00172135 
3.11 0.00130676 
3.1075 0.00143297 
3.115 0.00108564 
3.1125 0.00119127 
3.12 0.000900827 
3.1175 0.000989075 
3.125 0.000746601 
3.1225 0.000820212 
3.13 0.000618096 
3.1275 0.000679408 
3.135 0.00051117 
3.1325 0.000562168 
3.14 0.000422314 
3.1375 0.00046468 
3.145 0.000348563 
3.1425 0.000383716 
3.15 0.000287419 
3.1475 0.000316555 
3.155 0.000236782 
3.1525 0.000260905 
3.16 0.00019489 
3.1575 0.000214842 
3.165 0.000160267 
3.1625 0.000176752 
3.17 0.00013168 
3.1675 0.000145288 
3.175 0.000108098 
3.1725 0.00011932 
3.18 8.86621e-05 
3.1775 9.79091e-05 
3.185 7.26587e-05 
3.1825 8.02711e-05 
3.19 5.9493e-05 
3.1875 6.57541e-05 
3.195 4.86713e-05 
3.1925 5.38165e-05 
3.2 3.97841e-05 
3.1975 4.40086e-05 
3.205 3.24919e-05 
3.2025 3.59574e-05 
3.21 2.65136e-05 
3.2075 2.93541e-05 
3.215 2.16167e-05 
3.2125 2.39428e-05 
3.22 1.7609e-05 
3.2175 1.95123e-05 
3.225 1.4332e-05 
3.2225 1.58879e-05 
3.23 1.16547e-05 
3.2275 1.29256e-05 
3.235 9.46923e-06 
3.2325 1.05064e-05 
3.24 7.68686e-06 
3.2375 8.53256e-06 
3.245 6.23448e-06 
3.2425 6.92344e-06 
3.25 5.05205e-06 
3.2475 5.61283e-06 
3.255 4.09023e-06 
3.2525 4.54628e-06 
3.26 3.30857e-06 
3.2575 3.67911e-06 
3.265 2.67389e-06 
3.2625 2.97468e-06 
3.27 2.159e-06 
3.2675 2.40296e-06 
3.275 1.74168e-06 
3.2725 1.93937e-06 
3.28 1.40374e-06 
3.2775 1.56379e-06 
3.285 1.13034e-06 
3.2825 1.25979e-06 
3.29 9.0935e-07 
3.2875 1.01396e-06 
3.295 7.30888e-07 
3.2925 8.15344e-07 
3.3 5.86904e-07 
3.2975 6.55027e-07 
3.305 4.70845e-07 
3.3025 5.25742e-07 
3.31 3.77382e-07 
3.3075 4.2158e-07 
3.315 3.02187e-07 
3.3125 3.37737e-07 
3.32 2.41746e-07 
3.3175 2.70314e-07 
3.325 1.9321e-07 
3.3225 2.16145e-07 
3.33 1.54272e-07 
3.3275 1.72667e-07 
3.335 1.23063e-07 
3.3325 1.37803e-07 
3.34 9.80735e-08 
3.3375 1.09873e-07 
3.345 7.8083e-08 
3.3425 8.75197e-08 
3.35 6.21071e-08 
3.3475 6.96468e-08 
3.355 4.93519e-08 
3.3525 5.53701e-08 
3.36 3.91781e-08 
3.3575 4.39771e-08 
3.365 3.10713e-08 
3.3625 3.48943e-08 
3.37 2.46177e-08 
3.3675 2.76603e-08 
3.375 1.94854e-08 
3.3725 2.19044e-08 
3.38 1.54079e-08 
3.3775 1.73292e-08 
3.385 1.21716e-08 
3.3825 1.36961e-08 
3.39 9.60548e-09 
3.3875 1.0814e-08 
3.395 7.57284e-09 
3.3925 8.52987e-09 
3.4 5.96439e-09 
3.3975 6.7215e-09 
3.405 4.69286e-09 
3.4025 5.29122e-09 
3.41 3.68871e-09 
3.4075 4.16112e-09 
3.415 2.89651e-09 
3.4125 3.2691e-09 
3.42 2.27215e-09 
3.4175 2.56573e-09 
3.425 1.78058e-09 
3.4225 2.01166e-09 
3.43 1.39395e-09 
3.4275 1.57564e-09 
3.435 1.09016e-09 
3.4325 1.23288e-09 
3.44 8.51711e-10 
3.4375 9.63708e-10 
3.445 6.64742e-10 
3.4425 7.52536e-10 
3.45 5.18287e-10 
3.4475 5.87038e-10 
3.455 4.03686e-10 
3.4525 4.57469e-10 
3.46 3.14104e-10 
3.4575 3.56134e-10 
3.465 2.4415e-10 
3.4625 2.76962e-10 
3.47 1.89581e-10 
3.4675 2.1517e-10 
3.475 1.47057e-10 
3.4725 1.66992e-10 
3.48 1.13954e-10 
3.4775 1.29468e-10 
3.485 8.82119e-11 
3.4825 1.00273e-10 
3.49 6.82142e-11 
3.4875 7.75812e-11 
3.495 5.26955e-11 
3.4925 5.99625e-11 
3.5 4.06652e-11 
3.4975 4.62971e-11 
3.505 3.13489e-11 
3.5025 3.57091e-11 
3.51 2.41419e-11 
3.5075 2.75139e-11 
3.515 1.85725e-11 
3.5125 2.11776e-11 
3.52 1.42731e-11 
3.5175 1.62836e-11 
3.525 1.09576e-11 
3.5225 1.25075e-11 
3.53 8.40345e-12 
3.5275 9.59712e-12 
3.535 6.43798e-12 
3.5325 7.35629e-12 
3.54 4.92708e-12 
3.5375 5.63281e-12 
3.545 3.76683e-12 
3.5425 4.30862e-12 
3.55 2.87681e-12 
3.5475 3.2923e-12 
3.555 2.19479e-12 
3.5525 2.51309e-12 
3.56 1.67271e-12 
3.5575 1.9163e-12 
3.565 1.2735e-12 
3.5625 1.45971e-12 
3.57 9.68549e-13 
3.5675 1.11075e-12 
3.575 7.35855e-13 
3.5725 8.4433e-13 
3.58 5.58484e-13 
3.5775 6.41146e-13 
3.585 4.23425e-13 
3.5825 4.8635e-13 
3.59 3.20693e-13 
3.5875 3.68543e-13 
3.595 2.42634e-13 
3.5925 2.78982e-13 
3.6 1.83385e-13 
3.5975 2.10966e-13 
3.605 1.38459e-13 
3.6025 1.59367e-13 
3.61 1.04432e-13 
3.6075 1.20263e-13 
3.615 7.86851e-14 
3.6125 9.06603e-14 
3.62 5.92248e-14 
3.6175 6.82736e-14 
3.625 4.45314e-14 
3.6225 5.13617e-14 
3.63 3.3449e-14 
3.6275 3.85993e-14 
3.635 2.50988e-14 
3.6325 2.89783e-14 
3.64 1.88139e-14 
3.6375 2.1733e-14 
3.645 1.40884e-14 
3.6425 1.62826e-14 
3.65 1.05391e-14 
3.6475 1.21867e-14 
3.655 7.87599e-15 
3.6525 9.11187e-15 
3.66 5.87989e-15 
3.6575 6.80597e-15 
3.665 4.38528e-15 
3.6625 5.07851e-15 
3.67 3.26733e-15 
3.6675 3.78572e-15 
3.675 2.43198e-15 
3.6725 2.81922e-15 
3.68 1.80841e-15 
3.6775 2.09739e-15 
3.685 1.34342e-15 
3.6825 1.55886e-15 
3.69 9.97031e-16 
3.6875 1.15747e-15 
3.695 7.39246e-16 
3.6925 8.58616e-16 
3.7 5.47595e-16 
3.6975 6.36317e-16 
3.705 4.05251e-16 
3.7025 4.71129e-16 
3.71 2.99633e-16 
3.7075 3.48501e-16 
3.715 2.21341e-16 
3.7125 2.57557e-16 
3.72 1.63362e-16 
3.7175 1.90175e-16 
3.725 1.20465e-16 
3.7225 1.40298e-16 
3.73 8.87572e-17 
3.7275 1.03413e-16 
3.735 6.53414e-17 
3.7325 7.6162e-17 
3.74 4.80648e-17 
3.7375 5.60465e-17 
3.745 3.53289e-17 
3.7425 4.12114e-17 
3.75 2.59486e-17 
3.7475 3.02803e-17 
3.755 1.90455e-17 
3.7525 2.22325e-17 
3.76 1.39696e-17 
3.7575 1.63125e-17 
3.765 1.02401e-17 
3.7625 1.19612e-17 
3.77 7.50205e-18 
3.7675 8.76538e-18 
3.775 5.49325e-18 
3.7725 6.41992e-18 
3.78 4.0205e-18 
3.7775 4.69976e-18 
3.785 2.94145e-18 
3.7825 3.43905e-18 
3.79 2.15131e-18 
3.7875 2.51562e-18 
3.795 1.57304e-18 
3.7925 1.83963e-18 
3.8 1.15003e-18 
3.7975 1.34502e-18 
3.805 8.40727e-19 
3.8025 9.83288e-19 
3.81 6.1464e-19 
3.8075 7.18837e-19 
3.815 4.49424e-19 
3.8125 5.25563e-19 
3.82 3.28712e-19 
3.8175 3.84339e-19 
3.825 2.40523e-19 
3.8225 2.81162e-19 
3.83 1.76092e-19 
3.8275 2.05784e-19 
3.835 1.29013e-19 
3.8325 1.5071e-19 
3.84 9.46037e-20 
3.8375 1.10463e-19 
3.845 6.94444e-20 
3.8425 8.10417e-20 
3.85 5.10387e-20 
3.8475 5.95243e-20 
3.855 3.75643e-20 
3.8525 4.37777e-20 
3.86 2.76915e-20 
3.8575 3.22453e-20 
3.865 2.04503e-20 
3.8625 2.37913e-20 
3.87 1.51326e-20 
3.8675 1.7587e-20 
3.875 1.12222e-20 
3.8725 1.30278e-20 
3.88 8.34187e-21 
3.8775 9.67241e-21 
3.885 6.21659e-21 
3.8825 7.19886e-21 
3.89 4.64528e-21 
3.8875 5.37193e-21 
3.895 3.48101e-21 
3.8925 4.01975e-21 
3.9 2.61628e-21 
3.8975 3.01668e-21 
3.905 1.97239e-21 
3.9025 2.27075e-21 
3.91 1.49163e-21 
3.9075 1.71457e-21 
3.915 1.13165e-21 
3.9125 1.29871e-21 
3.92 8.61295e-22 
3.9175 9.86864e-22 
3.925 6.57617e-22 
3.9225 7.52296e-22 
3.93 5.03686e-22 
3.9275 5.75302e-22 
3.935 3.86975e-22 
3.9325 4.41321e-22 
3.94 2.98196e-22 
3.9375 3.39572e-22 
3.945 2.30446e-22 
3.9425 2.62049e-22 
3.95 1.78578e-22 
3.9475 2.02792e-22 
3.955 1.38743e-22 
3.9525 1.57355e-22 
3.96 1.08058e-22 
3.9575 1.22406e-22 
3.965 8.43504e-23 
3.9625 9.54446e-23 
3.97 6.5983e-23 
3.9675 7.45846e-23 
3.975 5.17151e-23 
3.9725 5.84014e-23 
3.98 4.06041e-23 
3.9775 4.58143e-23 
3.985 3.19312e-23 
3.9825 3.60005e-23 
3.99 2.5147e-23 
3.9875 2.83319e-23 
3.995 1.98296e-23 
3.9925 2.23272e-23 
4 1.56544e-23 
3.9975 1.76164e-23 
4.005 1.23706e-23 
4.0025 1.39143e-23 
4.01 9.78422e-24 
4.0075 1.10006e-23 
4.015 7.74436e-24 
4.0125 8.70397e-24 
4.02 6.13369e-24 
4.0175 6.89162e-24 
4.025 4.86061e-24 
4.0225 5.45983e-24 
4.03 3.85345e-24 
4.0275 4.32761e-24 
4.035 3.05607e-24 
4.0325 3.43154e-24 
4.04 2.42435e-24 
4.0375 2.72186e-24 
4.045 1.9236e-24 
4.0425 2.15946e-24 
4.05 1.52649e-24 
4.0475 1.71355e-24 
4.055 1.21144e-24 
4.0525 1.35986e-24 
4.06 9.61438e-25 
4.0575 1.07922e-24 
4.065 7.63004e-25 
4.0625 8.56498e-25 
4.07 6.05478e-25 
4.0675 6.797e-25 
4.075 4.80417e-25 
4.0725 5.39344e-25 
4.08 3.81128e-25 
4.0775 4.27911e-25 
4.085 3.023e-25 
4.0825 3.39442e-25 
4.09 2.39723e-25 
4.0875 2.69207e-25 
4.095 1.9005e-25 
4.0925 2.13453e-25 
4.1 1.50628e-25 
4.0975 1.69201e-25 
4.105 1.19346e-25 
4.1025 1.34083e-25 
4.11 9.45292e-26 
4.1075 1.0622e-25 
4.115 7.48461e-26 
4.1125 8.41176e-26 
4.12 5.92392e-26 
4.1175 6.65901e-26 
4.125 4.6868e-26 
4.1225 5.26943e-26 
4.13 3.70649e-26 
4.1275 4.16814e-26 
4.135 2.92996e-26 
4.1325 3.29561e-26 
4.14 2.31507e-26 
4.1375 2.60457e-26 
4.145 1.82837e-26 
4.1425 2.05749e-26 
4.15 1.44329e-26 
4.1475 1.62455e-26 
4.155 1.13874e-26 
4.1525 1.28208e-26 
4.16 8.98e-27 
4.1575 1.0113e-26 
4.165 7.0778e-27 
4.1625 7.97288e-27 
4.17 5.57551e-27 
4.1675 6.28233e-27 
4.175 4.38966e-27 
4.1725 4.94752e-27 
4.18 3.45407e-27 
4.1775 3.89414e-27 
4.185 2.71631e-27 
4.1825 3.06328e-27 
4.19 2.13487e-27 
4.1875 2.40828e-27 
4.195 1.67688e-27 
4.1925 1.89221e-27 
4.2 1.31633e-27 
4.1975 1.48582e-27 
4.205 1.03265e-27 
4.2025 1.16598e-27 
4.21 8.09594e-28 
4.2075 9.14418e-28 
4.215 6.34307e-28 
4.2125 7.16668e-28 
4.22 4.96644e-28 
4.2175 5.61316e-28 
4.225 3.88598e-28 
4.2225 4.39348e-28 
4.23 3.03851e-28 
4.2275 3.4365e-28 
4.235 2.37422e-28 
4.2325 2.68613e-28 
4.24 1.85386e-28 
4.2375 2.09815e-28 
4.245 1.44653e-28 
4.2425 1.63772e-28 
4.25 1.12788e-28 
4.2475 1.27742e-28 
4.255 8.78791e-29 
4.2525 9.95666e-29 
4.26 6.84207e-29 
4.2575 7.75489e-29 
4.265 5.32311e-29 
4.2625 6.03554e-29 
4.27 4.13825e-29 
4.2675 4.69388e-29 
4.275 3.21468e-29 
4.2725 3.64769e-29 
4.28 2.4953e-29 
4.2775 2.83251e-29 
4.285 1.9354e-29 
4.2825 2.1978e-29 
4.29 1.49996e-29 
4.2875 1.70399e-29 
4.295 1.16156e-29 
4.2925 1.32009e-29 
4.3 8.98785e-30 
4.2975 1.02186e-29 
4.305 6.94896e-30 
4.3025 7.90371e-30 
4.31 5.36821e-30 
4.3075 6.10827e-30 
4.315 4.14364e-30 
4.3125 4.71683e-30 
4.32 3.19577e-30 
4.3175 3.63935e-30 
4.325 2.46267e-30 
4.3225 2.80566e-30 
4.33 1.89614e-30 
4.3275 2.16114e-30 
4.335 1.4587e-30 
4.3325 1.66328e-30 
4.34 1.12123e-30 
4.3375 1.27901e-30 
4.345 8.61083e-31 
4.3425 9.82686e-31 
4.35 6.60726e-31 
4.3475 7.54361e-31 
4.355 5.06546e-31 
4.3525 5.78584e-31 
4.36 3.88004e-31 
4.3575 4.43378e-31 
4.365 2.96941e-31 
4.3625 3.39469e-31 
4.37 2.27048e-31 
4.3675 2.59682e-31 
4.375 1.73452e-31 
4.3725 1.98471e-31 
4.38 1.32389e-31 
4.3775 1.51552e-31 
4.385 1.00955e-31 
4.3825 1.15621e-31 
4.39 7.69157e-32 
4.3875 8.81294e-32 
4.395 5.85471e-32 
4.3925 6.71133e-32 
4.4 4.45243e-32 
4.3975 5.10622e-32 
4.405 3.3829e-32 
4.4025 3.88143e-32 
4.41 2.56792e-32 
4.4075 2.94771e-32 
4.415 1.94746e-32 
4.4125 2.23653e-32 
4.42 1.47555e-32 
4.4175 1.69535e-32 
4.425 1.11694e-32 
4.4225 1.28393e-32 
4.43 8.44693e-33 
4.4275 9.71435e-33 
4.435 6.38202e-33 
4.4325 7.34308e-33 
4.44 4.81733e-33 
4.4375 5.54539e-33 
4.445 3.63281e-33 
4.4425 4.18384e-33 
4.45 2.73693e-33 
4.4475 3.15358e-33 
4.455 2.06002e-33 
4.4525 2.37475e-33 
4.46 1.54903e-33 
4.4575 1.78656e-33 
4.465 1.16368e-33 
4.4625 1.34276e-33 
4.47 8.73345e-34 
4.4675 1.00823e-33 
4.475 6.54815e-34 
4.4725 7.56316e-34 
4.48 4.90489e-34 
4.4775 5.66794e-34 
4.485 3.67044e-34 
4.4825 4.24351e-34 
4.49 2.74399e-34 
4.4875 3.17396e-34 
4.495 2.04938e-34 
4.4925 2.37167e-34 
4.5 1.5291e-34 
4.4975 1.77044e-34 
4.505 1.13979e-34 
4.5025 1.32033e-34 
4.51 8.48756e-35 
4.5075 9.83682e-35 
4.515 6.31413e-35 
4.5125 7.3215e-35 
4.52 4.69261e-35 
4.5175 5.44397e-35 
4.525 3.48405e-35 
4.5225 4.04391e-35 
4.53 2.58419e-35 
4.5275 3.00094e-35 
4.535 1.91484e-35 
4.5325 2.22474e-35 
4.54 1.41744e-35 
4.5375 1.64767e-35 
4.545 1.04821e-35 
4.5425 1.21907e-35 
4.55 7.74378e-36 
4.5475 9.01057e-36 
4.555 5.71511e-36 
4.5525 6.65336e-36 
4.56 4.21367e-36 
4.5575 4.90789e-36 
4.565 3.10356e-36 
4.5625 3.6167e-36 
4.57 2.28361e-36 
4.5675 2.66253e-36 
4.575 1.6786e-36 
4.5725 1.95811e-36 
4.58 1.23263e-36 
4.5775 1.43861e-36 
4.585 9.04238e-37 
4.5825 1.05587e-36 
4.59 6.62662e-37 
4.5875 7.74177e-37 
4.595 4.85134e-37 
4.5925 5.67061e-37 
4.6 3.54806e-37 
4.5975 4.14934e-37 
4.605 2.59227e-37 
4.6025 3.03311e-37 
4.61 1.89203e-37 
4.6075 2.21491e-37 
4.615 1.37954e-37 
4.6125 1.61579e-37 
4.62 1.00484e-37 
4.6175 1.17752e-37 
4.625 7.31174e-38 
4.6225 8.5726e-38 
4.63 5.31497e-38 
4.6275 6.23467e-38 
4.635 3.85956e-38 
4.6325 4.52973e-38 
4.64 2.79982e-38 
4.6375 3.28766e-38 
4.645 2.02899e-38 
4.6425 2.38374e-38 
4.65 1.46888e-38 
4.6475 1.72658e-38 
4.655 1.0623e-38 
4.6525 1.24931e-38 
4.66 7.67479e-39 
4.6575 9.03048e-39 
4.665 5.53911e-39 
4.6625 6.52088e-39 
4.67 3.99363e-39 
4.6675 4.70389e-39 
4.675 2.87641e-39 
4.6725 3.38971e-39 
4.68 2.06961e-39 
4.6775 2.44019e-39 
4.685 1.48758e-39 
4.6825 1.75484e-39 
4.69 1.06814e-39 
4.6875 1.26069e-39 
4.695 7.66176e-40 
4.6925 9.04755e-40 
4.7 5.49014e-40 
4.6975 6.48648e-40 
4.705 3.93e-40 
4.7025 4.64559e-40 
4.71 2.81031e-40 
4.7075 3.32374e-40 
4.715 2.00757e-40 
4.7125 2.37556e-40 
4.72 1.43265e-40 
4.7175 1.69613e-40 
4.725 1.02133e-40 
4.7225 1.20978e-40 
4.73 7.27346e-41 
4.7275 8.61996e-41 
4.735 5.17453e-41 
4.7325 6.13562e-41 
4.74 3.67751e-41 
4.7375 4.3628e-41 
4.745 2.6109e-41 
4.7425 3.09903e-41 
4.75 1.85174e-41 
4.7475 2.19907e-41 
4.755 1.31197e-41 
4.7525 1.55885e-41 
4.76 9.2858e-42 
4.7575 1.10389e-41 
4.765 6.56551e-42 
4.7625 7.80902e-42 
4.77 4.63736e-42 
4.7675 5.51852e-42 
4.775 3.2721e-42 
4.7725 3.89584e-42 
4.78 2.3064e-42 
4.7775 2.74747e-42 
4.785 1.62404e-42 
4.7825 1.93561e-42 
4.79 1.14239e-42 
4.7875 1.36225e-42 
4.795 8.02752e-43 
4.7925 9.57744e-43 
4.8 5.63512e-43 
4.7975 6.72658e-43 
4.805 3.95165e-43 
4.8025 4.71947e-43 
4.81 2.76826e-43 
4.8075 3.30785e-43 
4.815 1.93727e-43 
4.8125 2.31607e-43 
4.82 1.35433e-43 
4.8175 1.61998e-43 
4.825 9.45836e-44 
4.8225 1.13194e-43 
4.83 6.59872e-44 
4.8275 7.90114e-44 
4.835 4.59894e-44 
4.8325 5.50948e-44 
4.84 3.20191e-44 
4.8375 3.83782e-44 
4.845 2.22697e-44 
4.8425 2.67063e-44 
4.85 1.5473e-44 
4.8475 1.85651e-44 
4.855 1.07397e-44 
4.8525 1.28924e-44 
4.86 7.44663e-45 
4.8575 8.94389e-45 
4.865 5.15803e-45 
4.8625 6.19831e-45 
4.87 3.56913e-45 
4.8675 4.29116e-45 
4.875 2.46716e-45 
4.8725 2.96778e-45 
4.88 1.70367e-45 
4.8775 2.05042e-45 
4.885 1.17525e-45 
4.8825 1.41517e-45 
4.89 8.09899e-46 
4.8875 9.75735e-46 
4.895 5.57554e-46 
4.8925 6.72063e-46 
4.9 3.83441e-46 
4.8975 4.62428e-46 
4.905 2.63431e-46 
4.9025 3.17858e-46 
4.91 1.80797e-46 
4.9075 2.18263e-46 
4.915 1.23957e-46 
4.9125 1.49721e-46 
4.92 8.49006e-47 
4.9175 1.02599e-46 
4.925 5.80908e-47 
4.9225 7.02359e-47 
4.93 3.97066e-47 
4.9275 4.80325e-47 
4.935 2.71131e-47 
4.9325 3.28149e-47 
4.94 1.84954e-47 
4.9375 2.2396e-47 
4.945 1.26046e-47 
4.9425 1.52701e-47 
4.95 8.58219e-48 
4.9475 1.04017e-47 
4.955 5.83891e-48 
4.9525 7.0794e-48 
4.96 3.9706e-48 
4.9575 4.81507e-48 
4.965 2.70053e-48 
4.9625 3.27425e-48 
4.97 1.83959e-48 
4.9675 2.22811e-48 
4.975 1.25891e-48 
4.9725 1.52046e-48 
4.98 8.71121e-49 
4.9775 1.04511e-48 
4.985 6.1762e-49 
4.9825 7.30374e-49 
4.99 4.59926e-49 
4.9875 5.28581e-49 
4.995 3.74015e-49 
4.9925 4.09038e-49 
5 3.46767e-49 
4.9975 3.53511e-49 
