0 7.66321e-06 
0.005 7.73802e-06 
0.0025 7.68189e-06 
0.01 7.9637e-06 
0.0075 7.83182e-06 
0.015 8.34409e-06 
0.0125 8.13422e-06 
0.02 8.88561e-06 
0.0175 8.5942e-06 
0.025 9.5974e-06 
0.0225 9.21954e-06 
0.03 1.04914e-05 
0.0275 1.00208e-05 
0.035 1.15827e-05 
0.0325 1.10114e-05 
0.04 1.28894e-05 
0.0375 1.22079e-05 
0.045 1.44333e-05 
0.0425 1.36302e-05 
0.05 1.62399e-05 
0.0475 1.5302e-05 
0.055 1.83389e-05 
0.0525 1.72508e-05 
0.06 2.07646e-05 
0.0575 1.95086e-05 
0.065 2.35564e-05 
0.0625 2.21121e-05 
0.07 2.67594e-05 
0.0675 2.51035e-05 
0.075 3.0425e-05 
0.0725 2.85309e-05 
0.08 3.46115e-05 
0.0775 3.24492e-05 
0.085 3.93851e-05 
0.0825 3.69204e-05 
0.09 4.48209e-05 
0.0875 4.20152e-05 
0.095 5.10037e-05 
0.0925 4.78132e-05 
0.1 5.80292e-05 
0.0975 5.44046e-05 
0.105 6.60056e-05 
0.1025 6.18912e-05 
0.11 7.50546e-05 
0.1075 7.03878e-05 
0.115 8.53138e-05 
0.1125 8.00237e-05 
0.12 9.69376e-05 
0.1175 9.09447e-05 
0.125 0.0001101 
0.1225 0.000103315 
0.13 0.000124997 
0.1275 0.000117319 
0.135 0.000141849 
0.1325 0.000133164 
0.14 0.000160904 
0.1375 0.000151085 
0.145 0.000182439 
0.1425 0.000171342 
0.15 0.000206766 
0.1475 0.000194232 
0.155 0.000234238 
0.1525 0.000220085 
0.16 0.000265246 
0.1575 0.000249273 
0.165 0.000300235 
0.1625 0.000282214 
0.17 0.000339699 
0.1675 0.000319374 
0.175 0.000384196 
0.1725 0.000361281 
0.18 0.000434349 
0.1775 0.000408523 
0.185 0.000490857 
0.1825 0.000461761 
0.19 0.000554506 
0.1875 0.000521736 
0.195 0.000626175 
0.1925 0.000589279 
0.2 0.000706847 
0.1975 0.000665319 
0.205 0.000797628 
0.2025 0.0007509 
0.21 0.000899753 
0.2075 0.00084719 
0.215 0.00101461 
0.2125 0.000955496 
0.22 0.00114374 
0.2175 0.00107728 
0.225 0.00128888 
0.2225 0.00121419 
0.23 0.00145197 
0.2275 0.00136805 
0.235 0.00163519 
0.2325 0.00154092 
0.24 0.00184096 
0.2375 0.00173509 
0.245 0.002072 
0.2425 0.00195314 
0.25 0.00233134 
0.2475 0.00219793 
0.255 0.00262237 
0.2525 0.00247267 
0.26 0.00294889 
0.2575 0.00278094 
0.265 0.00331512 
0.2625 0.00312676 
0.27 0.0037258 
0.2675 0.00351459 
0.275 0.00418618 
0.2725 0.00394942 
0.28 0.00470216 
0.2775 0.00443683 
0.285 0.00528029 
0.2825 0.00498302 
0.29 0.00592788 
0.2875 0.00559492 
0.295 0.00665306 
0.2925 0.00628023 
0.3 0.00746487 
0.2975 0.00704753 
0.305 0.00837341 
0.3025 0.00790638 
0.31 0.00938984 
0.3075 0.00886739 
0.315 0.0105266 
0.3125 0.00994235 
0.32 0.0117974 
0.3175 0.0111443 
0.325 0.0132176 
0.3225 0.0124879 
0.33 0.0148041 
0.3275 0.013989 
0.335 0.0165754 
0.3325 0.0156654 
0.34 0.0185522 
0.3375 0.0175368 
0.345 0.0207572 
0.3425 0.0196247 
0.35 0.0232151 
0.3475 0.0219529 
0.355 0.0259535 
0.3525 0.0245475 
0.36 0.029002 
0.3575 0.027437 
0.365 0.0323933 
0.3625 0.0306526 
0.37 0.0361628 
0.3675 0.0342284 
0.375 0.0403489 
0.3725 0.0382012 
0.38 0.0449928 
0.3775 0.0426109 
0.385 0.0501392 
0.3825 0.0475003 
0.39 0.0558354 
0.3875 0.0529155 
0.395 0.0621317 
0.3925 0.0589052 
0.4 0.0690812 
0.3975 0.0655214 
0.405 0.0767394 
0.4025 0.0728182 
0.41 0.0851637 
0.4075 0.0808522 
0.415 0.0944129 
0.4125 0.0896815 
0.42 0.104546 
0.4175 0.0993653 
0.425 0.115622 
0.4225 0.109963 
0.43 0.127699 
0.4275 0.121532 
0.435 0.14083 
0.4325 0.13413 
0.44 0.155066 
0.4375 0.147807 
0.445 0.170449 
0.4425 0.162612 
0.45 0.187015 
0.4475 0.178583 
0.455 0.204787 
0.4525 0.195749 
0.46 0.223778 
0.4575 0.21413 
0.465 0.243984 
0.4625 0.23373 
0.47 0.265386 
0.4675 0.254537 
0.475 0.287945 
0.4725 0.276524 
0.48 0.311603 
0.4775 0.299641 
0.485 0.336284 
0.4825 0.323822 
0.49 0.361888 
0.4875 0.348977 
0.495 0.388298 
0.4925 0.375 
0.5 0.415378 
0.4975 0.401764 
0.505 0.442978 
0.5025 0.429123 
0.51 0.470933 
0.5075 0.456922 
0.515 0.499071 
0.5125 0.48499 
0.52 0.527215 
0.5175 0.513153 
0.525 0.555188 
0.5225 0.541234 
0.53 0.582818 
0.5275 0.569056 
0.535 0.609939 
0.5325 0.596451 
0.54 0.636399 
0.5375 0.62326 
0.545 0.662062 
0.5425 0.649338 
0.55 0.68681 
0.5475 0.674557 
0.555 0.710541 
0.5525 0.698808 
0.56 0.733178 
0.5575 0.722 
0.565 0.75466 
0.5625 0.744066 
0.57 0.774949 
0.5675 0.764955 
0.575 0.794023 
0.5725 0.784639 
0.58 0.811879 
0.5775 0.803103 
0.585 0.828527 
0.5825 0.820353 
0.59 0.84399 
0.5875 0.836405 
0.595 0.858303 
0.5925 0.851288 
0.6 0.871509 
0.5975 0.865042 
0.605 0.883656 
0.6025 0.877712 
0.61 0.894799 
0.6075 0.88935 
0.615 0.904995 
0.6125 0.900012 
0.62 0.914302 
0.6175 0.909756 
0.625 0.922781 
0.6225 0.918642 
0.63 0.930489 
0.6275 0.926728 
0.635 0.937485 
0.6325 0.934073 
0.64 0.943824 
0.6375 0.940733 
0.645 0.949559 
0.6425 0.946763 
0.65 0.95474 
0.6475 0.952216 
0.655 0.959416 
0.6525 0.957139 
0.66 0.963631 
0.6575 0.961579 
0.665 0.967427 
0.6625 0.965579 
0.67 0.970842 
0.6675 0.969179 
0.675 0.973911 
0.6725 0.972417 
0.68 0.976668 
0.6775 0.975327 
0.685 0.979143 
0.6825 0.977939 
0.69 0.981363 
0.6875 0.980283 
0.695 0.983353 
0.6925 0.982385 
0.7 0.985136 
0.6975 0.984269 
0.705 0.986733 
0.7025 0.985956 
0.71 0.988162 
0.7075 0.987467 
0.715 0.989441 
0.7125 0.988819 
0.72 0.990584 
0.7175 0.990029 
0.725 0.991607 
0.7225 0.99111 
0.73 0.992521 
0.7275 0.992077 
0.735 0.993337 
0.7325 0.99294 
0.74 0.994066 
0.7375 0.993712 
0.745 0.994717 
0.7425 0.994401 
0.75 0.995298 
0.7475 0.995015 
0.755 0.995816 
0.7525 0.995564 
0.76 0.996278 
0.7575 0.996054 
0.765 0.99669 
0.7625 0.99649 
0.77 0.997058 
0.7675 0.99688 
0.775 0.997385 
0.7725 0.997226 
0.78 0.997677 
0.7775 0.997536 
0.785 0.997937 
0.7825 0.997811 
0.79 0.998169 
0.7875 0.998056 
0.795 0.998375 
0.7925 0.998275 
0.8 0.998558 
0.7975 0.998469 
0.805 0.998721 
0.8025 0.998642 
0.81 0.998866 
0.8075 0.998796 
0.815 0.998995 
0.8125 0.998932 
0.82 0.99911 
0.8175 0.999054 
0.825 0.999211 
0.8225 0.999162 
0.83 0.999302 
0.8275 0.999258 
0.835 0.999382 
0.8325 0.999343 
0.84 0.999454 
0.8375 0.999419 
0.845 0.999517 
0.8425 0.999486 
0.85 0.999573 
0.8475 0.999546 
0.855 0.999623 
0.8525 0.999599 
0.86 0.999667 
0.8575 0.999645 
0.865 0.999706 
0.8625 0.999687 
0.87 0.99974 
0.8675 0.999724 
0.875 0.999771 
0.8725 0.999756 
0.88 0.999798 
0.8775 0.999785 
0.885 0.999822 
0.8825 0.99981 
0.89 0.999843 
0.8875 0.999833 
0.895 0.999862 
0.8925 0.999853 
0.9 0.999878 
0.8975 0.99987 
0.905 0.999893 
0.9025 0.999886 
0.91 0.999906 
0.9075 0.999899 
0.915 0.999917 
0.9125 0.999911 
0.92 0.999927 
0.9175 0.999922 
0.925 0.999936 
0.9225 0.999931 
0.93 0.999943 
0.9275 0.999939 
0.935 0.99995 
0.9325 0.999947 
0.94 0.999956 
0.9375 0.999953 
0.945 0.999961 
0.9425 0.999958 
0.95 0.999965 
0.9475 0.999963 
0.955 0.999969 
0.9525 0.999967 
0.96 0.999972 
0.9575 0.99997 
0.965 0.999975 
0.9625 0.999973 
0.97 0.999977 
0.9675 0.999976 
0.975 0.999979 
0.9725 0.999978 
0.98 0.99998 
0.9775 0.99998 
0.985 0.999981 
0.9825 0.999981 
0.99 0.999982 
0.9875 0.999982 
0.995 0.999983 
0.9925 0.999983 
1 0.999983 
0.9975 0.999983 
1.005 0.999983 
1.0025 0.999983 
1.01 0.999983 
1.0075 0.999983 
1.015 0.999982 
1.0125 0.999982 
1.02 0.999981 
1.0175 0.999981 
1.025 0.99998 
1.0225 0.99998 
1.03 0.999978 
1.0275 0.999979 
1.035 0.999976 
1.0325 0.999977 
1.04 0.999974 
1.0375 0.999975 
1.045 0.999971 
1.0425 0.999973 
1.05 0.999968 
1.0475 0.99997 
1.055 0.999965 
1.0525 0.999967 
1.06 0.999961 
1.0575 0.999963 
1.065 0.999957 
1.0625 0.999959 
1.07 0.999952 
1.0675 0.999954 
1.075 0.999946 
1.0725 0.999949 
1.08 0.99994 
1.0775 0.999943 
1.085 0.999932 
1.0825 0.999936 
1.09 0.999924 
1.0875 0.999929 
1.095 0.999916 
1.0925 0.99992 
1.1 0.999906 
1.0975 0.999911 
1.105 0.999894 
1.1025 0.9999 
1.11 0.999882 
1.1075 0.999888 
1.115 0.999868 
1.1125 0.999875 
1.12 0.999853 
1.1175 0.999861 
1.125 0.999836 
1.1225 0.999844 
1.13 0.999816 
1.1275 0.999826 
1.135 0.999795 
1.1325 0.999806 
1.14 0.999772 
1.1375 0.999784 
1.145 0.999745 
1.1425 0.999759 
1.15 0.999716 
1.1475 0.999731 
1.155 0.999684 
1.1525 0.999701 
1.16 0.999648 
1.1575 0.999667 
1.165 0.999609 
1.1625 0.999629 
1.17 0.999564 
1.1675 0.999587 
1.175 0.999516 
1.1725 0.999541 
1.18 0.999462 
1.1775 0.999489 
1.185 0.999402 
1.1825 0.999432 
1.19 0.999335 
1.1875 0.999369 
1.195 0.999262 
1.1925 0.999299 
1.2 0.99918 
1.1975 0.999222 
1.205 0.99909 
1.2025 0.999136 
1.21 0.998991 
1.2075 0.999042 
1.215 0.998881 
1.2125 0.998937 
1.22 0.998759 
1.2175 0.998821 
1.225 0.998624 
1.2225 0.998693 
1.23 0.998475 
1.2275 0.998552 
1.235 0.998311 
1.2325 0.998395 
1.24 0.998129 
1.2375 0.998222 
1.245 0.997929 
1.2425 0.998032 
1.25 0.997707 
1.2475 0.997821 
1.255 0.997462 
1.2525 0.997588 
1.26 0.997192 
1.2575 0.997331 
1.265 0.996894 
1.2625 0.997047 
1.27 0.996565 
1.2675 0.996734 
1.275 0.996202 
1.2725 0.996388 
1.28 0.995801 
1.2775 0.996007 
1.285 0.99536 
1.2825 0.995586 
1.29 0.994872 
1.2875 0.995122 
1.295 0.994335 
1.2925 0.99461 
1.3 0.993743 
1.2975 0.994046 
1.305 0.99309 
1.3025 0.993424 
1.31 0.99237 
1.3075 0.992739 
1.315 0.991577 
1.3125 0.991983 
1.32 0.990704 
1.3175 0.991151 
1.325 0.989742 
1.3225 0.990234 
1.33 0.988682 
1.3275 0.989225 
1.335 0.987516 
1.3325 0.988113 
1.34 0.986233 
1.3375 0.98689 
1.345 0.984821 
1.3425 0.985544 
1.35 0.983268 
1.3475 0.984063 
1.355 0.98156 
1.3525 0.982434 
1.36 0.979683 
1.3575 0.980643 
1.365 0.97762 
1.3625 0.978676 
1.37 0.975356 
1.3675 0.976514 
1.375 0.97287 
1.3725 0.974142 
1.38 0.970142 
1.3775 0.971537 
1.385 0.967152 
1.3825 0.968681 
1.39 0.963875 
1.3875 0.965551 
1.395 0.960287 
1.3925 0.962121 
1.4 0.956361 
1.3975 0.958368 
1.405 0.952069 
1.4025 0.954263 
1.41 0.947382 
1.4075 0.949777 
1.415 0.942267 
1.4125 0.94488 
1.42 0.936692 
1.4175 0.939539 
1.425 0.930624 
1.4225 0.933722 
1.43 0.924027 
1.4275 0.927394 
1.435 0.916865 
1.4325 0.920519 
1.44 0.909103 
1.4375 0.913062 
1.445 0.900705 
1.4425 0.904986 
1.45 0.891635 
1.4475 0.896256 
1.455 0.881858 
1.4525 0.886837 
1.46 0.871344 
1.4575 0.876695 
1.465 0.860063 
1.4625 0.865801 
1.47 0.84799 
1.4675 0.854127 
1.475 0.835104 
1.4725 0.84165 
1.48 0.821391 
1.4775 0.828351 
1.485 0.806841 
1.4825 0.814221 
1.49 0.791457 
1.4875 0.799253 
1.495 0.775247 
1.4925 0.783454 
1.5 0.758229 
1.4975 0.766837 
1.505 0.740435 
1.5025 0.749427 
1.51 0.721905 
1.5075 0.731259 
1.515 0.702691 
1.5125 0.71238 
1.52 0.68286 
1.5175 0.692848 
1.525 0.662486 
1.5225 0.672736 
1.53 0.641658 
1.5275 0.652123 
1.535 0.620472 
1.5325 0.631103 
1.54 0.599033 
1.5375 0.609777 
1.545 0.577456 
1.5425 0.588255 
1.55 0.555858 
1.5475 0.566652 
1.555 0.53436 
1.5525 0.545089 
1.56 0.513086 
1.5575 0.523687 
1.565 0.492157 
1.5625 0.502571 
1.57 0.471693 
1.5675 0.48186 
1.575 0.451808 
1.5725 0.461671 
1.58 0.432611 
1.5775 0.442117 
1.585 0.414202 
1.5825 0.423302 
1.59 0.396676 
1.5875 0.405324 
1.595 0.380117 
1.5925 0.388271 
1.6 0.364598 
1.5975 0.372223 
1.605 0.350187 
1.6025 0.35725 
1.61 0.336939 
1.6075 0.343414 
1.615 0.324904 
1.6125 0.330767 
1.62 0.314122 
1.6175 0.319354 
1.625 0.304624 
1.6225 0.30921 
1.63 0.296437 
1.6275 0.300366 
1.635 0.28958 
1.6325 0.292842 
1.64 0.284066 
1.6375 0.286655 
1.645 0.2799 
1.6425 0.281814 
1.65 0.277085 
1.6475 0.278324 
1.655 0.275617 
1.6525 0.276183 
1.66 0.275487 
1.6575 0.275386 
1.665 0.276682 
1.6625 0.27592 
1.67 0.279184 
1.6675 0.277771 
1.675 0.282972 
1.6725 0.280919 
1.68 0.28802 
1.6775 0.28534 
1.685 0.294301 
1.6825 0.291008 
1.69 0.301782 
1.6875 0.297893 
1.695 0.31043 
1.6925 0.305962 
1.7 0.320209 
1.6975 0.315181 
1.705 0.33108 
1.7025 0.325511 
1.71 0.343 
1.7075 0.336911 
1.715 0.355926 
1.7125 0.34934 
1.72 0.369809 
1.7175 0.362751 
1.725 0.384599 
1.7225 0.377094 
1.73 0.40024 
1.7275 0.392317 
1.735 0.416672 
1.7325 0.408361 
1.74 0.433833 
1.7375 0.425166 
1.745 0.451653 
1.7425 0.442665 
1.75 0.470058 
1.7475 0.460787 
1.755 0.488971 
1.7525 0.479456 
1.76 0.50831 
1.7575 0.498593 
1.765 0.527987 
1.7625 0.518111 
1.77 0.547913 
1.7675 0.537924 
1.775 0.567997 
1.7725 0.557941 
1.78 0.588144 
1.7775 0.578068 
1.785 0.608263 
1.7825 0.598213 
1.79 0.628259 
1.7875 0.618282 
1.795 0.648045 
1.7925 0.638184 
1.8 0.667534 
1.7975 0.657832 
1.805 0.686646 
1.8025 0.677142 
1.81 0.705307 
1.8075 0.696038 
1.815 0.72345 
1.8125 0.714447 
1.82 0.741016 
1.8175 0.732308 
1.825 0.757954 
1.8225 0.749566 
1.83 0.774223 
1.8275 0.766174 
1.835 0.789792 
1.8325 0.782097 
1.84 0.804635 
1.8375 0.797305 
1.845 0.818739 
1.8425 0.81178 
1.85 0.832095 
1.8475 0.825511 
1.855 0.844704 
1.8525 0.838493 
1.86 0.856572 
1.8575 0.85073 
1.865 0.867712 
1.8625 0.862232 
1.87 0.87814 
1.8675 0.873014 
1.875 0.887879 
1.8725 0.883094 
1.88 0.896953 
1.8775 0.892497 
1.885 0.905389 
1.8825 0.901249 
1.89 0.913216 
1.8875 0.909376 
1.895 0.920465 
1.8925 0.916911 
1.9 0.927167 
1.8975 0.923883 
1.905 0.933354 
1.9025 0.930323 
1.91 0.939057 
1.9075 0.936264 
1.915 0.944307 
1.9125 0.941737 
1.92 0.949134 
1.9175 0.946771 
1.925 0.953566 
1.9225 0.951397 
1.93 0.957632 
1.9275 0.955643 
1.935 0.96136 
1.9325 0.959537 
1.94 0.964773 
1.9375 0.963104 
1.945 0.967896 
1.9425 0.966369 
1.95 0.970752 
1.9475 0.969356 
1.955 0.973361 
1.9525 0.972086 
1.96 0.975744 
1.9575 0.97458 
1.965 0.97792 
1.9625 0.976857 
1.97 0.979904 
1.9675 0.978935 
1.975 0.981714 
1.9725 0.98083 
1.98 0.983364 
1.9775 0.982558 
1.985 0.984867 
1.9825 0.984133 
1.99 0.986237 
1.9875 0.985568 
1.995 0.987484 
1.9925 0.986875 
2 0.988619 
1.9975 0.988065 
2.005 0.989653 
2.0025 0.989148 
2.01 0.990593 
2.0075 0.990134 
2.015 0.991449 
2.0125 0.991031 
2.02 0.992227 
2.0175 0.991847 
2.025 0.992935 
2.0225 0.99259 
2.03 0.993579 
2.0275 0.993265 
2.035 0.994165 
2.0325 0.993879 
2.04 0.994697 
2.0375 0.994437 
2.045 0.995181 
2.0425 0.994944 
2.05 0.99562 
2.0475 0.995406 
2.055 0.99602 
2.0525 0.995825 
2.06 0.996383 
2.0575 0.996206 
2.065 0.996713 
2.0625 0.996552 
2.07 0.997013 
2.0675 0.996867 
2.075 0.997286 
2.0725 0.997153 
2.08 0.997533 
2.0775 0.997412 
2.085 0.997758 
2.0825 0.997648 
2.09 0.997962 
2.0875 0.997862 
2.095 0.998147 
2.0925 0.998057 
2.1 0.998316 
2.0975 0.998234 
2.105 0.998468 
2.1025 0.998394 
2.11 0.998607 
2.1075 0.998539 
2.115 0.998732 
2.1125 0.998671 
2.12 0.998846 
2.1175 0.998791 
2.125 0.998949 
2.1225 0.998899 
2.13 0.999043 
2.1275 0.998997 
2.135 0.999127 
2.1325 0.999086 
2.14 0.999204 
2.1375 0.999167 
2.145 0.999273 
2.1425 0.999239 
2.15 0.999335 
2.1475 0.999305 
2.155 0.999391 
2.1525 0.999364 
2.16 0.999442 
2.1575 0.999417 
2.165 0.999487 
2.1625 0.999465 
2.17 0.999527 
2.1675 0.999508 
2.175 0.999563 
2.1725 0.999546 
2.18 0.999595 
2.1775 0.99958 
2.185 0.999624 
2.1825 0.99961 
2.19 0.999648 
2.1875 0.999636 
2.195 0.99967 
2.1925 0.99966 
2.2 0.999688 
2.1975 0.99968 
2.205 0.999704 
2.2025 0.999697 
2.21 0.999717 
2.2075 0.999711 
2.215 0.999728 
2.2125 0.999723 
2.22 0.999736 
2.2175 0.999732 
2.225 0.999742 
2.2225 0.999739 
2.23 0.999745 
2.2275 0.999744 
2.235 0.999747 
2.2325 0.999746 
2.24 0.999747 
2.2375 0.999747 
2.245 0.999744 
2.2425 0.999746 
2.25 0.99974 
2.2475 0.999742 
2.255 0.999734 
2.2525 0.999737 
2.26 0.999726 
2.2575 0.99973 
2.265 0.999716 
2.2625 0.999721 
2.27 0.999704 
2.2675 0.99971 
2.275 0.999691 
2.2725 0.999698 
2.28 0.999676 
2.2775 0.999684 
2.285 0.999659 
2.2825 0.999667 
2.29 0.99964 
2.2875 0.999649 
2.295 0.999619 
2.2925 0.999629 
2.3 0.999596 
2.2975 0.999608 
2.305 0.999571 
2.3025 0.999584 
2.31 0.999545 
2.3075 0.999558 
2.315 0.999516 
2.3125 0.99953 
2.32 0.999485 
2.3175 0.999501 
2.325 0.999452 
2.3225 0.999469 
2.33 0.999417 
2.3275 0.999435 
2.335 0.99938 
2.3325 0.999399 
2.34 0.99934 
2.3375 0.99936 
2.345 0.999298 
2.3425 0.99932 
2.35 0.999254 
2.3475 0.999277 
2.355 0.999207 
2.3525 0.999231 
2.36 0.999158 
2.3575 0.999183 
2.365 0.999106 
2.3625 0.999132 
2.37 0.999051 
2.3675 0.999079 
2.375 0.998993 
2.3725 0.999022 
2.38 0.998933 
2.3775 0.998963 
2.385 0.998869 
2.3825 0.998901 
2.39 0.998802 
2.3875 0.998836 
2.395 0.998732 
2.3925 0.998767 
2.4 0.998658 
2.3975 0.998695 
2.405 0.99858 
2.4025 0.99862 
2.41 0.998499 
2.4075 0.99854 
2.415 0.998414 
2.4125 0.998457 
2.42 0.998325 
2.4175 0.99837 
2.425 0.998231 
2.4225 0.998279 
2.43 0.998133 
2.4275 0.998183 
2.435 0.99803 
2.4325 0.998082 
2.44 0.997922 
2.4375 0.997976 
2.445 0.997808 
2.4425 0.997866 
2.45 0.997689 
2.4475 0.997749 
2.455 0.997563 
2.4525 0.997627 
2.46 0.997431 
2.4575 0.997498 
2.465 0.997292 
2.4625 0.997362 
2.47 0.997145 
2.4675 0.997219 
2.475 0.996991 
2.4725 0.997069 
2.48 0.996828 
2.4775 0.99691 
2.485 0.996655 
2.4825 0.996743 
2.49 0.996473 
2.4875 0.996565 
2.495 0.99628 
2.4925 0.996378 
2.5 0.996076 
2.4975 0.99618 
2.505 0.99586 
2.5025 0.995969 
2.51 0.99563 
2.5075 0.995746 
2.515 0.995385 
2.5125 0.995509 
2.52 0.995125 
2.5175 0.995257 
2.525 0.994849 
2.5225 0.994989 
2.53 0.994554 
2.5275 0.994704 
2.535 0.994239 
2.5325 0.994399 
2.54 0.993903 
2.5375 0.994074 
2.545 0.993544 
2.5425 0.993726 
2.55 0.993159 
2.5475 0.993355 
2.555 0.992748 
2.5525 0.992957 
2.56 0.992307 
2.5575 0.992531 
2.565 0.991834 
2.5625 0.992074 
2.57 0.991326 
2.5675 0.991584 
2.575 0.99078 
2.5725 0.991058 
2.58 0.990194 
2.5775 0.990492 
2.585 0.989563 
2.5825 0.989884 
2.59 0.988884 
2.5875 0.98923 
2.595 0.988154 
2.5925 0.988526 
2.6 0.987366 
2.5975 0.987767 
2.605 0.986518 
2.6025 0.98695 
2.61 0.985604 
2.6075 0.98607 
2.615 0.984617 
2.6125 0.98512 
2.62 0.983554 
2.6175 0.984096 
2.625 0.982406 
2.6225 0.982991 
2.63 0.981167 
2.6275 0.981798 
2.635 0.97983 
2.6325 0.980511 
2.64 0.978386 
2.6375 0.979122 
2.645 0.976827 
2.6425 0.977622 
2.65 0.975145 
2.6475 0.976002 
2.655 0.973328 
2.6525 0.974254 
2.66 0.971366 
2.6575 0.972366 
2.665 0.969249 
2.6625 0.970328 
2.67 0.966963 
2.6675 0.968128 
2.675 0.964496 
2.6725 0.965753 
2.68 0.961835 
2.6775 0.963191 
2.685 0.958964 
2.6825 0.960426 
2.69 0.955867 
2.6875 0.957445 
2.695 0.952529 
2.6925 0.95423 
2.7 0.948932 
2.6975 0.950764 
2.705 0.945057 
2.7025 0.94703 
2.71 0.940885 
2.7075 0.94301 
2.715 0.936396 
2.7125 0.938681 
2.72 0.931568 
2.7175 0.934026 
2.725 0.926379 
2.7225 0.92902 
2.73 0.920806 
2.7275 0.923642 
2.735 0.914826 
2.7325 0.917869 
2.74 0.908414 
2.7375 0.911675 
2.745 0.901544 
2.7425 0.905038 
2.75 0.894193 
2.7475 0.89793 
2.755 0.886333 
2.7525 0.890328 
2.76 0.87794 
2.7575 0.882205 
2.765 0.868989 
2.7625 0.873536 
2.77 0.859454 
2.7675 0.864296 
2.775 0.849312 
2.7725 0.85446 
2.78 0.83854 
2.7775 0.844006 
2.785 0.827118 
2.7825 0.832912 
2.79 0.815027 
2.7875 0.821157 
2.795 0.80225 
2.7925 0.808725 
2.8 0.788775 
2.7975 0.795601 
2.805 0.774592 
2.8025 0.781773 
2.81 0.759696 
2.8075 0.767234 
2.815 0.744087 
2.8125 0.751981 
2.82 0.727769 
2.8175 0.736016 
2.825 0.710752 
2.8225 0.719347 
2.83 0.693054 
2.8275 0.701987 
2.835 0.674699 
2.8325 0.683957 
2.84 0.655715 
2.8375 0.665283 
2.845 0.636142 
2.8425 0.646 
2.85 0.616023 
2.8475 0.626148 
2.855 0.595411 
2.8525 0.605775 
2.86 0.574365 
2.8575 0.584938 
2.865 0.552949 
2.8625 0.563698 
2.87 0.531235 
2.8675 0.542124 
2.875 0.509299 
2.8725 0.520289 
2.88 0.48722 
2.8775 0.498272 
2.885 0.465084 
2.8825 0.476154 
2.89 0.442973 
2.8875 0.45402 
2.895 0.420974 
2.8925 0.431954 
2.9 0.39917 
2.8975 0.410042 
2.905 0.377644 
2.9025 0.388367 
2.91 0.356475 
2.9075 0.36701 
2.915 0.335735 
2.9125 0.346047 
2.92 0.315495 
2.9175 0.325549 
2.925 0.295814 
2.9225 0.305581 
2.93 0.276747 
2.9275 0.2862 
2.935 0.25834 
2.9325 0.267458 
2.94 0.240634 
2.9375 0.249397 
2.945 0.223657 
2.9425 0.232052 
2.95 0.207432 
2.9475 0.215449 
2.955 0.191976 
2.9525 0.199607 
2.96 0.177295 
2.9575 0.184538 
2.965 0.163391 
2.9625 0.170246 
2.97 0.15026 
2.9675 0.15673 
2.975 0.137892 
2.9725 0.143982 
2.98 0.126271 
2.9775 0.131989 
2.985 0.115381 
2.9825 0.120736 
2.99 0.105199 
2.9875 0.110203 
2.995 0.0957001 
2.9925 0.100365 
3 0.0868597 
2.9975 0.0911994 
3.005 0.0786499 
3.0025 0.0826777 
3.01 0.0710424 
3.0075 0.0747727 
3.015 0.0640087 
3.0125 0.0674557 
3.02 0.0575201 
3.0175 0.060698 
3.025 0.0515481 
3.0225 0.0544712 
3.03 0.0460649 
3.0275 0.0487471 
3.035 0.0410433 
3.0325 0.0434981 
3.04 0.0364568 
3.0375 0.0386973 
3.045 0.03228 
3.0425 0.0343188 
3.05 0.0284879 
3.0475 0.0303373 
3.055 0.0250566 
3.0525 0.0267286 
3.06 0.021963 
3.0575 0.023469 
3.065 0.0191842 
3.0625 0.0205356 
3.07 0.0166984 
3.0675 0.017906 
3.075 0.0144839 
3.0725 0.0155586 
3.08 0.0125198 
3.0775 0.0134719 
3.085 0.0107854 
3.0825 0.0116251 
3.09 0.0092608 
3.0875 0.00999811 
3.095 0.00792659 
3.0925 0.00857108 
3.1 0.00676414 
3.0975 0.00732503 
3.105 0.00575566 
3.1025 0.00624172 
3.11 0.00488435 
3.1075 0.00530387 
3.115 0.0041345 
3.1125 0.00449518 
3.12 0.00349155 
3.1175 0.00380053 
3.125 0.00294214 
3.1225 0.00320594 
3.13 0.00247416 
3.1275 0.00269868 
3.135 0.00207671 
3.1325 0.00226725 
3.14 0.00174006 
3.1375 0.00190135 
3.145 0.00145562 
3.1425 0.00159181 
3.15 0.00121583 
3.1475 0.00133058 
3.155 0.00101411 
3.1525 0.00111059 
3.16 0.00084472 
3.1575 0.000925696 
3.165 0.000702739 
3.1625 0.000770584 
3.17 0.000583921 
3.1675 0.000640675 
3.175 0.000484636 
3.1725 0.000532042 
3.18 0.000401789 
3.1775 0.000441332 
3.185 0.000332749 
3.1825 0.000365691 
3.19 0.000275287 
3.1875 0.000302696 
3.195 0.000227517 
3.1925 0.000250296 
3.2 0.000187851 
3.1975 0.00020676 
3.205 0.000154949 
3.2025 0.000170629 
3.21 0.000127686 
3.2075 0.000140675 
3.215 0.00010512 
3.2125 0.000115868 
3.22 8.64595e-05 
3.2175 9.53454e-05 
3.225 7.10446e-05 
3.2225 7.83832e-05 
3.23 5.83231e-05 
3.2275 6.43779e-05 
3.235 4.78345e-05 
3.2325 5.28252e-05 
3.24 3.91952e-05 
3.2375 4.3305e-05 
3.245 3.20859e-05 
3.2425 3.5467e-05 
3.25 2.62413e-05 
3.2475 2.90203e-05 
3.255 2.1441e-05 
3.2525 2.37229e-05 
3.26 1.75022e-05 
3.2575 1.93741e-05 
3.265 1.42733e-05 
3.2625 1.58074e-05 
3.27 1.16289e-05 
3.2675 1.2885e-05 
3.275 9.46533e-06 
3.2725 1.04928e-05 
3.28 7.69681e-06 
3.2775 8.53642e-06 
3.285 6.25264e-06 
3.2825 6.93809e-06 
3.29 5.07448e-06 
3.2875 5.63353e-06 
3.295 4.11426e-06 
3.2925 4.56977e-06 
3.3 3.33244e-06 
3.2975 3.70323e-06 
3.305 2.69651e-06 
3.3025 2.99803e-06 
3.31 2.17976e-06 
3.3075 2.42471e-06 
3.315 1.76026e-06 
3.3125 1.95906e-06 
3.32 1.42007e-06 
3.3175 1.58124e-06 
3.325 1.14446e-06 
3.3225 1.275e-06 
3.33 9.21407e-07 
3.3275 1.02703e-06 
3.335 7.41066e-07 
3.3325 8.26436e-07 
3.34 5.95411e-07 
3.3375 6.64343e-07 
3.345 4.7789e-07 
3.3425 5.33492e-07 
3.35 3.83169e-07 
3.3475 4.27972e-07 
3.355 3.06902e-07 
3.3525 3.42966e-07 
3.36 2.45559e-07 
3.3575 2.74558e-07 
3.365 1.96272e-07 
3.3625 2.19565e-07 
3.37 1.56712e-07 
3.3675 1.75403e-07 
3.375 1.24994e-07 
3.3725 1.39976e-07 
3.38 9.95899e-08 
3.3775 1.11586e-07 
3.385 7.92647e-08 
3.3825 8.88597e-08 
3.39 6.30204e-08 
3.3875 7.06867e-08 
3.395 5.00517e-08 
3.3925 5.61704e-08 
3.4 3.97091e-08 
3.3975 4.45874e-08 
3.405 3.14699e-08 
3.4025 3.5355e-08 
3.41 2.49133e-08 
3.4075 2.8004e-08 
3.415 1.97014e-08 
3.4125 2.21576e-08 
3.42 1.5563e-08 
3.4175 1.75127e-08 
3.425 1.22805e-08 
3.4225 1.38265e-08 
3.43 9.67983e-09 
3.4275 1.09044e-08 
3.435 7.62158e-09 
3.4325 8.59043e-09 
3.44 5.99441e-09 
3.4375 6.76012e-09 
3.445 4.70948e-09 
3.4425 5.31396e-09 
3.45 3.69591e-09 
3.4475 4.17259e-09 
3.455 2.8973e-09 
3.4525 3.27278e-09 
3.46 2.26875e-09 
3.4575 2.56418e-09 
3.465 1.7746e-09 
3.4625 2.00679e-09 
3.47 1.38654e-09 
3.4675 1.56883e-09 
3.475 1.08214e-09 
3.4725 1.22509e-09 
3.48 8.43638e-10 
3.4775 9.55609e-10 
3.485 6.56969e-10 
3.4825 7.44578e-10 
3.49 5.11035e-10 
3.4875 5.79505e-10 
3.495 3.97076e-10 
3.4925 4.50528e-10 
3.5 3.08186e-10 
3.4975 3.49867e-10 
3.505 2.38928e-10 
3.5025 2.71393e-10 
3.51 1.85027e-10 
3.5075 2.10286e-10 
3.515 1.43127e-10 
3.5125 1.62756e-10 
3.52 1.10591e-10 
3.5175 1.25829e-10 
3.525 8.53554e-11 
3.5225 9.71706e-11 
3.53 6.58047e-11 
3.5275 7.49556e-11 
3.535 5.06753e-11 
3.5325 5.77546e-11 
3.54 3.89805e-11 
3.5375 4.4451e-11 
3.545 2.99511e-11 
3.5425 3.41736e-11 
3.55 2.29874e-11 
3.5475 2.62428e-11 
3.555 1.7623e-11 
3.5525 2.013e-11 
3.56 1.34952e-11 
3.5575 1.54237e-11 
3.565 1.03227e-11 
3.5625 1.18045e-11 
3.57 7.8871e-12 
3.5675 9.02433e-12 
3.575 6.01941e-12 
3.5725 6.89121e-12 
3.58 4.58882e-12 
3.5775 5.25639e-12 
3.585 3.4943e-12 
3.5825 4.00489e-12 
3.59 2.65786e-12 
3.5875 3.04794e-12 
3.595 2.01936e-12 
3.5925 2.31703e-12 
3.6 1.53252e-12 
3.5975 1.75942e-12 
3.605 1.16175e-12 
3.6025 1.3345e-12 
3.61 8.79687e-13 
3.6075 1.01107e-12 
3.615 6.6536e-13 
3.6125 7.6516e-13 
3.62 5.02686e-13 
3.6175 5.78411e-13 
3.625 3.79357e-13 
3.6225 4.36749e-13 
3.63 2.85965e-13 
3.6275 3.29412e-13 
3.635 2.15322e-13 
3.6325 2.48176e-13 
3.64 1.61949e-13 
3.6375 1.86764e-13 
3.645 1.21669e-13 
3.6425 1.40391e-13 
3.65 9.13049e-14 
3.6475 1.05413e-13 
3.655 6.8442e-14 
3.6525 7.9062e-14 
3.66 5.12466e-14 
3.6575 5.92315e-14 
3.665 3.83285e-14 
3.6625 4.43254e-14 
3.67 2.86347e-14 
3.6675 3.31334e-14 
3.675 2.13687e-14 
3.6725 2.47397e-14 
3.68 1.59287e-14 
3.6775 1.84518e-14 
3.685 1.18604e-14 
3.6825 1.37467e-14 
3.69 8.82137e-15 
3.6875 1.023e-14 
3.695 6.55374e-15 
3.6925 7.60451e-15 
3.7 4.86364e-15 
3.6975 5.64656e-15 
3.705 3.6054e-15 
3.7025 4.18809e-15 
3.71 2.66972e-15 
3.7075 3.1029e-15 
3.715 1.97469e-15 
3.7125 2.29636e-15 
3.72 1.459e-15 
3.7175 1.6976e-15 
3.725 1.0768e-15 
3.7225 1.25358e-15 
3.73 7.93853e-16 
3.7275 9.24687e-16 
3.735 5.84618e-16 
3.7325 6.81339e-16 
3.74 4.30063e-16 
3.7375 5.01486e-16 
3.745 3.16026e-16 
3.7425 3.6871e-16 
3.75 2.31978e-16 
3.7475 2.70795e-16 
3.755 1.701e-16 
3.7525 1.98669e-16 
3.76 1.24594e-16 
3.7575 1.45598e-16 
3.765 9.11661e-17 
3.7625 1.06591e-16 
3.77 6.66363e-17 
3.7675 7.79519e-17 
3.775 4.86558e-17 
3.7725 5.69478e-17 
3.78 3.54903e-17 
3.7775 4.156e-17 
3.785 2.58606e-17 
3.7825 3.02989e-17 
3.79 1.88246e-17 
3.7875 2.20666e-17 
3.795 1.36893e-17 
3.7925 1.60548e-17 
3.8 9.94497e-18 
3.7975 1.16692e-17 
3.805 7.2178e-18 
3.8025 8.47333e-18 
3.81 5.23349e-18 
3.8075 6.14677e-18 
3.815 3.79115e-18 
3.8125 4.45481e-18 
3.82 2.74381e-18 
3.8175 3.22559e-18 
3.825 1.98404e-18 
3.8225 2.33344e-18 
3.83 1.43342e-18 
3.8275 1.68657e-18 
3.835 1.03475e-18 
3.8325 1.21799e-18 
3.84 7.46364e-19 
3.8375 8.78885e-19 
3.845 5.37946e-19 
3.8425 6.33697e-19 
3.85 3.87452e-19 
3.8475 4.56576e-19 
3.855 2.78875e-19 
3.8525 3.28734e-19 
3.86 2.00603e-19 
3.8575 2.36539e-19 
3.865 1.44222e-19 
3.8625 1.70102e-19 
3.87 1.03639e-19 
3.8675 1.22264e-19 
3.875 7.44459e-20 
3.8725 8.7841e-20 
3.88 5.346e-20 
3.8775 6.30879e-20 
3.885 3.83821e-20 
3.8825 4.52985e-20 
3.89 2.75543e-20 
3.8875 3.25206e-20 
3.895 1.97816e-20 
3.8925 2.33463e-20 
3.9 1.42039e-20 
3.8975 1.67618e-20 
3.905 1.02022e-20 
3.9025 1.20372e-20 
3.91 7.3314e-21 
3.9075 8.64781e-21 
3.915 5.27193e-21 
3.9125 6.21633e-21 
3.92 3.79424e-21 
3.9175 4.4719e-21 
3.925 2.73366e-21 
3.9225 3.22009e-21 
3.93 1.9721e-21 
3.9275 2.32144e-21 
3.935 1.42488e-21 
3.9325 1.67595e-21 
3.94 1.03135e-21 
3.9375 1.21195e-21 
3.945 7.48031e-22 
3.9425 8.78094e-22 
3.95 5.43799e-22 
3.9475 6.37593e-22 
3.955 3.96347e-22 
3.9525 4.64095e-22 
3.96 2.89699e-22 
3.9575 3.38725e-22 
3.965 2.12403e-22 
3.9625 2.47957e-22 
3.97 1.5625e-22 
3.9675 1.82097e-22 
3.975 1.15351e-22 
3.9725 1.3419e-22 
3.98 8.54747e-23 
3.9775 9.92475e-23 
3.985 6.3583e-23 
3.9825 7.3684e-23 
3.99 4.74874e-23 
3.9875 5.4921e-23 
3.995 3.56106e-23 
3.9925 4.11013e-23 
4 2.68136e-23 
3.9975 3.08847e-23 
4.005 2.0272e-23 
4.0025 2.33026e-23 
4.01 1.53877e-23 
4.0075 1.7653e-23 
4.015 1.17257e-23 
4.0125 1.3426e-23 
4.02 8.96877e-24 
4.0175 1.02503e-23 
4.025 6.88455e-24 
4.0225 7.85442e-24 
4.03 5.30249e-24 
4.0275 6.03948e-24 
4.035 4.09684e-24 
4.0325 4.65907e-24 
4.04 3.17454e-24 
4.0375 3.60506e-24 
4.045 2.46643e-24 
4.0425 2.79728e-24 
4.05 1.9209e-24 
4.0475 2.17601e-24 
4.055 1.49929e-24 
4.0525 1.69661e-24 
4.06 1.17248e-24 
4.0575 1.32555e-24 
4.065 9.1848e-25 
4.0625 1.03753e-24 
4.07 7.20576e-25 
4.0675 8.1339e-25 
4.075 5.66043e-25 
4.0725 6.38556e-25 
4.08 4.4514e-25 
4.0775 5.019e-25 
4.085 3.50384e-25 
4.0825 3.94888e-25 
4.09 2.7601e-25 
4.0875 3.10954e-25 
4.095 2.17557e-25 
4.0925 2.45029e-25 
4.1 1.71566e-25 
4.0975 1.93187e-25 
4.105 1.35347e-25 
4.1025 1.52378e-25 
4.11 1.06801e-25 
4.1075 1.20226e-25 
4.115 8.4289e-26 
4.1125 9.48781e-26 
4.12 6.6527e-26 
4.1175 7.48828e-26 
4.125 5.25075e-26 
4.1225 5.91032e-26 
4.13 4.14391e-26 
4.1275 4.66467e-26 
4.135 3.26993e-26 
4.1325 3.68114e-26 
4.14 2.57976e-26 
4.1375 2.90449e-26 
4.145 2.03476e-26 
4.1425 2.29119e-26 
4.15 1.60442e-26 
4.1475 1.80689e-26 
4.155 1.26467e-26 
4.1525 1.42451e-26 
4.16 9.96492e-27 
4.1575 1.12265e-26 
4.165 7.84863e-27 
4.1625 8.84415e-27 
4.17 6.17908e-27 
4.1675 6.96438e-27 
4.175 4.86241e-27 
4.1725 5.48167e-27 
4.18 3.82442e-27 
4.1775 4.31256e-27 
4.185 3.00647e-27 
4.1825 3.39109e-27 
4.19 2.36219e-27 
4.1875 2.66511e-27 
4.195 1.85495e-27 
4.1925 2.09341e-27 
4.2 1.45579e-27 
4.1975 1.64341e-27 
4.205 1.14185e-27 
4.2025 1.2894e-27 
4.21 8.95068e-28 
4.2075 1.01103e-27 
4.215 7.01184e-28 
4.2125 7.92278e-28 
4.22 5.48948e-28 
4.2175 6.20462e-28 
4.225 4.29484e-28 
4.2225 4.85595e-28 
4.23 3.35796e-28 
4.2275 3.79793e-28 
4.235 2.62367e-28 
4.2325 2.96844e-28 
4.24 2.04854e-28 
4.2375 2.31854e-28 
4.245 1.59837e-28 
4.2425 1.80967e-28 
4.25 1.24624e-28 
4.2475 1.41149e-28 
4.255 9.70985e-29 
4.2525 1.10013e-28 
4.26 7.55974e-29 
4.2575 8.56838e-29 
4.265 5.88139e-29 
4.2625 6.66857e-29 
4.27 4.57222e-29 
4.2675 5.18613e-29 
4.275 3.55178e-29 
4.2725 4.03021e-29 
4.28 2.75697e-29 
4.2775 3.12954e-29 
4.285 2.13836e-29 
4.2825 2.42827e-29 
4.29 1.65726e-29 
4.2875 1.88268e-29 
4.295 1.28338e-29 
4.2925 1.45853e-29 
4.3 9.93054e-30 
4.2975 1.12903e-29 
4.305 7.67788e-30 
4.3025 8.73273e-30 
4.31 5.93138e-30 
4.3075 6.74904e-30 
4.315 4.5784e-30 
4.3125 5.21169e-30 
4.32 3.53112e-30 
4.3175 4.02122e-30 
4.325 2.72113e-30 
4.3225 3.1001e-30 
4.33 2.09517e-30 
4.3275 2.38797e-30 
4.335 1.61185e-30 
4.3325 1.83788e-30 
4.34 1.23896e-30 
4.3375 1.4133e-30 
4.345 9.51514e-31 
4.3425 1.08588e-30 
4.35 7.30128e-31 
4.3475 8.33591e-31 
4.355 5.59763e-31 
4.3525 6.39364e-31 
4.36 4.28774e-31 
4.3575 4.89963e-31 
4.365 3.28149e-31 
4.3625 3.75143e-31 
4.37 2.50915e-31 
4.3675 2.86976e-31 
4.375 1.91688e-31 
4.3725 2.19336e-31 
4.38 1.4631e-31 
4.3775 1.67488e-31 
4.385 1.11574e-31 
4.3825 1.27781e-31 
4.39 8.50075e-32 
4.3875 9.73999e-32 
4.395 6.47077e-32 
4.3925 7.41745e-32 
4.4 4.92104e-32 
4.3975 5.64358e-32 
4.405 3.73902e-32 
4.4025 4.28999e-32 
4.41 2.8383e-32 
4.4075 3.25804e-32 
4.415 2.15256e-32 
4.4125 2.47204e-32 
4.42 1.63098e-32 
4.4175 1.87392e-32 
4.425 1.23462e-32 
4.4225 1.41919e-32 
4.43 9.33711e-33 
4.4275 1.0738e-32 
4.435 7.05474e-33 
4.4325 8.11702e-33 
4.44 5.32524e-33 
4.4375 6.12999e-33 
4.445 4.01591e-33 
4.4425 4.625e-33 
4.45 3.02563e-33 
4.4475 3.48618e-33 
4.455 2.27736e-33 
4.4525 2.62527e-33 
4.46 1.7125e-33 
4.4575 1.97507e-33 
4.465 1.28651e-33 
4.4625 1.48448e-33 
4.47 9.65553e-34 
4.4675 1.11467e-33 
4.475 7.23967e-34 
4.4725 8.36178e-34 
4.48 5.423e-34 
4.4775 6.26658e-34 
4.485 4.05824e-34 
4.4825 4.69181e-34 
4.49 3.03398e-34 
4.4875 3.50935e-34 
4.495 2.26602e-34 
4.4925 2.62234e-34 
4.5 1.69078e-34 
4.4975 1.95761e-34 
4.505 1.26033e-34 
4.5025 1.45995e-34 
4.51 9.38543e-35 
4.5075 1.08773e-34 
4.515 6.98225e-35 
4.5125 8.09612e-35 
4.52 5.18928e-35 
4.5175 6.02009e-35 
4.525 3.8529e-35 
4.5225 4.47198e-35 
4.53 2.85784e-35 
4.5275 3.31868e-35 
4.535 2.11766e-35 
4.5325 2.46036e-35 
4.54 1.56762e-35 
4.5375 1.82222e-35 
4.545 1.15929e-35 
4.5425 1.34825e-35 
4.55 8.56465e-36 
4.5475 9.96561e-36 
4.555 6.32109e-36 
4.5525 7.35874e-36 
4.56 4.66057e-36 
4.5575 5.42836e-36 
4.565 3.43281e-36 
4.5625 4.00034e-36 
4.57 2.52594e-36 
4.5675 2.94503e-36 
4.575 1.85678e-36 
4.5725 2.16593e-36 
4.58 1.36351e-36 
4.5775 1.59133e-36 
4.585 1.00027e-36 
4.5825 1.16799e-36 
4.59 7.33057e-37 
4.5875 8.56407e-37 
4.595 5.36684e-37 
4.5925 6.27308e-37 
4.6 3.92518e-37 
4.5975 4.59031e-37 
4.605 2.86787e-37 
4.6025 3.35554e-37 
4.61 2.09324e-37 
4.6075 2.45043e-37 
4.615 1.52629e-37 
4.6125 1.78765e-37 
4.62 1.11177e-37 
4.6175 1.3028e-37 
4.625 8.08998e-38 
4.6225 9.48492e-38 
4.63 5.88084e-38 
4.6275 6.89837e-38 
4.635 4.27059e-38 
4.6325 5.01206e-38 
4.64 3.09808e-38 
4.6375 3.63784e-38 
4.645 2.2452e-38 
4.6425 2.63771e-38 
4.65 1.62545e-38 
4.6475 1.91059e-38 
4.655 1.17557e-38 
4.6525 1.3825e-38 
4.66 8.49332e-39 
4.6575 9.99345e-39 
4.665 6.13003e-39 
4.6625 7.21644e-39 
4.67 4.4198e-39 
4.6675 5.20578e-39 
4.675 3.18345e-39 
4.6725 3.75149e-39 
4.68 2.29059e-39 
4.6775 2.7007e-39 
4.685 1.64647e-39 
4.6825 1.94224e-39 
4.69 1.18226e-39 
4.6875 1.39536e-39 
4.695 8.48057e-40 
4.6925 1.00143e-39 
4.7 6.07705e-40 
4.6975 7.17979e-40 
4.705 4.35025e-40 
4.7025 5.14229e-40 
4.71 3.11092e-40 
4.7075 3.67921e-40 
4.715 2.22238e-40 
4.7125 2.6297e-40 
4.72 1.58599e-40 
4.7175 1.87764e-40 
4.725 1.13067e-40 
4.7225 1.33928e-40 
4.73 8.05242e-41 
4.7275 9.54299e-41 
4.735 5.72887e-41 
4.7325 6.79283e-41 
4.74 4.0716e-41 
4.7375 4.83025e-41 
4.745 2.89078e-41 
4.7425 3.43117e-41 
4.75 2.0503e-41 
4.7475 2.43483e-41 
4.755 1.45269e-41 
4.7525 1.72603e-41 
4.76 1.02821e-41 
4.7575 1.22231e-41 
4.765 7.27018e-42 
4.7625 8.64702e-42 
4.77 5.13524e-42 
4.7675 6.1109e-42 
4.775 3.62351e-42 
4.7725 4.31417e-42 
4.78 2.55418e-42 
4.7775 3.04259e-42 
4.785 1.79857e-42 
4.7825 2.14359e-42 
4.79 1.26519e-42 
4.7875 1.50867e-42 
4.795 8.89073e-43 
4.7925 1.06072e-42 
4.8 6.24127e-43 
4.7975 7.45002e-43 
4.805 4.37685e-43 
4.8025 5.22721e-43 
4.81 3.06623e-43 
4.8075 3.66383e-43 
4.815 2.14585e-43 
4.8125 2.5654e-43 
4.82 1.5002e-43 
4.8175 1.79443e-43 
4.825 1.04774e-43 
4.8225 1.25387e-43 
4.83 7.3099e-44 
4.8275 8.75255e-44 
4.835 5.09475e-44 
4.8325 6.10336e-44 
4.84 3.54722e-44 
4.8375 4.25165e-44 
4.845 2.46722e-44 
4.8425 2.95869e-44 
4.85 1.71428e-44 
4.8475 2.05682e-44 
4.855 1.1899e-44 
4.8525 1.4284e-44 
4.86 8.25077e-45 
4.8575 9.90956e-45 
4.865 5.71522e-45 
4.8625 6.86776e-45 
4.87 3.95481e-45 
4.8675 4.75478e-45 
4.875 2.73385e-45 
4.8725 3.28853e-45 
4.88 1.88789e-45 
4.8775 2.2721e-45 
4.885 1.30238e-45 
4.8825 1.56822e-45 
4.89 8.97534e-46 
4.8875 1.0813e-45 
4.895 6.17904e-46 
4.8925 7.44796e-46 
4.9 4.24959e-46 
4.8975 5.1249e-46 
4.905 2.91964e-46 
4.9025 3.52281e-46 
4.91 2.00387e-46 
4.9075 2.41908e-46 
4.915 1.37393e-46 
4.9125 1.65946e-46 
4.92 9.4106e-47 
4.9175 1.13721e-46 
4.925 6.43914e-47 
4.9225 7.78526e-47 
4.93 4.40147e-47 
4.9275 5.32431e-47 
4.935 3.00559e-47 
4.9325 3.63759e-47 
4.94 2.05035e-47 
4.9375 2.48272e-47 
4.945 1.39736e-47 
4.9425 1.69284e-47 
4.95 9.51465e-48 
4.9475 1.15317e-47 
4.955 6.47353e-48 
4.9525 7.84871e-48 
4.96 4.40231e-48 
4.9575 5.3385e-48 
4.965 2.99426e-48 
4.9625 3.63031e-48 
4.97 2.03975e-48 
4.9675 2.47049e-48 
4.975 1.39594e-48 
4.9725 1.68592e-48 
4.98 9.65978e-49 
4.9775 1.15889e-48 
4.985 6.84902e-49 
4.9825 8.09922e-49 
4.99 5.10049e-49 
4.9875 5.86175e-49 
4.995 4.14789e-49 
4.9925 4.53624e-49 
5 3.84576e-49 
4.9975 3.92053e-49 
