0 6.78827e-06 
0.005 6.85466e-06 
0.0025 6.80485e-06 
0.01 7.05498e-06 
0.0075 6.93792e-06 
0.015 7.39262e-06 
0.0125 7.20633e-06 
0.02 7.87329e-06 
0.0175 7.61462e-06 
0.025 8.50514e-06 
0.0225 8.16971e-06 
0.03 9.2988e-06 
0.0275 8.88097e-06 
0.035 1.02676e-05 
0.0325 9.76037e-06 
0.04 1.14278e-05 
0.0375 1.08226e-05 
0.045 1.27986e-05 
0.0425 1.20855e-05 
0.05 1.44029e-05 
0.0475 1.357e-05 
0.055 1.62669e-05 
0.0525 1.53006e-05 
0.06 1.84213e-05 
0.0575 1.73057e-05 
0.065 2.09011e-05 
0.0625 1.96181e-05 
0.07 2.37464e-05 
0.0675 2.22753e-05 
0.075 2.7003e-05 
0.0725 2.53202e-05 
0.08 3.07227e-05 
0.0775 2.88014e-05 
0.085 3.49646e-05 
0.0825 3.27744e-05 
0.09 3.97954e-05 
0.0875 3.73019e-05 
0.095 4.52906e-05 
0.0925 4.24548e-05 
0.1 5.15355e-05 
0.0975 4.83136e-05 
0.105 5.86263e-05 
0.1025 5.49687e-05 
0.11 6.66717e-05 
0.1075 6.25224e-05 
0.115 7.57939e-05 
0.1125 7.10899e-05 
0.12 8.61306e-05 
0.1175 8.08011e-05 
0.125 9.7837e-05 
0.1225 9.18022e-05 
0.13 0.000111087 
0.1275 0.000104257 
0.135 0.000126078 
0.1325 0.000118352 
0.14 0.00014303 
0.1375 0.000134294 
0.145 0.00016219 
0.1425 0.000152317 
0.15 0.000183837 
0.1475 0.000172684 
0.155 0.000208285 
0.1525 0.00019569 
0.16 0.000235883 
0.1575 0.000221666 
0.165 0.000267026 
0.1625 0.000250985 
0.17 0.000302157 
0.1675 0.000284063 
0.175 0.000341771 
0.1725 0.00032137 
0.18 0.000386425 
0.1775 0.000363431 
0.185 0.000436744 
0.1825 0.000410835 
0.19 0.000493426 
0.1875 0.000464243 
0.195 0.000557257 
0.1925 0.000524395 
0.2 0.000629114 
0.1975 0.000592123 
0.205 0.000709984 
0.2025 0.000668357 
0.21 0.000800968 
0.2075 0.000754138 
0.215 0.000903302 
0.2125 0.000850634 
0.22 0.00101837 
0.2175 0.000959152 
0.225 0.00114772 
0.2225 0.00108116 
0.23 0.00129309 
0.2275 0.00121828 
0.235 0.00145641 
0.2325 0.00137237 
0.24 0.00163985 
0.2375 0.00154547 
0.245 0.00184584 
0.2425 0.00173987 
0.25 0.0020771 
0.2475 0.00195813 
0.255 0.00233666 
0.2525 0.00220314 
0.26 0.0026279 
0.2575 0.00247809 
0.265 0.00295461 
0.2625 0.00278657 
0.27 0.00332102 
0.2675 0.00313257 
0.275 0.00373186 
0.2725 0.00352057 
0.28 0.00419238 
0.2775 0.00395555 
0.285 0.00470846 
0.2825 0.00444308 
0.29 0.00528666 
0.2875 0.00498936 
0.295 0.00593427 
0.2925 0.0056013 
0.3 0.00665942 
0.2975 0.00628661 
0.305 0.00747116 
0.3025 0.00705387 
0.31 0.00837955 
0.3075 0.0079126 
0.315 0.00939575 
0.3125 0.00887342 
0.32 0.0105322 
0.3175 0.00994811 
0.325 0.0118026 
0.3225 0.0111497 
0.33 0.0132223 
0.3275 0.0124928 
0.335 0.0148081 
0.3325 0.0139933 
0.34 0.0165786 
0.3375 0.015669 
0.345 0.0185545 
0.3425 0.0175395 
0.35 0.0207583 
0.3475 0.0196264 
0.355 0.0232149 
0.3525 0.0219533 
0.36 0.0259517 
0.3575 0.0245465 
0.365 0.0289984 
0.3625 0.0274343 
0.37 0.0323877 
0.3675 0.0306481 
0.375 0.0361548 
0.3725 0.0342217 
0.38 0.0403382 
0.3775 0.038192 
0.385 0.0449792 
0.3825 0.0425988 
0.39 0.0501222 
0.3875 0.0474851 
0.395 0.0558147 
0.3925 0.0528967 
0.4 0.0621068 
0.3975 0.0588825 
0.405 0.0690518 
0.4025 0.0654943 
0.41 0.076705 
0.4075 0.0727863 
0.415 0.0851239 
0.4125 0.0808151 
0.42 0.0943671 
0.4175 0.0896387 
0.425 0.104494 
0.4225 0.0993163 
0.43 0.115563 
0.4275 0.109907 
0.435 0.127633 
0.4325 0.12147 
0.44 0.140756 
0.4375 0.13406 
0.445 0.154984 
0.4425 0.147729 
0.45 0.170359 
0.4475 0.162525 
0.455 0.186916 
0.4525 0.178488 
0.46 0.204679 
0.4575 0.195645 
0.465 0.223661 
0.4625 0.214017 
0.47 0.243858 
0.4675 0.233608 
0.475 0.265251 
0.4725 0.254407 
0.48 0.287801 
0.4775 0.276384 
0.485 0.311452 
0.4825 0.299493 
0.49 0.336125 
0.4875 0.323666 
0.495 0.361722 
0.4925 0.348815 
0.5 0.388127 
0.4975 0.374832 
0.505 0.415202 
0.5025 0.40159 
0.51 0.442798 
0.5075 0.428945 
0.515 0.47075 
0.5125 0.45674 
0.52 0.498887 
0.5175 0.484807 
0.525 0.527032 
0.5225 0.51297 
0.53 0.555006 
0.5275 0.541051 
0.535 0.582638 
0.5325 0.568875 
0.54 0.609763 
0.5375 0.596274 
0.545 0.636228 
0.5425 0.623087 
0.55 0.661897 
0.5475 0.64917 
0.555 0.686651 
0.5525 0.674396 
0.56 0.71039 
0.5575 0.698653 
0.565 0.733035 
0.5625 0.721854 
0.57 0.754526 
0.5675 0.743928 
0.575 0.774824 
0.5725 0.764826 
0.58 0.793907 
0.5775 0.784518 
0.585 0.811772 
0.5825 0.802992 
0.59 0.828429 
0.5875 0.82025 
0.595 0.843901 
0.5925 0.836311 
0.6 0.858223 
0.5975 0.851203 
0.605 0.871436 
0.6025 0.864965 
0.61 0.883591 
0.6075 0.877643 
0.615 0.894742 
0.6125 0.889288 
0.62 0.904944 
0.6175 0.899958 
0.625 0.914258 
0.6225 0.909709 
0.63 0.922743 
0.6275 0.918601 
0.635 0.930457 
0.6325 0.926693 
0.64 0.937458 
0.6375 0.934043 
0.645 0.943801 
0.6425 0.940708 
0.65 0.94954 
0.6475 0.946743 
0.655 0.954725 
0.6525 0.952199 
0.66 0.959405 
0.6575 0.957125 
0.665 0.963623 
0.6625 0.961569 
0.67 0.967421 
0.6675 0.965572 
0.675 0.970838 
0.6725 0.969175 
0.68 0.97391 
0.6775 0.972415 
0.685 0.976668 
0.6825 0.975326 
0.69 0.979145 
0.6875 0.97794 
0.695 0.981366 
0.6925 0.980286 
0.7 0.983357 
0.6975 0.982389 
0.705 0.985141 
0.7025 0.984274 
0.71 0.986738 
0.7075 0.985962 
0.715 0.988168 
0.7125 0.987473 
0.72 0.989448 
0.7175 0.988826 
0.725 0.990592 
0.7225 0.990036 
0.73 0.991614 
0.7275 0.991117 
0.735 0.992528 
0.7325 0.992084 
0.74 0.993345 
0.7375 0.992948 
0.745 0.994074 
0.7425 0.993719 
0.75 0.994724 
0.7475 0.994408 
0.755 0.995305 
0.7525 0.995023 
0.76 0.995823 
0.7575 0.995572 
0.765 0.996286 
0.7625 0.996061 
0.77 0.996698 
0.7675 0.996497 
0.775 0.997065 
0.7725 0.996886 
0.78 0.997392 
0.7775 0.997233 
0.785 0.997684 
0.7825 0.997542 
0.79 0.997943 
0.7875 0.997817 
0.795 0.998174 
0.7925 0.998062 
0.8 0.99838 
0.7975 0.99828 
0.805 0.998563 
0.8025 0.998474 
0.81 0.998726 
0.8075 0.998647 
0.815 0.998871 
0.8125 0.9988 
0.82 0.998999 
0.8175 0.998937 
0.825 0.999114 
0.8225 0.999058 
0.83 0.999215 
0.8275 0.999166 
0.835 0.999306 
0.8325 0.999262 
0.84 0.999386 
0.8375 0.999347 
0.845 0.999457 
0.8425 0.999422 
0.85 0.99952 
0.8475 0.999489 
0.855 0.999576 
0.8525 0.999549 
0.86 0.999625 
0.8575 0.999601 
0.865 0.999669 
0.8625 0.999648 
0.87 0.999708 
0.8675 0.999689 
0.875 0.999742 
0.8725 0.999726 
0.88 0.999773 
0.8775 0.999758 
0.885 0.9998 
0.8825 0.999787 
0.89 0.999824 
0.8875 0.999812 
0.895 0.999845 
0.8925 0.999834 
0.9 0.999863 
0.8975 0.999854 
0.905 0.99988 
0.9025 0.999872 
0.91 0.999894 
0.9075 0.999887 
0.915 0.999907 
0.9125 0.999901 
0.92 0.999918 
0.9175 0.999912 
0.925 0.999928 
0.9225 0.999923 
0.93 0.999936 
0.9275 0.999932 
0.935 0.999944 
0.9325 0.99994 
0.94 0.99995 
0.9375 0.999947 
0.945 0.999956 
0.9425 0.999953 
0.95 0.999961 
0.9475 0.999959 
0.955 0.999965 
0.9525 0.999963 
0.96 0.999969 
0.9575 0.999967 
0.965 0.999972 
0.9625 0.999971 
0.97 0.999975 
0.9675 0.999974 
0.975 0.999977 
0.9725 0.999976 
0.98 0.999979 
0.9775 0.999978 
0.985 0.99998 
0.9825 0.99998 
0.99 0.999981 
0.9875 0.999981 
0.995 0.999982 
0.9925 0.999982 
1 0.999982 
0.9975 0.999982 
1.005 0.999983 
1.0025 0.999983 
1.01 0.999982 
1.0075 0.999983 
1.015 0.999982 
1.0125 0.999982 
1.02 0.999981 
1.0175 0.999982 
1.025 0.99998 
1.0225 0.999981 
1.03 0.999979 
1.0275 0.999979 
1.035 0.999977 
1.0325 0.999978 
1.04 0.999975 
1.0375 0.999976 
1.045 0.999972 
1.0425 0.999974 
1.05 0.999969 
1.0475 0.999971 
1.055 0.999966 
1.0525 0.999968 
1.06 0.999962 
1.0575 0.999964 
1.065 0.999958 
1.0625 0.99996 
1.07 0.999953 
1.0675 0.999955 
1.075 0.999947 
1.0725 0.99995 
1.08 0.999941 
1.0775 0.999944 
1.085 0.999934 
1.0825 0.999938 
1.09 0.999926 
1.0875 0.99993 
1.095 0.999917 
1.0925 0.999922 
1.1 0.999907 
1.0975 0.999912 
1.105 0.999896 
1.1025 0.999902 
1.11 0.999884 
1.1075 0.99989 
1.115 0.99987 
1.1125 0.999877 
1.12 0.999855 
1.1175 0.999863 
1.125 0.999838 
1.1225 0.999847 
1.13 0.999819 
1.1275 0.999829 
1.135 0.999798 
1.1325 0.999809 
1.14 0.999775 
1.1375 0.999787 
1.145 0.999749 
1.1425 0.999762 
1.15 0.99972 
1.1475 0.999735 
1.155 0.999688 
1.1525 0.999705 
1.16 0.999653 
1.1575 0.999671 
1.165 0.999614 
1.1625 0.999634 
1.17 0.99957 
1.1675 0.999593 
1.175 0.999522 
1.1725 0.999547 
1.18 0.999469 
1.1775 0.999496 
1.185 0.999411 
1.1825 0.999441 
1.19 0.999346 
1.1875 0.999379 
1.195 0.999274 
1.1925 0.999311 
1.2 0.999195 
1.1975 0.999235 
1.205 0.999107 
1.2025 0.999152 
1.21 0.99901 
1.2075 0.99906 
1.215 0.998904 
1.2125 0.998958 
1.22 0.998786 
1.2175 0.998846 
1.225 0.998656 
1.2225 0.998723 
1.23 0.998513 
1.2275 0.998587 
1.235 0.998356 
1.2325 0.998436 
1.24 0.998182 
1.2375 0.998271 
1.245 0.997991 
1.2425 0.998089 
1.25 0.99778 
1.2475 0.997888 
1.255 0.997548 
1.2525 0.997667 
1.26 0.997293 
1.2575 0.997424 
1.265 0.997012 
1.2625 0.997156 
1.27 0.996703 
1.2675 0.996861 
1.275 0.996364 
1.2725 0.996538 
1.28 0.99599 
1.2775 0.996181 
1.285 0.99558 
1.2825 0.99579 
1.29 0.995129 
1.2875 0.99536 
1.295 0.994634 
1.2925 0.994887 
1.3 0.99409 
1.2975 0.994368 
1.305 0.993492 
1.3025 0.993798 
1.31 0.992836 
1.3075 0.993172 
1.315 0.992117 
1.3125 0.992485 
1.32 0.991327 
1.3175 0.991731 
1.325 0.990461 
1.3225 0.990904 
1.33 0.989512 
1.3275 0.989998 
1.335 0.988471 
1.3325 0.989003 
1.34 0.987331 
1.3375 0.987914 
1.345 0.986081 
1.3425 0.98672 
1.35 0.984713 
1.3475 0.985413 
1.355 0.983215 
1.3525 0.983981 
1.36 0.981576 
1.3575 0.982414 
1.365 0.979784 
1.3625 0.9807 
1.37 0.977824 
1.3675 0.978826 
1.375 0.975683 
1.3725 0.976777 
1.38 0.973344 
1.3775 0.974539 
1.385 0.970791 
1.3825 0.972096 
1.39 0.968006 
1.3875 0.969429 
1.395 0.96497 
1.3925 0.966521 
1.4 0.961663 
1.3975 0.963352 
1.405 0.958062 
1.4025 0.9599 
1.41 0.954146 
1.4075 0.956145 
1.415 0.949891 
1.4125 0.952062 
1.42 0.945271 
1.4175 0.947628 
1.425 0.940262 
1.4225 0.942817 
1.43 0.934836 
1.4275 0.937603 
1.435 0.928966 
1.4325 0.931958 
1.44 0.922624 
1.4375 0.925856 
1.445 0.915783 
1.4425 0.919268 
1.45 0.908415 
1.4475 0.912167 
1.455 0.900493 
1.4525 0.904525 
1.46 0.891991 
1.4575 0.896316 
1.465 0.882885 
1.4625 0.887515 
1.47 0.873152 
1.4675 0.878098 
1.475 0.862773 
1.4725 0.868045 
1.48 0.851733 
1.4775 0.857337 
1.485 0.84002 
1.4825 0.845961 
1.49 0.827628 
1.4875 0.833909 
1.495 0.814555 
1.4925 0.821176 
1.5 0.800809 
1.4975 0.807766 
1.505 0.786402 
1.5025 0.793687 
1.51 0.771357 
1.5075 0.778958 
1.515 0.755703 
1.5125 0.763604 
1.52 0.739478 
1.5175 0.747659 
1.525 0.722732 
1.5225 0.731167 
1.53 0.705521 
1.5275 0.71418 
1.535 0.687911 
1.5325 0.696761 
1.54 0.669978 
1.5375 0.67898 
1.545 0.651805 
1.5425 0.660916 
1.55 0.633481 
1.5475 0.642656 
1.555 0.615102 
1.5525 0.624292 
1.56 0.59677 
1.5575 0.605924 
1.565 0.578589 
1.5625 0.587654 
1.57 0.560666 
1.5675 0.569589 
1.575 0.543109 
1.5725 0.551835 
1.58 0.526024 
1.5775 0.534501 
1.585 0.509516 
1.5825 0.517692 
1.59 0.493688 
1.5875 0.501511 
1.595 0.478636 
1.5925 0.486059 
1.6 0.464453 
1.5975 0.47143 
1.605 0.451225 
1.6025 0.457714 
1.61 0.439033 
1.6075 0.444995 
1.615 0.427949 
1.6125 0.433348 
1.62 0.41804 
1.6175 0.422844 
1.625 0.409362 
1.6225 0.413544 
1.63 0.401967 
1.6275 0.405501 
1.635 0.395895 
1.6325 0.398763 
1.64 0.391181 
1.6375 0.393366 
1.645 0.387849 
1.6425 0.389341 
1.65 0.385917 
1.6475 0.386707 
1.655 0.385391 
1.6525 0.385478 
1.66 0.386272 
1.6575 0.385656 
1.665 0.388552 
1.6625 0.387238 
1.67 0.392211 
1.6675 0.39021 
1.675 0.397227 
1.6725 0.394552 
1.68 0.403567 
1.6775 0.400234 
1.685 0.411191 
1.6825 0.407221 
1.69 0.420054 
1.6875 0.415471 
1.695 0.430102 
1.6925 0.424933 
1.7 0.441278 
1.6975 0.435553 
1.705 0.453518 
1.7025 0.44727 
1.71 0.466752 
1.7075 0.460015 
1.715 0.480906 
1.7125 0.473719 
1.72 0.495899 
1.7175 0.488302 
1.725 0.511647 
1.7225 0.503684 
1.73 0.528062 
1.7275 0.519777 
1.735 0.54505 
1.7325 0.53649 
1.74 0.562516 
1.7375 0.553729 
1.745 0.58036 
1.7425 0.571397 
1.75 0.598483 
1.7475 0.589393 
1.755 0.616783 
1.7525 0.607617 
1.76 0.635159 
1.7575 0.625968 
1.765 0.653512 
1.7625 0.644344 
1.77 0.671748 
1.7675 0.662651 
1.775 0.689774 
1.7725 0.680792 
1.78 0.707504 
1.7775 0.698681 
1.785 0.724861 
1.7825 0.716234 
1.79 0.741772 
1.7875 0.733376 
1.795 0.758175 
1.7925 0.750041 
1.8 0.774016 
1.7975 0.766169 
1.805 0.78925 
1.8025 0.781711 
1.81 0.803842 
1.8075 0.796628 
1.815 0.817765 
1.8125 0.810889 
1.82 0.831002 
1.8175 0.82447 
1.825 0.843542 
1.8225 0.837359 
1.83 0.855383 
1.8275 0.849549 
1.835 0.866529 
1.8325 0.861042 
1.84 0.876991 
1.8375 0.871845 
1.845 0.886784 
1.8425 0.88197 
1.85 0.895926 
1.8475 0.891435 
1.855 0.904441 
1.8525 0.900261 
1.86 0.912354 
1.8575 0.908471 
1.865 0.919693 
1.8625 0.916094 
1.87 0.926485 
1.8675 0.923155 
1.875 0.932761 
1.8725 0.929686 
1.88 0.938549 
1.8775 0.935714 
1.885 0.943881 
1.8825 0.94127 
1.89 0.948784 
1.8875 0.946384 
1.895 0.953288 
1.8925 0.951084 
1.9 0.95742 
1.8975 0.955399 
1.905 0.961207 
1.9025 0.959355 
1.91 0.964674 
1.9075 0.962979 
1.915 0.967845 
1.9125 0.966295 
1.92 0.970743 
1.9175 0.969327 
1.925 0.97339 
1.9225 0.972097 
1.93 0.975805 
1.9275 0.974625 
1.935 0.978008 
1.9325 0.976932 
1.94 0.980016 
1.9375 0.979035 
1.945 0.981845 
1.9425 0.980952 
1.95 0.983511 
1.9475 0.982697 
1.955 0.985026 
1.9525 0.984286 
1.96 0.986406 
1.9575 0.985732 
1.965 0.98766 
1.9625 0.987048 
1.97 0.9888 
1.9675 0.988244 
1.975 0.989836 
1.9725 0.989331 
1.98 0.990778 
1.9775 0.990318 
1.985 0.991633 
1.9825 0.991216 
1.99 0.99241 
1.9875 0.992031 
1.995 0.993116 
1.9925 0.992771 
2 0.993756 
1.9975 0.993443 
2.005 0.994337 
2.0025 0.994054 
2.01 0.994865 
2.0075 0.994607 
2.015 0.995343 
2.0125 0.99511 
2.02 0.995777 
2.0175 0.995565 
2.025 0.996171 
2.0225 0.995979 
2.03 0.996528 
2.0275 0.996354 
2.035 0.996852 
2.0325 0.996694 
2.04 0.997146 
2.0375 0.997003 
2.045 0.997412 
2.0425 0.997282 
2.05 0.997654 
2.0475 0.997536 
2.055 0.997873 
2.0525 0.997766 
2.06 0.998071 
2.0575 0.997974 
2.065 0.998251 
2.0625 0.998163 
2.07 0.998414 
2.0675 0.998334 
2.075 0.998561 
2.0725 0.998489 
2.08 0.998695 
2.0775 0.998629 
2.085 0.998816 
2.0825 0.998757 
2.09 0.998925 
2.0875 0.998872 
2.095 0.999024 
2.0925 0.998976 
2.1 0.999113 
2.0975 0.99907 
2.105 0.999194 
2.1025 0.999155 
2.11 0.999267 
2.1075 0.999232 
2.115 0.999333 
2.1125 0.999301 
2.12 0.999393 
2.1175 0.999364 
2.125 0.999446 
2.1225 0.99942 
2.13 0.999494 
2.1275 0.999471 
2.135 0.999537 
2.1325 0.999516 
2.14 0.999576 
2.1375 0.999557 
2.145 0.99961 
2.1425 0.999593 
2.15 0.999641 
2.1475 0.999626 
2.155 0.999668 
2.1525 0.999655 
2.16 0.999692 
2.1575 0.99968 
2.165 0.999713 
2.1625 0.999702 
2.17 0.999731 
2.1675 0.999722 
2.175 0.999746 
2.1725 0.999739 
2.18 0.999759 
2.1775 0.999753 
2.185 0.99977 
2.1825 0.999765 
2.19 0.999778 
2.1875 0.999774 
2.195 0.999784 
2.1925 0.999782 
2.2 0.999789 
2.1975 0.999787 
2.205 0.999791 
2.2025 0.99979 
2.21 0.999792 
2.2075 0.999792 
2.215 0.999791 
2.2125 0.999792 
2.22 0.999788 
2.2175 0.99979 
2.225 0.999783 
2.2225 0.999786 
2.23 0.999777 
2.2275 0.99978 
2.235 0.999768 
2.2325 0.999773 
2.24 0.999758 
2.2375 0.999764 
2.245 0.999747 
2.2425 0.999753 
2.25 0.999733 
2.2475 0.99974 
2.255 0.999718 
2.2525 0.999726 
2.26 0.9997 
2.2575 0.999709 
2.265 0.999681 
2.2625 0.999691 
2.27 0.99966 
2.2675 0.999671 
2.275 0.999637 
2.2725 0.999649 
2.28 0.999611 
2.2775 0.999624 
2.285 0.999583 
2.2825 0.999598 
2.29 0.999553 
2.2875 0.999569 
2.295 0.999521 
2.2925 0.999537 
2.3 0.999486 
2.2975 0.999504 
2.305 0.999448 
2.3025 0.999468 
2.31 0.999408 
2.3075 0.999429 
2.315 0.999365 
2.3125 0.999387 
2.32 0.999319 
2.3175 0.999342 
2.325 0.999269 
2.3225 0.999294 
2.33 0.999216 
2.3275 0.999243 
2.335 0.99916 
2.3325 0.999189 
2.34 0.9991 
2.3375 0.999131 
2.345 0.999037 
2.3425 0.999069 
2.35 0.998969 
2.3475 0.999003 
2.355 0.998897 
2.3525 0.998934 
2.36 0.998821 
2.3575 0.998859 
2.365 0.99874 
2.3625 0.998781 
2.37 0.998654 
2.3675 0.998697 
2.375 0.998562 
2.3725 0.998609 
2.38 0.998466 
2.3775 0.998515 
2.385 0.998363 
2.3825 0.998415 
2.39 0.998254 
2.3875 0.99831 
2.395 0.998139 
2.3925 0.998198 
2.4 0.998017 
2.3975 0.998079 
2.405 0.997888 
2.4025 0.997954 
2.41 0.997751 
2.4075 0.99782 
2.415 0.997606 
2.4125 0.997679 
2.42 0.997452 
2.4175 0.99753 
2.425 0.997289 
2.4225 0.997372 
2.43 0.997116 
2.4275 0.997204 
2.435 0.996933 
2.4325 0.997026 
2.44 0.996738 
2.4375 0.996837 
2.445 0.996532 
2.4425 0.996636 
2.45 0.996313 
2.4475 0.996424 
2.455 0.99608 
2.4525 0.996198 
2.46 0.995832 
2.4575 0.995958 
2.465 0.99557 
2.4625 0.995703 
2.47 0.99529 
2.4675 0.995432 
2.475 0.994992 
2.4725 0.995143 
2.48 0.994676 
2.4775 0.994836 
2.485 0.994338 
2.4825 0.994509 
2.49 0.993978 
2.4875 0.994161 
2.495 0.993594 
2.4925 0.993789 
2.5 0.993185 
2.4975 0.993393 
2.505 0.992748 
2.5025 0.99297 
2.51 0.992281 
2.5075 0.992518 
2.515 0.991781 
2.5125 0.992035 
2.52 0.991247 
2.5175 0.991518 
2.525 0.990675 
2.5225 0.990966 
2.53 0.990063 
2.5275 0.990374 
2.535 0.989407 
2.5325 0.989741 
2.54 0.988704 
2.5375 0.989062 
2.545 0.98795 
2.5425 0.988334 
2.55 0.987141 
2.5475 0.987553 
2.555 0.986273 
2.5525 0.986715 
2.56 0.985341 
2.5575 0.985815 
2.565 0.984339 
2.5625 0.984849 
2.57 0.983263 
2.5675 0.983811 
2.575 0.982107 
2.5725 0.982696 
2.58 0.980863 
2.5775 0.981496 
2.585 0.979526 
2.5825 0.980207 
2.59 0.978087 
2.5875 0.97882 
2.595 0.97654 
2.5925 0.977328 
2.6 0.974874 
2.5975 0.975722 
2.605 0.973083 
2.6025 0.973995 
2.61 0.971154 
2.6075 0.972136 
2.615 0.969079 
2.6125 0.970136 
2.62 0.966846 
2.6175 0.967983 
2.625 0.964443 
2.6225 0.965666 
2.63 0.961858 
2.6275 0.963174 
2.635 0.959076 
2.6325 0.960492 
2.64 0.956085 
2.6375 0.957608 
2.645 0.952869 
2.6425 0.954506 
2.65 0.949412 
2.6475 0.951171 
2.655 0.945697 
2.6525 0.947587 
2.66 0.941706 
2.6575 0.943737 
2.665 0.937423 
2.6625 0.939602 
2.67 0.932826 
2.6675 0.935164 
2.675 0.927896 
2.6725 0.930404 
2.68 0.922612 
2.6775 0.9253 
2.685 0.916954 
2.6825 0.919831 
2.69 0.910898 
2.6875 0.913977 
2.695 0.904422 
2.6925 0.907714 
2.7 0.897505 
2.6975 0.90102 
2.705 0.890121 
2.7025 0.893873 
2.71 0.88225 
2.7075 0.886248 
2.715 0.873866 
2.7125 0.878123 
2.72 0.864949 
2.7175 0.869476 
2.725 0.855477 
2.7225 0.860284 
2.73 0.845427 
2.7275 0.850525 
2.735 0.834782 
2.7325 0.84018 
2.74 0.823522 
2.7375 0.829229 
2.745 0.811632 
2.7425 0.817656 
2.75 0.799098 
2.7475 0.805446 
2.755 0.785908 
2.7525 0.792585 
2.76 0.772057 
2.7575 0.779066 
2.765 0.757538 
2.7625 0.764881 
2.77 0.742352 
2.7675 0.750028 
2.775 0.726502 
2.7725 0.734509 
2.78 0.709999 
2.7775 0.718331 
2.785 0.692855 
2.7825 0.701506 
2.79 0.67509 
2.7875 0.684048 
2.795 0.656729 
2.7925 0.665982 
2.8 0.637804 
2.7975 0.647335 
2.805 0.618351 
2.8025 0.628141 
2.81 0.598413 
2.8075 0.608439 
2.815 0.578039 
2.8125 0.588277 
2.82 0.557283 
2.8175 0.567705 
2.825 0.536206 
2.8225 0.546781 
2.83 0.514871 
2.8275 0.525566 
2.835 0.493349 
2.8325 0.504129 
2.84 0.471711 
2.8375 0.48254 
2.845 0.450033 
2.8425 0.460872 
2.85 0.428391 
2.8475 0.439202 
2.855 0.406862 
2.8525 0.417608 
2.86 0.385525 
2.8575 0.396165 
2.865 0.364454 
2.8625 0.374952 
2.87 0.343722 
2.8675 0.354041 
2.875 0.323397 
2.8725 0.333504 
2.88 0.303545 
2.8775 0.313408 
2.885 0.284225 
2.8825 0.293815 
2.89 0.265489 
2.8875 0.274781 
2.895 0.247383 
2.8925 0.256354 
2.9 0.229947 
2.8975 0.238579 
2.905 0.213212 
2.9025 0.22149 
2.91 0.197205 
2.9075 0.205116 
2.915 0.181941 
2.9125 0.189479 
2.92 0.167434 
2.9175 0.174593 
2.925 0.153688 
2.9225 0.160466 
2.93 0.140702 
2.9275 0.1471 
2.935 0.128471 
2.9325 0.134493 
2.94 0.116983 
2.9375 0.122635 
2.945 0.106225 
2.9425 0.111514 
2.95 0.0961794 
2.9475 0.101114 
2.955 0.0868255 
2.9525 0.0914173 
2.96 0.0781412 
2.9575 0.0824011 
2.965 0.0701025 
2.9625 0.0740427 
2.97 0.0626843 
2.9675 0.0663174 
2.975 0.0558605 
2.9725 0.0591997 
2.98 0.0496049 
2.9775 0.0526634 
2.985 0.0438904 
2.9825 0.0466817 
2.99 0.0386901 
2.9875 0.0412277 
2.995 0.0339766 
2.9925 0.0362742 
3 0.0297225 
2.9975 0.0317938 
3.005 0.0259003 
3.0025 0.0277591 
3.01 0.0224821 
3.0075 0.0241424 
3.015 0.0194402 
3.0125 0.0209159 
3.02 0.0167465 
3.0175 0.0180516 
3.025 0.0143732 
3.0225 0.0155216 
3.03 0.0122928 
3.0275 0.0132981 
3.035 0.0104781 
3.0325 0.0113539 
3.04 0.00890281 
3.0375 0.00966211 
3.045 0.00754177 
3.0425 0.00819704 
3.05 0.006371 
3.0475 0.00693404 
3.055 0.0053681 
3.0525 0.0058499 
3.06 0.00451231 
3.0575 0.00492304 
3.065 0.00378465 
3.0625 0.00413357 
3.07 0.00316797 
3.0675 0.00346344 
3.075 0.00264689 
3.0725 0.00289637 
3.08 0.00220778 
3.0775 0.00241787 
3.085 0.00183866 
3.0825 0.00201516 
3.09 0.00152906 
3.0875 0.00167702 
3.095 0.0012699 
3.0925 0.00139369 
3.1 0.00105337 
3.0975 0.00115675 
3.105 0.000872739 
3.1025 0.000958942 
3.11 0.000722296 
3.1075 0.000794067 
3.115 0.000597169 
3.1125 0.000656842 
3.12 0.000493231 
3.1175 0.000542782 
3.125 0.000406997 
3.1225 0.000448096 
3.13 0.000335533 
3.1275 0.000369583 
3.135 0.000276372 
3.1325 0.000304553 
3.14 0.000227445 
3.1375 0.000250745 
3.145 0.000187021 
3.1425 0.000206267 
3.15 0.000153653 
3.1475 0.000169536 
3.155 0.000126135 
3.1525 0.00013923 
3.16 0.00010346 
3.1575 0.000114248 
3.165 8.4793e-05 
3.1625 9.36722e-05 
3.17 6.94378e-05 
3.1675 7.67399e-05 
3.175 5.68175e-05 
3.1725 6.28177e-05 
3.18 4.64535e-05 
3.1775 5.13799e-05 
3.185 3.79495e-05 
3.1825 4.19909e-05 
3.19 3.09773e-05 
3.1875 3.42901e-05 
3.195 2.52656e-05 
3.1925 2.79789e-05 
3.2 2.05904e-05 
3.1975 2.28109e-05 
3.205 1.67667e-05 
3.2025 1.85823e-05 
3.21 1.36419e-05 
3.2075 1.51254e-05 
3.215 1.10904e-05 
3.2125 1.23014e-05 
3.22 9.00868e-06 
3.2175 9.99652e-06 
3.225 7.31165e-06 
3.2225 8.11677e-06 
3.23 5.92937e-06 
3.2275 6.58502e-06 
3.235 4.80439e-06 
3.2325 5.33788e-06 
3.24 3.88958e-06 
3.2375 4.32331e-06 
3.245 3.1463e-06 
3.2425 3.49862e-06 
3.25 2.54289e-06 
3.2475 2.82885e-06 
3.255 2.05345e-06 
3.2525 2.28535e-06 
3.26 1.65679e-06 
3.2575 1.84469e-06 
3.265 1.3356e-06 
3.2625 1.48771e-06 
3.27 1.07574e-06 
3.2675 1.19878e-06 
3.275 8.65685e-07 
3.2725 9.65119e-07 
3.28 6.96035e-07 
3.2775 7.76323e-07 
3.285 5.59138e-07 
3.2825 6.23911e-07 
3.29 4.48768e-07 
3.2875 5.00978e-07 
3.295 3.59864e-07 
3.2925 4.0191e-07 
3.3 2.88314e-07 
3.2975 3.22144e-07 
3.305 2.30783e-07 
3.3025 2.57979e-07 
3.31 1.84565e-07 
3.3075 2.06407e-07 
3.315 1.47469e-07 
3.3125 1.64996e-07 
3.32 1.17722e-07 
3.3175 1.31773e-07 
3.325 9.38891e-08 
3.3225 1.05144e-07 
3.33 7.48125e-08 
3.3275 8.38193e-08 
3.335 5.95571e-08 
3.3325 6.6758e-08 
3.34 4.73685e-08 
3.3375 5.31204e-08 
3.345 3.76394e-08 
3.3425 4.22295e-08 
3.35 2.98807e-08 
3.3475 3.35403e-08 
3.355 2.3699e-08 
3.3525 2.6614e-08 
3.36 1.87786e-08 
3.3575 2.10983e-08 
3.365 1.48657e-08 
3.3625 1.67099e-08 
3.37 1.1757e-08 
3.3675 1.32218e-08 
3.375 9.28958e-09 
3.3725 1.0452e-08 
3.38 7.33299e-09 
3.3775 8.25448e-09 
3.385 5.78297e-09 
3.3825 6.5128e-09 
3.39 4.55622e-09 
3.3875 5.13369e-09 
3.395 3.58625e-09 
3.3925 4.04272e-09 
3.4 2.82005e-09 
3.3975 3.18054e-09 
3.405 2.21541e-09 
3.4025 2.49981e-09 
3.41 1.73872e-09 
3.4075 1.96288e-09 
3.415 1.36328e-09 
3.4125 1.53978e-09 
3.42 1.06786e-09 
3.4175 1.2067e-09 
3.425 8.3564e-10 
3.4225 9.44754e-10 
3.43 6.5328e-10 
3.4275 7.38944e-10 
3.435 5.10215e-10 
3.4325 5.77402e-10 
3.44 3.98088e-10 
3.4375 4.50732e-10 
3.445 3.10297e-10 
3.4425 3.51504e-10 
3.45 2.41627e-10 
3.4475 2.73851e-10 
3.455 1.87968e-10 
3.4525 2.13142e-10 
3.46 1.46081e-10 
3.4575 1.65726e-10 
3.465 1.13415e-10 
3.4625 1.28731e-10 
3.47 8.79656e-11 
3.4675 9.98951e-11 
3.475 6.81591e-11 
3.4725 7.74411e-11 
3.48 5.27595e-11 
3.4775 5.99744e-11 
3.485 4.07985e-11 
3.4825 4.64008e-11 
3.49 3.15175e-11 
3.4875 3.58634e-11 
3.495 2.43234e-11 
3.4925 2.76912e-11 
3.5 1.87525e-11 
3.4975 2.13597e-11 
3.505 1.44431e-11 
3.5025 1.64594e-11 
3.51 1.11128e-11 
3.5075 1.26705e-11 
3.515 8.54179e-12 
3.5125 9.74405e-12 
3.52 6.55899e-12 
3.5175 7.48595e-12 
3.525 5.03138e-12 
3.5225 5.74534e-12 
3.53 3.85567e-12 
3.5275 4.40501e-12 
3.535 2.95171e-12 
3.5325 3.37396e-12 
3.54 2.2574e-12 
3.5375 2.58164e-12 
3.545 1.72467e-12 
3.5425 1.97338e-12 
3.55 1.31633e-12 
3.5475 1.50692e-12 
3.555 1.00366e-12 
3.5525 1.14955e-12 
3.56 7.64483e-13 
3.5575 8.76053e-13 
3.565 5.81718e-13 
3.5625 6.66951e-13 
3.57 4.42201e-13 
3.5675 5.07247e-13 
3.575 3.35807e-13 
3.5725 3.85396e-13 
3.58 2.54755e-13 
3.5775 2.92522e-13 
3.585 1.93072e-13 
3.5825 2.21807e-13 
3.59 1.46178e-13 
3.5875 1.68017e-13 
3.595 1.10563e-13 
3.5925 1.27145e-13 
3.6 8.3542e-14 
3.5975 9.61192e-14 
3.605 6.30619e-14 
3.6025 7.2592e-14 
3.61 4.75553e-14 
3.6075 5.47691e-14 
3.615 3.58263e-14 
3.6125 4.12812e-14 
3.62 2.69635e-14 
3.6175 3.10843e-14 
3.625 2.02734e-14 
3.6225 2.33832e-14 
3.63 1.52283e-14 
3.6275 1.75728e-14 
3.635 1.14277e-14 
3.6325 1.31934e-14 
3.64 8.56733e-15 
3.6375 9.89583e-15 
3.645 6.41678e-15 
3.6425 7.41535e-15 
3.65 4.80151e-15 
3.6475 5.55133e-15 
3.655 3.58947e-15 
3.6525 4.15196e-15 
3.66 2.68089e-15 
3.6575 3.10244e-15 
3.665 2.00045e-15 
3.6625 2.31607e-15 
3.67 1.49136e-15 
3.6675 1.72744e-15 
3.675 1.11084e-15 
3.6725 1.28725e-15 
3.68 8.26679e-16 
3.6775 9.58384e-16 
3.685 6.14678e-16 
3.6825 7.12914e-16 
3.69 4.56659e-16 
3.6875 5.29863e-16 
3.695 3.38983e-16 
3.6925 3.93484e-16 
3.7 2.51429e-16 
3.6975 2.9197e-16 
3.705 1.86344e-16 
3.7025 2.16473e-16 
3.71 1.38003e-16 
3.7075 1.60376e-16 
3.715 1.02129e-16 
3.7125 1.18728e-16 
3.72 7.55282e-17 
3.7175 8.78341e-17 
3.725 5.58197e-17 
3.7225 6.49353e-17 
3.73 4.12287e-17 
3.7275 4.7976e-17 
3.735 3.04345e-17 
3.7325 3.54251e-17 
3.74 2.24547e-17 
3.7375 2.61434e-17 
3.745 1.65595e-17 
3.7425 1.92841e-17 
3.75 1.22071e-17 
3.7475 1.42183e-17 
3.755 8.99557e-18 
3.7525 1.04794e-17 
3.76 6.62716e-18 
3.7575 7.72127e-18 
3.765 4.88139e-18 
3.7625 5.68777e-18 
3.77 3.59511e-18 
3.7675 4.18918e-18 
3.775 2.64773e-18 
3.7725 3.08524e-18 
3.78 1.95017e-18 
3.7775 2.27229e-18 
3.785 1.43665e-18 
3.7825 1.67377e-18 
3.79 1.05868e-18 
3.7875 1.23321e-18 
3.795 7.80483e-19 
3.7925 9.0894e-19 
3.8 5.75713e-19 
3.7975 6.70268e-19 
3.805 4.24963e-19 
3.8025 4.94578e-19 
3.81 3.13953e-19 
3.8075 3.65221e-19 
3.815 2.32172e-19 
3.8125 2.69946e-19 
3.82 1.71894e-19 
3.8175 1.9974e-19 
3.825 1.27433e-19 
3.8225 1.47976e-19 
3.83 9.46126e-20 
3.8275 1.09781e-19 
3.835 7.03613e-20 
3.8325 8.15728e-20 
3.84 5.24213e-20 
3.8375 6.07178e-20 
3.845 3.91329e-20 
3.8425 4.52805e-20 
3.85 2.92754e-20 
3.8475 3.38377e-20 
3.855 2.1951e-20 
3.8525 2.53425e-20 
3.86 1.64989e-20 
3.8575 1.90247e-20 
3.865 1.24324e-20 
3.8625 1.43173e-20 
3.87 9.39293e-21 
3.8675 1.08027e-20 
3.875 7.11587e-21 
3.8725 8.17266e-21 
3.88 5.40585e-21 
3.8775 6.20001e-21 
3.885 4.11836e-21 
3.8825 4.71671e-21 
3.89 3.14643e-21 
3.8875 3.59845e-21 
3.895 2.41068e-21 
3.8925 2.75311e-21 
3.9 1.85215e-21 
3.8975 2.1123e-21 
3.905 1.42695e-21 
3.9025 1.62515e-21 
3.91 1.1023e-21 
3.9075 1.25375e-21 
3.915 8.53723e-22 
3.9125 9.69773e-22 
3.92 6.62842e-22 
3.9175 7.52022e-22 
3.925 5.15856e-22 
3.9225 5.84579e-22 
3.93 4.02362e-22 
3.9275 4.55464e-22 
3.935 3.14497e-22 
3.9325 3.55636e-22 
3.94 2.46301e-22 
3.9375 2.78252e-22 
3.945 1.93243e-22 
3.9425 2.18117e-22 
3.95 1.51868e-22 
3.9475 1.71276e-22 
3.955 1.19534e-22 
3.9525 1.34709e-22 
3.96 9.42148e-23 
3.9575 1.06104e-22 
3.965 7.43521e-23 
3.9625 8.36837e-23 
3.97 5.8743e-23 
3.9675 6.60794e-23 
3.975 4.64575e-23 
3.9725 5.22341e-23 
3.98 3.6774e-23 
3.9775 4.13287e-23 
3.985 2.91316e-23 
3.9825 3.27275e-23 
3.99 2.30931e-23 
3.9875 2.59351e-23 
3.995 1.8317e-23 
3.9925 2.05655e-23 
4 1.45359e-23 
3.9975 1.63163e-23 
4.005 1.15401e-23 
4.0025 1.2951e-23 
4.01 9.16479e-24 
4.0075 1.02837e-23 
4.015 7.2804e-24 
4.0125 8.16818e-24 
4.02 5.78466e-24 
4.0175 6.48942e-24 
4.025 4.59691e-24 
4.0225 5.15661e-24 
4.03 3.65339e-24 
4.0275 4.09804e-24 
4.035 2.90366e-24 
4.0325 3.25701e-24 
4.04 2.3078e-24 
4.0375 2.58864e-24 
4.045 1.83414e-24 
4.0425 2.0574e-24 
4.05 1.45759e-24 
4.0475 1.63508e-24 
4.055 1.15821e-24 
4.0525 1.29933e-24 
4.06 9.20193e-25 
4.0575 1.03239e-24 
4.065 7.30961e-25 
4.0625 8.20156e-25 
4.07 5.80525e-25 
4.0675 6.51432e-25 
4.075 4.60945e-25 
4.0725 5.17306e-25 
4.08 3.65904e-25 
4.0775 4.10697e-25 
4.085 2.90379e-25 
4.0825 3.25973e-25 
4.09 2.30374e-25 
4.0875 2.58652e-25 
4.095 1.82711e-25 
4.0925 2.05171e-25 
4.1 1.4486e-25 
4.0975 1.62695e-25 
4.105 1.14809e-25 
4.1025 1.28968e-25 
4.11 9.09586e-26 
4.1075 1.02195e-25 
4.115 7.20345e-26 
4.1125 8.09493e-26 
4.12 5.70243e-26 
4.1175 6.40947e-26 
4.125 4.51228e-26 
4.1225 5.07284e-26 
4.13 3.56895e-26 
4.1275 4.01321e-26 
4.135 2.82156e-26 
4.1325 3.17351e-26 
4.14 2.22964e-26 
4.1375 2.50834e-26 
4.145 1.76104e-26 
4.1425 1.98165e-26 
4.15 1.39024e-26 
4.1475 1.56479e-26 
4.155 1.09696e-26 
4.1525 1.235e-26 
4.16 8.65091e-27 
4.1575 9.74212e-27 
4.165 6.8187e-27 
4.1625 7.68087e-27 
4.17 5.3716e-27 
4.1675 6.05246e-27 
4.175 4.22925e-27 
4.1725 4.76665e-27 
4.18 3.32793e-27 
4.1775 3.75188e-27 
4.185 2.61717e-27 
4.1825 2.95144e-27 
4.19 2.05698e-27 
4.1875 2.3204e-27 
4.195 1.61572e-27 
4.1925 1.82318e-27 
4.2 1.26833e-27 
4.1975 1.43163e-27 
4.205 9.95008e-28 
4.2025 1.12347e-27 
4.21 7.80087e-28 
4.2075 8.81087e-28 
4.215 6.11191e-28 
4.2125 6.90549e-28 
4.22 4.78546e-28 
4.2175 5.40861e-28 
4.225 3.74438e-28 
4.2225 4.23339e-28 
4.23 2.92779e-28 
4.2275 3.31128e-28 
4.235 2.28771e-28 
4.2325 2.58826e-28 
4.24 1.78631e-28 
4.2375 2.0217e-28 
4.245 1.39382e-28 
4.2425 1.57804e-28 
4.25 1.08678e-28 
4.2475 1.23087e-28 
4.255 8.46763e-29 
4.2525 9.5938e-29 
4.26 6.59269e-29 
4.2575 7.47225e-29 
4.265 5.12908e-29 
4.2625 5.81555e-29 
4.27 3.98739e-29 
4.2675 4.52277e-29 
4.275 3.09747e-29 
4.2725 3.5147e-29 
4.28 2.40431e-29 
4.2775 2.72923e-29 
4.285 1.86482e-29 
4.2825 2.11766e-29 
4.29 1.44525e-29 
4.2875 1.64184e-29 
4.295 1.11918e-29 
4.2925 1.27193e-29 
4.3 8.65992e-30 
4.2975 9.84579e-30 
4.305 6.69538e-30 
4.3025 7.61532e-30 
4.31 5.17229e-30 
4.3075 5.88536e-30 
4.315 3.99239e-30 
4.3125 4.54467e-30 
4.32 3.0791e-30 
4.3175 3.50649e-30 
4.325 2.37275e-30 
4.3225 2.70322e-30 
4.33 1.82689e-30 
4.3275 2.08222e-30 
4.335 1.40542e-30 
4.3325 1.60253e-30 
4.34 1.08026e-30 
4.3375 1.23229e-30 
4.345 8.2962e-31 
4.3425 9.46783e-31 
4.35 6.36579e-31 
4.3475 7.26795e-31 
4.355 4.88031e-31 
4.3525 5.57437e-31 
4.36 3.73819e-31 
4.3575 4.2717e-31 
4.365 2.86083e-31 
4.3625 3.27057e-31 
4.37 2.18744e-31 
4.3675 2.50185e-31 
4.375 1.67107e-31 
4.3725 1.91211e-31 
4.38 1.27545e-31 
4.3775 1.46008e-31 
4.385 9.72611e-32 
4.3825 1.11391e-31 
4.39 7.41005e-32 
4.3875 8.4904e-32 
4.395 5.64037e-32 
4.3925 6.46566e-32 
4.4 4.2894e-32 
4.3975 4.91927e-32 
4.405 3.25901e-32 
4.4025 3.7393e-32 
4.41 2.47385e-32 
4.4075 2.83974e-32 
4.415 1.87611e-32 
4.4125 2.15459e-32 
4.42 1.42147e-32 
4.4175 1.63323e-32 
4.425 1.076e-32 
4.4225 1.23687e-32 
4.43 8.13725e-33 
4.4275 9.35825e-33 
4.435 6.148e-33 
4.4325 7.07385e-33 
4.44 4.64065e-33 
4.4375 5.34203e-33 
4.445 3.49954e-33 
4.4425 4.03037e-33 
4.45 2.63651e-33 
4.4475 3.03788e-33 
4.455 1.98441e-33 
4.4525 2.28761e-33 
4.46 1.49217e-33 
4.4575 1.72098e-33 
4.465 1.12095e-33 
4.4625 1.29346e-33 
4.47 8.41272e-34 
4.4675 9.71209e-34 
4.475 6.30762e-34 
4.4725 7.28538e-34 
4.48 4.72468e-34 
4.4775 5.45972e-34 
4.485 3.53555e-34 
4.4825 4.08758e-34 
4.49 2.64313e-34 
4.4875 3.05731e-34 
4.495 1.97403e-34 
4.4925 2.28448e-34 
4.5 1.47287e-34 
4.4975 1.70534e-34 
4.505 1.09786e-34 
4.5025 1.27177e-34 
4.51 8.17528e-35 
4.5075 9.47495e-35 
4.515 6.08176e-35 
4.5125 7.0521e-35 
4.52 4.51988e-35 
4.5175 5.24361e-35 
4.525 3.35578e-35 
4.5225 3.89504e-35 
4.53 2.48902e-35 
4.5275 2.89044e-35 
4.535 1.8443e-35 
4.5325 2.1428e-35 
4.54 1.36522e-35 
4.5375 1.58697e-35 
4.545 1.00958e-35 
4.5425 1.17415e-35 
4.55 7.45833e-36 
4.5475 8.67846e-36 
4.555 5.50438e-36 
4.5525 6.40808e-36 
4.56 4.05827e-36 
4.5575 4.72691e-36 
4.565 2.98907e-36 
4.5625 3.4833e-36 
4.57 2.19935e-36 
4.5675 2.56429e-36 
4.575 1.61665e-36 
4.5725 1.88585e-36 
4.58 1.18713e-36 
4.5775 1.38551e-36 
4.585 8.70847e-37 
4.5825 1.01689e-36 
4.59 6.38185e-37 
4.5875 7.45585e-37 
4.595 4.6721e-37 
4.5925 5.46113e-37 
4.6 3.41694e-37 
4.5975 3.99602e-37 
4.605 2.49644e-37 
4.6025 2.92101e-37 
4.61 1.82207e-37 
4.6075 2.13303e-37 
4.615 1.32852e-37 
4.6125 1.55604e-37 
4.62 9.67671e-38 
4.6175 1.13397e-37 
4.625 7.04118e-38 
4.6225 8.25543e-38 
4.63 5.11824e-38 
4.6275 6.00394e-38 
4.635 3.71666e-38 
4.6325 4.36205e-38 
4.64 2.69614e-38 
4.6375 3.16593e-38 
4.645 1.95384e-38 
4.6425 2.29545e-38 
4.65 1.41446e-38 
4.6475 1.66262e-38 
4.655 1.02293e-38 
4.6525 1.20302e-38 
4.66 7.39027e-39 
4.6575 8.69575e-39 
4.665 5.3337e-39 
4.6625 6.27911e-39 
4.67 3.8455e-39 
4.6675 4.52943e-39 
4.675 2.76969e-39 
4.6725 3.26396e-39 
4.68 1.9928e-39 
4.6775 2.34964e-39 
4.685 1.43236e-39 
4.6825 1.68971e-39 
4.69 1.02848e-39 
4.6875 1.21388e-39 
4.695 7.37718e-40 
4.6925 8.71154e-40 
4.7 5.28616e-40 
4.6975 6.24552e-40 
4.705 3.78394e-40 
4.7025 4.47296e-40 
4.71 2.70584e-40 
4.7075 3.20019e-40 
4.715 1.93292e-40 
4.7125 2.28724e-40 
4.72 1.37936e-40 
4.7175 1.63305e-40 
4.725 9.83326e-41 
4.7225 1.16477e-40 
4.73 7.00276e-41 
4.7275 8.2992e-41 
4.735 4.9819e-41 
4.7325 5.90724e-41 
4.74 3.54057e-41 
4.7375 4.20036e-41 
4.745 2.51365e-41 
4.7425 2.98361e-41 
4.75 1.78275e-41 
4.7475 2.11714e-41 
4.755 1.26307e-41 
4.7525 1.50076e-41 
4.76 8.93962e-42 
4.7575 1.06274e-41 
4.765 6.32067e-42 
4.7625 7.51785e-42 
4.77 4.46438e-42 
4.7675 5.31269e-42 
4.775 3.15001e-42 
4.7725 3.7505e-42 
4.78 2.22032e-42 
4.7775 2.64494e-42 
4.785 1.56341e-42 
4.7825 1.86336e-42 
4.79 1.09972e-42 
4.7875 1.31138e-42 
4.795 7.72763e-43 
4.7925 9.2197e-43 
4.8 5.42454e-43 
4.7975 6.47526e-43 
4.805 3.80394e-43 
4.8025 4.54308e-43 
4.81 2.66475e-43 
4.8075 3.18418e-43 
4.815 1.86481e-43 
4.8125 2.22945e-43 
4.82 1.30366e-43 
4.8175 1.55938e-43 
4.825 9.10438e-44 
4.8225 1.08958e-43 
4.83 6.35168e-44 
4.8275 7.60539e-44 
4.835 4.42671e-44 
4.8325 5.30319e-44 
4.84 3.08197e-44 
4.8375 3.69408e-44 
4.845 2.14353e-44 
4.8425 2.57058e-44 
4.85 1.48931e-44 
4.8475 1.78693e-44 
4.855 1.0337e-44 
4.8525 1.24091e-44 
4.86 7.16733e-45 
4.8575 8.6085e-45 
4.865 4.96451e-45 
4.8625 5.9658e-45 
4.87 3.43519e-45 
4.8675 4.13014e-45 
4.875 2.37454e-45 
4.8725 2.85638e-45 
4.88 1.63969e-45 
4.8775 1.97343e-45 
4.885 1.1311e-45 
4.8825 1.36202e-45 
4.89 7.79466e-46 
4.8875 9.39077e-46 
4.895 5.36597e-46 
4.8925 6.46806e-46 
4.9 3.69024e-46 
4.8975 4.45043e-46 
4.905 2.53523e-46 
4.9025 3.05905e-46 
4.91 1.73995e-46 
4.9075 2.10052e-46 
4.915 1.19292e-46 
4.9125 1.44087e-46 
4.92 8.17043e-47 
4.9175 9.87369e-47 
4.925 5.59031e-47 
4.9225 6.75913e-47 
4.93 3.82108e-47 
4.9275 4.62233e-47 
4.935 2.60914e-47 
4.9325 3.15785e-47 
4.94 1.77982e-47 
4.9375 2.15519e-47 
4.945 1.21293e-47 
4.9425 1.46944e-47 
4.95 8.25847e-48 
4.9475 1.00094e-47 
4.955 5.61859e-48 
4.9525 6.81232e-48 
4.96 3.82073e-48 
4.9575 4.63335e-48 
4.965 2.59857e-48 
4.9625 3.15064e-48 
4.97 1.77011e-48 
4.9675 2.14396e-48 
4.975 1.21134e-48 
4.9725 1.46302e-48 
4.98 8.38194e-49 
4.9775 1.00561e-48 
4.985 5.94266e-49 
4.9825 7.02762e-49 
4.99 4.42528e-49 
4.9875 5.08589e-49 
4.995 3.59862e-49 
4.9925 3.93562e-49 
5 3.33644e-49 
4.9975 3.40133e-49 
