0 8.66506e-06 
0.005 8.74941e-06 
0.0025 8.68613e-06 
0.01 9.00389e-06 
0.0075 8.85518e-06 
0.015 9.43279e-06 
0.0125 9.19616e-06 
0.02 1.00434e-05 
0.0175 9.71479e-06 
0.025 1.08458e-05 
0.0225 1.04198e-05 
0.03 1.18537e-05 
0.0275 1.13231e-05 
0.035 1.30838e-05 
0.0325 1.24398e-05 
0.04 1.45567e-05 
0.0375 1.37885e-05 
0.045 1.62966e-05 
0.0425 1.53916e-05 
0.05 1.83324e-05 
0.0475 1.72756e-05 
0.055 2.06974e-05 
0.0525 1.94715e-05 
0.06 2.34302e-05 
0.0575 2.20152e-05 
0.065 2.65749e-05 
0.0625 2.4948e-05 
0.07 3.01824e-05 
0.0675 2.83174e-05 
0.075 3.43102e-05 
0.0725 3.21773e-05 
0.08 3.90239e-05 
0.0775 3.65893e-05 
0.085 4.43979e-05 
0.0825 4.16233e-05 
0.09 5.05164e-05 
0.0875 4.73584e-05 
0.095 5.74746e-05 
0.0925 5.38841e-05 
0.1 6.53801e-05 
0.0975 6.13017e-05 
0.105 7.43541e-05 
0.1025 6.97254e-05 
0.11 8.45335e-05 
0.1075 7.92839e-05 
0.115 9.60724e-05 
0.1125 9.01226e-05 
0.12 0.000109144 
0.1175 0.000102405 
0.125 0.000123944 
0.1225 0.000116315 
0.13 0.000140692 
0.1275 0.00013206 
0.135 0.000159635 
0.1325 0.000149873 
0.14 0.00018105 
0.1375 0.000170015 
0.145 0.00020525 
0.1425 0.000192781 
0.15 0.000232583 
0.1475 0.000218501 
0.155 0.000263445 
0.1525 0.000247547 
0.16 0.000298276 
0.1575 0.000280335 
0.165 0.000337572 
0.1625 0.000317333 
0.17 0.000381888 
0.1675 0.000359065 
0.175 0.000431848 
0.1725 0.00040612 
0.18 0.000488151 
0.1775 0.000459159 
0.185 0.00055158 
0.1825 0.000518922 
0.19 0.000623015 
0.1875 0.000586238 
0.195 0.000703439 
0.1925 0.000662037 
0.2 0.000793955 
0.1975 0.000747361 
0.205 0.000895798 
0.2025 0.000843378 
0.21 0.00101035 
0.2075 0.000951394 
0.215 0.00113917 
0.2125 0.00107287 
0.22 0.00128397 
0.2175 0.00120945 
0.225 0.00144671 
0.2225 0.00136297 
0.23 0.00162955 
0.2275 0.00153547 
0.235 0.00183493 
0.2325 0.00172926 
0.24 0.00206554 
0.2375 0.0019469 
0.245 0.00232444 
0.2425 0.00219125 
0.25 0.002615 
0.2475 0.00246554 
0.255 0.00294103 
0.2525 0.00277333 
0.26 0.00330674 
0.2575 0.00311864 
0.265 0.00371687 
0.2625 0.00350594 
0.27 0.00417668 
0.2675 0.00394021 
0.275 0.00469205 
0.2725 0.00442703 
0.28 0.00526955 
0.2775 0.0049726 
0.285 0.00591646 
0.2825 0.00558384 
0.29 0.00664093 
0.2875 0.00626845 
0.295 0.007452 
0.2925 0.00703503 
0.3 0.00835975 
0.2975 0.00789312 
0.305 0.00937535 
0.3025 0.00885332 
0.31 0.0105112 
0.3075 0.00992743 
0.315 0.0117812 
0.3125 0.0111285 
0.32 0.0132004 
0.3175 0.0124711 
0.325 0.0147858 
0.3225 0.0139712 
0.33 0.0165561 
0.3275 0.0156466 
0.335 0.0185317 
0.3325 0.0175169 
0.34 0.0207355 
0.3375 0.0196036 
0.345 0.0231922 
0.3425 0.0219305 
0.35 0.0259291 
0.3475 0.0245238 
0.355 0.0289762 
0.3525 0.0274119 
0.36 0.032366 
0.3575 0.0306261 
0.365 0.0361338 
0.3625 0.0342003 
0.37 0.0403181 
0.3675 0.0381714 
0.375 0.0449603 
0.3725 0.0425793 
0.38 0.0501047 
0.3775 0.0474668 
0.385 0.0557987 
0.3825 0.0528799 
0.39 0.0620928 
0.3875 0.0588675 
0.395 0.06904 
0.3925 0.0654814 
0.4 0.0766957 
0.3975 0.0727757 
0.405 0.0851173 
0.4025 0.0808071 
0.41 0.0943637 
0.4075 0.0896337 
0.415 0.104494 
0.4125 0.0993146 
0.42 0.115567 
0.4175 0.109909 
0.425 0.127641 
0.4225 0.121475 
0.43 0.140769 
0.4275 0.13407 
0.435 0.155001 
0.4325 0.147744 
0.44 0.17038 
0.4375 0.162545 
0.445 0.186942 
0.4425 0.178512 
0.45 0.204711 
0.4475 0.195675 
0.455 0.223698 
0.4525 0.214052 
0.46 0.243901 
0.4575 0.233649 
0.465 0.265299 
0.4625 0.254452 
0.47 0.287855 
0.4675 0.276435 
0.475 0.311511 
0.4725 0.29955 
0.48 0.336188 
0.4775 0.323727 
0.485 0.36179 
0.4825 0.348881 
0.49 0.388198 
0.4875 0.374902 
0.495 0.415277 
0.4925 0.401663 
0.5 0.442876 
0.4975 0.429022 
0.505 0.470831 
0.5025 0.456819 
0.51 0.498969 
0.5075 0.484888 
0.515 0.527114 
0.5125 0.513051 
0.52 0.555088 
0.5175 0.541133 
0.525 0.582719 
0.5225 0.568957 
0.53 0.609842 
0.5275 0.596354 
0.535 0.636305 
0.5325 0.623165 
0.54 0.661971 
0.5375 0.649245 
0.545 0.686721 
0.5425 0.674467 
0.55 0.710456 
0.5475 0.698721 
0.555 0.733096 
0.5525 0.721917 
0.56 0.754582 
0.5575 0.743986 
0.565 0.774875 
0.5625 0.76488 
0.57 0.793953 
0.5675 0.784566 
0.575 0.811812 
0.5725 0.803035 
0.58 0.828464 
0.5775 0.820288 
0.585 0.84393 
0.5825 0.836343 
0.59 0.858247 
0.5875 0.85123 
0.595 0.871455 
0.5925 0.864986 
0.6 0.883605 
0.5975 0.877659 
0.605 0.894751 
0.6025 0.8893 
0.61 0.90495 
0.6075 0.899965 
0.615 0.91426 
0.6125 0.909712 
0.62 0.922741 
0.6175 0.9186 
0.625 0.930451 
0.6225 0.926688 
0.63 0.937449 
0.6275 0.934036 
0.635 0.943789 
0.6325 0.940698 
0.64 0.949526 
0.6375 0.94673 
0.645 0.954709 
0.6425 0.952184 
0.65 0.959387 
0.6475 0.957109 
0.655 0.963603 
0.6525 0.96155 
0.66 0.9674 
0.6575 0.965552 
0.665 0.970817 
0.6625 0.969154 
0.67 0.973887 
0.6675 0.972393 
0.675 0.976646 
0.6725 0.975304 
0.68 0.979122 
0.6775 0.977917 
0.685 0.981342 
0.6825 0.980262 
0.69 0.983334 
0.6875 0.982365 
0.695 0.985118 
0.6925 0.98425 
0.7 0.986715 
0.6975 0.985938 
0.705 0.988145 
0.7025 0.98745 
0.71 0.989425 
0.7075 0.988803 
0.715 0.99057 
0.7125 0.990013 
0.72 0.991593 
0.7175 0.991096 
0.725 0.992507 
0.7225 0.992063 
0.73 0.993324 
0.7275 0.992927 
0.735 0.994054 
0.7325 0.993699 
0.74 0.994706 
0.7375 0.994389 
0.745 0.995287 
0.7425 0.995005 
0.75 0.995806 
0.7475 0.995554 
0.755 0.996269 
0.7525 0.996044 
0.76 0.996682 
0.7575 0.996481 
0.765 0.99705 
0.7625 0.996871 
0.77 0.997378 
0.7675 0.997218 
0.775 0.99767 
0.7725 0.997528 
0.78 0.99793 
0.7775 0.997804 
0.785 0.998162 
0.7825 0.99805 
0.79 0.998369 
0.7875 0.998268 
0.795 0.998552 
0.7925 0.998463 
0.8 0.998716 
0.7975 0.998636 
0.805 0.998861 
0.8025 0.998791 
0.81 0.99899 
0.8075 0.998928 
0.815 0.999105 
0.8125 0.99905 
0.82 0.999208 
0.8175 0.999158 
0.825 0.999298 
0.8225 0.999254 
0.83 0.999379 
0.8275 0.99934 
0.835 0.99945 
0.8325 0.999416 
0.84 0.999514 
0.8375 0.999483 
0.845 0.99957 
0.8425 0.999543 
0.85 0.99962 
0.8475 0.999596 
0.855 0.999664 
0.8525 0.999643 
0.86 0.999704 
0.8575 0.999685 
0.865 0.999738 
0.8625 0.999722 
0.87 0.999769 
0.8675 0.999754 
0.875 0.999796 
0.8725 0.999783 
0.88 0.99982 
0.8775 0.999809 
0.885 0.999842 
0.8825 0.999831 
0.89 0.999861 
0.8875 0.999851 
0.895 0.999877 
0.8925 0.999869 
0.9 0.999892 
0.8975 0.999885 
0.905 0.999905 
0.9025 0.999898 
0.91 0.999916 
0.9075 0.99991 
0.915 0.999926 
0.9125 0.999921 
0.92 0.999935 
0.9175 0.99993 
0.925 0.999942 
0.9225 0.999939 
0.93 0.999949 
0.9275 0.999946 
0.935 0.999955 
0.9325 0.999952 
0.94 0.99996 
0.9375 0.999958 
0.945 0.999964 
0.9425 0.999962 
0.95 0.999968 
0.9475 0.999966 
0.955 0.999972 
0.9525 0.99997 
0.96 0.999974 
0.9575 0.999973 
0.965 0.999977 
0.9625 0.999975 
0.97 0.999978 
0.9675 0.999978 
0.975 0.99998 
0.9725 0.999979 
0.98 0.999981 
0.9775 0.999981 
0.985 0.999982 
0.9825 0.999982 
0.99 0.999983 
0.9875 0.999982 
0.995 0.999983 
0.9925 0.999983 
1 0.999983 
0.9975 0.999983 
1.005 0.999983 
1.0025 0.999983 
1.01 0.999982 
1.0075 0.999982 
1.015 0.999981 
1.0125 0.999982 
1.02 0.99998 
1.0175 0.999981 
1.025 0.999979 
1.0225 0.999979 
1.03 0.999977 
1.0275 0.999978 
1.035 0.999975 
1.0325 0.999976 
1.04 0.999972 
1.0375 0.999974 
1.045 0.999969 
1.0425 0.999971 
1.05 0.999966 
1.0475 0.999968 
1.055 0.999963 
1.0525 0.999964 
1.06 0.999958 
1.0575 0.999961 
1.065 0.999954 
1.0625 0.999956 
1.07 0.999948 
1.0675 0.999951 
1.075 0.999942 
1.0725 0.999945 
1.08 0.999936 
1.0775 0.999939 
1.085 0.999928 
1.0825 0.999932 
1.09 0.99992 
1.0875 0.999924 
1.095 0.99991 
1.0925 0.999915 
1.1 0.9999 
1.0975 0.999905 
1.105 0.999888 
1.1025 0.999894 
1.11 0.999875 
1.1075 0.999882 
1.115 0.999861 
1.1125 0.999868 
1.12 0.999844 
1.1175 0.999853 
1.125 0.999826 
1.1225 0.999836 
1.13 0.999806 
1.1275 0.999817 
1.135 0.999784 
1.1325 0.999795 
1.14 0.999759 
1.1375 0.999772 
1.145 0.999732 
1.1425 0.999746 
1.15 0.999701 
1.1475 0.999717 
1.155 0.999667 
1.1525 0.999684 
1.16 0.999629 
1.1575 0.999649 
1.165 0.999587 
1.1625 0.999609 
1.17 0.99954 
1.1675 0.999564 
1.175 0.999489 
1.1725 0.999515 
1.18 0.999431 
1.1775 0.999461 
1.185 0.999368 
1.1825 0.9994 
1.19 0.999297 
1.1875 0.999333 
1.195 0.999218 
1.1925 0.999259 
1.2 0.999131 
1.1975 0.999176 
1.205 0.999035 
1.2025 0.999084 
1.21 0.998928 
1.2075 0.998983 
1.215 0.99881 
1.2125 0.99887 
1.22 0.998678 
1.2175 0.998746 
1.225 0.998533 
1.2225 0.998607 
1.23 0.998372 
1.2275 0.998454 
1.235 0.998193 
1.2325 0.998285 
1.24 0.997995 
1.2375 0.998097 
1.245 0.997776 
1.2425 0.997889 
1.25 0.997534 
1.2475 0.997658 
1.255 0.997265 
1.2525 0.997403 
1.26 0.996967 
1.2575 0.99712 
1.265 0.996638 
1.2625 0.996807 
1.27 0.996274 
1.2675 0.996461 
1.275 0.99587 
1.2725 0.996077 
1.28 0.995424 
1.2775 0.995653 
1.285 0.99493 
1.2825 0.995183 
1.29 0.994383 
1.2875 0.994663 
1.295 0.993778 
1.2925 0.994088 
1.3 0.993109 
1.2975 0.993452 
1.305 0.992369 
1.3025 0.992749 
1.31 0.991551 
1.3075 0.991971 
1.315 0.990647 
1.3125 0.99111 
1.32 0.989647 
1.3175 0.990159 
1.325 0.988542 
1.3225 0.989108 
1.33 0.987321 
1.3275 0.987946 
1.335 0.985971 
1.3325 0.986663 
1.34 0.984482 
1.3375 0.985245 
1.345 0.982837 
1.3425 0.983679 
1.35 0.981021 
1.3475 0.981951 
1.355 0.979018 
1.3525 0.980044 
1.36 0.976808 
1.3575 0.97794 
1.365 0.974373 
1.3625 0.97562 
1.37 0.971689 
1.3675 0.973063 
1.375 0.968733 
1.3725 0.970247 
1.38 0.96548 
1.3775 0.967145 
1.385 0.961902 
1.3825 0.963734 
1.39 0.95797 
1.3875 0.959982 
1.395 0.953651 
1.3925 0.955861 
1.4 0.948913 
1.3975 0.951337 
1.405 0.94372 
1.4025 0.946376 
1.41 0.938034 
1.4075 0.940941 
1.415 0.931815 
1.4125 0.934994 
1.42 0.925025 
1.4175 0.928494 
1.425 0.917619 
1.4225 0.921402 
1.43 0.909557 
1.4275 0.913673 
1.435 0.900794 
1.4325 0.905265 
1.44 0.891287 
1.4375 0.896136 
1.445 0.880997 
1.4425 0.886243 
1.45 0.869882 
1.4475 0.875545 
1.455 0.857905 
1.4525 0.864003 
1.46 0.845035 
1.4575 0.851584 
1.465 0.831244 
1.4625 0.838256 
1.47 0.816511 
1.4675 0.823996 
1.475 0.800823 
1.4725 0.808787 
1.48 0.784176 
1.4775 0.792619 
1.485 0.766578 
1.4825 0.775495 
1.49 0.748048 
1.4875 0.757428 
1.495 0.728617 
1.4925 0.738442 
1.5 0.70833 
1.4975 0.718577 
1.505 0.687247 
1.5025 0.697883 
1.51 0.665441 
1.5075 0.676429 
1.515 0.643001 
1.5125 0.654294 
1.52 0.620025 
1.5175 0.631573 
1.525 0.596625 
1.5225 0.608371 
1.53 0.572924 
1.5275 0.584805 
1.535 0.549051 
1.5325 0.561001 
1.54 0.525139 
1.5375 0.537091 
1.545 0.501327 
1.5425 0.513212 
1.55 0.477752 
1.5475 0.489501 
1.555 0.454547 
1.5525 0.466095 
1.56 0.431842 
1.5575 0.443124 
1.565 0.409759 
1.5625 0.420715 
1.57 0.388409 
1.5675 0.398986 
1.575 0.367896 
1.5725 0.378042 
1.58 0.348308 
1.5775 0.357981 
1.585 0.329724 
1.5825 0.338886 
1.59 0.31221 
1.5875 0.32083 
1.595 0.29582 
1.5925 0.303872 
1.6 0.280598 
1.5975 0.288061 
1.605 0.266577 
1.6025 0.273436 
1.61 0.253781 
1.6075 0.260025 
1.615 0.242227 
1.6125 0.247848 
1.62 0.231926 
1.6175 0.23692 
1.625 0.22288 
1.6225 0.227246 
1.63 0.21509 
1.6275 0.218828 
1.635 0.208552 
1.6325 0.211665 
1.64 0.203258 
1.6375 0.20575 
1.645 0.199198 
1.6425 0.201074 
1.65 0.196358 
1.6475 0.197626 
1.655 0.194725 
1.6525 0.195392 
1.66 0.194281 
1.6575 0.194356 
1.665 0.195008 
1.6625 0.1945 
1.67 0.196887 
1.6675 0.195805 
1.675 0.199897 
1.6725 0.198252 
1.68 0.204016 
1.6775 0.201819 
1.685 0.209224 
1.6825 0.206485 
1.69 0.2155 
1.6875 0.21223 
1.695 0.222823 
1.6925 0.219032 
1.7 0.231171 
1.6975 0.22687 
1.705 0.240523 
1.7025 0.235723 
1.71 0.25086 
1.7075 0.24557 
1.715 0.262159 
1.7125 0.25639 
1.72 0.274397 
1.7175 0.268162 
1.725 0.287549 
1.7225 0.28086 
1.73 0.30159 
1.7275 0.29446 
1.735 0.316489 
1.7325 0.308934 
1.74 0.332213 
1.7375 0.32425 
1.745 0.348725 
1.7425 0.340373 
1.75 0.365981 
1.7475 0.357262 
1.755 0.383935 
1.7525 0.374874 
1.76 0.402533 
1.7575 0.393157 
1.765 0.421716 
1.7625 0.412055 
1.77 0.44142 
1.7675 0.431507 
1.775 0.461574 
1.7725 0.451446 
1.78 0.482103 
1.7775 0.471797 
1.785 0.502926 
1.7825 0.492483 
1.79 0.523958 
1.7875 0.513421 
1.795 0.545113 
1.7925 0.534526 
1.8 0.5663 
1.7975 0.555708 
1.805 0.587428 
1.8025 0.576877 
1.81 0.608409 
1.8075 0.597943 
1.815 0.629155 
1.8125 0.618817 
1.82 0.64958 
1.8175 0.639412 
1.825 0.669605 
1.8225 0.659647 
1.83 0.689156 
1.8275 0.679444 
1.835 0.708166 
1.8325 0.698733 
1.84 0.726575 
1.8375 0.717449 
1.845 0.744332 
1.8425 0.735538 
1.85 0.761395 
1.8475 0.752953 
1.855 0.77773 
1.8525 0.769655 
1.86 0.793313 
1.8575 0.785617 
1.865 0.808127 
1.8625 0.800816 
1.87 0.822164 
1.8675 0.815243 
1.875 0.835424 
1.8725 0.828891 
1.88 0.847912 
1.8775 0.841764 
1.885 0.859641 
1.8825 0.853871 
1.89 0.870628 
1.8875 0.865226 
1.895 0.880895 
1.8925 0.87585 
1.9 0.890466 
1.8975 0.885766 
1.905 0.89937 
1.9025 0.895 
1.91 0.907637 
1.9075 0.903581 
1.915 0.915297 
1.9125 0.911541 
1.92 0.922384 
1.9175 0.91891 
1.925 0.92893 
1.9225 0.925722 
1.93 0.934966 
1.9275 0.93201 
1.935 0.940527 
1.9325 0.937804 
1.94 0.945642 
1.9375 0.943138 
1.945 0.950342 
1.9425 0.948042 
1.95 0.954657 
1.9475 0.952546 
1.955 0.958614 
1.9525 0.956678 
1.96 0.96224 
1.9575 0.960467 
1.965 0.965559 
1.9625 0.963936 
1.97 0.968597 
1.9675 0.967112 
1.975 0.971374 
1.9725 0.970017 
1.98 0.973913 
1.9775 0.972672 
1.985 0.976231 
1.9825 0.975098 
1.99 0.978348 
1.9875 0.977313 
1.995 0.980279 
1.9925 0.979336 
2 0.982041 
1.9975 0.98118 
2.005 0.983648 
2.0025 0.982863 
2.01 0.985113 
2.0075 0.984398 
2.015 0.986448 
2.0125 0.985796 
2.02 0.987665 
2.0175 0.987071 
2.025 0.988773 
2.0225 0.988232 
2.03 0.989782 
2.0275 0.989289 
2.035 0.990702 
2.0325 0.990253 
2.04 0.991539 
2.0375 0.99113 
2.045 0.992301 
2.0425 0.991928 
2.05 0.992994 
2.0475 0.992655 
2.055 0.993625 
2.0525 0.993317 
2.06 0.9942 
2.0575 0.993919 
2.065 0.994723 
2.0625 0.994467 
2.07 0.995198 
2.0675 0.994966 
2.075 0.995631 
2.0725 0.99542 
2.08 0.996025 
2.0775 0.995833 
2.085 0.996383 
2.0825 0.996208 
2.09 0.996709 
2.0875 0.99655 
2.095 0.997005 
2.0925 0.99686 
2.1 0.997274 
2.0975 0.997143 
2.105 0.997519 
2.1025 0.9974 
2.11 0.997742 
2.1075 0.997633 
2.115 0.997944 
2.1125 0.997845 
2.12 0.998128 
2.1175 0.998038 
2.125 0.998295 
2.1225 0.998213 
2.13 0.998447 
2.1275 0.998373 
2.135 0.998584 
2.1325 0.998517 
2.14 0.998709 
2.1375 0.998648 
2.145 0.998822 
2.1425 0.998767 
2.15 0.998925 
2.1475 0.998875 
2.155 0.999018 
2.1525 0.998973 
2.16 0.999102 
2.1575 0.999061 
2.165 0.999178 
2.1625 0.999141 
2.17 0.999247 
2.1675 0.999213 
2.175 0.999308 
2.1725 0.999278 
2.18 0.999364 
2.1775 0.999337 
2.185 0.999414 
2.1825 0.999389 
2.19 0.999458 
2.1875 0.999436 
2.195 0.999498 
2.1925 0.999479 
2.2 0.999533 
2.1975 0.999516 
2.205 0.999564 
2.2025 0.999549 
2.21 0.999591 
2.2075 0.999578 
2.215 0.999615 
2.2125 0.999603 
2.22 0.999635 
2.2175 0.999625 
2.225 0.999652 
2.2225 0.999644 
2.23 0.999666 
2.2275 0.999659 
2.235 0.999677 
2.2325 0.999672 
2.24 0.999686 
2.2375 0.999682 
2.245 0.999692 
2.2425 0.99969 
2.25 0.999696 
2.2475 0.999695 
2.255 0.999698 
2.2525 0.999698 
2.26 0.999698 
2.2575 0.999698 
2.265 0.999695 
2.2625 0.999697 
2.27 0.999691 
2.2675 0.999693 
2.275 0.999684 
2.2725 0.999688 
2.28 0.999676 
2.2775 0.99968 
2.285 0.999666 
2.2825 0.999671 
2.29 0.999654 
2.2875 0.99966 
2.295 0.99964 
2.2925 0.999647 
2.3 0.999624 
2.2975 0.999632 
2.305 0.999607 
2.3025 0.999616 
2.31 0.999588 
2.3075 0.999598 
2.315 0.999567 
2.3125 0.999578 
2.32 0.999545 
2.3175 0.999556 
2.325 0.999521 
2.3225 0.999533 
2.33 0.999495 
2.3275 0.999508 
2.335 0.999468 
2.3325 0.999481 
2.34 0.999438 
2.3375 0.999453 
2.345 0.999407 
2.3425 0.999423 
2.35 0.999375 
2.3475 0.999391 
2.355 0.999341 
2.3525 0.999358 
2.36 0.999305 
2.3575 0.999323 
2.365 0.999267 
2.3625 0.999286 
2.37 0.999228 
2.3675 0.999247 
2.375 0.999186 
2.3725 0.999207 
2.38 0.999143 
2.3775 0.999165 
2.385 0.999099 
2.3825 0.999121 
2.39 0.999052 
2.3875 0.999076 
2.395 0.999004 
2.3925 0.999028 
2.4 0.998954 
2.3975 0.998979 
2.405 0.998902 
2.4025 0.998928 
2.41 0.998848 
2.4075 0.998875 
2.415 0.998792 
2.4125 0.99882 
2.42 0.998734 
2.4175 0.998763 
2.425 0.998674 
2.4225 0.998704 
2.43 0.998612 
2.4275 0.998644 
2.435 0.998548 
2.4325 0.99858 
2.44 0.998481 
2.4375 0.998515 
2.445 0.998412 
2.4425 0.998447 
2.45 0.998341 
2.4475 0.998377 
2.455 0.998267 
2.4525 0.998304 
2.46 0.99819 
2.4575 0.998229 
2.465 0.99811 
2.4625 0.998151 
2.47 0.998028 
2.4675 0.998069 
2.475 0.997941 
2.4725 0.997985 
2.48 0.997852 
2.4775 0.997897 
2.485 0.997758 
2.4825 0.997805 
2.49 0.997661 
2.4875 0.99771 
2.495 0.997559 
2.4925 0.99761 
2.5 0.997452 
2.4975 0.997506 
2.505 0.99734 
2.5025 0.997396 
2.51 0.997222 
2.5075 0.997282 
2.515 0.997099 
2.5125 0.997161 
2.52 0.996968 
2.5175 0.997034 
2.525 0.996831 
2.5225 0.9969 
2.53 0.996685 
2.5275 0.996759 
2.535 0.996532 
2.5325 0.99661 
2.54 0.996368 
2.5375 0.996451 
2.545 0.996195 
2.5425 0.996283 
2.55 0.996011 
2.5475 0.996104 
2.555 0.995814 
2.5525 0.995914 
2.56 0.995605 
2.5575 0.995711 
2.565 0.995381 
2.5625 0.995494 
2.57 0.995141 
2.5675 0.995263 
2.575 0.994884 
2.5725 0.995015 
2.58 0.994608 
2.5775 0.994749 
2.585 0.994313 
2.5825 0.994463 
2.59 0.993995 
2.5875 0.994156 
2.595 0.993653 
2.5925 0.993827 
2.6 0.993284 
2.5975 0.993472 
2.605 0.992887 
2.6025 0.993089 
2.61 0.992459 
2.6075 0.992677 
2.615 0.991997 
2.6125 0.992233 
2.62 0.991499 
2.6175 0.991753 
2.625 0.99096 
2.6225 0.991235 
2.63 0.990378 
2.6275 0.990675 
2.635 0.989749 
2.6325 0.99007 
2.64 0.989068 
2.6375 0.989415 
2.645 0.988332 
2.6425 0.988707 
2.65 0.987535 
2.6475 0.987942 
2.655 0.986673 
2.6525 0.987113 
2.66 0.98574 
2.6575 0.986216 
2.665 0.98473 
2.6625 0.985245 
2.67 0.983637 
2.6675 0.984195 
2.675 0.982453 
2.6725 0.983057 
2.68 0.981172 
2.6775 0.981825 
2.685 0.979784 
2.6825 0.980492 
2.69 0.978282 
2.6875 0.979048 
2.695 0.976657 
2.6925 0.977486 
2.7 0.974897 
2.6975 0.975794 
2.705 0.972993 
2.7025 0.973964 
2.71 0.970933 
2.7075 0.971983 
2.715 0.968704 
2.7125 0.96984 
2.72 0.966294 
2.7175 0.967523 
2.725 0.963688 
2.7225 0.965017 
2.73 0.960872 
2.7275 0.962307 
2.735 0.957828 
2.7325 0.959379 
2.74 0.954541 
2.7375 0.956216 
2.745 0.950992 
2.7425 0.952801 
2.75 0.947163 
2.7475 0.949114 
2.755 0.943032 
2.7525 0.945136 
2.76 0.938578 
2.7575 0.940847 
2.765 0.93378 
2.7625 0.936224 
2.77 0.928614 
2.7675 0.931245 
2.775 0.923056 
2.7725 0.925886 
2.78 0.91708 
2.7775 0.920121 
2.785 0.91066 
2.7825 0.913927 
2.79 0.903769 
2.7875 0.907275 
2.795 0.896381 
2.7925 0.900139 
2.8 0.888467 
2.7975 0.892491 
2.805 0.879999 
2.8025 0.884304 
2.81 0.870949 
2.8075 0.875548 
2.815 0.861291 
2.8125 0.866198 
2.82 0.850998 
2.8175 0.856225 
2.825 0.840043 
2.8225 0.845605 
2.83 0.828405 
2.8275 0.834311 
2.835 0.816061 
2.8325 0.822322 
2.84 0.802992 
2.8375 0.809618 
2.845 0.789185 
2.8425 0.796182 
2.85 0.774627 
2.8475 0.782 
2.855 0.759313 
2.8525 0.767065 
2.86 0.743242 
2.8575 0.751372 
2.865 0.72642 
2.8625 0.734924 
2.87 0.708859 
2.8675 0.717731 
2.875 0.690579 
2.8725 0.699808 
2.88 0.671609 
2.8775 0.681178 
2.885 0.651983 
2.8825 0.661875 
2.89 0.631747 
2.8875 0.641938 
2.895 0.610954 
2.8925 0.621417 
2.9 0.589665 
2.8975 0.600368 
2.905 0.56795 
2.9025 0.578856 
2.91 0.545884 
2.9075 0.556956 
2.915 0.523549 
2.9125 0.534745 
2.92 0.501034 
2.9175 0.512309 
2.925 0.478429 
2.9225 0.489737 
2.93 0.455827 
2.9275 0.467122 
2.935 0.433323 
2.9325 0.444557 
2.94 0.411008 
2.9375 0.422136 
2.945 0.388972 
2.9425 0.39995 
2.95 0.367302 
2.9475 0.378087 
2.955 0.346078 
2.9525 0.35663 
2.96 0.325374 
2.9575 0.335657 
2.965 0.305254 
2.9625 0.315237 
2.97 0.285778 
2.9675 0.295433 
2.975 0.266993 
2.9725 0.276297 
2.98 0.248941 
2.9775 0.257873 
2.985 0.23165 
2.9825 0.240198 
2.99 0.215144 
2.9875 0.223298 
2.995 0.199437 
2.9925 0.20719 
3 0.184534 
2.9975 0.191884 
3.005 0.170434 
3.0025 0.177384 
3.01 0.157131 
3.0075 0.163683 
3.015 0.14461 
3.0125 0.150774 
3.02 0.132856 
3.0175 0.138639 
3.025 0.121845 
3.0225 0.127259 
3.03 0.111554 
3.0275 0.116612 
3.035 0.101955 
3.0325 0.10667 
3.04 0.0930188 
3.0375 0.0974059 
3.045 0.0847151 
3.0425 0.0887898 
3.05 0.077013 
3.0475 0.0807908 
3.055 0.0698811 
3.0525 0.0733777 
3.06 0.0632883 
3.0575 0.0665193 
3.065 0.0572039 
3.0625 0.0601844 
3.07 0.0515979 
3.0675 0.0543429 
3.075 0.0464412 
3.0725 0.0489651 
3.08 0.0417061 
3.0775 0.0440227 
3.085 0.0373658 
3.0825 0.0394882 
3.09 0.0333948 
3.0875 0.0353356 
3.095 0.0297691 
3.0925 0.0315402 
3.1 0.0264658 
3.0975 0.0280785 
3.105 0.0234633 
3.1025 0.0249282 
3.11 0.0207412 
3.1075 0.0220684 
3.115 0.0182802 
3.1125 0.0194792 
3.12 0.0160618 
3.1175 0.0171418 
3.125 0.0140687 
3.1225 0.0150382 
3.13 0.0122841 
3.1275 0.0131514 
3.135 0.010692 
3.1325 0.011465 
3.14 0.00927703 
3.1375 0.00996331 
3.145 0.00802441 
3.1425 0.00863133 
3.15 0.00691993 
3.1475 0.00745452 
3.155 0.00594998 
3.1525 0.00641897 
3.16 0.00510157 
3.1575 0.00551137 
3.165 0.00436236 
3.1625 0.00471906 
3.17 0.00372074 
3.1675 0.00403005 
3.175 0.00316585 
3.1725 0.0034331 
3.18 0.00268761 
3.1775 0.00291775 
3.185 0.00227678 
3.1825 0.00247432 
3.19 0.00192493 
3.1875 0.00209398 
3.195 0.00162444 
3.1925 0.00176871 
3.2 0.00136849 
3.1975 0.00149129 
3.205 0.001151 
3.2025 0.00125529 
3.21 0.000966599 
3.2075 0.00105497 
3.215 0.000810581 
3.2125 0.000885313 
3.22 0.000678825 
3.2175 0.000741905 
3.225 0.000567753 
3.2225 0.000620907 
3.23 0.000474273 
3.2275 0.00051899 
3.235 0.000395716 
3.2325 0.00043328 
3.24 0.000329796 
3.2375 0.000361306 
3.245 0.000274553 
3.2425 0.00030095 
3.25 0.000228319 
3.2475 0.000250404 
3.255 0.00018967 
3.2525 0.000208126 
3.26 0.000157401 
3.2575 0.000172806 
3.265 0.000130489 
3.2625 0.000143333 
3.27 0.000108069 
3.2675 0.000118766 
3.275 8.94113e-05 
3.2725 9.83106e-05 
3.28 7.39012e-05 
3.2775 8.12972e-05 
3.285 6.1021e-05 
3.2825 6.71613e-05 
3.29 5.03357e-05 
3.2875 5.54283e-05 
3.295 4.14803e-05 
3.2925 4.56996e-05 
3.3 3.41488e-05 
3.2975 3.76411e-05 
3.305 2.80851e-05 
3.3025 3.09727e-05 
3.31 2.3075e-05 
3.3075 2.54602e-05 
3.315 1.89396e-05 
3.3125 2.09079e-05 
3.32 1.55296e-05 
3.3175 1.71522e-05 
3.325 1.27207e-05 
3.3225 1.4057e-05 
3.33 1.04092e-05 
3.3275 1.15085e-05 
3.335 8.509e-06 
3.3325 9.41247e-06 
3.34 6.94849e-06 
3.3375 7.69025e-06 
3.345 5.66829e-06 
3.3425 6.27664e-06 
3.35 4.61912e-06 
3.3475 5.11755e-06 
3.355 3.76019e-06 
3.3525 4.16813e-06 
3.36 3.05774e-06 
3.3575 3.39127e-06 
3.365 2.48388e-06 
3.3625 2.75628e-06 
3.37 2.01556e-06 
3.3675 2.2378e-06 
3.375 1.63377e-06 
3.3725 1.8149e-06 
3.38 1.32288e-06 
3.3775 1.47033e-06 
3.385 1.06998e-06 
3.3825 1.18989e-06 
3.39 8.64477e-07 
3.3875 9.61884e-07 
3.395 6.97679e-07 
3.3925 7.76719e-07 
3.4 5.62442e-07 
3.3975 6.26508e-07 
3.405 4.52916e-07 
3.4025 5.04787e-07 
3.41 3.64312e-07 
3.4075 4.06262e-07 
3.415 2.92713e-07 
3.4125 3.26602e-07 
3.42 2.34921e-07 
3.4175 2.62266e-07 
3.425 1.88326e-07 
3.4225 2.10367e-07 
3.43 1.50802e-07 
3.4275 1.68547e-07 
3.435 1.20617e-07 
3.4325 1.34887e-07 
3.44 9.63634e-08 
3.4375 1.07826e-07 
3.445 7.68985e-08 
3.4425 8.60948e-08 
3.45 6.12947e-08 
3.4475 6.86646e-08 
3.455 4.88008e-08 
3.4525 5.47e-08 
3.46 3.88084e-08 
3.4575 4.3525e-08 
3.465 3.08262e-08 
3.4625 3.45928e-08 
3.47 2.44573e-08 
3.4675 2.74617e-08 
3.475 1.93815e-08 
3.4725 2.17751e-08 
3.48 1.53411e-08 
3.4775 1.72459e-08 
3.485 1.21288e-08 
3.4825 1.36427e-08 
3.49 9.57773e-09 
3.4875 1.07796e-08 
3.495 7.55433e-09 
3.4925 8.50732e-09 
3.5 5.95134e-09 
3.4975 6.70609e-09 
3.505 4.68293e-09 
3.5025 5.27995e-09 
3.51 3.68048e-09 
3.5075 4.15217e-09 
3.515 2.88917e-09 
3.5125 3.26139e-09 
3.52 2.26528e-09 
3.5175 2.55866e-09 
3.525 1.774e-09 
3.5225 2.00494e-09 
3.53 1.38759e-09 
3.5275 1.56918e-09 
3.535 1.08405e-09 
3.5325 1.22665e-09 
3.54 8.45897e-10 
3.5375 9.57743e-10 
3.545 6.59267e-10 
3.5425 7.46885e-10 
3.55 5.13194e-10 
3.5475 5.81749e-10 
3.555 3.99004e-10 
3.5525 4.52579e-10 
3.56 3.09848e-10 
3.5575 3.51664e-10 
3.565 2.40323e-10 
3.5625 2.72921e-10 
3.57 1.86172e-10 
3.5675 2.11553e-10 
3.575 1.44049e-10 
3.5725 1.63786e-10 
3.58 1.11321e-10 
3.5775 1.26651e-10 
3.585 8.59245e-11 
3.5825 9.78164e-11 
3.59 6.62414e-11 
3.5875 7.5455e-11 
3.595 5.10052e-11 
3.5925 5.81349e-11 
3.6 3.92257e-11 
3.5975 4.47361e-11 
3.605 3.013e-11 
3.6025 3.43835e-11 
3.61 2.31153e-11 
3.6075 2.63945e-11 
3.615 1.77121e-11 
3.6125 2.02371e-11 
3.62 1.35554e-11 
3.6175 1.54973e-11 
3.625 1.03615e-11 
3.6225 1.18531e-11 
3.63 7.91055e-12 
3.6275 9.05483e-12 
3.635 6.03198e-12 
3.6325 6.90873e-12 
3.64 4.59393e-12 
3.6375 5.26486e-12 
3.645 3.49445e-12 
3.6425 4.00725e-12 
3.65 2.65487e-12 
3.6475 3.04632e-12 
3.655 2.01455e-12 
3.6525 2.313e-12 
3.66 1.52681e-12 
3.6575 1.75407e-12 
3.665 1.15574e-12 
3.6625 1.32858e-12 
3.67 8.7379e-13 
3.6675 1.00508e-12 
3.675 6.59819e-13 
3.6725 7.59418e-13 
3.68 4.97637e-13 
3.6775 5.73104e-13 
3.685 3.74862e-13 
3.6825 4.31973e-13 
3.69 2.82034e-13 
3.6875 3.25201e-13 
3.695 2.11935e-13 
3.6925 2.44522e-13 
3.7 1.59066e-13 
3.6975 1.83635e-13 
3.705 1.1924e-13 
3.7025 1.37741e-13 
3.71 8.92765e-14 
3.7075 1.03191e-13 
3.715 6.67614e-14 
3.7125 7.72139e-14 
3.72 4.98639e-14 
3.7175 5.77059e-14 
3.725 3.71981e-14 
3.7225 4.30743e-14 
3.73 2.77158e-14 
3.7275 3.21135e-14 
3.735 2.06256e-14 
3.7325 2.39129e-14 
3.74 1.53307e-14 
3.7375 1.77848e-14 
3.745 1.13812e-14 
3.7425 1.32111e-14 
3.75 8.43902e-15 
3.7475 9.80177e-15 
3.755 6.24984e-15 
3.7525 7.26347e-15 
3.76 4.62298e-15 
3.7575 5.376e-15 
3.765 3.41547e-15 
3.7625 3.9742e-15 
3.77 2.52032e-15 
3.7675 2.93438e-15 
3.775 1.85753e-15 
3.7725 2.16401e-15 
3.78 1.3674e-15 
3.7775 1.59397e-15 
3.785 1.00538e-15 
3.7825 1.17267e-15 
3.79 7.38322e-16 
3.7875 8.61692e-16 
3.795 5.41551e-16 
3.7925 6.3242e-16 
3.8 3.96746e-16 
3.7975 4.63595e-16 
3.805 2.90312e-16 
3.8025 3.39431e-16 
3.81 2.12177e-16 
3.8075 2.48225e-16 
3.815 1.54887e-16 
3.8125 1.81309e-16 
3.82 1.1293e-16 
3.8175 1.32274e-16 
3.825 8.22415e-17 
3.8225 9.63859e-17 
3.83 5.98211e-17 
3.8275 7.01512e-17 
3.835 4.34613e-17 
3.8325 5.09965e-17 
3.84 3.15381e-17 
3.8375 3.70281e-17 
3.845 2.28589e-17 
3.8425 2.68539e-17 
3.85 1.65486e-17 
3.8475 1.94523e-17 
3.855 1.19662e-17 
3.8525 1.40741e-17 
3.86 8.64256e-18 
3.8575 1.01709e-17 
3.865 6.23473e-18 
3.8625 7.34161e-18 
3.87 4.49247e-18 
3.8675 5.29313e-18 
3.875 3.23331e-18 
3.8725 3.81177e-18 
3.88 2.32436e-18 
3.8775 2.7418e-18 
3.885 1.669e-18 
3.8825 1.96988e-18 
3.89 1.19704e-18 
3.8875 1.41365e-18 
3.895 8.57551e-19 
3.8925 1.01331e-18 
3.9 6.13643e-19 
3.8975 7.25516e-19 
3.905 4.38608e-19 
3.9025 5.18866e-19 
3.91 3.13146e-19 
3.9075 3.70655e-19 
3.915 2.2332e-19 
3.9125 2.64481e-19 
3.92 1.59083e-19 
3.9175 1.88509e-19 
3.925 1.13198e-19 
3.9225 1.34211e-19 
3.93 8.04596e-20 
3.9275 9.54475e-20 
3.935 5.71275e-20 
3.9325 6.78058e-20 
3.94 4.05178e-20 
3.9375 4.81172e-20 
3.945 2.8707e-20 
3.9425 3.41092e-20 
3.95 2.03179e-20 
3.9475 2.41538e-20 
3.955 1.43656e-20 
3.9525 1.70865e-20 
3.96 1.0147e-20 
3.9575 1.20748e-20 
3.965 7.16019e-21 
3.9625 8.52471e-21 
3.97 5.0478e-21 
3.9675 6.01257e-21 
3.975 3.55534e-21 
3.9725 4.23679e-21 
3.98 2.50196e-21 
3.9775 2.9828e-21 
3.985 1.7592e-21 
3.9825 2.09816e-21 
3.99 1.23598e-21 
3.9875 1.47469e-21 
3.995 8.67735e-22 
3.9925 1.0357e-21 
4 6.08799e-22 
3.9975 7.26878e-22 
4.005 4.26876e-22 
4.0025 5.09817e-22 
4.01 2.99162e-22 
4.0075 3.57376e-22 
4.015 2.0957e-22 
4.0125 2.504e-22 
4.02 1.46763e-22 
4.0175 1.75381e-22 
4.025 1.0276e-22 
4.0225 1.22807e-22 
4.03 7.19458e-23 
4.0275 8.59823e-23 
4.035 5.03771e-23 
4.0325 6.02012e-23 
4.04 3.52843e-23 
4.0375 4.21583e-23 
4.045 2.4725e-23 
4.0425 2.95341e-23 
4.05 1.73377e-23 
4.0475 2.07022e-23 
4.055 1.21689e-23 
4.0525 1.45231e-23 
4.06 8.55132e-24 
4.0575 1.01992e-23 
4.065 6.01809e-24 
4.0625 7.17221e-24 
4.07 4.2429e-24 
4.0675 5.05185e-24 
4.075 2.9977e-24 
4.0725 3.56531e-24 
4.08 2.12317e-24 
4.0775 2.52197e-24 
4.085 1.50802e-24 
4.0825 1.78867e-24 
4.09 1.07451e-24 
4.0875 1.2724e-24 
4.095 7.68329e-25 
4.0925 9.08185e-25 
4.1 5.51526e-25 
4.0975 6.5063e-25 
4.105 3.97561e-25 
4.1025 4.68e-25 
4.11 2.8786e-25 
4.1075 3.38096e-25 
4.115 2.09412e-25 
4.1125 2.45373e-25 
4.12 1.53087e-25 
4.1175 1.78936e-25 
4.125 1.12473e-25 
4.1225 1.31135e-25 
4.13 8.30511e-26 
4.1275 9.65873e-26 
4.135 6.16346e-26 
4.1325 7.15009e-26 
4.14 4.59669e-26 
4.1375 5.31947e-26 
4.145 3.44461e-26 
4.1425 3.97682e-26 
4.15 2.5931e-26 
4.1475 2.987e-26 
4.155 1.96051e-26 
4.1525 2.25354e-26 
4.16 1.4882e-26 
4.1575 1.70727e-26 
4.165 1.13385e-26 
4.1625 1.29842e-26 
4.17 8.6678e-27 
4.1675 9.90965e-27 
4.175 6.64613e-27 
4.1725 7.58723e-27 
4.18 5.10961e-27 
4.1775 5.82561e-27 
4.185 3.9375e-27 
4.1825 4.4842e-27 
4.19 3.0404e-27 
4.1875 3.45918e-27 
4.195 2.35172e-27 
4.1925 2.67345e-27 
4.2 1.82166e-27 
4.1975 2.06945e-27 
4.205 1.41274e-27 
4.2025 1.604e-27 
4.21 1.09665e-27 
4.2075 1.24457e-27 
4.215 8.51911e-28 
4.2125 9.66485e-28 
4.22 6.62153e-28 
4.2175 7.51018e-28 
4.225 5.14856e-28 
4.2225 5.83855e-28 
4.23 4.00417e-28 
4.2275 4.54035e-28 
4.235 3.11443e-28 
4.2325 3.53136e-28 
4.24 2.42233e-28 
4.2375 2.74669e-28 
4.245 1.88379e-28 
4.2425 2.1362e-28 
4.25 1.46465e-28 
4.2475 1.66111e-28 
4.255 1.13843e-28 
4.2525 1.29134e-28 
4.26 8.84543e-29 
4.2575 1.00354e-28 
4.265 6.86977e-29 
4.2625 7.7957e-29 
4.27 5.33279e-29 
4.2675 6.05306e-29 
4.275 4.13746e-29 
4.2725 4.69757e-29 
4.28 3.20822e-29 
4.2775 3.6436e-29 
4.285 2.48615e-29 
4.2825 2.82442e-29 
4.29 1.92536e-29 
4.2875 2.18804e-29 
4.295 1.49006e-29 
4.2925 1.69392e-29 
4.3 1.15237e-29 
4.2975 1.31049e-29 
4.305 8.90564e-30 
4.3025 1.01313e-29 
4.31 6.8773e-30 
4.3075 7.82675e-30 
4.315 5.30689e-30 
4.3125 6.04185e-30 
4.32 4.09191e-30 
4.3175 4.66042e-30 
4.325 3.1526e-30 
4.3225 3.59203e-30 
4.33 2.42696e-30 
4.3275 2.76636e-30 
4.335 1.86682e-30 
4.3325 2.12876e-30 
4.34 1.43477e-30 
4.3375 1.63677e-30 
4.345 1.10179e-30 
4.3425 1.25744e-30 
4.35 8.45377e-31 
4.3475 9.65207e-31 
4.355 6.48081e-31 
4.3525 7.40262e-31 
4.36 4.96402e-31 
4.3575 5.67254e-31 
4.365 3.79892e-31 
4.3625 4.34303e-31 
4.37 2.90473e-31 
4.3675 3.32223e-31 
4.375 2.21905e-31 
4.3725 2.53912e-31 
4.38 1.69373e-31 
4.3775 1.93889e-31 
4.385 1.29161e-31 
4.3825 1.47922e-31 
4.39 9.84067e-32 
4.3875 1.12752e-31 
4.395 7.49077e-32 
4.3925 8.58665e-32 
4.4 5.69681e-32 
4.3975 6.53322e-32 
4.405 4.32852e-32 
4.4025 4.96631e-32 
4.41 3.28584e-32 
4.4075 3.77174e-32 
4.415 2.49202e-32 
4.4125 2.86186e-32 
4.42 1.88822e-32 
4.4175 2.16946e-32 
4.425 1.42939e-32 
4.4225 1.64305e-32 
4.43 1.08103e-32 
4.4275 1.24321e-32 
4.435 8.16805e-33 
4.4325 9.39785e-33 
4.44 6.16578e-33 
4.4375 7.09747e-33 
4.445 4.64992e-33 
4.4425 5.35509e-33 
4.45 3.5034e-33 
4.4475 4.03662e-33 
4.455 2.63705e-33 
4.4525 3.03987e-33 
4.46 1.98304e-33 
4.4575 2.28705e-33 
4.465 1.4898e-33 
4.4625 1.71902e-33 
4.47 1.11816e-33 
4.4675 1.29082e-33 
4.475 8.38416e-34 
4.4725 9.6835e-34 
4.48 6.2805e-34 
4.4775 7.25735e-34 
4.485 4.7001e-34 
4.4825 5.43378e-34 
4.49 3.51395e-34 
4.4875 4.06446e-34 
4.495 2.62459e-34 
4.4925 3.03725e-34 
4.5 1.95839e-34 
4.4975 2.26742e-34 
4.505 1.45986e-34 
4.5025 1.69105e-34 
4.51 1.08717e-34 
4.5075 1.25996e-34 
4.515 8.08822e-35 
4.5125 9.37835e-35 
4.52 6.01145e-35 
4.5175 6.97378e-35 
4.525 4.46351e-35 
4.5225 5.1806e-35 
4.53 3.31086e-35 
4.5275 3.84469e-35 
4.535 2.45344e-35 
4.5325 2.85043e-35 
4.54 1.81625e-35 
4.5375 2.11119e-35 
4.545 1.34321e-35 
4.5425 1.56211e-35 
4.55 9.92376e-36 
4.5475 1.15468e-35 
4.555 7.32444e-36 
4.5525 8.52664e-36 
4.56 5.40054e-36 
4.5575 6.29011e-36 
4.565 3.97799e-36 
4.5625 4.63557e-36 
4.57 2.92721e-36 
4.5675 3.41281e-36 
4.575 2.15182e-36 
4.5725 2.51005e-36 
4.58 1.58023e-36 
4.5775 1.84424e-36 
4.585 1.1593e-36 
4.5825 1.35367e-36 
4.59 8.49638e-37 
4.5875 9.92587e-37 
4.595 6.22059e-37 
4.5925 7.27086e-37 
4.6 4.54977e-37 
4.5975 5.32063e-37 
4.605 3.32435e-37 
4.6025 3.88956e-37 
4.61 2.42651e-37 
4.6075 2.84052e-37 
4.615 1.76937e-37 
4.6125 2.0723e-37 
4.62 1.28888e-37 
4.6175 1.51031e-37 
4.625 9.37912e-38 
4.6225 1.09961e-37 
4.63 6.81822e-38 
4.6275 7.99778e-38 
4.635 4.9515e-38 
4.6325 5.81108e-38 
4.64 3.59219e-38 
4.6375 4.21795e-38 
4.645 2.60339e-38 
4.6425 3.05846e-38 
4.65 1.88484e-38 
4.6475 2.21544e-38 
4.655 1.36322e-38 
4.6525 1.60315e-38 
4.66 9.8495e-39 
4.6575 1.15889e-38 
4.665 7.10914e-39 
4.6625 8.3689e-39 
4.67 5.12596e-39 
4.6675 6.03739e-39 
4.675 3.69223e-39 
4.6725 4.35096e-39 
4.68 2.65679e-39 
4.6775 3.13239e-39 
4.685 1.90976e-39 
4.6825 2.25279e-39 
4.69 1.37138e-39 
4.6875 1.61853e-39 
4.695 9.83757e-40 
4.6925 1.16165e-39 
4.7 7.04975e-40 
4.6975 8.32883e-40 
4.705 5.04677e-40 
4.7025 5.96549e-40 
4.71 3.60917e-40 
4.7075 4.26838e-40 
4.715 2.57842e-40 
4.7125 3.05094e-40 
4.72 1.84016e-40 
4.7175 2.1785e-40 
4.725 1.31193e-40 
4.7225 1.55394e-40 
4.73 9.34369e-41 
4.7275 1.1073e-40 
4.735 6.64783e-41 
4.7325 7.88228e-41 
4.74 4.72493e-41 
4.7375 5.60519e-41 
4.745 3.35478e-41 
4.7425 3.98182e-41 
4.75 2.3795e-41 
4.7475 2.82571e-41 
4.755 1.68601e-41 
4.7525 2.00321e-41 
4.76 1.19341e-41 
4.7575 1.41866e-41 
4.765 8.4386e-42 
4.7625 1.00365e-41 
4.77 5.96081e-42 
4.7675 7.09317e-42 
4.775 4.20623e-42 
4.7725 5.00785e-42 
4.78 2.96507e-42 
4.7775 3.53197e-42 
4.785 2.088e-42 
4.7825 2.48848e-42 
4.79 1.46885e-42 
4.7875 1.75148e-42 
4.795 1.03224e-42 
4.7925 1.23149e-42 
4.8 7.2466e-43 
4.7975 8.64986e-43 
4.805 5.0821e-43 
4.8025 6.06933e-43 
4.81 3.56045e-43 
4.8075 4.25428e-43 
4.815 2.49185e-43 
4.8125 2.97896e-43 
4.82 1.74217e-43 
4.8175 2.08381e-43 
4.825 1.21679e-43 
4.8225 1.45615e-43 
4.83 8.48969e-44 
4.8275 1.0165e-43 
4.835 5.9173e-44 
4.8325 7.08859e-44 
4.84 4.12012e-44 
4.8375 4.9382e-44 
4.845 2.86582e-44 
4.8425 3.43662e-44 
4.85 1.99133e-44 
4.8475 2.38918e-44 
4.855 1.38227e-44 
4.8525 1.65928e-44 
4.86 9.58511e-45 
4.8575 1.15119e-44 
4.865 6.63981e-45 
4.8625 7.97862e-45 
4.87 4.59483e-45 
4.8675 5.52413e-45 
4.875 3.17642e-45 
4.8725 3.82081e-45 
4.88 2.19363e-45 
4.8775 2.63999e-45 
4.885 1.51336e-45 
4.8825 1.82223e-45 
4.89 1.04298e-45 
4.8875 1.2565e-45 
4.895 7.18073e-46 
4.8925 8.65514e-46 
4.9 4.93874e-46 
4.8975 5.95585e-46 
4.905 3.39328e-46 
4.9025 4.0942e-46 
4.91 2.32905e-46 
4.9075 2.81158e-46 
4.915 1.59697e-46 
4.9125 1.92881e-46 
4.92 1.09388e-46 
4.9175 1.32186e-46 
4.925 7.48518e-47 
4.9225 9.04976e-47 
4.93 5.11674e-47 
4.9275 6.1894e-47 
4.935 3.49419e-47 
4.9325 4.22883e-47 
4.94 2.38379e-47 
4.9375 2.8864e-47 
4.945 1.62468e-47 
4.9425 1.96818e-47 
4.95 1.1063e-47 
4.9475 1.3408e-47 
4.955 7.5274e-48 
4.9525 9.12622e-48 
4.96 5.11925e-48 
4.9575 6.20775e-48 
4.965 3.48207e-48 
4.9625 4.22164e-48 
4.97 2.37218e-48 
4.9675 2.87305e-48 
4.975 1.62353e-48 
4.9725 1.96074e-48 
4.98 1.12354e-48 
4.9775 1.34787e-48 
4.985 7.96662e-49 
4.9825 9.42054e-49 
4.99 5.93313e-49 
4.9875 6.81846e-49 
4.995 4.82525e-49 
4.9925 5.2769e-49 
5 4.47387e-49 
4.9975 4.56083e-49 
