0 8.12355e-06 
0.005 8.20276e-06 
0.0025 8.14333e-06 
0.01 8.44172e-06 
0.0075 8.30208e-06 
0.015 8.84447e-06 
0.0125 8.62226e-06 
0.02 9.41782e-06 
0.0175 9.10929e-06 
0.025 1.01714e-05 
0.0225 9.77138e-06 
0.03 1.1118e-05 
0.0275 1.06197e-05 
0.035 1.22733e-05 
0.0325 1.16684e-05 
0.04 1.36566e-05 
0.0375 1.29351e-05 
0.045 1.5291e-05 
0.0425 1.44408e-05 
0.05 1.72033e-05 
0.0475 1.62105e-05 
0.055 1.9425e-05 
0.0525 1.82733e-05 
0.06 2.19925e-05 
0.0575 2.06631e-05 
0.065 2.49472e-05 
0.0625 2.34186e-05 
0.07 2.83369e-05 
0.0675 2.65845e-05 
0.075 3.22159e-05 
0.0725 3.02116e-05 
0.08 3.66459e-05 
0.0775 3.43579e-05 
0.085 4.16969e-05 
0.0825 3.9089e-05 
0.09 4.74481e-05 
0.0875 4.44796e-05 
0.095 5.39892e-05 
0.0925 5.06139e-05 
0.1 6.14214e-05 
0.0975 5.75871e-05 
0.105 6.9859e-05 
0.1025 6.55068e-05 
0.11 7.94306e-05 
0.1075 7.44944e-05 
0.115 9.02816e-05 
0.1125 8.46864e-05 
0.12 0.000102575 
0.1175 9.6237e-05 
0.125 0.000116495 
0.1225 0.000109319 
0.13 0.000132249 
0.1275 0.000124129 
0.135 0.000150068 
0.1325 0.000140885 
0.14 0.000170215 
0.1375 0.000159833 
0.145 0.000192984 
0.1425 0.000181252 
0.15 0.000218703 
0.1475 0.000205452 
0.155 0.000247744 
0.1525 0.000232784 
0.16 0.000280524 
0.1575 0.000263639 
0.165 0.000317507 
0.1625 0.000298458 
0.17 0.000359219 
0.1675 0.000337737 
0.175 0.000406247 
0.1725 0.000382029 
0.18 0.00045925 
0.1775 0.000431958 
0.185 0.000518967 
0.1825 0.00048822 
0.19 0.000586225 
0.1875 0.000551598 
0.195 0.000661953 
0.1925 0.000622968 
0.2 0.00074719 
0.1975 0.000703313 
0.205 0.000843101 
0.2025 0.000793733 
0.21 0.000950991 
0.2075 0.000895461 
0.215 0.00107232 
0.2125 0.00100988 
0.22 0.00120872 
0.2175 0.00113853 
0.225 0.00136203 
0.2225 0.00128314 
0.23 0.00153429 
0.2275 0.00144565 
0.235 0.00172779 
0.2325 0.00162823 
0.24 0.00194509 
0.2375 0.00183329 
0.245 0.00218906 
0.2425 0.00206355 
0.25 0.0024629 
0.2475 0.00232203 
0.255 0.00277018 
0.2525 0.00261212 
0.26 0.0031149 
0.2575 0.0029376 
0.265 0.00350153 
0.2625 0.00330268 
0.27 0.00393503 
0.2675 0.00371208 
0.275 0.00442096 
0.2725 0.00417107 
0.28 0.00496552 
0.2775 0.0046855 
0.285 0.00557562 
0.2825 0.00526192 
0.29 0.00625894 
0.2875 0.00590761 
0.295 0.00702404 
0.2925 0.00663069 
0.3 0.00788046 
0.2975 0.0074402 
0.305 0.00883879 
0.3025 0.00834618 
0.31 0.00991077 
0.3075 0.00935979 
0.315 0.0111095 
0.3125 0.0104934 
0.32 0.0124494 
0.3175 0.0117608 
0.325 0.0139465 
0.3225 0.0131772 
0.33 0.0156185 
0.3275 0.0147594 
0.335 0.0174849 
0.3325 0.0165261 
0.34 0.0195674 
0.3375 0.0184978 
0.345 0.0218897 
0.3425 0.020697 
0.35 0.0244776 
0.3475 0.0231487 
0.355 0.0273599 
0.3525 0.0258801 
0.36 0.0305676 
0.3575 0.028921 
0.365 0.0341346 
0.3625 0.0323039 
0.37 0.0380978 
0.3675 0.0360642 
0.375 0.0424968 
0.3725 0.0402402 
0.38 0.0473747 
0.3775 0.0448731 
0.385 0.0527772 
0.3825 0.0500074 
0.39 0.0587532 
0.3875 0.0556904 
0.395 0.0653544 
0.3925 0.0619723 
0.4 0.072635 
0.3975 0.0689063 
0.405 0.0806515 
0.4025 0.0765477 
0.41 0.0894621 
0.4075 0.0849539 
0.415 0.0991257 
0.4125 0.0941835 
0.42 0.109702 
0.4175 0.104296 
0.425 0.121249 
0.4225 0.11535 
0.43 0.133822 
0.4275 0.127404 
0.435 0.147475 
0.4325 0.14051 
0.44 0.162253 
0.4375 0.15472 
0.445 0.178197 
0.4425 0.170077 
0.45 0.195336 
0.4475 0.186616 
0.455 0.21369 
0.4525 0.204361 
0.46 0.233262 
0.4575 0.223324 
0.465 0.254042 
0.4625 0.243503 
0.47 0.276002 
0.4675 0.264877 
0.475 0.299095 
0.4725 0.287411 
0.48 0.323252 
0.4775 0.311046 
0.485 0.348387 
0.4825 0.335704 
0.49 0.374392 
0.4875 0.361289 
0.495 0.40114 
0.4925 0.387682 
0.5 0.428489 
0.4975 0.414749 
0.505 0.456279 
0.5025 0.442339 
0.51 0.484344 
0.5075 0.470288 
0.515 0.512507 
0.5125 0.498424 
0.52 0.540592 
0.5175 0.52657 
0.525 0.568422 
0.5225 0.554549 
0.53 0.595829 
0.5275 0.582188 
0.535 0.622653 
0.5325 0.609323 
0.54 0.648749 
0.5375 0.6358 
0.545 0.673989 
0.5425 0.661483 
0.55 0.698262 
0.5475 0.686252 
0.555 0.72148 
0.5525 0.710008 
0.56 0.743572 
0.5575 0.73267 
0.565 0.764488 
0.5625 0.754179 
0.57 0.784199 
0.5675 0.774495 
0.575 0.802691 
0.5725 0.793597 
0.58 0.819968 
0.5775 0.811481 
0.585 0.836047 
0.5825 0.828155 
0.59 0.850956 
0.5875 0.843645 
0.595 0.864734 
0.5925 0.857984 
0.6 0.877428 
0.5975 0.871214 
0.605 0.889089 
0.6025 0.883384 
0.61 0.899772 
0.6075 0.894549 
0.615 0.909537 
0.6125 0.904766 
0.62 0.918441 
0.6175 0.914093 
0.625 0.926545 
0.6225 0.922589 
0.63 0.933906 
0.6275 0.930315 
0.635 0.940581 
0.6325 0.937326 
0.64 0.946625 
0.6375 0.943679 
0.645 0.95209 
0.6425 0.949427 
0.65 0.957024 
0.6475 0.95462 
0.655 0.961475 
0.6525 0.959307 
0.66 0.965485 
0.6575 0.963532 
0.665 0.969094 
0.6625 0.967337 
0.67 0.97234 
0.6675 0.97076 
0.675 0.975257 
0.6725 0.973837 
0.68 0.977875 
0.6775 0.976601 
0.685 0.980225 
0.6825 0.979082 
0.69 0.982333 
0.6875 0.981308 
0.695 0.984222 
0.6925 0.983303 
0.7 0.985913 
0.6975 0.985091 
0.705 0.987428 
0.7025 0.986692 
0.71 0.988784 
0.7075 0.988125 
0.715 0.989997 
0.7125 0.989407 
0.72 0.991081 
0.7175 0.990554 
0.725 0.99205 
0.7225 0.991579 
0.73 0.992916 
0.7275 0.992495 
0.735 0.99369 
0.7325 0.993314 
0.74 0.994381 
0.7375 0.994045 
0.745 0.994998 
0.7425 0.994698 
0.75 0.995548 
0.7475 0.995281 
0.755 0.996039 
0.7525 0.9958 
0.76 0.996477 
0.7575 0.996264 
0.765 0.996867 
0.7625 0.996678 
0.77 0.997215 
0.7675 0.997046 
0.775 0.997525 
0.7725 0.997375 
0.78 0.997802 
0.7775 0.997668 
0.785 0.998048 
0.7825 0.997928 
0.79 0.998267 
0.7875 0.998161 
0.795 0.998462 
0.7925 0.998367 
0.8 0.998636 
0.7975 0.998551 
0.805 0.99879 
0.8025 0.998715 
0.81 0.998927 
0.8075 0.998861 
0.815 0.999049 
0.8125 0.99899 
0.82 0.999158 
0.8175 0.999105 
0.825 0.999254 
0.8225 0.999207 
0.83 0.99934 
0.8275 0.999298 
0.835 0.999416 
0.8325 0.999379 
0.84 0.999483 
0.8375 0.999451 
0.845 0.999543 
0.8425 0.999514 
0.85 0.999596 
0.8475 0.99957 
0.855 0.999643 
0.8525 0.99962 
0.86 0.999685 
0.8575 0.999665 
0.865 0.999722 
0.8625 0.999704 
0.87 0.999755 
0.8675 0.999739 
0.875 0.999784 
0.8725 0.999769 
0.88 0.999809 
0.8775 0.999797 
0.885 0.999832 
0.8825 0.999821 
0.89 0.999852 
0.8875 0.999842 
0.895 0.999869 
0.8925 0.999861 
0.9 0.999885 
0.8975 0.999877 
0.905 0.999899 
0.9025 0.999892 
0.91 0.999911 
0.9075 0.999905 
0.915 0.999921 
0.9125 0.999916 
0.92 0.999931 
0.9175 0.999926 
0.925 0.999939 
0.9225 0.999935 
0.93 0.999946 
0.9275 0.999943 
0.935 0.999952 
0.9325 0.999949 
0.94 0.999958 
0.9375 0.999955 
0.945 0.999963 
0.9425 0.99996 
0.95 0.999967 
0.9475 0.999965 
0.955 0.99997 
0.9525 0.999968 
0.96 0.999973 
0.9575 0.999972 
0.965 0.999976 
0.9625 0.999974 
0.97 0.999978 
0.9675 0.999977 
0.975 0.999979 
0.9725 0.999979 
0.98 0.999981 
0.9775 0.99998 
0.985 0.999982 
0.9825 0.999981 
0.99 0.999983 
0.9875 0.999982 
0.995 0.999983 
0.9925 0.999983 
1 0.999983 
0.9975 0.999983 
1.005 0.999983 
1.0025 0.999983 
1.01 0.999982 
1.0075 0.999983 
1.015 0.999982 
1.0125 0.999982 
1.02 0.999981 
1.0175 0.999981 
1.025 0.999979 
1.0225 0.99998 
1.03 0.999978 
1.0275 0.999979 
1.035 0.999976 
1.0325 0.999977 
1.04 0.999973 
1.0375 0.999975 
1.045 0.999971 
1.0425 0.999972 
1.05 0.999968 
1.0475 0.999969 
1.055 0.999964 
1.0525 0.999966 
1.06 0.99996 
1.0575 0.999962 
1.065 0.999956 
1.0625 0.999958 
1.07 0.99995 
1.0675 0.999953 
1.075 0.999945 
1.0725 0.999948 
1.08 0.999938 
1.0775 0.999941 
1.085 0.999931 
1.0825 0.999935 
1.09 0.999923 
1.0875 0.999927 
1.095 0.999914 
1.0925 0.999918 
1.1 0.999903 
1.0975 0.999909 
1.105 0.999892 
1.1025 0.999898 
1.11 0.99988 
1.1075 0.999886 
1.115 0.999865 
1.1125 0.999873 
1.12 0.99985 
1.1175 0.999858 
1.125 0.999832 
1.1225 0.999841 
1.13 0.999813 
1.1275 0.999823 
1.135 0.999791 
1.1325 0.999802 
1.14 0.999767 
1.1375 0.99978 
1.145 0.999741 
1.1425 0.999754 
1.15 0.999711 
1.1475 0.999726 
1.155 0.999678 
1.1525 0.999695 
1.16 0.999642 
1.1575 0.99966 
1.165 0.999601 
1.1625 0.999622 
1.17 0.999556 
1.1675 0.999579 
1.175 0.999506 
1.1725 0.999532 
1.18 0.999451 
1.1775 0.999479 
1.185 0.999389 
1.1825 0.999421 
1.19 0.999321 
1.1875 0.999356 
1.195 0.999246 
1.1925 0.999285 
1.2 0.999163 
1.1975 0.999206 
1.205 0.99907 
1.2025 0.999118 
1.21 0.998968 
1.2075 0.99902 
1.215 0.998855 
1.2125 0.998913 
1.22 0.998729 
1.2175 0.998794 
1.225 0.99859 
1.2225 0.998662 
1.23 0.998437 
1.2275 0.998516 
1.235 0.998267 
1.2325 0.998354 
1.24 0.998079 
1.2375 0.998175 
1.245 0.997871 
1.2425 0.997978 
1.25 0.997641 
1.2475 0.997759 
1.255 0.997387 
1.2525 0.997517 
1.26 0.997106 
1.2575 0.99725 
1.265 0.996795 
1.2625 0.996955 
1.27 0.996452 
1.2675 0.996628 
1.275 0.996073 
1.2725 0.996267 
1.28 0.995654 
1.2775 0.995868 
1.285 0.99519 
1.2825 0.995428 
1.29 0.994679 
1.2875 0.994941 
1.295 0.994114 
1.2925 0.994403 
1.3 0.99349 
1.2975 0.99381 
1.305 0.992801 
1.3025 0.993154 
1.31 0.992041 
1.3075 0.99243 
1.315 0.991201 
1.3125 0.991631 
1.32 0.990275 
1.3175 0.99075 
1.325 0.989253 
1.3225 0.989777 
1.33 0.988126 
1.3275 0.988704 
1.335 0.986883 
1.3325 0.98752 
1.34 0.985513 
1.3375 0.986215 
1.345 0.984003 
1.3425 0.984776 
1.35 0.982338 
1.3475 0.983191 
1.355 0.980505 
1.3525 0.981444 
1.36 0.978487 
1.3575 0.97952 
1.365 0.976265 
1.3625 0.977403 
1.37 0.973821 
1.3675 0.975072 
1.375 0.971134 
1.3725 0.97251 
1.38 0.968181 
1.3775 0.969693 
1.385 0.964938 
1.3825 0.966598 
1.39 0.961379 
1.3875 0.9632 
1.395 0.957475 
1.3925 0.959472 
1.4 0.953197 
1.3975 0.955385 
1.405 0.948514 
1.4025 0.950909 
1.41 0.943392 
1.4075 0.94601 
1.415 0.937796 
1.4125 0.940655 
1.42 0.931689 
1.4175 0.934809 
1.425 0.925035 
1.4225 0.928433 
1.43 0.917793 
1.4275 0.92149 
1.435 0.909924 
1.4325 0.913939 
1.44 0.90139 
1.4375 0.905743 
1.445 0.892151 
1.4425 0.896861 
1.45 0.882169 
1.4475 0.887255 
1.455 0.871407 
1.4525 0.876888 
1.46 0.859834 
1.4575 0.865724 
1.465 0.847418 
1.4625 0.853733 
1.47 0.834137 
1.4675 0.840887 
1.475 0.819971 
1.4725 0.827165 
1.48 0.804909 
1.4775 0.812552 
1.485 0.78895 
1.4825 0.797042 
1.49 0.7721 
1.4875 0.780635 
1.495 0.754376 
1.4925 0.763346 
1.5 0.73581 
1.4975 0.745196 
1.505 0.716443 
1.5025 0.726224 
1.51 0.69633 
1.5075 0.706476 
1.515 0.675539 
1.5125 0.686014 
1.52 0.65415 
1.5175 0.664914 
1.525 0.632256 
1.5225 0.64326 
1.53 0.609961 
1.5275 0.621152 
1.535 0.587377 
1.5325 0.598698 
1.54 0.564624 
1.5375 0.576014 
1.545 0.541829 
1.5425 0.553224 
1.55 0.519121 
1.5475 0.530456 
1.555 0.496629 
1.5525 0.50784 
1.56 0.474483 
1.5575 0.485505 
1.565 0.452806 
1.5625 0.463578 
1.57 0.431717 
1.5675 0.442181 
1.575 0.411328 
1.5725 0.421428 
1.58 0.391742 
1.5775 0.401429 
1.585 0.37305 
1.5825 0.382279 
1.59 0.355336 
1.5875 0.364066 
1.595 0.338672 
1.5925 0.346869 
1.6 0.323117 
1.5975 0.330752 
1.605 0.308725 
1.6025 0.315773 
1.61 0.295538 
1.6075 0.301979 
1.615 0.283588 
1.6125 0.289406 
1.62 0.272902 
1.6175 0.278085 
1.625 0.263498 
1.6225 0.268039 
1.63 0.255391 
1.6275 0.259282 
1.635 0.248587 
1.6325 0.251826 
1.64 0.243089 
1.6375 0.245674 
1.645 0.238894 
1.6425 0.240829 
1.65 0.235999 
1.6475 0.237285 
1.655 0.234391 
1.6525 0.235035 
1.66 0.23406 
1.6575 0.234067 
1.665 0.234988 
1.6625 0.234368 
1.67 0.237158 
1.6675 0.235919 
1.675 0.240547 
1.6725 0.238701 
1.68 0.245133 
1.6775 0.242692 
1.685 0.250891 
1.6825 0.247867 
1.69 0.257794 
1.6875 0.254201 
1.695 0.265816 
1.6925 0.261667 
1.7 0.274928 
1.6975 0.270238 
1.705 0.2851 
1.7025 0.279883 
1.71 0.2963 
1.7075 0.290573 
1.715 0.308496 
1.7125 0.302275 
1.72 0.321651 
1.7175 0.314956 
1.725 0.33573 
1.7225 0.328578 
1.73 0.350689 
1.7275 0.343102 
1.735 0.366486 
1.7325 0.358486 
1.74 0.383069 
1.7375 0.374682 
1.745 0.400387 
1.7425 0.39164 
1.75 0.418381 
1.7475 0.409303 
1.755 0.436986 
1.7525 0.427611 
1.76 0.456134 
1.7575 0.446497 
1.765 0.47575 
1.7625 0.465888 
1.77 0.495757 
1.7675 0.48571 
1.775 0.516069 
1.7725 0.50588 
1.78 0.536601 
1.7775 0.526313 
1.785 0.557263 
1.7825 0.546921 
1.79 0.577964 
1.7875 0.567614 
1.795 0.598612 
1.7925 0.5883 
1.8 0.619117 
1.7975 0.608888 
1.805 0.63939 
1.8025 0.629288 
1.81 0.659348 
1.8075 0.649414 
1.815 0.67891 
1.8125 0.669183 
1.82 0.698004 
1.8175 0.68852 
1.825 0.716562 
1.8225 0.707354 
1.83 0.734527 
1.8275 0.725622 
1.835 0.751848 
1.8325 0.743271 
1.84 0.768485 
1.8375 0.760255 
1.845 0.784405 
1.8425 0.776536 
1.85 0.799584 
1.8475 0.792088 
1.855 0.814008 
1.8525 0.806891 
1.86 0.827669 
1.8575 0.820934 
1.865 0.840567 
1.8625 0.834213 
1.87 0.85271 
1.8675 0.846732 
1.875 0.86411 
1.8725 0.858502 
1.88 0.874784 
1.8775 0.869536 
1.885 0.884754 
1.8825 0.879855 
1.89 0.894046 
1.8875 0.889483 
1.895 0.902686 
1.8925 0.898446 
1.9 0.910706 
1.8975 0.906772 
1.905 0.918135 
1.9025 0.914492 
1.91 0.925005 
1.9075 0.921638 
1.915 0.931349 
1.9125 0.928241 
1.92 0.937199 
1.9175 0.934334 
1.925 0.942585 
1.9225 0.939948 
1.93 0.947539 
1.9275 0.945114 
1.935 0.952089 
1.9325 0.949862 
1.94 0.956266 
1.9375 0.954222 
1.945 0.960095 
1.9425 0.958222 
1.95 0.963602 
1.9475 0.961887 
1.955 0.966813 
1.9525 0.965243 
1.96 0.96975 
1.9575 0.968315 
1.965 0.972435 
1.9625 0.971123 
1.97 0.974889 
1.9675 0.97369 
1.975 0.977129 
1.9725 0.976034 
1.98 0.979173 
1.9775 0.978174 
1.985 0.981038 
1.9825 0.980127 
1.99 0.98274 
1.9875 0.981909 
1.995 0.98429 
1.9925 0.983533 
2 0.985704 
1.9975 0.985013 
2.005 0.986991 
2.0025 0.986363 
2.01 0.988164 
2.0075 0.987592 
2.015 0.989233 
2.0125 0.988711 
2.02 0.990205 
2.0175 0.98973 
2.025 0.991091 
2.0225 0.990658 
2.03 0.991896 
2.0275 0.991503 
2.035 0.99263 
2.0325 0.992272 
2.04 0.993297 
2.0375 0.992971 
2.045 0.993904 
2.0425 0.993608 
2.05 0.994456 
2.0475 0.994187 
2.055 0.994959 
2.0525 0.994714 
2.06 0.995416 
2.0575 0.995193 
2.065 0.995831 
2.0625 0.995628 
2.07 0.996209 
2.0675 0.996025 
2.075 0.996552 
2.0725 0.996385 
2.08 0.996865 
2.0775 0.996712 
2.085 0.997149 
2.0825 0.99701 
2.09 0.997407 
2.0875 0.997281 
2.095 0.997641 
2.0925 0.997527 
2.1 0.997854 
2.0975 0.99775 
2.105 0.998048 
2.1025 0.997953 
2.11 0.998224 
2.1075 0.998138 
2.115 0.998383 
2.1125 0.998306 
2.12 0.998528 
2.1175 0.998458 
2.125 0.99866 
2.1225 0.998596 
2.13 0.998779 
2.1275 0.998721 
2.135 0.998887 
2.1325 0.998835 
2.14 0.998985 
2.1375 0.998938 
2.145 0.999074 
2.1425 0.999031 
2.15 0.999154 
2.1475 0.999115 
2.155 0.999227 
2.1525 0.999192 
2.16 0.999292 
2.1575 0.999261 
2.165 0.999351 
2.1625 0.999323 
2.17 0.999404 
2.1675 0.999379 
2.175 0.999452 
2.1725 0.999429 
2.18 0.999494 
2.1775 0.999474 
2.185 0.999532 
2.1825 0.999514 
2.19 0.999566 
2.1875 0.99955 
2.195 0.999596 
2.1925 0.999581 
2.2 0.999622 
2.1975 0.999609 
2.205 0.999644 
2.2025 0.999633 
2.21 0.999664 
2.2075 0.999654 
2.215 0.99968 
2.2125 0.999672 
2.22 0.999694 
2.2175 0.999687 
2.225 0.999705 
2.2225 0.9997 
2.23 0.999714 
2.2275 0.99971 
2.235 0.99972 
2.2325 0.999717 
2.24 0.999724 
2.2375 0.999722 
2.245 0.999726 
2.2425 0.999725 
2.25 0.999725 
2.2475 0.999726 
2.255 0.999723 
2.2525 0.999724 
2.26 0.999719 
2.2575 0.999721 
2.265 0.999713 
2.2625 0.999716 
2.27 0.999705 
2.2675 0.999709 
2.275 0.999695 
2.2725 0.9997 
2.28 0.999683 
2.2775 0.999689 
2.285 0.99967 
2.2825 0.999677 
2.29 0.999654 
2.2875 0.999662 
2.295 0.999637 
2.2925 0.999646 
2.3 0.999618 
2.2975 0.999628 
2.305 0.999598 
2.3025 0.999608 
2.31 0.999575 
2.3075 0.999587 
2.315 0.999551 
2.3125 0.999563 
2.32 0.999525 
2.3175 0.999538 
2.325 0.999497 
2.3225 0.999511 
2.33 0.999467 
2.3275 0.999482 
2.335 0.999435 
2.3325 0.999451 
2.34 0.999401 
2.3375 0.999418 
2.345 0.999366 
2.3425 0.999384 
2.35 0.999328 
2.3475 0.999347 
2.355 0.999288 
2.3525 0.999308 
2.36 0.999246 
2.3575 0.999268 
2.365 0.999202 
2.3625 0.999225 
2.37 0.999156 
2.3675 0.99918 
2.375 0.999108 
2.3725 0.999132 
2.38 0.999057 
2.3775 0.999083 
2.385 0.999004 
2.3825 0.999031 
2.39 0.998949 
2.3875 0.998977 
2.395 0.998891 
2.3925 0.99892 
2.4 0.99883 
2.3975 0.998861 
2.405 0.998767 
2.4025 0.998799 
2.41 0.998701 
2.4075 0.998735 
2.415 0.998633 
2.4125 0.998667 
2.42 0.998561 
2.4175 0.998597 
2.425 0.998486 
2.4225 0.998524 
2.43 0.998408 
2.4275 0.998448 
2.435 0.998327 
2.4325 0.998368 
2.44 0.998242 
2.4375 0.998285 
2.445 0.998154 
2.4425 0.998198 
2.45 0.998061 
2.4475 0.998108 
2.455 0.997964 
2.4525 0.998013 
2.46 0.997863 
2.4575 0.997914 
2.465 0.997757 
2.4625 0.997811 
2.47 0.997646 
2.4675 0.997703 
2.475 0.99753 
2.4725 0.997589 
2.48 0.997408 
2.4775 0.99747 
2.485 0.99728 
2.4825 0.997345 
2.49 0.997145 
2.4875 0.997214 
2.495 0.997003 
2.4925 0.997075 
2.5 0.996854 
2.4975 0.996929 
2.505 0.996696 
2.5025 0.996776 
2.51 0.996529 
2.5075 0.996613 
2.515 0.996352 
2.5125 0.996442 
2.52 0.996165 
2.5175 0.99626 
2.525 0.995966 
2.5225 0.996067 
2.53 0.995755 
2.5275 0.995862 
2.535 0.99553 
2.5325 0.995644 
2.54 0.995291 
2.5375 0.995413 
2.545 0.995036 
2.5425 0.995166 
2.55 0.994764 
2.5475 0.994902 
2.555 0.994473 
2.5525 0.994621 
2.56 0.994161 
2.5575 0.99432 
2.565 0.993828 
2.5625 0.993997 
2.57 0.99347 
2.5675 0.993652 
2.575 0.993086 
2.5725 0.993281 
2.58 0.992674 
2.5775 0.992884 
2.585 0.99223 
2.5825 0.992456 
2.59 0.991754 
2.5875 0.991996 
2.595 0.99124 
2.5925 0.991502 
2.6 0.990687 
2.5975 0.990969 
2.605 0.990091 
2.6025 0.990395 
2.61 0.989449 
2.6075 0.989776 
2.615 0.988755 
2.6125 0.989108 
2.62 0.988007 
2.6175 0.988388 
2.625 0.987198 
2.6225 0.98761 
2.63 0.986325 
2.6275 0.98677 
2.635 0.985382 
2.6325 0.985863 
2.64 0.984363 
2.6375 0.984883 
2.645 0.983262 
2.6425 0.983823 
2.65 0.982071 
2.6475 0.982678 
2.655 0.980784 
2.6525 0.98144 
2.66 0.979392 
2.6575 0.980101 
2.665 0.977887 
2.6625 0.978654 
2.67 0.97626 
2.6675 0.977089 
2.675 0.974501 
2.6725 0.975397 
2.68 0.972599 
2.6775 0.973568 
2.685 0.970543 
2.6825 0.971591 
2.69 0.968321 
2.6875 0.969454 
2.695 0.965921 
2.6925 0.967144 
2.7 0.963327 
2.6975 0.964649 
2.705 0.960526 
2.7025 0.961954 
2.71 0.957502 
2.7075 0.959043 
2.715 0.954238 
2.7125 0.955901 
2.72 0.950717 
2.7175 0.952511 
2.725 0.94692 
2.7225 0.948854 
2.73 0.942827 
2.7275 0.944911 
2.735 0.938417 
2.7325 0.940663 
2.74 0.93367 
2.7375 0.936087 
2.745 0.928562 
2.7425 0.931162 
2.75 0.923069 
2.7475 0.925865 
2.755 0.917168 
2.7525 0.920171 
2.76 0.910834 
2.7575 0.914057 
2.765 0.90404 
2.7625 0.907496 
2.77 0.89676 
2.7675 0.900462 
2.775 0.888967 
2.7725 0.892929 
2.78 0.880636 
2.7775 0.884871 
2.785 0.871739 
2.7825 0.87626 
2.79 0.86225 
2.7875 0.86707 
2.795 0.852144 
2.7925 0.857276 
2.8 0.841397 
2.7975 0.846852 
2.805 0.829986 
2.8025 0.835776 
2.81 0.817892 
2.8075 0.824026 
2.815 0.805095 
2.8125 0.811582 
2.82 0.791583 
2.8175 0.798429 
2.825 0.777343 
2.8225 0.784554 
2.83 0.76237 
2.8275 0.769948 
2.835 0.746661 
2.8325 0.754607 
2.84 0.730222 
2.8375 0.738533 
2.845 0.713063 
2.8425 0.721732 
2.85 0.695201 
2.8475 0.704219 
2.855 0.676659 
2.8525 0.686013 
2.86 0.657471 
2.8575 0.667144 
2.865 0.637675 
2.8625 0.647646 
2.87 0.617318 
2.8675 0.627563 
2.875 0.596457 
2.8725 0.606947 
2.88 0.575153 
2.8775 0.585856 
2.885 0.553476 
2.8825 0.564357 
2.89 0.531502 
2.8875 0.542521 
2.895 0.50931 
2.8925 0.520428 
2.9 0.486987 
2.8975 0.49816 
2.905 0.464619 
2.9025 0.475803 
2.91 0.442296 
2.9075 0.453447 
2.915 0.420107 
2.9125 0.431179 
2.92 0.398139 
2.9175 0.40909 
2.925 0.376477 
2.9225 0.387265 
2.93 0.355202 
2.9275 0.365787 
2.935 0.334388 
2.9325 0.344733 
2.94 0.314104 
2.9375 0.324176 
2.945 0.294411 
2.9425 0.30418 
2.95 0.275362 
2.9475 0.284803 
2.955 0.257002 
2.9525 0.266093 
2.96 0.239366 
2.9575 0.248091 
2.965 0.222484 
2.9625 0.23083 
2.97 0.206375 
2.9675 0.214332 
2.975 0.191051 
2.9725 0.198614 
2.98 0.176516 
2.9775 0.183685 
2.985 0.162769 
2.9825 0.169544 
2.99 0.149802 
2.9875 0.156188 
2.995 0.137601 
2.9925 0.143607 
3 0.126151 
2.9975 0.131784 
3.005 0.115429 
3.0025 0.1207 
3.01 0.105411 
3.0075 0.110333 
3.015 0.0960718 
3.0125 0.100658 
3.02 0.0873826 
3.0175 0.0916477 
3.025 0.0793143 
3.0225 0.0832727 
3.03 0.0718373 
3.0275 0.0755038 
3.035 0.0649215 
3.0325 0.0683111 
3.04 0.0585372 
3.0375 0.0616648 
3.045 0.052655 
3.0425 0.0555351 
3.05 0.0472463 
3.0475 0.0498932 
3.055 0.0422833 
3.0525 0.0447108 
3.06 0.0377394 
3.0575 0.0399606 
3.065 0.033589 
3.0625 0.0356166 
3.07 0.0298074 
3.0675 0.0316536 
3.075 0.0263713 
3.0725 0.0280476 
3.08 0.0232583 
3.0775 0.0247758 
3.085 0.0204468 
3.0825 0.0218161 
3.09 0.0179162 
3.0875 0.0191476 
3.095 0.0156468 
3.0925 0.0167501 
3.1 0.0136193 
3.0975 0.014604 
3.105 0.0118152 
3.1025 0.0126905 
3.11 0.0102165 
3.1075 0.0109912 
3.115 0.00880572 
3.1125 0.00948866 
3.12 0.00756616 
3.1175 0.00816557 
3.125 0.00648162 
3.1225 0.00700549 
3.13 0.00553664 
3.1275 0.00599262 
3.135 0.00471661 
3.1325 0.00511189 
3.14 0.00400775 
3.1375 0.00434911 
3.145 0.00339726 
3.1425 0.00369097 
3.15 0.0028733 
3.1475 0.00312516 
3.155 0.00242507 
3.1525 0.00264035 
3.16 0.00204278 
3.1575 0.00222625 
3.165 0.00171763 
3.1625 0.00187357 
3.17 0.0014418 
3.1675 0.001574 
3.175 0.00120835 
3.1725 0.00132017 
3.18 0.0010112 
3.1775 0.00110558 
3.185 0.000845033 
3.1825 0.000924545 
3.19 0.000705243 
3.1875 0.000772104 
3.195 0.000587841 
3.1925 0.00064397 
3.2 0.000489396 
3.1975 0.000536443 
3.205 0.000406969 
3.2025 0.000446347 
3.21 0.000338049 
3.2075 0.000370963 
3.215 0.000280499 
3.2125 0.000307973 
3.22 0.000232501 
3.2175 0.000255408 
3.225 0.000192518 
3.2225 0.000211594 
3.23 0.000159249 
3.2275 0.000175117 
3.235 0.000131598 
3.2325 0.000144783 
3.24 0.000108641 
3.2375 0.000119584 
3.245 8.96001e-05 
3.2425 9.86742e-05 
3.25 7.38244e-05 
3.2475 8.13405e-05 
3.255 6.0767e-05 
3.2525 6.69864e-05 
3.26 4.99704e-05 
3.2575 5.51116e-05 
3.265 4.1052e-05 
3.2625 4.52977e-05 
3.27 3.36925e-05 
3.2675 3.71952e-05 
3.275 2.76252e-05 
3.2725 3.05121e-05 
3.28 2.26283e-05 
3.2775 2.50053e-05 
3.285 1.85171e-05 
3.2825 2.04723e-05 
3.29 1.51378e-05 
3.2875 1.67444e-05 
3.295 1.23629e-05 
3.2925 1.36818e-05 
3.3 1.00866e-05 
3.2975 1.11682e-05 
3.305 8.22111e-06 
3.3025 9.10733e-06 
3.31 6.6939e-06 
3.3075 7.41924e-06 
3.315 5.44487e-06 
3.3125 6.03793e-06 
3.32 4.42438e-06 
3.3175 4.9088e-06 
3.325 3.59146e-06 
3.3225 3.98673e-06 
3.33 2.91234e-06 
3.3275 3.23454e-06 
3.335 2.35918e-06 
3.3325 2.62155e-06 
3.34 1.9091e-06 
3.3375 2.12252e-06 
3.345 1.54326e-06 
3.3425 1.71669e-06 
3.35 1.24622e-06 
3.3475 1.38699e-06 
3.355 1.00528e-06 
3.3525 1.11943e-06 
3.36 8.10065e-07 
3.3575 9.0253e-07 
3.365 6.5206e-07 
3.3625 7.26878e-07 
3.37 5.2431e-07 
3.3675 5.84784e-07 
3.375 4.21134e-07 
3.3725 4.69962e-07 
3.38 3.37896e-07 
3.3775 3.77277e-07 
3.385 2.70814e-07 
3.3825 3.02542e-07 
3.39 2.16814e-07 
3.3875 2.42347e-07 
3.395 1.73391e-07 
3.3925 1.93917e-07 
3.4 1.38512e-07 
3.3975 1.54994e-07 
3.405 1.10527e-07 
3.4025 1.23747e-07 
3.41 8.80981e-08 
3.4075 9.86908e-08 
3.415 7.01428e-08 
3.4125 7.86203e-08 
3.42 5.57847e-08 
3.4175 6.25618e-08 
3.425 4.4316e-08 
3.4225 4.97277e-08 
3.43 3.51657e-08 
3.4275 3.94821e-08 
3.435 2.78733e-08 
3.4325 3.13123e-08 
3.44 2.20683e-08 
3.4375 2.4805e-08 
3.445 1.74524e-08 
3.4425 1.96279e-08 
3.45 1.37864e-08 
3.4475 1.55137e-08 
3.455 1.08781e-08 
3.4525 1.22479e-08 
3.46 8.57352e-09 
3.4575 9.65867e-09 
3.465 6.74947e-09 
3.4625 7.6081e-09 
3.47 5.30742e-09 
3.4675 5.98602e-09 
3.475 4.16868e-09 
3.4725 4.70438e-09 
3.48 3.27051e-09 
3.4775 3.69291e-09 
3.485 2.5629e-09 
3.4825 2.89558e-09 
3.49 2.00608e-09 
3.4875 2.26778e-09 
3.495 1.56842e-09 
3.4925 1.77406e-09 
3.5 1.22483e-09 
3.4975 1.38622e-09 
3.505 9.55398e-10 
3.5025 1.08191e-09 
3.51 7.44372e-10 
3.5075 8.43431e-10 
3.515 5.79284e-10 
3.5125 6.56755e-10 
3.52 4.50286e-10 
3.5175 5.10802e-10 
3.525 3.49607e-10 
3.5225 3.96823e-10 
3.53 2.71123e-10 
3.5275 3.07918e-10 
3.535 2.10013e-10 
3.5325 2.38654e-10 
3.54 1.62487e-10 
3.5375 1.84754e-10 
3.545 1.25569e-10 
3.5425 1.42861e-10 
3.55 9.69262e-11 
3.5475 1.10338e-10 
3.555 7.47293e-11 
3.5525 8.51194e-11 
3.56 5.75483e-11 
3.5575 6.5588e-11 
3.565 4.42656e-11 
3.5625 5.04791e-11 
3.57 3.40087e-11 
3.5675 3.88053e-11 
3.575 2.60979e-11 
3.5725 2.97962e-11 
3.58 2.00038e-11 
3.5775 2.28519e-11 
3.585 1.53147e-11 
3.5825 1.75054e-11 
3.59 1.17111e-11 
3.5875 1.33942e-11 
3.595 8.94487e-12 
3.5925 1.02364e-11 
3.6 6.82405e-12 
3.5975 7.81395e-12 
3.605 5.19997e-12 
3.6025 5.95777e-12 
3.61 3.95776e-12 
3.6075 4.53719e-12 
3.615 3.00876e-12 
3.6125 3.45129e-12 
3.62 2.28464e-12 
3.6175 2.62219e-12 
3.625 1.73275e-12 
3.6225 1.98994e-12 
3.63 1.31264e-12 
3.6275 1.50835e-12 
3.635 9.9322e-13 
3.6325 1.14198e-12 
3.64 7.50647e-13 
3.6375 8.63581e-13 
3.645 5.66653e-13 
3.6425 6.52287e-13 
3.65 4.27257e-13 
3.6475 4.92114e-13 
3.655 3.21775e-13 
3.6525 3.70837e-13 
3.66 2.4205e-13 
3.6575 2.7912e-13 
3.665 1.81866e-13 
3.6625 2.09841e-13 
3.67 1.36486e-13 
3.6675 1.57573e-13 
3.675 1.0231e-13 
3.6725 1.18186e-13 
3.68 7.66015e-14 
3.6775 8.85399e-14 
3.685 5.72863e-14 
3.6825 6.62531e-14 
3.69 4.27914e-14 
3.6875 4.95183e-14 
3.695 3.19269e-14 
3.6925 3.69674e-14 
3.7 2.3793e-14 
3.6975 2.75654e-14 
3.705 1.77107e-14 
3.7025 2.05307e-14 
3.71 1.31679e-14 
3.7075 1.52735e-14 
3.715 9.77895e-15 
3.7125 1.13492e-14 
3.72 7.25377e-15 
3.7175 8.42344e-15 
3.725 5.3744e-15 
3.7225 6.24465e-15 
3.73 3.97735e-15 
3.7275 4.62406e-15 
3.735 2.94004e-15 
3.7325 3.42007e-15 
3.74 2.17076e-15 
3.7375 2.52664e-15 
3.745 1.60091e-15 
3.7425 1.86445e-15 
3.75 1.1793e-15 
3.7475 1.37422e-15 
3.755 8.67715e-16 
3.7525 1.01172e-15 
3.76 6.37724e-16 
3.7575 7.43987e-16 
3.765 4.68154e-16 
3.7625 5.46476e-16 
3.77 3.4328e-16 
3.7675 4.00939e-16 
3.775 2.51426e-16 
3.7725 2.93825e-16 
3.78 1.83941e-16 
3.7775 2.15082e-16 
3.785 1.34416e-16 
3.7825 1.57262e-16 
3.79 9.81137e-17 
3.7875 1.14855e-16 
3.795 7.15349e-17 
3.7925 8.37882e-17 
3.8 5.20974e-17 
3.7975 6.10556e-17 
3.805 3.78988e-17 
3.8025 4.44405e-17 
3.81 2.7539e-17 
3.8075 3.23106e-17 
3.815 1.99888e-17 
3.8125 2.34653e-17 
3.82 1.44925e-17 
3.8175 1.70225e-17 
3.825 1.04959e-17 
3.8225 1.2335e-17 
3.83 7.59313e-18 
3.8275 8.92849e-18 
3.835 5.48716e-18 
3.8325 6.45566e-18 
3.84 3.96099e-18 
3.8375 4.66264e-18 
3.845 2.85623e-18 
3.8425 3.36398e-18 
3.85 2.05741e-18 
3.8475 2.42444e-18 
3.855 1.48044e-18 
3.8525 1.74546e-18 
3.86 1.06417e-18 
3.8575 1.25532e-18 
3.865 7.64155e-19 
3.8625 9.01878e-19 
3.87 5.4817e-19 
3.8675 6.47292e-19 
3.875 3.92842e-19 
3.8725 4.64106e-19 
3.88 2.81254e-19 
3.8775 3.32436e-19 
3.885 2.01172e-19 
3.8825 2.37893e-19 
3.89 1.43759e-19 
3.8875 1.70078e-19 
3.895 1.02639e-19 
3.8925 1.21484e-19 
3.9 7.32183e-20 
3.8975 8.66981e-20 
3.905 5.21877e-20 
3.9025 6.18208e-20 
3.91 3.71688e-20 
3.9075 4.40465e-20 
3.915 2.64528e-20 
3.9125 3.13589e-20 
3.92 1.88136e-20 
3.9175 2.23102e-20 
3.925 1.33723e-20 
3.9225 1.58623e-20 
3.93 9.4996e-21 
3.9275 1.12714e-20 
3.935 6.74535e-21 
3.9325 8.00524e-21 
3.94 4.78789e-21 
3.9375 5.68314e-21 
3.945 3.39757e-21 
3.9425 4.03333e-21 
3.95 2.41061e-21 
3.9475 2.86186e-21 
3.955 1.71031e-21 
3.9525 2.03046e-21 
3.96 1.21361e-21 
3.9575 1.44067e-21 
3.965 8.61408e-22 
3.9625 1.0224e-21 
3.97 6.11703e-22 
3.9675 7.2584e-22 
3.975 4.34672e-22 
3.9725 5.15592e-22 
3.98 3.09148e-22 
3.9775 3.66528e-22 
3.985 2.2012e-22 
3.9825 2.60821e-22 
3.99 1.56946e-22 
3.9875 1.85831e-22 
3.995 1.12087e-22 
3.9925 1.32603e-22 
4 8.02062e-23 
3.9975 9.47907e-23 
4.005 5.7522e-23 
4.0025 6.79028e-23 
4.01 4.13589e-23 
4.0075 4.87586e-23 
4.015 2.9823e-23 
4.0125 3.51069e-23 
4.02 2.15732e-23 
4.0175 2.53541e-23 
4.025 1.56598e-23 
4.0225 1.83718e-23 
4.03 1.14102e-23 
4.0275 1.33606e-23 
4.035 8.34726e-24 
4.0325 9.75422e-24 
4.04 6.1324e-24 
4.0375 7.15072e-24 
4.045 4.5251e-24 
4.0425 5.26483e-24 
4.05 3.35422e-24 
4.0475 3.89367e-24 
4.055 2.49775e-24 
4.0525 2.89279e-24 
4.06 1.86854e-24 
4.0575 2.15911e-24 
4.065 1.40422e-24 
4.0625 1.61891e-24 
4.07 1.05999e-24 
4.0675 1.21935e-24 
4.075 8.03592e-25 
4.0725 9.22441e-25 
4.08 6.11716e-25 
4.0775 7.00768e-25 
4.085 4.6746e-25 
4.0825 5.34493e-25 
4.09 3.58513e-25 
4.0875 4.09199e-25 
4.095 2.75874e-25 
4.0925 3.14364e-25 
4.1 2.12928e-25 
4.0975 2.42278e-25 
4.105 1.64795e-25 
4.1025 1.87261e-25 
4.11 1.27855e-25 
4.1075 1.45112e-25 
4.115 9.94091e-26 
4.1125 1.1271e-25 
4.12 7.74378e-26 
4.1175 8.7719e-26 
4.125 6.04207e-26 
4.1225 6.83891e-26 
4.13 4.72083e-26 
4.1275 5.33989e-26 
4.135 3.69278e-26 
4.1325 4.17472e-26 
4.14 2.89136e-26 
4.1375 3.26724e-26 
4.145 2.2656e-26 
4.1425 2.5592e-26 
4.15 1.77633e-26 
4.1475 2.00597e-26 
4.155 1.39333e-26 
4.1525 1.57314e-26 
4.16 1.09325e-26 
4.1575 1.23416e-26 
4.165 8.57954e-27 
4.1625 9.68465e-27 
4.17 6.73351e-27 
4.1675 7.60064e-27 
4.175 5.28456e-27 
4.1725 5.96524e-27 
4.18 4.14696e-27 
4.1775 4.68141e-27 
4.185 3.25366e-27 
4.1825 3.67335e-27 
4.19 2.55214e-27 
4.1875 2.88172e-27 
4.195 2.00125e-27 
4.1925 2.26006e-27 
4.2 1.5687e-27 
4.1975 1.77191e-27 
4.205 1.22914e-27 
4.2025 1.38865e-27 
4.21 9.62641e-28 
4.2075 1.08782e-27 
4.215 7.53555e-28 
4.2125 8.51758e-28 
4.22 5.89573e-28 
4.2175 6.66584e-28 
4.225 4.61019e-28 
4.2225 5.21385e-28 
4.23 3.60287e-28 
4.2275 4.07582e-28 
4.235 2.81394e-28 
4.2325 3.1843e-28 
4.24 2.19639e-28 
4.2375 2.48625e-28 
4.245 1.71325e-28 
4.2425 1.93999e-28 
4.25 1.3355e-28 
4.2475 1.51275e-28 
4.255 1.04033e-28 
4.2525 1.17881e-28 
4.26 8.09828e-29 
4.2575 9.17949e-29 
4.265 6.2995e-29 
4.2625 7.14311e-29 
4.27 4.8967e-29 
4.2675 5.55448e-29 
4.275 3.80348e-29 
4.2725 4.316e-29 
4.28 2.95211e-29 
4.2775 3.35117e-29 
4.285 2.28956e-29 
4.2825 2.60006e-29 
4.29 1.77435e-29 
4.2875 2.01575e-29 
4.295 1.37399e-29 
4.2925 1.56154e-29 
4.3 1.06313e-29 
4.2975 1.20873e-29 
4.305 8.21948e-30 
4.3025 9.34887e-30 
4.31 6.34965e-30 
4.3075 7.22504e-30 
4.315 4.90118e-30 
4.3125 5.57916e-30 
4.32 3.78002e-30 
4.3175 4.30469e-30 
4.325 2.91291e-30 
4.3225 3.3186e-30 
4.33 2.24283e-30 
4.3275 2.55627e-30 
4.335 1.72544e-30 
4.3325 1.9674e-30 
4.34 1.32627e-30 
4.3375 1.5129e-30 
4.345 1.01857e-30 
4.3425 1.16241e-30 
4.35 7.81588e-31 
4.3475 8.92341e-31 
4.355 5.99219e-31 
4.3525 6.84428e-31 
4.36 4.59e-31 
4.3575 5.245e-31 
4.365 3.51284e-31 
4.3625 4.0159e-31 
4.37 2.68608e-31 
4.3675 3.0721e-31 
4.375 2.05207e-31 
4.3725 2.34802e-31 
4.38 1.5663e-31 
4.3775 1.793e-31 
4.385 1.19445e-31 
4.3825 1.36795e-31 
4.39 9.10054e-32 
4.3875 1.04272e-31 
4.395 6.92741e-32 
4.3925 7.94086e-32 
4.4 5.26838e-32 
4.3975 6.04189e-32 
4.405 4.00299e-32 
4.4025 4.59282e-32 
4.41 3.03871e-32 
4.4075 3.48808e-32 
4.415 2.30459e-32 
4.4125 2.64661e-32 
4.42 1.74619e-32 
4.4175 2.00628e-32 
4.425 1.32185e-32 
4.4225 1.51945e-32 
4.43 9.99696e-33 
4.4275 1.14968e-32 
4.435 7.5534e-33 
4.4325 8.69071e-33 
4.44 5.70173e-33 
4.4375 6.56334e-33 
4.445 4.2999e-33 
4.4425 4.95203e-33 
4.45 3.23964e-33 
4.4475 3.73274e-33 
4.455 2.43848e-33 
4.4525 2.81098e-33 
4.46 1.83369e-33 
4.4575 2.11482e-33 
4.465 1.37757e-33 
4.4625 1.58954e-33 
4.47 1.03391e-33 
4.4675 1.19357e-33 
4.475 7.75233e-34 
4.4725 8.95383e-34 
4.48 5.80711e-34 
4.4775 6.71039e-34 
4.485 4.34576e-34 
4.4825 5.02417e-34 
4.49 3.24898e-34 
4.4875 3.75801e-34 
4.495 2.42663e-34 
4.4925 2.80819e-34 
4.5 1.81065e-34 
4.4975 2.09639e-34 
4.505 1.34971e-34 
4.5025 1.56347e-34 
4.51 1.00512e-34 
4.5075 1.16488e-34 
4.515 7.47764e-35 
4.5125 8.67046e-35 
4.52 5.55755e-35 
4.5175 6.44727e-35 
4.525 4.1264e-35 
4.5225 4.78938e-35 
4.53 3.06076e-35 
4.5275 3.55428e-35 
4.535 2.26806e-35 
4.5325 2.63508e-35 
4.54 1.67898e-35 
4.5375 1.95165e-35 
4.545 1.24167e-35 
4.5425 1.44404e-35 
4.55 9.17339e-36 
4.5475 1.06738e-35 
4.555 6.77048e-36 
4.5525 7.88184e-36 
4.56 4.99199e-36 
4.5575 5.81433e-36 
4.565 3.67699e-36 
4.5625 4.28485e-36 
4.57 2.70566e-36 
4.5675 3.15454e-36 
4.575 1.98892e-36 
4.5725 2.32005e-36 
4.58 1.46057e-36 
4.5775 1.7046e-36 
4.585 1.0715e-36 
4.5825 1.25115e-36 
4.59 7.85269e-37 
4.5875 9.17397e-37 
4.595 5.7492e-37 
4.5925 6.71995e-37 
4.6 4.2049e-37 
4.5975 4.91739e-37 
4.605 3.0723e-37 
4.6025 3.5947e-37 
4.61 2.24249e-37 
4.6075 2.62513e-37 
4.615 1.63515e-37 
4.6125 1.91513e-37 
4.62 1.19108e-37 
4.6175 1.39573e-37 
4.625 8.66729e-38 
4.6225 1.01617e-37 
4.63 6.30062e-38 
4.6275 7.39071e-38 
4.635 4.57551e-38 
4.6325 5.36988e-38 
4.64 3.31935e-38 
4.6375 3.89762e-38 
4.645 2.4056e-38 
4.6425 2.82613e-38 
4.65 1.74161e-38 
4.6475 2.0471e-38 
4.655 1.2596e-38 
4.6525 1.4813e-38 
4.66 9.1006e-39 
4.6575 1.07079e-38 
4.665 6.56846e-39 
4.6625 7.7325e-39 
4.67 4.73601e-39 
4.6675 5.57816e-39 
4.675 3.41127e-39 
4.6725 4.01992e-39 
4.68 2.45456e-39 
4.6775 2.894e-39 
4.685 1.76436e-39 
4.6825 2.0813e-39 
4.69 1.26694e-39 
4.6875 1.49529e-39 
4.695 9.08818e-40 
4.6925 1.07317e-39 
4.7 6.51258e-40 
4.6975 7.69428e-40 
4.705 4.66211e-40 
4.7025 5.51088e-40 
4.71 3.33401e-40 
4.7075 3.94301e-40 
4.715 2.38179e-40 
4.7125 2.81831e-40 
4.72 1.69979e-40 
4.7175 2.01235e-40 
4.725 1.21183e-40 
4.7225 1.43539e-40 
4.73 8.63054e-41 
4.7275 1.0228e-40 
4.735 6.1403e-41 
4.7325 7.28059e-41 
4.74 4.3641e-41 
4.7375 5.1772e-41 
4.745 3.09851e-41 
4.7425 3.6777e-41 
4.75 2.19768e-41 
4.7475 2.60983e-41 
4.755 1.55715e-41 
4.7525 1.85012e-41 
4.76 1.10217e-41 
4.7575 1.31021e-41 
4.765 7.79326e-42 
4.7625 9.26907e-42 
4.77 5.50483e-42 
4.7675 6.55064e-42 
4.775 3.88438e-42 
4.7725 4.62472e-42 
4.78 2.73812e-42 
4.7775 3.26167e-42 
4.785 1.92813e-42 
4.7825 2.29799e-42 
4.79 1.35636e-42 
4.7875 1.61737e-42 
4.795 9.5316e-43 
4.7925 1.13716e-42 
4.8 6.6913e-43 
4.7975 7.98713e-43 
4.805 4.69255e-43 
4.8025 5.60418e-43 
4.81 3.28746e-43 
4.8075 3.92814e-43 
4.815 2.30073e-43 
4.8125 2.75052e-43 
4.82 1.60851e-43 
4.8175 1.92397e-43 
4.825 1.12341e-43 
4.8225 1.34441e-43 
4.83 7.83798e-44 
4.8275 9.38476e-44 
4.835 5.46293e-44 
4.8325 6.54435e-44 
4.84 3.80365e-44 
4.8375 4.55895e-44 
4.845 2.64563e-44 
4.8425 3.17261e-44 
4.85 1.83829e-44 
4.8475 2.20558e-44 
4.855 1.276e-44 
4.8525 1.53174e-44 
4.86 8.84799e-45 
4.8575 1.06267e-44 
4.865 6.12904e-45 
4.8625 7.36495e-45 
4.87 4.24126e-45 
4.8675 5.09912e-45 
4.875 2.93192e-45 
4.8725 3.52675e-45 
4.88 2.02472e-45 
4.8775 2.43675e-45 
4.885 1.3968e-45 
4.8825 1.6819e-45 
4.89 9.62628e-46 
4.8875 1.15971e-45 
4.895 6.62733e-46 
4.8925 7.98822e-46 
4.9 4.558e-46 
4.8975 5.49677e-46 
4.905 3.13161e-46 
4.9025 3.77852e-46 
4.91 2.14939e-46 
4.9075 2.59473e-46 
4.915 1.47374e-46 
4.9125 1.78e-46 
4.92 1.00945e-46 
4.9175 1.21984e-46 
4.925 6.90724e-47 
4.9225 8.35112e-47 
4.93 4.72155e-47 
4.9275 5.71143e-47 
4.935 3.22423e-47 
4.9325 3.90216e-47 
4.94 2.19956e-47 
4.9375 2.66336e-47 
4.945 1.49908e-47 
4.9425 1.81604e-47 
4.95 1.02075e-47 
4.9475 1.23713e-47 
4.955 6.9451e-48 
4.9525 8.42035e-48 
4.96 4.72311e-48 
4.9575 5.72745e-48 
4.965 3.21253e-48 
4.9625 3.8949e-48 
4.97 2.18849e-48 
4.9675 2.65061e-48 
4.975 1.49777e-48 
4.9725 1.80889e-48 
4.98 1.03647e-48 
4.9775 1.24344e-48 
4.985 7.34906e-49 
4.9825 8.69041e-49 
4.99 5.47303e-49 
4.9875 6.28979e-49 
4.995 4.45095e-49 
4.9925 4.86762e-49 
5 4.12678e-49 
4.9975 4.20701e-49 
