0 6.37336e-06 
0.005 6.43576e-06 
0.0025 6.38894e-06 
0.01 6.62403e-06 
0.0075 6.51401e-06 
0.015 6.94137e-06 
0.0125 6.76628e-06 
0.02 7.39315e-06 
0.0175 7.15003e-06 
0.025 7.98702e-06 
0.0225 7.67175e-06 
0.03 8.73301e-06 
0.0275 8.34028e-06 
0.035 9.64365e-06 
0.0325 9.16686e-06 
0.04 1.07342e-05 
0.0375 1.01654e-05 
0.045 1.20228e-05 
0.0425 1.13525e-05 
0.05 1.35309e-05 
0.0475 1.2748e-05 
0.055 1.52833e-05 
0.0525 1.43749e-05 
0.06 1.73088e-05 
0.0575 1.626e-05 
0.065 1.96403e-05 
0.0625 1.8434e-05 
0.07 2.23156e-05 
0.0675 2.09324e-05 
0.075 2.53777e-05 
0.0725 2.37954e-05 
0.08 2.88755e-05 
0.0775 2.70688e-05 
0.085 3.28645e-05 
0.0825 3.08048e-05 
0.09 3.74075e-05 
0.0875 3.50625e-05 
0.095 4.25757e-05 
0.0925 3.99087e-05 
0.1 4.84492e-05 
0.0975 4.54189e-05 
0.105 5.51187e-05 
0.1025 5.16784e-05 
0.11 6.26864e-05 
0.1075 5.87834e-05 
0.115 7.12674e-05 
0.1125 6.68425e-05 
0.12 8.09914e-05 
0.1175 7.59778e-05 
0.125 9.20044e-05 
0.1225 8.6327e-05 
0.13 0.000104471 
0.1275 9.80448e-05 
0.135 0.000118575 
0.1325 0.000111306 
0.14 0.000134525 
0.1375 0.000126305 
0.145 0.000152553 
0.1425 0.000143263 
0.15 0.000172923 
0.1475 0.000162428 
0.155 0.000195929 
0.1525 0.000184077 
0.16 0.000221901 
0.1575 0.000208522 
0.165 0.000251211 
0.1625 0.000236114 
0.17 0.000284274 
0.1675 0.000267245 
0.175 0.000321559 
0.1725 0.000302358 
0.18 0.00036359 
0.1775 0.000341946 
0.185 0.000410954 
0.1825 0.000386566 
0.19 0.000464311 
0.1875 0.000436839 
0.195 0.000524399 
0.1925 0.000493464 
0.2 0.000592046 
0.1975 0.000557222 
0.205 0.000668181 
0.2025 0.00062899 
0.21 0.000753842 
0.2075 0.00070975 
0.215 0.000850193 
0.2125 0.000800603 
0.22 0.000958538 
0.2175 0.000902779 
0.225 0.00108034 
0.2225 0.00101766 
0.23 0.00121722 
0.2275 0.00114678 
0.235 0.00137102 
0.2325 0.00129189 
0.24 0.00154378 
0.2375 0.0014549 
0.245 0.00173779 
0.2425 0.00163798 
0.25 0.00195561 
0.2475 0.00184355 
0.255 0.00220009 
0.2525 0.00207432 
0.26 0.00247443 
0.2575 0.00233331 
0.265 0.0027822 
0.2625 0.0026239 
0.27 0.0031274 
0.2675 0.00294986 
0.275 0.00351448 
0.2725 0.0033154 
0.28 0.0039484 
0.2775 0.00372525 
0.285 0.00443472 
0.2825 0.00418464 
0.29 0.00497961 
0.2875 0.00469943 
0.295 0.00558998 
0.2925 0.00527615 
0.3 0.00627351 
0.2975 0.00592209 
0.305 0.00703873 
0.3025 0.00664534 
0.31 0.00789518 
0.3075 0.00745492 
0.315 0.0088534 
0.3125 0.00836086 
0.32 0.00992516 
0.3175 0.00937431 
0.325 0.0111235 
0.3225 0.0105076 
0.33 0.0124628 
0.3275 0.0117746 
0.335 0.0139592 
0.3325 0.0131903 
0.34 0.0156302 
0.3375 0.0147717 
0.345 0.0174954 
0.3425 0.0165372 
0.35 0.0195764 
0.3475 0.0185075 
0.355 0.0218968 
0.3525 0.0207051 
0.36 0.0244826 
0.3575 0.0231548 
0.365 0.0273623 
0.3625 0.0258839 
0.37 0.030567 
0.3675 0.028922 
0.375 0.0341306 
0.3725 0.0323017 
0.38 0.0380898 
0.3775 0.0360584 
0.385 0.0424845 
0.3825 0.0402301 
0.39 0.0473573 
0.3875 0.0448583 
0.395 0.0527541 
0.3925 0.0499872 
0.4 0.0587237 
0.3975 0.0556641 
0.405 0.0653179 
0.4025 0.0619394 
0.41 0.0725907 
0.4075 0.068866 
0.415 0.0805987 
0.4125 0.0764992 
0.42 0.0893999 
0.4175 0.0848964 
0.425 0.0990534 
0.4225 0.0941164 
0.43 0.109619 
0.4275 0.104218 
0.435 0.121154 
0.4325 0.115261 
0.44 0.133715 
0.4375 0.127303 
0.445 0.147354 
0.4425 0.140397 
0.45 0.162119 
0.4475 0.154593 
0.455 0.178049 
0.4525 0.169936 
0.46 0.195173 
0.4575 0.18646 
0.465 0.213512 
0.4625 0.20419 
0.47 0.233069 
0.4675 0.223138 
0.475 0.253835 
0.4725 0.243302 
0.48 0.27578 
0.4775 0.264663 
0.485 0.298859 
0.4825 0.287182 
0.49 0.323003 
0.4875 0.310803 
0.495 0.348126 
0.4925 0.335449 
0.5 0.374121 
0.4975 0.361022 
0.505 0.40086 
0.5025 0.387406 
0.51 0.4282 
0.5075 0.414464 
0.515 0.455985 
0.5125 0.442048 
0.52 0.484046 
0.5175 0.469992 
0.525 0.512209 
0.5225 0.498126 
0.53 0.540294 
0.5275 0.526272 
0.535 0.568127 
0.5325 0.554253 
0.54 0.595539 
0.5375 0.581896 
0.545 0.62237 
0.5425 0.609037 
0.55 0.648475 
0.5475 0.635522 
0.555 0.673725 
0.5525 0.661214 
0.56 0.698011 
0.5575 0.685995 
0.565 0.721241 
0.5625 0.709763 
0.57 0.743347 
0.5675 0.732438 
0.575 0.764278 
0.5725 0.753962 
0.58 0.784003 
0.5775 0.774293 
0.585 0.802511 
0.5825 0.79341 
0.59 0.819803 
0.5875 0.811308 
0.595 0.835896 
0.5925 0.827998 
0.6 0.85082 
0.5975 0.843502 
0.605 0.864613 
0.6025 0.857855 
0.61 0.87732 
0.6075 0.871099 
0.615 0.888993 
0.6125 0.883282 
0.62 0.899689 
0.6175 0.89446 
0.625 0.909465 
0.6225 0.904688 
0.63 0.918379 
0.6275 0.914026 
0.635 0.926493 
0.6325 0.922533 
0.64 0.933863 
0.6375 0.930267 
0.645 0.940546 
0.6425 0.937287 
0.65 0.946597 
0.6475 0.943647 
0.655 0.952069 
0.6525 0.949402 
0.66 0.957009 
0.6575 0.954602 
0.665 0.961465 
0.6625 0.959295 
0.67 0.96548 
0.6675 0.963525 
0.675 0.969093 
0.6725 0.967334 
0.68 0.972342 
0.6775 0.970761 
0.685 0.975262 
0.6825 0.973841 
0.69 0.977884 
0.6875 0.976608 
0.695 0.980236 
0.6925 0.979092 
0.7 0.982345 
0.6975 0.981319 
0.705 0.984235 
0.7025 0.983316 
0.71 0.985928 
0.7075 0.985105 
0.715 0.987444 
0.7125 0.986707 
0.72 0.9888 
0.7175 0.988141 
0.725 0.990014 
0.7225 0.989424 
0.73 0.991098 
0.7275 0.990571 
0.735 0.992068 
0.7325 0.991597 
0.74 0.992934 
0.7375 0.992513 
0.745 0.993707 
0.7425 0.993331 
0.75 0.994398 
0.7475 0.994062 
0.755 0.995014 
0.7525 0.994715 
0.76 0.995564 
0.7575 0.995297 
0.765 0.996055 
0.7625 0.995817 
0.77 0.996492 
0.7675 0.99628 
0.775 0.996882 
0.7725 0.996693 
0.78 0.99723 
0.7775 0.997061 
0.785 0.997539 
0.7825 0.997389 
0.79 0.997815 
0.7875 0.997681 
0.795 0.99806 
0.7925 0.997941 
0.8 0.998279 
0.7975 0.998173 
0.805 0.998473 
0.8025 0.998379 
0.81 0.998646 
0.8075 0.998562 
0.815 0.9988 
0.8125 0.998725 
0.82 0.998937 
0.8175 0.99887 
0.825 0.999058 
0.8225 0.998999 
0.83 0.999166 
0.8275 0.999114 
0.835 0.999262 
0.8325 0.999215 
0.84 0.999347 
0.8375 0.999306 
0.845 0.999423 
0.8425 0.999386 
0.85 0.99949 
0.8475 0.999457 
0.855 0.999549 
0.8525 0.99952 
0.86 0.999602 
0.8575 0.999576 
0.865 0.999648 
0.8625 0.999626 
0.87 0.99969 
0.8675 0.99967 
0.875 0.999726 
0.8725 0.999708 
0.88 0.999759 
0.8775 0.999743 
0.885 0.999787 
0.8825 0.999773 
0.89 0.999813 
0.8875 0.9998 
0.895 0.999835 
0.8925 0.999824 
0.9 0.999855 
0.8975 0.999845 
0.905 0.999872 
0.9025 0.999864 
0.91 0.999887 
0.9075 0.99988 
0.915 0.999901 
0.9125 0.999894 
0.92 0.999913 
0.9175 0.999907 
0.925 0.999923 
0.9225 0.999918 
0.93 0.999932 
0.9275 0.999928 
0.935 0.99994 
0.9325 0.999937 
0.94 0.999947 
0.9375 0.999944 
0.945 0.999954 
0.9425 0.999951 
0.95 0.999959 
0.9475 0.999956 
0.955 0.999964 
0.9525 0.999961 
0.96 0.999967 
0.9575 0.999966 
0.965 0.999971 
0.9625 0.999969 
0.97 0.999974 
0.9675 0.999972 
0.975 0.999976 
0.9725 0.999975 
0.98 0.999978 
0.9775 0.999977 
0.985 0.99998 
0.9825 0.999979 
0.99 0.999981 
0.9875 0.99998 
0.995 0.999982 
0.9925 0.999981 
1 0.999982 
0.9975 0.999982 
1.005 0.999982 
1.0025 0.999982 
1.01 0.999982 
1.0075 0.999982 
1.015 0.999982 
1.0125 0.999982 
1.02 0.999981 
1.0175 0.999982 
1.025 0.99998 
1.0225 0.999981 
1.03 0.999979 
1.0275 0.99998 
1.035 0.999977 
1.0325 0.999978 
1.04 0.999975 
1.0375 0.999976 
1.045 0.999973 
1.0425 0.999974 
1.05 0.99997 
1.0475 0.999971 
1.055 0.999966 
1.0525 0.999968 
1.06 0.999963 
1.0575 0.999965 
1.065 0.999958 
1.0625 0.999961 
1.07 0.999953 
1.0675 0.999956 
1.075 0.999948 
1.0725 0.999951 
1.08 0.999942 
1.0775 0.999945 
1.085 0.999935 
1.0825 0.999938 
1.09 0.999927 
1.0875 0.999931 
1.095 0.999918 
1.0925 0.999922 
1.1 0.999908 
1.0975 0.999913 
1.105 0.999897 
1.1025 0.999903 
1.11 0.999885 
1.1075 0.999891 
1.115 0.999871 
1.1125 0.999878 
1.12 0.999856 
1.1175 0.999864 
1.125 0.999839 
1.1225 0.999848 
1.13 0.99982 
1.1275 0.99983 
1.135 0.999799 
1.1325 0.99981 
1.14 0.999776 
1.1375 0.999788 
1.145 0.99975 
1.1425 0.999763 
1.15 0.999721 
1.1475 0.999736 
1.155 0.999689 
1.1525 0.999705 
1.16 0.999654 
1.1575 0.999672 
1.165 0.999615 
1.1625 0.999635 
1.17 0.999572 
1.1675 0.999594 
1.175 0.999524 
1.1725 0.999548 
1.18 0.999471 
1.1775 0.999498 
1.185 0.999413 
1.1825 0.999443 
1.19 0.999348 
1.1875 0.999381 
1.195 0.999277 
1.1925 0.999314 
1.2 0.999199 
1.1975 0.999239 
1.205 0.999112 
1.2025 0.999156 
1.21 0.999017 
1.2075 0.999066 
1.215 0.998911 
1.2125 0.998965 
1.22 0.998796 
1.2175 0.998855 
1.225 0.998668 
1.2225 0.998733 
1.23 0.998528 
1.2275 0.9986 
1.235 0.998373 
1.2325 0.998452 
1.24 0.998203 
1.2375 0.99829 
1.245 0.998016 
1.2425 0.998112 
1.25 0.997811 
1.2475 0.997916 
1.255 0.997586 
1.2525 0.997701 
1.26 0.997338 
1.2575 0.997465 
1.265 0.997066 
1.2625 0.997205 
1.27 0.996767 
1.2675 0.99692 
1.275 0.99644 
1.2725 0.996607 
1.28 0.996081 
1.2775 0.996264 
1.285 0.995687 
1.2825 0.995888 
1.29 0.995255 
1.2875 0.995476 
1.295 0.994782 
1.2925 0.995024 
1.3 0.994264 
1.2975 0.994529 
1.305 0.993696 
1.3025 0.993987 
1.31 0.993075 
1.3075 0.993393 
1.315 0.992396 
1.3125 0.992743 
1.32 0.991652 
1.3175 0.992032 
1.325 0.990839 
1.3225 0.991255 
1.33 0.98995 
1.3275 0.990404 
1.335 0.988979 
1.3325 0.989475 
1.34 0.987918 
1.3375 0.98846 
1.345 0.986759 
1.3425 0.987351 
1.35 0.985495 
1.3475 0.986141 
1.355 0.984115 
1.3525 0.98482 
1.36 0.98261 
1.3575 0.983379 
1.365 0.98097 
1.3625 0.981808 
1.37 0.979183 
1.3675 0.980095 
1.375 0.977237 
1.3725 0.97823 
1.38 0.975119 
1.3775 0.9762 
1.385 0.972815 
1.3825 0.973991 
1.39 0.97031 
1.3875 0.971588 
1.395 0.96759 
1.3925 0.968978 
1.4 0.964637 
1.3975 0.966143 
1.405 0.961433 
1.4025 0.963067 
1.41 0.957962 
1.4075 0.959732 
1.415 0.954202 
1.4125 0.956119 
1.42 0.950136 
1.4175 0.952209 
1.425 0.945741 
1.4225 0.947981 
1.43 0.940997 
1.4275 0.943414 
1.435 0.935882 
1.4325 0.938487 
1.44 0.930373 
1.4375 0.933178 
1.445 0.92445 
1.4425 0.927465 
1.45 0.91809 
1.4475 0.921326 
1.455 0.911272 
1.4525 0.91474 
1.46 0.903975 
1.4575 0.907685 
1.465 0.89618 
1.4625 0.900141 
1.47 0.887868 
1.4675 0.89209 
1.475 0.879025 
1.4725 0.883514 
1.48 0.869638 
1.4775 0.8744 
1.485 0.859696 
1.4825 0.864737 
1.49 0.849193 
1.4875 0.854515 
1.495 0.838128 
1.4925 0.843731 
1.5 0.826504 
1.4975 0.832386 
1.505 0.81433 
1.5025 0.820485 
1.51 0.801621 
1.5075 0.808041 
1.515 0.788398 
1.5125 0.795072 
1.52 0.77469 
1.5175 0.781603 
1.525 0.760533 
1.5225 0.767665 
1.53 0.745971 
1.5275 0.7533 
1.535 0.731054 
1.5325 0.738553 
1.54 0.715841 
1.5375 0.723481 
1.545 0.700399 
1.5425 0.708144 
1.55 0.6848 
1.5475 0.692614 
1.555 0.669124 
1.5525 0.676967 
1.56 0.653456 
1.5575 0.661284 
1.565 0.637886 
1.5625 0.645653 
1.57 0.622508 
1.5675 0.630167 
1.575 0.607418 
1.5725 0.61492 
1.58 0.592715 
1.5775 0.600012 
1.585 0.578499 
1.5825 0.58554 
1.59 0.564868 
1.5875 0.571604 
1.595 0.551919 
1.5925 0.558302 
1.6 0.539749 
1.5975 0.545731 
1.605 0.528446 
1.6025 0.533983 
1.61 0.518099 
1.6075 0.523148 
1.615 0.508788 
1.6125 0.513309 
1.62 0.500587 
1.6175 0.504544 
1.625 0.493563 
1.6225 0.496924 
1.63 0.487776 
1.6275 0.490512 
1.635 0.483274 
1.6325 0.485361 
1.64 0.480099 
1.6375 0.481519 
1.645 0.47828 
1.6425 0.479018 
1.65 0.477836 
1.6475 0.477885 
1.655 0.478777 
1.6525 0.478133 
1.66 0.481099 
1.6575 0.479766 
1.665 0.484788 
1.6625 0.482774 
1.67 0.489819 
1.6675 0.487138 
1.675 0.496158 
1.6725 0.492828 
1.68 0.503757 
1.6775 0.499803 
1.685 0.512562 
1.6825 0.508013 
1.69 0.522509 
1.6875 0.517397 
1.695 0.533525 
1.6925 0.527888 
1.7 0.545529 
1.6975 0.539408 
1.705 0.558434 
1.7025 0.551874 
1.71 0.572148 
1.7075 0.565196 
1.715 0.586572 
1.7125 0.579277 
1.72 0.601604 
1.7175 0.594019 
1.725 0.61714 
1.7225 0.609316 
1.73 0.633073 
1.7275 0.625064 
1.735 0.649294 
1.7325 0.641154 
1.74 0.665698 
1.7375 0.65748 
1.745 0.682181 
1.7425 0.673936 
1.75 0.698641 
1.7475 0.69042 
1.755 0.714983 
1.7525 0.706833 
1.76 0.731116 
1.7575 0.723081 
1.765 0.746959 
1.7625 0.739079 
1.77 0.762436 
1.7675 0.754747 
1.775 0.777481 
1.7725 0.770016 
1.78 0.792038 
1.7775 0.784824 
1.785 0.806059 
1.7825 0.799118 
1.79 0.819506 
1.7875 0.812857 
1.795 0.83235 
1.7925 0.826005 
1.8 0.844571 
1.7975 0.83854 
1.805 0.856156 
1.8025 0.850444 
1.81 0.867101 
1.8075 0.861709 
1.815 0.877407 
1.8125 0.872334 
1.82 0.887082 
1.8175 0.882323 
1.825 0.896139 
1.8225 0.891687 
1.83 0.904595 
1.8275 0.900441 
1.835 0.912469 
1.8325 0.908603 
1.84 0.919784 
1.8375 0.916195 
1.845 0.926567 
1.8425 0.923241 
1.85 0.932842 
1.8475 0.929766 
1.855 0.938637 
1.8525 0.935798 
1.86 0.94398 
1.8575 0.941363 
1.865 0.948897 
1.8625 0.94649 
1.87 0.953417 
1.8675 0.951205 
1.875 0.957565 
1.8725 0.955536 
1.88 0.961368 
1.8775 0.959508 
1.885 0.96485 
1.8825 0.963148 
1.89 0.968035 
1.8875 0.966478 
1.895 0.970945 
1.8925 0.969523 
1.9 0.973603 
1.8975 0.972304 
1.905 0.976027 
1.9025 0.974843 
1.91 0.978236 
1.9075 0.977157 
1.915 0.980249 
1.9125 0.979266 
1.92 0.982081 
1.9175 0.981186 
1.925 0.983748 
1.9225 0.982934 
1.93 0.985264 
1.9275 0.984524 
1.935 0.986641 
1.9325 0.985969 
1.94 0.987893 
1.9375 0.987282 
1.945 0.98903 
1.9425 0.988475 
1.95 0.990061 
1.9475 0.989558 
1.955 0.990998 
1.9525 0.990541 
1.96 0.991847 
1.9575 0.991433 
1.965 0.992617 
1.9625 0.992242 
1.97 0.993316 
1.9675 0.992975 
1.975 0.993949 
1.9725 0.99364 
1.98 0.994523 
1.9775 0.994243 
1.985 0.995042 
1.9825 0.994789 
1.99 0.995513 
1.9875 0.995284 
1.995 0.99594 
1.9925 0.995732 
2 0.996326 
1.9975 0.996138 
2.005 0.996675 
2.0025 0.996505 
2.01 0.996992 
2.0075 0.996838 
2.015 0.997278 
2.0125 0.997139 
2.02 0.997538 
2.0175 0.997411 
2.025 0.997772 
2.0225 0.997658 
2.03 0.997985 
2.0275 0.997881 
2.035 0.998176 
2.0325 0.998083 
2.04 0.99835 
2.0375 0.998265 
2.045 0.998507 
2.0425 0.998431 
2.05 0.998649 
2.0475 0.99858 
2.055 0.998777 
2.0525 0.998715 
2.06 0.998893 
2.0575 0.998837 
2.065 0.998998 
2.0625 0.998947 
2.07 0.999093 
2.0675 0.999047 
2.075 0.999178 
2.0725 0.999136 
2.08 0.999255 
2.0775 0.999218 
2.085 0.999325 
2.0825 0.999291 
2.09 0.999387 
2.0875 0.999357 
2.095 0.999443 
2.0925 0.999416 
2.1 0.999494 
2.0975 0.99947 
2.105 0.99954 
2.1025 0.999518 
2.11 0.99958 
2.1075 0.999561 
2.115 0.999617 
2.1125 0.999599 
2.12 0.99965 
2.1175 0.999634 
2.125 0.999679 
2.1225 0.999665 
2.13 0.999704 
2.1275 0.999692 
2.135 0.999727 
2.1325 0.999716 
2.14 0.999747 
2.1375 0.999737 
2.145 0.999764 
2.1425 0.999756 
2.15 0.999779 
2.1475 0.999772 
2.155 0.999792 
2.1525 0.999786 
2.16 0.999802 
2.1575 0.999797 
2.165 0.999811 
2.1625 0.999807 
2.17 0.999818 
2.1675 0.999814 
2.175 0.999822 
2.1725 0.99982 
2.18 0.999826 
2.1775 0.999824 
2.185 0.999827 
2.1825 0.999826 
2.19 0.999827 
2.1875 0.999827 
2.195 0.999825 
2.1925 0.999826 
2.2 0.999822 
2.1975 0.999824 
2.205 0.999817 
2.2025 0.999819 
2.21 0.99981 
2.2075 0.999814 
2.215 0.999802 
2.2125 0.999806 
2.22 0.999792 
2.2175 0.999797 
2.225 0.999781 
2.2225 0.999787 
2.23 0.999768 
2.2275 0.999775 
2.235 0.999753 
2.2325 0.999761 
2.24 0.999736 
2.2375 0.999745 
2.245 0.999717 
2.2425 0.999727 
2.25 0.999697 
2.2475 0.999707 
2.255 0.999674 
2.2525 0.999686 
2.26 0.999649 
2.2575 0.999662 
2.265 0.999622 
2.2625 0.999636 
2.27 0.999592 
2.2675 0.999607 
2.275 0.99956 
2.2725 0.999576 
2.28 0.999525 
2.2775 0.999543 
2.285 0.999487 
2.2825 0.999507 
2.29 0.999447 
2.2875 0.999468 
2.295 0.999403 
2.2925 0.999425 
2.3 0.999356 
2.2975 0.99938 
2.305 0.999305 
2.3025 0.999331 
2.31 0.999251 
2.3075 0.999278 
2.315 0.999192 
2.3125 0.999222 
2.32 0.999129 
2.3175 0.999161 
2.325 0.999062 
2.3225 0.999096 
2.33 0.99899 
2.3275 0.999027 
2.335 0.998914 
2.3325 0.998953 
2.34 0.998831 
2.3375 0.998873 
2.345 0.998744 
2.3425 0.998788 
2.35 0.99865 
2.3475 0.998697 
2.355 0.99855 
2.3525 0.9986 
2.36 0.998443 
2.3575 0.998497 
2.365 0.998329 
2.3625 0.998386 
2.37 0.998207 
2.3675 0.998269 
2.375 0.998077 
2.3725 0.998143 
2.38 0.997939 
2.3775 0.998009 
2.385 0.997791 
2.3825 0.997866 
2.39 0.997634 
2.3875 0.997714 
2.395 0.997466 
2.3925 0.997551 
2.4 0.997287 
2.3975 0.997378 
2.405 0.997096 
2.4025 0.997193 
2.41 0.996893 
2.4075 0.996996 
2.415 0.996676 
2.4125 0.996786 
2.42 0.996445 
2.4175 0.996563 
2.425 0.996199 
2.4225 0.996324 
2.43 0.995936 
2.4275 0.996069 
2.435 0.995655 
2.4325 0.995798 
2.44 0.995356 
2.4375 0.995508 
2.445 0.995036 
2.4425 0.995198 
2.45 0.994695 
2.4475 0.994868 
2.455 0.99433 
2.4525 0.994515 
2.46 0.993941 
2.4575 0.994139 
2.465 0.993524 
2.4625 0.993736 
2.47 0.993079 
2.4675 0.993306 
2.475 0.992604 
2.4725 0.992846 
2.48 0.992095 
2.4775 0.992353 
2.485 0.99155 
2.4825 0.991827 
2.49 0.990967 
2.4875 0.991263 
2.495 0.990342 
2.4925 0.99066 
2.5 0.989673 
2.4975 0.990013 
2.505 0.988956 
2.5025 0.989321 
2.51 0.988188 
2.5075 0.988579 
2.515 0.987364 
2.5125 0.987783 
2.52 0.98648 
2.5175 0.98693 
2.525 0.985532 
2.5225 0.986014 
2.53 0.984514 
2.5275 0.985032 
2.535 0.983421 
2.5325 0.983977 
2.54 0.982248 
2.5375 0.982845 
2.545 0.980988 
2.5425 0.98163 
2.55 0.979635 
2.5475 0.980324 
2.555 0.978181 
2.5525 0.978921 
2.56 0.976619 
2.5575 0.977414 
2.565 0.974941 
2.5625 0.975795 
2.57 0.973137 
2.5675 0.974055 
2.575 0.971198 
2.5725 0.972185 
2.58 0.969115 
2.5775 0.970175 
2.585 0.966876 
2.5825 0.968015 
2.59 0.96447 
2.5875 0.965695 
2.595 0.961885 
2.5925 0.963201 
2.6 0.959108 
2.5975 0.960521 
2.605 0.956126 
2.6025 0.957643 
2.61 0.952923 
2.6075 0.954553 
2.615 0.949485 
2.6125 0.951234 
2.62 0.945796 
2.6175 0.947673 
2.625 0.941838 
2.6225 0.943851 
2.63 0.937595 
2.6275 0.939753 
2.635 0.933047 
2.6325 0.93536 
2.64 0.928176 
2.6375 0.930653 
2.645 0.922963 
2.6425 0.925614 
2.65 0.917385 
2.6475 0.920221 
2.655 0.911424 
2.6525 0.914454 
2.66 0.905057 
2.6575 0.908293 
2.665 0.898263 
2.6625 0.901715 
2.67 0.89102 
2.6675 0.894699 
2.675 0.883306 
2.6725 0.887223 
2.68 0.875099 
2.6775 0.879266 
2.685 0.866379 
2.6825 0.870805 
2.69 0.857125 
2.6875 0.86182 
2.695 0.847316 
2.6925 0.852291 
2.7 0.836934 
2.6975 0.842198 
2.705 0.825963 
2.7025 0.831523 
2.71 0.814386 
2.7075 0.820251 
2.715 0.80219 
2.7125 0.808366 
2.72 0.789365 
2.7175 0.795857 
2.725 0.775902 
2.7225 0.782714 
2.73 0.761796 
2.7275 0.768929 
2.735 0.747045 
2.7325 0.754501 
2.74 0.731653 
2.7375 0.739429 
2.745 0.715624 
2.7425 0.723717 
2.75 0.69897 
2.7475 0.707375 
2.755 0.681707 
2.7525 0.690414 
2.76 0.663855 
2.7575 0.672853 
2.765 0.645439 
2.7625 0.654715 
2.77 0.62649 
2.7675 0.636029 
2.775 0.607044 
2.7725 0.616827 
2.78 0.587143 
2.7775 0.597148 
2.785 0.566834 
2.7825 0.577037 
2.79 0.546168 
2.7875 0.556542 
2.795 0.525202 
2.7925 0.535719 
2.8 0.503997 
2.7975 0.514626 
2.805 0.482619 
2.8025 0.493326 
2.81 0.461136 
2.8075 0.471886 
2.815 0.439618 
2.8125 0.450377 
2.82 0.41814 
2.8175 0.428869 
2.825 0.396774 
2.8225 0.407438 
2.83 0.375595 
2.8275 0.386157 
2.835 0.354676 
2.8325 0.365099 
2.84 0.334087 
2.8375 0.344336 
2.845 0.313896 
2.8425 0.323938 
2.85 0.294167 
2.8475 0.30397 
2.855 0.274958 
2.8525 0.284494 
2.86 0.256324 
2.8575 0.265566 
2.865 0.238311 
2.8625 0.247237 
2.87 0.22096 
2.8675 0.22955 
2.875 0.204306 
2.8725 0.212544 
2.88 0.188376 
2.8775 0.196249 
2.885 0.17319 
2.8825 0.180689 
2.89 0.158763 
2.8875 0.165881 
2.895 0.145103 
2.8925 0.151837 
2.9 0.132212 
2.8975 0.138561 
2.905 0.120088 
2.9025 0.126055 
2.91 0.108723 
2.9075 0.114311 
2.915 0.0981054 
2.9125 0.103322 
2.92 0.0882208 
2.9175 0.0930726 
2.925 0.079051 
2.9225 0.0835478 
2.93 0.0705756 
2.9275 0.0747278 
2.935 0.0627719 
2.9325 0.0665912 
2.94 0.0556156 
2.9375 0.0591144 
2.945 0.0490806 
2.9425 0.0522721 
2.95 0.0431395 
2.9475 0.0460376 
2.955 0.0377634 
2.9525 0.0403826 
2.96 0.0329223 
2.9575 0.0352779 
2.965 0.0285851 
2.9625 0.0306927 
2.97 0.0247196 
2.9675 0.0265954 
2.975 0.0212928 
2.9725 0.0229534 
2.98 0.0182713 
2.9775 0.0197335 
2.985 0.0156212 
2.9825 0.0169019 
2.99 0.0133093 
2.9875 0.0144251 
2.995 0.0113024 
2.9925 0.0122697 
3 0.00956894 
2.9975 0.0104034 
3.005 0.00807847 
3.0025 0.00879516 
3.01 0.00680245 
3.0075 0.00741536 
3.015 0.00571438 
3.0125 0.00623649 
3.02 0.00478995 
3.0175 0.00523314 
3.025 0.00400717 
3.0225 0.00438214 
3.03 0.00334632 
3.0275 0.00366265 
3.035 0.00278993 
3.0325 0.00305608 
3.04 0.00232262 
3.0375 0.00254602 
3.045 0.00193098 
3.0425 0.0021181 
3.05 0.0016034 
3.0475 0.00175984 
3.055 0.00132989 
3.0525 0.00146045 
3.06 0.00110188 
3.0575 0.00121068 
3.065 0.000912072 
3.0625 0.00100261 
3.07 0.000754271 
3.0675 0.000829518 
3.075 0.000623234 
3.0725 0.0006857 
3.08 0.00051454 
3.0775 0.000566341 
3.085 0.000424469 
3.0825 0.000467384 
3.09 0.000349902 
3.0875 0.000385422 
3.095 0.000288224 
3.0925 0.000317597 
3.1 0.000237249 
3.0975 0.00026152 
3.105 0.000195153 
3.1025 0.000215192 
3.11 0.000160417 
3.1075 0.000176949 
3.115 0.000131774 
3.1125 0.000145404 
3.12 0.000108173 
3.1175 0.000119402 
3.125 8.87404e-05 
3.1225 9.79843e-05 
3.13 7.27503e-05 
3.1275 8.03552e-05 
3.135 5.96021e-05 
3.1325 6.58542e-05 
3.14 4.87978e-05 
3.1375 5.39345e-05 
3.145 3.99257e-05 
3.1425 4.4143e-05 
3.15 3.26449e-05 
3.1475 3.61052e-05 
3.155 2.6674e-05 
3.1525 2.95113e-05 
3.16 2.17807e-05 
3.1575 2.41055e-05 
3.165 1.7773e-05 
3.1625 1.96767e-05 
3.17 1.44929e-05 
3.1675 1.60507e-05 
3.175 1.18102e-05 
3.1725 1.30841e-05 
3.18 9.61737e-06 
3.1775 1.06584e-05 
3.185 7.8263e-06 
3.1825 8.67648e-06 
3.19 6.36435e-06 
3.1875 7.05818e-06 
3.195 5.17186e-06 
3.1925 5.7377e-06 
3.2 4.19983e-06 
3.1975 4.66098e-06 
3.205 3.40805e-06 
3.2025 3.78362e-06 
3.21 2.76356e-06 
3.2075 3.06921e-06 
3.215 2.23932e-06 
3.2125 2.4879e-06 
3.22 1.81321e-06 
3.2175 2.01522e-06 
3.225 1.4671e-06 
3.2225 1.63115e-06 
3.23 1.18617e-06 
3.2275 1.3193e-06 
3.235 9.58324e-07 
3.2325 1.06628e-06 
3.24 7.73659e-07 
3.2375 8.61135e-07 
3.245 6.24104e-07 
3.2425 6.94935e-07 
3.25 5.03074e-07 
3.2475 5.60384e-07 
3.255 4.05203e-07 
3.2525 4.51538e-07 
3.26 3.2612e-07 
3.2575 3.63552e-07 
3.265 2.62266e-07 
3.2625 2.92483e-07 
3.27 2.10748e-07 
3.2675 2.35123e-07 
3.275 1.69216e-07 
3.2725 1.88862e-07 
3.28 1.35761e-07 
3.2775 1.51583e-07 
3.285 1.08832e-07 
3.2825 1.21565e-07 
3.29 8.71743e-08 
3.2875 9.74128e-08 
3.295 6.97696e-08 
3.2925 7.79958e-08 
3.3 5.57942e-08 
3.2975 6.23982e-08 
3.305 4.45814e-08 
3.3025 4.98787e-08 
3.31 3.55924e-08 
3.3075 3.98382e-08 
3.315 2.83922e-08 
3.3125 3.17924e-08 
3.32 2.26296e-08 
3.3175 2.53503e-08 
3.325 1.80214e-08 
3.3225 2.01966e-08 
3.33 1.43394e-08 
3.3275 1.6077e-08 
3.335 1.13999e-08 
3.3325 1.27868e-08 
3.34 9.05525e-09 
3.3375 1.01613e-08 
3.345 7.18663e-09 
3.3425 8.06787e-09 
3.35 5.69866e-09 
3.3475 6.40023e-09 
3.355 4.51484e-09 
3.3525 5.07288e-09 
3.36 3.57382e-09 
3.3575 4.0173e-09 
3.365 2.82644e-09 
3.3625 3.17858e-09 
3.37 2.23339e-09 
3.3675 2.51275e-09 
3.375 1.76321e-09 
3.3725 1.98464e-09 
3.38 1.39077e-09 
3.3775 1.56613e-09 
3.385 1.09602e-09 
3.3825 1.23477e-09 
3.39 8.62962e-10 
3.3875 9.72642e-10 
3.395 6.78849e-10 
3.3925 7.65474e-10 
3.4 5.33534e-10 
3.3975 6.01888e-10 
3.405 4.18944e-10 
3.4025 4.72833e-10 
3.41 3.28666e-10 
3.4075 3.71111e-10 
3.415 2.57606e-10 
3.4125 2.91008e-10 
3.42 2.01725e-10 
3.4175 2.27985e-10 
3.425 1.5782e-10 
3.4225 1.78448e-10 
3.43 1.23358e-10 
3.4275 1.39545e-10 
3.435 9.63316e-11 
3.4325 1.09023e-10 
3.44 7.51568e-11 
3.4375 8.50977e-11 
3.445 5.8582e-11 
3.4425 6.63614e-11 
3.45 4.56201e-11 
3.4475 5.17023e-11 
3.455 3.5493e-11 
3.4525 4.02438e-11 
3.46 2.75883e-11 
3.4575 3.12956e-11 
3.465 2.1424e-11 
3.4625 2.43143e-11 
3.47 1.66214e-11 
3.4675 1.88727e-11 
3.475 1.28834e-11 
3.4725 1.46352e-11 
3.48 9.97661e-12 
3.4775 1.13385e-11 
3.485 7.71844e-12 
3.4825 8.7762e-12 
3.49 5.96579e-12 
3.4875 6.78654e-12 
3.495 4.60679e-12 
3.4925 5.24304e-12 
3.5 3.55403e-12 
3.4975 4.04678e-12 
3.505 2.73928e-12 
3.5025 3.12054e-12 
3.51 2.10934e-12 
3.5075 2.40404e-12 
3.515 1.62274e-12 
3.5125 1.85032e-12 
3.52 1.24722e-12 
3.5175 1.42281e-12 
3.525 9.57712e-13 
3.5225 1.09305e-12 
3.53 7.34721e-13 
3.5275 8.38934e-13 
3.535 5.63127e-13 
3.5325 6.433e-13 
3.54 4.31211e-13 
3.5375 4.9283e-13 
3.545 3.29893e-13 
3.5425 3.77207e-13 
3.55 2.52149e-13 
3.5475 2.88446e-13 
3.555 1.92552e-13 
3.5525 2.20369e-13 
3.56 1.46907e-13 
3.5575 1.68207e-13 
3.565 1.11982e-13 
3.5625 1.28275e-13 
3.57 8.52837e-14 
3.5675 9.77359e-14 
3.575 6.48931e-14 
3.5725 7.4401e-14 
3.58 4.93345e-14 
3.5775 5.65876e-14 
3.585 3.74737e-14 
3.5825 4.30016e-14 
3.59 2.844e-14 
3.5875 3.26492e-14 
3.595 2.15658e-14 
3.5925 2.47681e-14 
3.6 1.63396e-14 
3.5975 1.87736e-14 
3.605 1.23697e-14 
3.6025 1.42182e-14 
3.61 9.35688e-15 
3.6075 1.07594e-14 
3.615 7.07229e-15 
3.6125 8.13554e-15 
3.62 5.34141e-15 
3.6175 6.14678e-15 
3.625 4.03114e-15 
3.6225 4.64067e-15 
3.63 3.04007e-15 
3.6275 3.50101e-15 
3.635 2.29106e-15 
3.6325 2.63935e-15 
3.64 1.72543e-15 
3.6375 1.98839e-15 
3.645 1.2986e-15 
3.6425 1.49699e-15 
3.65 9.76765e-16 
3.6475 1.12633e-15 
3.655 7.34264e-16 
3.6525 8.46935e-16 
3.66 5.5167e-16 
3.6575 6.36492e-16 
3.665 4.14276e-16 
3.6625 4.78089e-16 
3.67 3.10957e-16 
3.6675 3.58936e-16 
3.675 2.33311e-16 
3.6725 2.69362e-16 
3.68 1.7499e-16 
3.6775 2.02065e-16 
3.685 1.31208e-16 
3.6825 1.51531e-16 
3.69 9.83568e-17 
3.6875 1.13604e-16 
3.695 7.37174e-17 
3.6925 8.51517e-17 
3.7 5.52445e-17 
3.6975 6.38163e-17 
3.705 4.13993e-17 
3.7025 4.78232e-17 
3.71 3.10252e-17 
3.7075 3.58383e-17 
3.715 2.32537e-17 
3.7125 2.68592e-17 
3.72 1.74327e-17 
3.7175 2.01332e-17 
3.725 1.30728e-17 
3.7225 1.50954e-17 
3.73 9.8073e-18 
3.7275 1.13223e-17 
3.735 7.36123e-18 
3.7325 8.49607e-18 
3.74 5.52862e-18 
3.7375 6.3789e-18 
3.745 4.15524e-18 
3.7425 4.79251e-18 
3.75 3.12563e-18 
3.7475 3.60344e-18 
3.755 2.35336e-18 
3.7525 2.71179e-18 
3.76 1.77377e-18 
3.7575 2.04282e-18 
3.765 1.3385e-18 
3.7625 1.5406e-18 
3.77 1.01134e-18 
3.7675 1.16327e-18 
3.775 7.65205e-19 
3.7725 8.79542e-19 
3.78 5.79845e-19 
3.7775 6.65977e-19 
3.785 4.40089e-19 
3.7825 5.05051e-19 
3.79 3.34584e-19 
3.7875 3.83643e-19 
3.795 2.54825e-19 
3.7925 2.91926e-19 
3.8 1.94439e-19 
3.7975 2.2254e-19 
3.805 1.48647e-19 
3.8025 1.69966e-19 
3.81 1.13864e-19 
3.8075 1.30066e-19 
3.815 8.73961e-20 
3.8125 9.97307e-20 
3.82 6.72174e-20 
3.8175 7.66257e-20 
3.825 5.18039e-20 
3.8225 5.89942e-20 
3.83 4.00068e-20 
3.8275 4.5513e-20 
3.835 3.09593e-20 
3.8325 3.51845e-20 
3.84 2.40061e-20 
3.8375 2.7255e-20 
3.845 1.86514e-20 
3.8425 2.11548e-20 
3.85 1.4519e-20 
3.8475 1.6452e-20 
3.855 1.13232e-20 
3.8525 1.28189e-20 
3.86 8.84681e-21 
3.8575 1.00065e-20 
3.865 6.92391e-21 
3.8625 7.82486e-21 
3.87 5.42787e-21 
3.8675 6.12919e-21 
3.875 4.26171e-21 
3.8725 4.80866e-21 
3.88 3.35102e-21 
3.8775 3.77835e-21 
3.885 2.63856e-21 
3.8825 2.97303e-21 
3.89 2.08026e-21 
3.8875 2.34247e-21 
3.895 1.64204e-21 
3.8925 1.84794e-21 
3.9 1.29758e-21 
3.8975 1.45949e-21 
3.905 1.02642e-21 
3.9025 1.15392e-21 
3.91 8.12675e-22 
3.9075 9.13211e-22 
3.915 6.43991e-22 
3.9125 7.23359e-22 
3.92 5.10712e-22 
3.9175 5.73439e-22 
3.925 4.05297e-22 
3.9225 4.54923e-22 
3.93 3.2184e-22 
3.9275 3.61139e-22 
3.935 2.5571e-22 
3.9325 2.86857e-22 
3.94 2.03267e-22 
3.9375 2.27972e-22 
3.945 1.61649e-22 
3.9425 1.81259e-22 
3.95 1.286e-22 
3.9475 1.44175e-22 
3.955 1.02341e-22 
3.9525 1.14717e-22 
3.96 8.14658e-23 
3.9575 9.13058e-23 
3.965 6.48632e-23 
3.9625 7.26901e-23 
3.97 5.16537e-23 
3.9675 5.78816e-23 
3.975 4.11402e-23 
3.9725 4.60974e-23 
3.98 3.27701e-23 
3.9775 3.67169e-23 
3.985 2.61048e-23 
3.9825 2.92479e-23 
3.99 2.0796e-23 
3.9875 2.32996e-23 
3.995 1.6567e-23 
3.9925 1.85614e-23 
4 1.31977e-23 
3.9975 1.47867e-23 
4.005 1.05132e-23 
4.0025 1.17793e-23 
4.01 8.37418e-24 
4.0075 9.38303e-24 
4.015 6.66974e-24 
4.0125 7.47361e-24 
4.02 5.31159e-24 
4.0175 5.95214e-24 
4.025 4.22943e-24 
4.0225 4.73981e-24 
4.03 3.36722e-24 
4.0275 3.77385e-24 
4.035 2.68031e-24 
4.0325 3.00426e-24 
4.04 2.13312e-24 
4.0375 2.39117e-24 
4.045 1.69728e-24 
4.0425 1.90281e-24 
4.05 1.35018e-24 
4.0475 1.51386e-24 
4.055 1.0738e-24 
4.0525 1.20412e-24 
4.06 8.53778e-25 
4.0575 9.57522e-25 
4.065 6.78649e-25 
4.0625 7.61219e-25 
4.07 5.39286e-25 
4.0675 6.04989e-25 
4.075 4.28411e-25 
4.0725 4.8068e-25 
4.08 3.40222e-25 
4.0775 3.81794e-25 
4.085 2.70097e-25 
4.0825 3.03151e-25 
4.09 2.14351e-25 
4.0875 2.40625e-25 
4.095 1.70049e-25 
4.0925 1.90927e-25 
4.1 1.34852e-25 
4.0975 1.51438e-25 
4.105 1.06899e-25 
4.1025 1.20071e-25 
4.11 8.4706e-26 
4.1075 9.51624e-26 
4.115 6.70926e-26 
4.1125 7.53905e-26 
4.12 5.31188e-26 
4.1175 5.97013e-26 
4.125 4.20368e-26 
4.1225 4.72566e-26 
4.13 3.32517e-26 
4.1275 3.73892e-26 
4.135 2.62903e-26 
4.1325 2.95685e-26 
4.14 2.07763e-26 
4.1375 2.33726e-26 
4.145 1.64107e-26 
4.1425 1.8466e-26 
4.15 1.29559e-26 
4.1475 1.45822e-26 
4.155 1.02231e-26 
4.1525 1.15094e-26 
4.16 8.06247e-27 
4.1575 9.07932e-27 
4.165 6.35505e-27 
4.1625 7.15851e-27 
4.17 5.00645e-27 
4.1675 5.64097e-27 
4.175 3.94181e-27 
4.1725 4.44266e-27 
4.18 3.10179e-27 
4.1775 3.49691e-27 
4.185 2.43935e-27 
4.1825 2.7509e-27 
4.19 1.91723e-27 
4.1875 2.16275e-27 
4.195 1.50596e-27 
4.1925 1.69933e-27 
4.2 1.18217e-27 
4.1975 1.33438e-27 
4.205 9.27417e-28 
4.2025 1.04716e-27 
4.21 7.27094e-28 
4.2075 8.21234e-28 
4.215 5.6967e-28 
4.2125 6.43639e-28 
4.22 4.46035e-28 
4.2175 5.04118e-28 
4.225 3.48998e-28 
4.2225 3.94577e-28 
4.23 2.72886e-28 
4.2275 3.0863e-28 
4.235 2.13225e-28 
4.2325 2.41239e-28 
4.24 1.66492e-28 
4.2375 1.88431e-28 
4.245 1.29909e-28 
4.2425 1.4708e-28 
4.25 1.01291e-28 
4.2475 1.14721e-28 
4.255 7.892e-29 
4.2525 8.94165e-29 
4.26 6.14446e-29 
4.2575 6.96425e-29 
4.265 4.78031e-29 
4.2625 5.42013e-29 
4.27 3.71622e-29 
4.2675 4.21521e-29 
4.275 2.88679e-29 
4.2725 3.27566e-29 
4.28 2.24076e-29 
4.2775 2.54359e-29 
4.285 1.73795e-29 
4.2825 1.97359e-29 
4.29 1.3469e-29 
4.2875 1.53013e-29 
4.295 1.04302e-29 
4.2925 1.18538e-29 
4.3 8.07048e-30 
4.2975 9.17568e-30 
4.305 6.23959e-30 
4.3025 7.09693e-30 
4.31 4.82012e-30 
4.3075 5.48467e-30 
4.315 3.72052e-30 
4.3125 4.23521e-30 
4.32 2.86938e-30 
4.3175 3.26768e-30 
4.325 2.21111e-30 
4.3225 2.51909e-30 
4.33 1.70242e-30 
4.3275 1.94037e-30 
4.335 1.30965e-30 
4.3325 1.49333e-30 
4.34 1.00664e-30 
4.3375 1.14831e-30 
4.345 7.73066e-31 
4.3425 8.82248e-31 
4.35 5.93177e-31 
4.3475 6.77246e-31 
4.355 4.54751e-31 
4.3525 5.19428e-31 
4.36 3.48322e-31 
4.3575 3.98038e-31 
4.365 2.66567e-31 
4.3625 3.04748e-31 
4.37 2.0382e-31 
4.3675 2.33117e-31 
4.375 1.55703e-31 
4.3725 1.78164e-31 
4.38 1.18839e-31 
4.3775 1.36043e-31 
4.385 9.06212e-32 
4.3825 1.03787e-31 
4.39 6.90408e-32 
4.3875 7.91072e-32 
4.395 5.25516e-32 
4.3925 6.02413e-32 
4.4 3.9964e-32 
4.3975 4.58328e-32 
4.405 3.03635e-32 
4.4025 3.48385e-32 
4.41 2.3048e-32 
4.4075 2.64571e-32 
4.415 1.74788e-32 
4.4125 2.00734e-32 
4.42 1.3243e-32 
4.4175 1.52159e-32 
4.425 1.00243e-32 
4.4225 1.15231e-32 
4.43 7.58073e-33 
4.4275 8.71829e-33 
4.435 5.72744e-33 
4.4325 6.59001e-33 
4.44 4.32313e-33 
4.4375 4.97657e-33 
4.445 3.26005e-33 
4.4425 3.75458e-33 
4.45 2.45604e-33 
4.4475 2.82996e-33 
4.455 1.84855e-33 
4.4525 2.13101e-33 
4.46 1.38999e-33 
4.4575 1.60314e-33 
4.465 1.04417e-33 
4.4625 1.20488e-33 
4.47 7.83638e-34 
4.4675 9.04681e-34 
4.475 5.8754e-34 
4.4725 6.78621e-34 
4.48 4.40086e-34 
4.4775 5.08556e-34 
4.485 3.29318e-34 
4.4825 3.80739e-34 
4.49 2.46189e-34 
4.4875 2.84769e-34 
4.495 1.83864e-34 
4.4925 2.12782e-34 
4.5 1.37183e-34 
4.4975 1.58837e-34 
4.505 1.02253e-34 
4.5025 1.18451e-34 
4.51 7.6142e-35 
4.5075 8.82474e-35 
4.515 5.66427e-35 
4.5125 6.56804e-35 
4.52 4.20953e-35 
4.5175 4.88361e-35 
4.525 3.12531e-35 
4.5225 3.62756e-35 
4.53 2.31804e-35 
4.5275 2.6919e-35 
4.535 1.71758e-35 
4.5325 1.99559e-35 
4.54 1.27139e-35 
4.5375 1.47792e-35 
4.545 9.40173e-36 
4.5425 1.09344e-35 
4.55 6.94548e-36 
4.5475 8.08179e-36 
4.555 5.12581e-36 
4.5525 5.9674e-36 
4.56 3.77908e-36 
4.5575 4.40176e-36 
4.565 2.78339e-36 
4.5625 3.24364e-36 
4.57 2.04797e-36 
4.5675 2.38782e-36 
4.575 1.50535e-36 
4.5725 1.75604e-36 
4.58 1.10538e-36 
4.5775 1.29011e-36 
4.585 8.10864e-37 
4.5825 9.46854e-37 
4.59 5.94217e-37 
4.5875 6.94224e-37 
4.595 4.35013e-37 
4.5925 5.08483e-37 
4.6 3.18141e-37 
4.5975 3.72061e-37 
4.605 2.32432e-37 
4.6025 2.71963e-37 
4.61 1.69641e-37 
4.6075 1.98594e-37 
4.615 1.23687e-37 
4.6125 1.44871e-37 
4.62 9.009e-38 
4.6175 1.05573e-37 
4.625 6.55521e-38 
4.6225 7.68572e-38 
4.63 4.7649e-38 
4.6275 5.5895e-38 
4.635 3.46001e-38 
4.6325 4.06086e-38 
4.64 2.50991e-38 
4.6375 2.94728e-38 
4.645 1.81884e-38 
4.6425 2.13688e-38 
4.65 1.3167e-38 
4.6475 1.54773e-38 
4.655 9.5222e-39 
4.6525 1.11987e-38 
4.66 6.87927e-39 
4.6575 8.09455e-39 
4.665 4.9648e-39 
4.6625 5.84487e-39 
4.67 3.57945e-39 
4.6675 4.21612e-39 
4.675 2.57802e-39 
4.6725 3.03812e-39 
4.68 1.85486e-39 
4.6775 2.18702e-39 
4.685 1.33318e-39 
4.6825 1.57273e-39 
4.69 9.57246e-40 
4.6875 1.12982e-39 
4.695 6.86611e-40 
4.6925 8.10812e-40 
4.7 4.91985e-40 
4.6975 5.81279e-40 
4.705 3.52166e-40 
4.7025 4.16296e-40 
4.71 2.51823e-40 
4.7075 2.97834e-40 
4.715 1.79887e-40 
4.7125 2.12863e-40 
4.72 1.28367e-40 
4.7175 1.51978e-40 
4.725 9.15091e-41 
4.7225 1.08396e-40 
4.73 6.51669e-41 
4.7275 7.72322e-41 
4.735 4.636e-41 
4.7325 5.49716e-41 
4.74 3.29468e-41 
4.7375 3.90869e-41 
4.745 2.33903e-41 
4.7425 2.77637e-41 
4.75 1.65886e-41 
4.7475 1.97004e-41 
4.755 1.17528e-41 
4.7525 1.39646e-41 
4.76 8.31805e-42 
4.7575 9.88857e-42 
4.765 5.88107e-42 
4.7625 6.99507e-42 
4.77 4.15379e-42 
4.7675 4.94315e-42 
4.775 2.9308e-42 
4.7725 3.48954e-42 
4.78 2.06576e-42 
4.7775 2.46085e-42 
4.785 1.45455e-42 
4.7825 1.73363e-42 
4.79 1.02313e-42 
4.7875 1.22006e-42 
4.795 7.18924e-43 
4.7925 8.57745e-43 
4.8 5.0465e-43 
4.7975 6.02406e-43 
4.805 3.53876e-43 
4.8025 4.22642e-43 
4.81 2.47894e-43 
4.8075 2.96217e-43 
4.815 1.73473e-43 
4.8125 2.07396e-43 
4.82 1.2127e-43 
4.8175 1.45059e-43 
4.825 8.46895e-44 
4.8225 1.01355e-43 
4.83 5.90824e-44 
4.8275 7.0745e-44 
4.835 4.11757e-44 
4.8325 4.93289e-44 
4.84 2.86667e-44 
4.8375 3.43607e-44 
4.845 1.99374e-44 
4.8425 2.39098e-44 
4.85 1.38521e-44 
4.8475 1.66205e-44 
4.855 9.61422e-45 
4.8525 1.15416e-44 
4.86 6.66604e-45 
4.8575 8.0065e-45 
4.865 4.61718e-45 
4.8625 5.54848e-45 
4.87 3.19478e-45 
4.8675 3.84114e-45 
4.875 2.20831e-45 
4.8725 2.65645e-45 
4.88 1.52487e-45 
4.8775 1.83526e-45 
4.885 1.05187e-45 
4.8825 1.26663e-45 
4.89 7.24849e-46 
4.8875 8.73286e-46 
4.895 4.98986e-46 
4.8925 6.01477e-46 
4.9 3.4315e-46 
4.8975 4.13845e-46 
4.905 2.35742e-46 
4.9025 2.84454e-46 
4.91 1.61788e-46 
4.9075 1.95318e-46 
4.915 1.1092e-46 
4.9125 1.33977e-46 
4.92 7.59686e-47 
4.9175 9.18065e-47 
4.925 5.19774e-47 
4.9225 6.28456e-47 
4.93 3.55266e-47 
4.9275 4.29768e-47 
4.935 2.4258e-47 
4.9325 2.93599e-47 
4.94 1.65472e-47 
4.9375 2.00373e-47 
4.945 1.12764e-47 
4.9425 1.36614e-47 
4.95 7.67761e-48 
4.9475 9.30553e-48 
4.955 5.22328e-48 
4.9525 6.3331e-48 
4.96 3.55183e-48 
4.9575 4.30731e-48 
4.965 2.41562e-48 
4.9625 2.92886e-48 
4.97 1.64545e-48 
4.9675 1.993e-48 
4.975 1.126e-48 
4.9725 1.35997e-48 
4.98 7.7912e-49 
4.9775 9.34752e-49 
4.985 5.52368e-49 
4.9825 6.53224e-49 
4.99 4.11316e-49 
4.9875 4.72725e-49 
4.995 3.34473e-49 
4.9925 3.65799e-49 
5 3.10101e-49 
4.9975 3.16133e-49 
