0 7.35229e-06 
0.005 7.42411e-06 
0.0025 7.37022e-06 
0.01 7.6408e-06 
0.0075 7.51417e-06 
0.015 8.00602e-06 
0.0125 7.80451e-06 
0.02 8.52596e-06 
0.0175 8.24616e-06 
0.025 9.20939e-06 
0.0225 8.84658e-06 
0.03 1.00678e-05 
0.0275 9.6159e-06 
0.035 1.11157e-05 
0.0325 1.05671e-05 
0.04 1.23704e-05 
0.0375 1.1716e-05 
0.045 1.38529e-05 
0.0425 1.30818e-05 
0.05 1.55878e-05 
0.0475 1.46871e-05 
0.055 1.76035e-05 
0.0525 1.65586e-05 
0.06 1.9933e-05 
0.0575 1.87268e-05 
0.065 2.26142e-05 
0.0625 2.12271e-05 
0.07 2.56904e-05 
0.0675 2.41e-05 
0.075 2.9211e-05 
0.0725 2.73919e-05 
0.08 3.32321e-05 
0.0775 3.11552e-05 
0.085 3.78174e-05 
0.0825 3.54499e-05 
0.09 4.30388e-05 
0.0875 4.03437e-05 
0.095 4.8978e-05 
0.0925 4.59132e-05 
0.1 5.5727e-05 
0.0975 5.22451e-05 
0.105 6.33898e-05 
0.1025 5.94372e-05 
0.11 7.20834e-05 
0.1075 6.75998e-05 
0.115 8.194e-05 
0.1125 7.68574e-05 
0.12 9.31081e-05 
0.1175 8.73501e-05 
0.125 0.000105755 
0.1225 9.92356e-05 
0.13 0.00012007 
0.1275 0.000112691 
0.135 0.000136263 
0.1325 0.000127917 
0.14 0.000154573 
0.1375 0.000145137 
0.145 0.000175268 
0.1425 0.000164604 
0.15 0.000198647 
0.1475 0.000186602 
0.155 0.000225049 
0.1525 0.000211447 
0.16 0.000254851 
0.1575 0.000239499 
0.165 0.00028848 
0.1625 0.000271159 
0.17 0.000326412 
0.1675 0.000306876 
0.175 0.000369182 
0.1725 0.000347156 
0.18 0.00041739 
0.1775 0.000392566 
0.185 0.000471711 
0.1825 0.000443742 
0.19 0.000532897 
0.1875 0.000501395 
0.195 0.000601796 
0.1925 0.000566326 
0.2 0.000679353 
0.1975 0.000639428 
0.205 0.000766632 
0.2025 0.000721706 
0.21 0.000864821 
0.2075 0.000814283 
0.215 0.000975251 
0.2125 0.000918416 
0.22 0.00109941 
0.2175 0.00103552 
0.225 0.00123898 
0.2225 0.00116716 
0.23 0.00139581 
0.2275 0.00131511 
0.235 0.001572 
0.2325 0.00148135 
0.24 0.00176989 
0.2375 0.00166808 
0.245 0.00199209 
0.2425 0.00187777 
0.25 0.00224151 
0.2475 0.0021132 
0.255 0.00252144 
0.2525 0.00237744 
0.26 0.0028355 
0.2575 0.00267396 
0.265 0.00318779 
0.2625 0.0030066 
0.27 0.00358285 
0.2675 0.00337967 
0.275 0.00402576 
0.2725 0.00379798 
0.28 0.00452217 
0.2775 0.0042669 
0.285 0.00507842 
0.2825 0.0047924 
0.29 0.00570154 
0.2875 0.00538115 
0.295 0.00639937 
0.2925 0.00604059 
0.3 0.00718064 
0.2975 0.00677899 
0.305 0.00805506 
0.3025 0.00760555 
0.31 0.00903341 
0.3075 0.00853052 
0.315 0.0101277 
0.3125 0.00956526 
0.32 0.0113512 
0.3175 0.0107224 
0.325 0.0127187 
0.3225 0.012016 
0.33 0.0142464 
0.3275 0.0134614 
0.335 0.0159524 
0.3325 0.0150759 
0.34 0.0178567 
0.3375 0.0168784 
0.345 0.019981 
0.3425 0.0188899 
0.35 0.0223496 
0.3475 0.0211332 
0.355 0.0249889 
0.3525 0.0236337 
0.36 0.0279279 
0.3575 0.0264191 
0.365 0.0311983 
0.3625 0.0295196 
0.37 0.0348343 
0.3675 0.0329683 
0.375 0.0388735 
0.3725 0.0368011 
0.38 0.043356 
0.3775 0.0410567 
0.385 0.0483254 
0.3825 0.045777 
0.39 0.053828 
0.3875 0.051007 
0.395 0.0599132 
0.3925 0.0567945 
0.4 0.0666331 
0.3975 0.0631904 
0.405 0.0740425 
0.4025 0.0702481 
0.41 0.0821981 
0.4075 0.0780234 
0.415 0.0911583 
0.4125 0.086574 
0.42 0.100982 
0.4175 0.0959587 
0.425 0.111729 
0.4225 0.106237 
0.43 0.123457 
0.4275 0.117467 
0.435 0.136222 
0.4325 0.129707 
0.44 0.150074 
0.4375 0.143009 
0.445 0.16506 
0.4425 0.157423 
0.45 0.181218 
0.4475 0.172991 
0.455 0.198575 
0.4525 0.189745 
0.46 0.217149 
0.4575 0.207709 
0.465 0.23694 
0.4625 0.226892 
0.47 0.257936 
0.4675 0.247289 
0.475 0.280104 
0.4725 0.268876 
0.48 0.303394 
0.4775 0.291612 
0.485 0.327734 
0.4825 0.315438 
0.49 0.353034 
0.4875 0.340271 
0.495 0.379183 
0.4925 0.36601 
0.5 0.40605 
0.4975 0.392535 
0.505 0.43349 
0.5025 0.419708 
0.51 0.461342 
0.5075 0.447375 
0.515 0.489437 
0.5125 0.47537 
0.52 0.517599 
0.5175 0.503521 
0.525 0.54565 
0.5225 0.531649 
0.53 0.573416 
0.5275 0.559579 
0.535 0.600728 
0.5325 0.587139 
0.54 0.627431 
0.5375 0.614165 
0.545 0.653382 
0.5425 0.640509 
0.55 0.678455 
0.5475 0.666035 
0.555 0.702544 
0.5525 0.690628 
0.56 0.725563 
0.5575 0.714191 
0.565 0.747445 
0.5625 0.736649 
0.57 0.768146 
0.5675 0.757946 
0.575 0.787638 
0.5725 0.778044 
0.58 0.80591 
0.5775 0.796926 
0.585 0.822969 
0.5825 0.81459 
0.59 0.838835 
0.5875 0.83105 
0.595 0.853537 
0.5925 0.846329 
0.6 0.867117 
0.5975 0.860465 
0.605 0.87962 
0.6025 0.8735 
0.61 0.891101 
0.6075 0.885485 
0.615 0.901614 
0.6125 0.896475 
0.62 0.911219 
0.6175 0.906527 
0.625 0.919975 
0.6225 0.9157 
0.63 0.927941 
0.6275 0.924053 
0.635 0.935174 
0.6325 0.931645 
0.64 0.941731 
0.6375 0.938534 
0.645 0.947667 
0.6425 0.944774 
0.65 0.953032 
0.6475 0.950418 
0.655 0.957876 
0.6525 0.955517 
0.66 0.962244 
0.6575 0.960117 
0.665 0.966179 
0.6625 0.964263 
0.67 0.96972 
0.6675 0.967996 
0.675 0.972903 
0.6725 0.971354 
0.68 0.975764 
0.6775 0.974372 
0.685 0.978332 
0.6825 0.977083 
0.69 0.980636 
0.6875 0.979515 
0.695 0.982702 
0.6925 0.981697 
0.7 0.984553 
0.6975 0.983653 
0.705 0.986211 
0.7025 0.985405 
0.71 0.987696 
0.7075 0.986974 
0.715 0.989024 
0.7125 0.988378 
0.72 0.990212 
0.7175 0.989635 
0.725 0.991274 
0.7225 0.990758 
0.73 0.992224 
0.7275 0.991762 
0.735 0.993072 
0.7325 0.99266 
0.74 0.99383 
0.7375 0.993462 
0.745 0.994506 
0.7425 0.994178 
0.75 0.99511 
0.7475 0.994817 
0.755 0.995649 
0.7525 0.995387 
0.76 0.996129 
0.7575 0.995896 
0.765 0.996558 
0.7625 0.99635 
0.77 0.99694 
0.7675 0.996754 
0.775 0.99728 
0.7725 0.997115 
0.78 0.997584 
0.7775 0.997437 
0.785 0.997854 
0.7825 0.997723 
0.79 0.998095 
0.7875 0.997978 
0.795 0.998309 
0.7925 0.998205 
0.8 0.9985 
0.7975 0.998407 
0.805 0.998669 
0.8025 0.998587 
0.81 0.99882 
0.8075 0.998747 
0.815 0.998954 
0.8125 0.998889 
0.82 0.999074 
0.8175 0.999016 
0.825 0.999179 
0.8225 0.999128 
0.83 0.999274 
0.8275 0.999228 
0.835 0.999357 
0.8325 0.999317 
0.84 0.999431 
0.8375 0.999395 
0.845 0.999497 
0.8425 0.999465 
0.85 0.999556 
0.8475 0.999527 
0.855 0.999607 
0.8525 0.999582 
0.86 0.999653 
0.8575 0.999631 
0.865 0.999694 
0.8625 0.999674 
0.87 0.99973 
0.8675 0.999712 
0.875 0.999762 
0.8725 0.999746 
0.88 0.99979 
0.8775 0.999776 
0.885 0.999815 
0.8825 0.999803 
0.89 0.999837 
0.8875 0.999826 
0.895 0.999856 
0.8925 0.999847 
0.9 0.999873 
0.8975 0.999865 
0.905 0.999889 
0.9025 0.999881 
0.91 0.999902 
0.9075 0.999895 
0.915 0.999914 
0.9125 0.999908 
0.92 0.999924 
0.9175 0.999919 
0.925 0.999933 
0.9225 0.999929 
0.93 0.999941 
0.9275 0.999937 
0.935 0.999948 
0.9325 0.999944 
0.94 0.999954 
0.9375 0.999951 
0.945 0.999959 
0.9425 0.999957 
0.95 0.999964 
0.9475 0.999962 
0.955 0.999968 
0.9525 0.999966 
0.96 0.999971 
0.9575 0.999969 
0.965 0.999974 
0.9625 0.999973 
0.97 0.999976 
0.9675 0.999975 
0.975 0.999978 
0.9725 0.999977 
0.98 0.99998 
0.9775 0.999979 
0.985 0.999981 
0.9825 0.999981 
0.99 0.999982 
0.9875 0.999982 
0.995 0.999983 
0.9925 0.999982 
1 0.999983 
0.9975 0.999983 
1.005 0.999983 
1.0025 0.999983 
1.01 0.999983 
1.0075 0.999983 
1.015 0.999982 
1.0125 0.999982 
1.02 0.999981 
1.0175 0.999982 
1.025 0.99998 
1.0225 0.99998 
1.03 0.999978 
1.0275 0.999979 
1.035 0.999977 
1.0325 0.999977 
1.04 0.999974 
1.0375 0.999975 
1.045 0.999972 
1.0425 0.999973 
1.05 0.999969 
1.0475 0.99997 
1.055 0.999965 
1.0525 0.999967 
1.06 0.999962 
1.0575 0.999964 
1.065 0.999957 
1.0625 0.999959 
1.07 0.999952 
1.0675 0.999955 
1.075 0.999947 
1.0725 0.999949 
1.08 0.99994 
1.0775 0.999944 
1.085 0.999933 
1.0825 0.999937 
1.09 0.999925 
1.0875 0.999929 
1.095 0.999916 
1.0925 0.999921 
1.1 0.999906 
1.0975 0.999912 
1.105 0.999895 
1.1025 0.999901 
1.11 0.999883 
1.1075 0.999889 
1.115 0.999869 
1.1125 0.999876 
1.12 0.999854 
1.1175 0.999862 
1.125 0.999837 
1.1225 0.999846 
1.13 0.999818 
1.1275 0.999828 
1.135 0.999797 
1.1325 0.999808 
1.14 0.999773 
1.1375 0.999786 
1.145 0.999747 
1.1425 0.999761 
1.15 0.999719 
1.1475 0.999733 
1.155 0.999687 
1.1525 0.999703 
1.16 0.999651 
1.1575 0.999669 
1.165 0.999612 
1.1625 0.999632 
1.17 0.999568 
1.1675 0.99959 
1.175 0.99952 
1.1725 0.999544 
1.18 0.999466 
1.1775 0.999493 
1.185 0.999407 
1.1825 0.999437 
1.19 0.999341 
1.1875 0.999375 
1.195 0.999268 
1.1925 0.999306 
1.2 0.999188 
1.1975 0.999229 
1.205 0.999099 
1.2025 0.999145 
1.21 0.999001 
1.2075 0.999051 
1.215 0.998892 
1.2125 0.998948 
1.22 0.998772 
1.2175 0.998834 
1.225 0.99864 
1.2225 0.998708 
1.23 0.998493 
1.2275 0.998568 
1.235 0.998332 
1.2325 0.998415 
1.24 0.998154 
1.2375 0.998245 
1.245 0.997957 
1.2425 0.998058 
1.25 0.99774 
1.2475 0.997851 
1.255 0.9975 
1.2525 0.997623 
1.26 0.997236 
1.2575 0.997371 
1.265 0.996945 
1.2625 0.997094 
1.27 0.996624 
1.2675 0.996788 
1.275 0.99627 
1.2725 0.996451 
1.28 0.99588 
1.2775 0.996079 
1.285 0.99545 
1.2825 0.99567 
1.29 0.994977 
1.2875 0.995219 
1.295 0.994455 
1.2925 0.994722 
1.3 0.993881 
1.2975 0.994175 
1.305 0.99325 
1.3025 0.993573 
1.31 0.992554 
1.3075 0.99291 
1.315 0.991789 
1.3125 0.99218 
1.32 0.990947 
1.3175 0.991378 
1.325 0.99002 
1.3225 0.990495 
1.33 0.989002 
1.3275 0.989523 
1.335 0.987882 
1.3325 0.988455 
1.34 0.986652 
1.3375 0.987281 
1.345 0.985299 
1.3425 0.985991 
1.35 0.983814 
1.3475 0.984574 
1.355 0.982183 
1.3525 0.983018 
1.36 0.980393 
1.3575 0.981309 
1.365 0.978429 
1.3625 0.979434 
1.37 0.976276 
1.3675 0.977377 
1.375 0.973915 
1.3725 0.975122 
1.38 0.971328 
1.3775 0.972651 
1.385 0.968496 
1.3825 0.969944 
1.39 0.965397 
1.3875 0.966981 
1.395 0.962007 
1.3925 0.96374 
1.4 0.958304 
1.3975 0.960196 
1.405 0.95426 
1.4025 0.956326 
1.41 0.949849 
1.4075 0.952102 
1.415 0.945041 
1.4125 0.947496 
1.42 0.939807 
1.4175 0.942479 
1.425 0.934116 
1.4225 0.937021 
1.43 0.927935 
1.4275 0.931088 
1.435 0.921231 
1.4325 0.92465 
1.44 0.91397 
1.4375 0.917672 
1.445 0.906121 
1.4425 0.910121 
1.45 0.897649 
1.4475 0.901965 
1.455 0.888522 
1.4525 0.893169 
1.46 0.87871 
1.4575 0.883704 
1.465 0.868186 
1.4625 0.873539 
1.47 0.856924 
1.4675 0.862648 
1.475 0.844902 
1.4725 0.851009 
1.48 0.832106 
1.4775 0.838602 
1.485 0.818526 
1.4825 0.825414 
1.49 0.804157 
1.4875 0.81144 
1.495 0.789005 
1.4925 0.796678 
1.5 0.773083 
1.4975 0.781139 
1.505 0.756414 
1.5025 0.76484 
1.51 0.739032 
1.5075 0.747809 
1.515 0.720979 
1.5125 0.730086 
1.52 0.702312 
1.5175 0.711719 
1.525 0.683096 
1.5225 0.692768 
1.53 0.663406 
1.5275 0.673305 
1.535 0.64333 
1.5325 0.653411 
1.54 0.622962 
1.5375 0.633176 
1.545 0.602405 
1.5425 0.6127 
1.55 0.581768 
1.5475 0.592089 
1.555 0.561165 
1.5525 0.571455 
1.56 0.540713 
1.5575 0.550913 
1.565 0.520529 
1.5625 0.53058 
1.57 0.50073 
1.5675 0.510574 
1.575 0.48143 
1.5725 0.491011 
1.58 0.46274 
1.5775 0.472002 
1.585 0.444763 
1.5825 0.453656 
1.59 0.427598 
1.5875 0.436073 
1.595 0.411335 
1.5925 0.419348 
1.6 0.396058 
1.5975 0.403568 
1.605 0.38184 
1.6025 0.388812 
1.61 0.368747 
1.6075 0.375149 
1.615 0.356838 
1.6125 0.362641 
1.62 0.346162 
1.6175 0.351343 
1.625 0.336761 
1.6225 0.3413 
1.63 0.328669 
1.6275 0.33255 
1.635 0.321914 
1.6325 0.325123 
1.64 0.316516 
1.6375 0.319045 
1.645 0.312488 
1.6425 0.31433 
1.65 0.309836 
1.6475 0.310989 
1.655 0.308562 
1.6525 0.309027 
1.66 0.308659 
1.6575 0.30844 
1.665 0.310117 
1.6625 0.309219 
1.67 0.312919 
1.6675 0.311351 
1.675 0.317042 
1.6725 0.314817 
1.68 0.322459 
1.6775 0.319591 
1.685 0.329141 
1.6825 0.325644 
1.69 0.337051 
1.6875 0.332944 
1.695 0.34615 
1.6925 0.341454 
1.7 0.356395 
1.6975 0.351132 
1.705 0.367741 
1.7025 0.361934 
1.71 0.380137 
1.7075 0.373811 
1.715 0.39353 
1.7125 0.386713 
1.72 0.407863 
1.7175 0.400583 
1.725 0.423072 
1.7225 0.415362 
1.73 0.439094 
1.7275 0.430986 
1.735 0.455856 
1.7325 0.447387 
1.74 0.473285 
1.7375 0.464492 
1.745 0.491301 
1.7425 0.482225 
1.75 0.50982 
1.7475 0.500503 
1.755 0.528754 
1.7525 0.51924 
1.76 0.548013 
1.7575 0.538349 
1.765 0.567503 
1.7625 0.557735 
1.77 0.587129 
1.7675 0.577305 
1.775 0.606796 
1.7725 0.596963 
1.78 0.626409 
1.7775 0.616615 
1.785 0.645876 
1.7825 0.636166 
1.79 0.665107 
1.7875 0.655526 
1.795 0.684018 
1.7925 0.674607 
1.8 0.70253 
1.7975 0.693328 
1.805 0.720573 
1.8025 0.711615 
1.81 0.738083 
1.8075 0.729399 
1.815 0.755004 
1.8125 0.74662 
1.82 0.771291 
1.8175 0.763229 
1.825 0.786905 
1.8225 0.779184 
1.83 0.801819 
1.8275 0.794451 
1.835 0.816014 
1.8325 0.809007 
1.84 0.829477 
1.8375 0.822837 
1.845 0.842205 
1.8425 0.835932 
1.85 0.8542 
1.8475 0.848293 
1.855 0.865474 
1.8525 0.859927 
1.86 0.876039 
1.8575 0.870844 
1.865 0.885915 
1.8625 0.881062 
1.87 0.895125 
1.8675 0.890602 
1.875 0.903695 
1.8725 0.899488 
1.88 0.911652 
1.8775 0.907748 
1.885 0.919026 
1.8825 0.91541 
1.89 0.925848 
1.8875 0.922504 
1.895 0.932148 
1.8925 0.929061 
1.9 0.937958 
1.8975 0.935112 
1.905 0.943308 
1.9025 0.940688 
1.91 0.948227 
1.9075 0.945819 
1.915 0.952747 
1.9125 0.950535 
1.92 0.956894 
1.9175 0.954865 
1.925 0.960695 
1.9225 0.958836 
1.93 0.964176 
1.9275 0.962474 
1.935 0.967361 
1.9325 0.965804 
1.94 0.970274 
1.9375 0.96885 
1.945 0.972935 
1.9425 0.971635 
1.95 0.975365 
1.9475 0.974178 
1.955 0.977583 
1.9525 0.9765 
1.96 0.979606 
1.9575 0.978618 
1.965 0.981451 
1.9625 0.98055 
1.97 0.983132 
1.9675 0.982311 
1.975 0.984663 
1.9725 0.983915 
1.98 0.986057 
1.9775 0.985377 
1.985 0.987327 
1.9825 0.986707 
1.99 0.988482 
1.9875 0.987918 
1.995 0.989534 
1.9925 0.98902 
2 0.99049 
1.9975 0.990023 
2.005 0.99136 
2.0025 0.990935 
2.01 0.99215 
2.0075 0.991764 
2.015 0.992869 
2.0125 0.992518 
2.02 0.993523 
2.0175 0.993204 
2.025 0.994117 
2.0225 0.993827 
2.03 0.994657 
2.0275 0.994393 
2.035 0.995147 
2.0325 0.994908 
2.04 0.995592 
2.0375 0.995375 
2.045 0.995997 
2.0425 0.9958 
2.05 0.996365 
2.0475 0.996185 
2.055 0.996699 
2.0525 0.996536 
2.06 0.997002 
2.0575 0.996854 
2.065 0.997277 
2.0625 0.997143 
2.07 0.997527 
2.0675 0.997405 
2.075 0.997754 
2.0725 0.997643 
2.08 0.99796 
2.0775 0.997859 
2.085 0.998147 
2.0825 0.998055 
2.09 0.998316 
2.0875 0.998233 
2.095 0.99847 
2.0925 0.998395 
2.1 0.998609 
2.0975 0.998541 
2.105 0.998736 
2.1025 0.998674 
2.11 0.99885 
2.1075 0.998795 
2.115 0.998954 
2.1125 0.998904 
2.12 0.999048 
2.1175 0.999002 
2.125 0.999133 
2.1225 0.999092 
2.13 0.99921 
2.1275 0.999173 
2.135 0.999279 
2.1325 0.999246 
2.14 0.999342 
2.1375 0.999312 
2.145 0.999398 
2.1425 0.999371 
2.15 0.999449 
2.1475 0.999425 
2.155 0.999495 
2.1525 0.999473 
2.16 0.999535 
2.1575 0.999516 
2.165 0.999572 
2.1625 0.999554 
2.17 0.999604 
2.1675 0.999588 
2.175 0.999633 
2.1725 0.999619 
2.18 0.999658 
2.1775 0.999646 
2.185 0.99968 
2.1825 0.999669 
2.19 0.999699 
2.1875 0.99969 
2.195 0.999715 
2.1925 0.999707 
2.2 0.999728 
2.1975 0.999722 
2.205 0.999739 
2.2025 0.999734 
2.21 0.999748 
2.2075 0.999744 
2.215 0.999755 
2.2125 0.999752 
2.22 0.999759 
2.2175 0.999757 
2.225 0.999761 
2.2225 0.99976 
2.23 0.999761 
2.2275 0.999762 
2.235 0.99976 
2.2325 0.999761 
2.24 0.999756 
2.2375 0.999758 
2.245 0.999751 
2.2425 0.999754 
2.25 0.999744 
2.2475 0.999748 
2.255 0.999735 
2.2525 0.999739 
2.26 0.999724 
2.2575 0.999729 
2.265 0.999711 
2.2625 0.999718 
2.27 0.999697 
2.2675 0.999704 
2.275 0.99968 
2.2725 0.999689 
2.28 0.999662 
2.2775 0.999671 
2.285 0.999642 
2.2825 0.999652 
2.29 0.99962 
2.2875 0.999631 
2.295 0.999596 
2.2925 0.999608 
2.3 0.99957 
2.2975 0.999583 
2.305 0.999541 
2.3025 0.999556 
2.31 0.999511 
2.3075 0.999526 
2.315 0.999478 
2.3125 0.999495 
2.32 0.999443 
2.3175 0.999461 
2.325 0.999406 
2.3225 0.999425 
2.33 0.999366 
2.3275 0.999386 
2.335 0.999324 
2.3325 0.999345 
2.34 0.999279 
2.3375 0.999302 
2.345 0.999231 
2.3425 0.999255 
2.35 0.999181 
2.3475 0.999206 
2.355 0.999127 
2.3525 0.999154 
2.36 0.999071 
2.3575 0.9991 
2.365 0.999011 
2.3625 0.999041 
2.37 0.998948 
2.3675 0.99898 
2.375 0.998882 
2.3725 0.998915 
2.38 0.998812 
2.3775 0.998847 
2.385 0.998738 
2.3825 0.998775 
2.39 0.99866 
2.3875 0.9987 
2.395 0.998578 
2.3925 0.99862 
2.4 0.998492 
2.3975 0.998536 
2.405 0.998401 
2.4025 0.998447 
2.41 0.998306 
2.4075 0.998354 
2.415 0.998205 
2.4125 0.998256 
2.42 0.998099 
2.4175 0.998153 
2.425 0.997988 
2.4225 0.998044 
2.43 0.997871 
2.4275 0.99793 
2.435 0.997747 
2.4325 0.99781 
2.44 0.997617 
2.4375 0.997683 
2.445 0.997479 
2.4425 0.997549 
2.45 0.997334 
2.4475 0.997408 
2.455 0.997181 
2.4525 0.997259 
2.46 0.99702 
2.4575 0.997102 
2.465 0.996849 
2.4625 0.996936 
2.47 0.996669 
2.4675 0.996761 
2.475 0.996478 
2.4725 0.996575 
2.48 0.996276 
2.4775 0.996379 
2.485 0.996062 
2.4825 0.996171 
2.49 0.995835 
2.4875 0.99595 
2.495 0.995594 
2.4925 0.995716 
2.5 0.995338 
2.4975 0.995468 
2.505 0.995066 
2.5025 0.995204 
2.51 0.994776 
2.5075 0.994923 
2.515 0.994468 
2.5125 0.994624 
2.52 0.994139 
2.5175 0.994306 
2.525 0.993788 
2.5225 0.993966 
2.53 0.993413 
2.5275 0.993604 
2.535 0.993013 
2.5325 0.993216 
2.54 0.992584 
2.5375 0.992802 
2.545 0.992126 
2.5425 0.992359 
2.55 0.991635 
2.5475 0.991885 
2.555 0.991109 
2.5525 0.991376 
2.56 0.990544 
2.5575 0.990831 
2.565 0.989938 
2.5625 0.990247 
2.57 0.989287 
2.5675 0.989619 
2.575 0.988588 
2.5725 0.988944 
2.58 0.987836 
2.5775 0.988219 
2.585 0.987028 
2.5825 0.987439 
2.59 0.986157 
2.5875 0.986601 
2.595 0.985221 
2.5925 0.985698 
2.6 0.984212 
2.5975 0.984725 
2.605 0.983125 
2.6025 0.983678 
2.61 0.981953 
2.6075 0.98255 
2.615 0.980691 
2.6125 0.981334 
2.62 0.97933 
2.6175 0.980023 
2.625 0.977862 
2.6225 0.97861 
2.63 0.976279 
2.6275 0.977085 
2.635 0.974572 
2.6325 0.975442 
2.64 0.972732 
2.6375 0.973669 
2.645 0.970746 
2.6425 0.971758 
2.65 0.968605 
2.6475 0.969696 
2.655 0.966297 
2.6525 0.967473 
2.66 0.963808 
2.6575 0.965076 
2.665 0.961125 
2.6625 0.962491 
2.67 0.958233 
2.6675 0.959706 
2.675 0.955117 
2.6725 0.956704 
2.68 0.951762 
2.6775 0.95347 
2.685 0.948148 
2.6825 0.949988 
2.69 0.94426 
2.6875 0.94624 
2.695 0.940077 
2.6925 0.942206 
2.7 0.935579 
2.6975 0.937869 
2.705 0.930746 
2.7025 0.933206 
2.71 0.925557 
2.7075 0.928198 
2.715 0.919988 
2.7125 0.922821 
2.72 0.914016 
2.7175 0.917054 
2.725 0.907619 
2.7225 0.910872 
2.73 0.900771 
2.7275 0.904253 
2.735 0.893448 
2.7325 0.89717 
2.74 0.885625 
2.7375 0.8896 
2.745 0.877277 
2.7425 0.881518 
2.75 0.868382 
2.7475 0.8729 
2.755 0.858913 
2.7525 0.86372 
2.76 0.848849 
2.7575 0.853957 
2.765 0.838169 
2.7625 0.843587 
2.77 0.826851 
2.7675 0.83259 
2.775 0.814878 
2.7725 0.820947 
2.78 0.802234 
2.7775 0.808641 
2.785 0.788908 
2.7825 0.795657 
2.79 0.774889 
2.7875 0.781985 
2.795 0.760173 
2.7925 0.767618 
2.8 0.744758 
2.7975 0.752553 
2.805 0.72865 
2.8025 0.736791 
2.81 0.711858 
2.8075 0.720339 
2.815 0.694396 
2.8125 0.703209 
2.82 0.676287 
2.8175 0.685421 
2.825 0.657559 
2.8225 0.666998 
2.83 0.638247 
2.8275 0.647974 
2.835 0.618392 
2.8325 0.628384 
2.84 0.598042 
2.8375 0.608275 
2.845 0.577253 
2.8425 0.587699 
2.85 0.556087 
2.8475 0.566713 
2.855 0.534608 
2.8525 0.545382 
2.86 0.512891 
2.8575 0.523775 
2.865 0.491011 
2.8625 0.501966 
2.87 0.469046 
2.8675 0.480034 
2.875 0.44708 
2.8725 0.458058 
2.88 0.425194 
2.8775 0.436122 
2.885 0.403471 
2.8825 0.414307 
2.89 0.381991 
2.8875 0.392695 
2.895 0.360831 
2.8925 0.371366 
2.9 0.340067 
2.8975 0.350395 
2.905 0.319767 
2.9025 0.329855 
2.91 0.299993 
2.9075 0.30981 
2.915 0.280802 
2.9125 0.290321 
2.92 0.262244 
2.9175 0.271441 
2.925 0.24436 
2.9225 0.253215 
2.93 0.227183 
2.9275 0.235681 
2.935 0.210741 
2.9325 0.218869 
2.94 0.195052 
2.9375 0.202802 
2.945 0.180128 
2.9425 0.187494 
2.95 0.165973 
2.9475 0.172955 
2.955 0.152587 
2.9525 0.159185 
2.96 0.139963 
2.9575 0.146181 
2.965 0.128089 
2.9625 0.133933 
2.97 0.11695 
2.9675 0.122429 
2.975 0.106526 
2.9725 0.11165 
2.98 0.0967963 
2.9775 0.101576 
2.985 0.0877356 
2.9825 0.0921838 
2.99 0.0793186 
2.9875 0.0834483 
2.995 0.0715184 
2.9925 0.0753431 
3 0.0643075 
2.9975 0.067841 
3.005 0.0576581 
3.0025 0.0609143 
3.01 0.0515425 
3.0075 0.0545353 
3.015 0.0459332 
3.0125 0.0486763 
3.02 0.0408032 
3.0175 0.04331 
3.025 0.0361261 
3.0225 0.0384097 
3.03 0.0318759 
3.0275 0.0339492 
3.035 0.0280272 
3.0325 0.0299029 
3.04 0.0245554 
3.0375 0.0262457 
3.045 0.0214359 
3.0425 0.0229531 
3.05 0.0186448 
3.0475 0.0200008 
3.055 0.0161586 
3.0525 0.017365 
3.06 0.0139539 
3.0575 0.0150225 
3.065 0.0120081 
3.0625 0.0129501 
3.07 0.0102986 
3.0675 0.0111252 
3.075 0.00880388 
3.0725 0.00952576 
3.08 0.00750279 
3.0775 0.00813041 
3.085 0.00637528 
3.0825 0.00691855 
3.09 0.00540234 
3.0875 0.00587063 
3.095 0.00456614 
3.0925 0.00496821 
3.1 0.00385017 
3.0975 0.0041941 
3.105 0.00323929 
3.1025 0.00353249 
3.11 0.00271977 
3.1075 0.00296892 
3.115 0.00227926 
3.1125 0.00249036 
3.12 0.00190676 
3.1175 0.00208514 
3.125 0.00159255 
3.1225 0.00174292 
3.13 0.00132811 
3.1275 0.0014546 
3.135 0.00110603 
3.1325 0.0012122 
3.14 0.000919866 
3.1375 0.00100882 
3.145 0.000764086 
3.1425 0.000838492 
3.15 0.000633939 
3.1475 0.000696077 
3.155 0.000525368 
3.1525 0.000577185 
3.16 0.000434922 
3.1575 0.000478073 
3.165 0.000359672 
3.1625 0.000395562 
3.17 0.000297142 
3.1675 0.000326956 
3.175 0.000245241 
3.1725 0.00026998 
3.18 0.000202211 
3.1775 0.000222716 
3.185 0.000166574 
3.1825 0.000183551 
3.19 0.000137089 
3.1875 0.000151131 
3.195 0.000112719 
3.1925 0.000124322 
3.2 9.25962e-05 
3.1975 0.000102175 
3.205 7.59965e-05 
3.2025 8.38962e-05 
3.21 6.2316e-05 
3.2075 6.88249e-05 
3.215 5.10519e-05 
3.2125 5.64098e-05 
3.22 4.17859e-05 
3.2175 4.61923e-05 
3.225 3.41707e-05 
3.2225 3.77912e-05 
3.23 2.7918e-05 
3.2275 3.089e-05 
3.235 2.27886e-05 
3.2325 2.52261e-05 
3.24 1.85846e-05 
3.2375 2.05819e-05 
3.245 1.51423e-05 
3.2425 1.67773e-05 
3.25 1.23262e-05 
3.2475 1.36634e-05 
3.255 1.00245e-05 
3.2525 1.11172e-05 
3.26 8.14506e-06 
3.2575 9.0371e-06 
3.265 6.6118e-06 
3.2625 7.33935e-06 
3.27 5.36212e-06 
3.2675 5.95496e-06 
3.275 4.34454e-06 
3.2725 4.82716e-06 
3.28 3.51673e-06 
3.2775 3.90925e-06 
3.285 2.84394e-06 
3.2825 3.16287e-06 
3.29 2.29766e-06 
3.2875 2.55655e-06 
3.295 1.85452e-06 
3.2925 2.06448e-06 
3.3 1.49541e-06 
3.2975 1.66551e-06 
3.305 1.20466e-06 
3.3025 1.34235e-06 
3.31 9.69494e-07 
3.3075 1.08083e-06 
3.315 7.79471e-07 
3.3125 8.69411e-07 
3.32 6.26075e-07 
3.3175 6.98661e-07 
3.325 5.0237e-07 
3.3225 5.60891e-07 
3.33 4.02707e-07 
3.3275 4.49842e-07 
3.335 3.22494e-07 
3.3325 3.60421e-07 
3.34 2.58e-07 
3.3375 2.88486e-07 
3.345 2.06196e-07 
3.3425 2.30677e-07 
3.35 1.64628e-07 
3.3475 1.84266e-07 
3.355 1.31306e-07 
3.3525 1.47045e-07 
3.36 1.04623e-07 
3.3575 1.17223e-07 
3.365 8.32772e-08 
3.3625 9.33537e-08 
3.37 6.62186e-08 
3.3675 7.42691e-08 
3.375 5.26004e-08 
3.3725 5.90255e-08 
3.38 4.17398e-08 
3.3775 4.68624e-08 
3.385 3.30874e-08 
3.3825 3.71674e-08 
3.39 2.62015e-08 
3.3875 2.94476e-08 
3.395 2.07271e-08 
3.3925 2.33071e-08 
3.4 1.63794e-08 
3.3975 1.84279e-08 
3.405 1.29302e-08 
3.4025 1.45549e-08 
3.41 1.01967e-08 
3.4075 1.14839e-08 
3.415 8.03259e-09 
3.4125 9.05135e-09 
3.42 6.32115e-09 
3.4175 7.1266e-09 
3.425 4.96912e-09 
3.4225 5.60524e-09 
3.43 3.90215e-09 
3.4275 4.40401e-09 
3.435 3.06104e-09 
3.4325 3.45655e-09 
3.44 2.39869e-09 
3.4375 2.71006e-09 
3.445 1.87766e-09 
3.4425 2.12253e-09 
3.45 1.46825e-09 
3.4475 1.6606e-09 
3.455 1.14688e-09 
3.4525 1.29783e-09 
3.46 8.94902e-10 
3.4575 1.01322e-09 
3.465 6.97537e-10 
3.4625 7.90185e-10 
3.47 5.43118e-10 
3.4675 6.15585e-10 
3.475 4.22431e-10 
3.4725 4.79052e-10 
3.48 3.2821e-10 
3.4775 3.72401e-10 
3.485 2.5473e-10 
3.4825 2.89183e-10 
3.49 1.97488e-10 
3.4875 2.2432e-10 
3.495 1.52945e-10 
3.4925 1.73819e-10 
3.5 1.18321e-10 
3.4975 1.34541e-10 
3.505 9.14361e-11 
3.5025 1.04027e-10 
3.51 7.05839e-11 
3.5075 8.0347e-11 
3.515 5.44282e-11 
3.5125 6.19901e-11 
3.52 4.19249e-11 
3.5175 4.77756e-11 
3.525 3.2259e-11 
3.5225 3.67806e-11 
3.53 2.47947e-11 
3.5275 2.82854e-11 
3.535 1.90368e-11 
3.5325 2.17287e-11 
3.54 1.46003e-11 
3.5375 1.66738e-11 
3.545 1.11855e-11 
3.5425 1.2781e-11 
3.55 8.56008e-12 
3.5475 9.78643e-12 
3.555 6.54378e-12 
3.5525 7.48533e-12 
3.56 4.99698e-12 
3.5575 5.71908e-12 
3.565 3.81167e-12 
3.5625 4.36485e-12 
3.57 2.90436e-12 
3.5675 3.32767e-12 
3.575 2.21062e-12 
3.5725 2.53419e-12 
3.58 1.68075e-12 
3.5775 1.92782e-12 
3.585 1.27651e-12 
3.5825 1.46494e-12 
3.59 9.68432e-13 
3.5875 1.112e-12 
3.595 7.33911e-13 
3.5925 8.43168e-13 
3.6 5.55579e-13 
3.5975 6.38635e-13 
3.605 4.20123e-13 
3.6025 4.83191e-13 
3.61 3.17348e-13 
3.6075 3.65186e-13 
3.615 2.39455e-13 
3.6125 2.757e-13 
3.62 1.80484e-13 
3.6175 2.07917e-13 
3.625 1.35889e-13 
3.6225 1.56628e-13 
3.63 1.02202e-13 
3.6275 1.17864e-13 
3.635 7.67831e-14 
3.6325 8.85973e-14 
3.64 5.76237e-14 
3.6375 6.65259e-14 
3.645 4.31984e-14 
3.6425 4.9899e-14 
3.65 3.23494e-14 
3.6475 3.73873e-14 
3.655 2.4199e-14 
3.6525 2.79826e-14 
3.66 1.80826e-14 
3.6575 2.09211e-14 
3.665 1.34976e-14 
3.6625 1.56248e-14 
3.67 1.00644e-14 
3.6675 1.16568e-14 
3.675 7.49647e-15 
3.6725 8.68719e-15 
3.68 5.57779e-15 
3.6775 6.46719e-15 
3.685 4.14577e-15 
3.6825 4.80938e-15 
3.69 3.07814e-15 
3.6875 3.57275e-15 
3.695 2.28303e-15 
3.6925 2.65128e-15 
3.7 1.69153e-15 
3.6975 1.9654e-15 
3.705 1.25196e-15 
3.7025 1.45543e-15 
3.71 9.25659e-16 
3.7075 1.07665e-15 
3.715 6.83692e-16 
3.7125 7.95628e-16 
3.72 5.04454e-16 
3.7175 5.87347e-16 
3.725 3.71825e-16 
3.7225 4.33145e-16 
3.73 2.73788e-16 
3.7275 3.19102e-16 
3.735 2.01396e-16 
3.7325 2.34847e-16 
3.74 1.47998e-16 
3.7375 1.72666e-16 
3.745 1.0865e-16 
3.7425 1.26822e-16 
3.75 7.96861e-17 
3.7475 9.30588e-17 
3.755 5.83869e-17 
3.7525 6.8218e-17 
3.76 4.27403e-17 
3.7575 4.99604e-17 
3.765 3.12575e-17 
3.7625 3.65548e-17 
3.77 2.28389e-17 
3.7675 2.67215e-17 
3.775 1.66728e-17 
3.7725 1.95158e-17 
3.78 1.21608e-17 
3.7775 1.42406e-17 
3.785 8.8624e-18 
3.7825 1.03824e-17 
3.79 6.45336e-18 
3.7875 7.56327e-18 
3.795 4.69548e-18 
3.7925 5.50519e-18 
3.8 3.41389e-18 
3.7975 4.00407e-18 
3.805 2.48035e-18 
3.8025 2.91016e-18 
3.81 1.80089e-18 
3.8075 2.11365e-18 
3.815 1.30677e-18 
3.8125 1.53417e-18 
3.82 9.4769e-19 
3.8175 1.11291e-18 
3.825 6.86943e-19 
3.8225 8.06893e-19 
3.83 4.97727e-19 
3.8275 5.84755e-19 
3.835 3.60505e-19 
3.8325 4.23609e-19 
3.84 2.61047e-19 
3.8375 3.06778e-19 
3.845 1.88997e-19 
3.8425 2.22121e-19 
3.85 1.36825e-19 
3.8475 1.60808e-19 
3.855 9.90608e-20 
3.8525 1.16419e-19 
3.86 7.17329e-20 
3.8575 8.42934e-20 
3.865 5.19608e-20 
3.8625 6.10482e-20 
3.87 3.76566e-20 
3.8675 4.42309e-20 
3.875 2.73077e-20 
3.8725 3.20642e-20 
3.88 1.98192e-20 
3.8775 2.32613e-20 
3.885 1.43987e-20 
3.8825 1.68905e-20 
3.89 1.04734e-20 
3.8875 1.22782e-20 
3.895 7.6291e-21 
3.8925 8.93709e-21 
3.9 5.56637e-21 
3.8975 6.51516e-21 
3.905 4.06896e-21 
3.9025 4.75792e-21 
3.91 2.98064e-21 
3.9075 3.48156e-21 
3.915 2.18851e-21 
3.9125 2.55325e-21 
3.92 1.61102e-21 
3.9175 1.87706e-21 
3.925 1.18922e-21 
3.9225 1.38364e-21 
3.93 8.80475e-22 
3.9275 1.02287e-21 
3.935 6.5396e-22 
3.9325 7.58499e-22 
3.94 4.87342e-22 
3.9375 5.64294e-22 
3.945 3.64439e-22 
3.9425 4.21246e-22 
3.95 2.73506e-22 
3.9475 3.15572e-22 
3.955 2.06012e-22 
3.9525 2.37263e-22 
3.96 1.55745e-22 
3.9575 1.79041e-22 
3.965 1.18176e-22 
3.9625 1.35604e-22 
3.97 8.99955e-23 
3.9675 1.03081e-22 
3.975 6.87787e-23 
3.9725 7.86404e-23 
3.98 5.2745e-23 
3.9775 6.0205e-23 
3.985 4.0583e-23 
3.9825 4.62473e-23 
3.99 3.13235e-23 
3.9875 3.56402e-23 
3.995 2.42484e-23 
3.9925 2.75499e-23 
4 1.88234e-23 
3.9975 2.13572e-23 
4.005 1.46496e-23 
4.0025 1.66007e-23 
4.01 1.14281e-23 
4.0075 1.29353e-23 
4.015 8.93421e-24 
4.0125 1.01019e-23 
4.02 6.99806e-24 
4.0175 7.90526e-24 
4.025 5.49102e-24 
4.0225 6.19763e-24 
4.03 4.31517e-24 
4.0275 4.86683e-24 
4.035 3.39572e-24 
4.0325 3.82732e-24 
4.04 2.67535e-24 
4.0375 3.01367e-24 
4.045 2.10995e-24 
4.0425 2.3756e-24 
4.05 1.66549e-24 
4.0475 1.8744e-24 
4.055 1.31562e-24 
4.0525 1.48013e-24 
4.06 1.03987e-24 
4.0575 1.16957e-24 
4.065 8.22322e-25 
4.0625 9.2467e-25 
4.07 6.50533e-25 
4.0675 7.3137e-25 
4.075 5.14779e-25 
4.0725 5.78671e-25 
4.08 4.07435e-25 
4.0775 4.57963e-25 
4.085 3.22513e-25 
4.0825 3.62491e-25 
4.09 2.55303e-25 
4.0875 2.86946e-25 
4.095 2.02096e-25 
4.0925 2.27148e-25 
4.1 1.59966e-25 
4.0975 1.79803e-25 
4.105 1.26602e-25 
4.1025 1.42312e-25 
4.11 1.00179e-25 
4.1075 1.12621e-25 
4.115 7.92532e-26 
4.1125 8.91064e-26 
4.12 6.26823e-26 
4.1175 7.04847e-26 
4.125 4.95615e-26 
4.1225 5.57392e-26 
4.13 3.91744e-26 
4.1275 4.40647e-26 
4.135 3.09531e-26 
4.1325 3.48235e-26 
4.14 2.44477e-26 
4.1375 2.75101e-26 
4.145 1.93016e-26 
4.1425 2.17239e-26 
4.15 1.52322e-26 
4.1475 1.71475e-26 
4.155 1.20152e-26 
4.1525 1.35291e-26 
4.16 9.47309e-27 
4.1575 1.06693e-26 
4.165 7.46514e-27 
4.1625 8.40992e-27 
4.17 5.87977e-27 
4.1675 6.62563e-27 
4.175 4.62863e-27 
4.1725 5.21717e-27 
4.18 3.64172e-27 
4.1775 4.10591e-27 
4.185 2.86363e-27 
4.1825 3.22955e-27 
4.19 2.25048e-27 
4.1875 2.53879e-27 
4.195 1.76758e-27 
4.1925 1.99461e-27 
4.2 1.38745e-27 
4.1975 1.56614e-27 
4.205 1.0884e-27 
4.2025 1.22896e-27 
4.21 8.53272e-28 
4.2075 9.63768e-28 
4.215 6.68508e-28 
4.2125 7.55321e-28 
4.22 5.2341e-28 
4.2175 5.91575e-28 
4.225 4.09533e-28 
4.2225 4.63022e-28 
4.23 3.20216e-28 
4.2275 3.62161e-28 
4.235 2.50206e-28 
4.2325 2.83079e-28 
4.24 1.95367e-28 
4.2375 2.21112e-28 
4.245 1.5244e-28 
4.2425 1.72589e-28 
4.25 1.18859e-28 
4.2475 1.34618e-28 
4.255 9.26092e-29 
4.2525 1.04926e-28 
4.26 7.21034e-29 
4.2575 8.1723e-29 
4.265 5.60963e-29 
4.2625 6.36041e-29 
4.27 4.361e-29 
4.2675 4.94653e-29 
4.275 3.38773e-29 
4.2725 3.84404e-29 
4.28 2.62964e-29 
4.2775 2.98499e-29 
4.285 2.03961e-29 
4.2825 2.31613e-29 
4.29 1.58072e-29 
4.2875 1.79574e-29 
4.295 1.22411e-29 
4.2925 1.39117e-29 
4.3 9.47193e-30 
4.2975 1.07689e-29 
4.305 7.32327e-30 
4.3025 8.32942e-30 
4.31 5.65742e-30 
4.3075 6.43732e-30 
4.315 4.36692e-30 
4.3125 4.97096e-30 
4.32 3.36799e-30 
4.3175 3.83546e-30 
4.325 2.59541e-30 
4.3225 2.95687e-30 
4.33 1.99836e-30 
4.3275 2.27764e-30 
4.335 1.53735e-30 
4.3325 1.75295e-30 
4.34 1.18169e-30 
4.3375 1.34798e-30 
4.345 9.07528e-31 
4.3425 1.03568e-30 
4.35 6.9637e-31 
4.3475 7.95053e-31 
4.355 5.33878e-31 
4.3525 6.098e-31 
4.36 4.08943e-31 
4.3575 4.67304e-31 
4.365 3.12969e-31 
4.3625 3.57791e-31 
4.37 2.39306e-31 
4.3675 2.737e-31 
4.375 1.82818e-31 
4.3725 2.09187e-31 
4.38 1.39539e-31 
4.3775 1.59737e-31 
4.385 1.06409e-31 
4.3825 1.21867e-31 
4.39 8.10716e-32 
4.3875 9.28906e-32 
4.395 6.17111e-32 
4.3925 7.07399e-32 
4.4 4.6931e-32 
4.3975 5.3822e-32 
4.405 3.5658e-32 
4.4025 4.09126e-32 
4.41 2.70678e-32 
4.4075 3.10709e-32 
4.415 2.0528e-32 
4.4125 2.35748e-32 
4.42 1.55537e-32 
4.4175 1.78706e-32 
4.425 1.17738e-32 
4.4225 1.3534e-32 
4.43 8.9041e-33 
4.4275 1.02401e-32 
4.435 6.72751e-33 
4.4325 7.74055e-33 
4.44 5.07817e-33 
4.4375 5.84563e-33 
4.445 3.82956e-33 
4.4425 4.4104e-33 
4.45 2.8852e-33 
4.4475 3.32439e-33 
4.455 2.17164e-33 
4.4525 2.50341e-33 
4.46 1.63299e-33 
4.4575 1.88337e-33 
4.465 1.22676e-33 
4.4625 1.41554e-33 
4.47 9.20699e-34 
4.4675 1.06289e-33 
4.475 6.90328e-34 
4.4725 7.97329e-34 
4.48 5.17097e-34 
4.4775 5.97537e-34 
4.485 3.86959e-34 
4.4825 4.47373e-34 
4.49 2.89291e-34 
4.4875 3.3462e-34 
4.495 2.16063e-34 
4.4925 2.5004e-34 
4.5 1.61213e-34 
4.4975 1.86656e-34 
4.505 1.20169e-34 
4.5025 1.39203e-34 
4.51 8.94864e-35 
4.5075 1.03711e-34 
4.515 6.65722e-35 
4.5125 7.71929e-35 
4.52 4.94766e-35 
4.5175 5.73982e-35 
4.525 3.67347e-35 
4.5225 4.26373e-35 
4.53 2.72471e-35 
4.5275 3.1641e-35 
4.535 2.01899e-35 
4.5325 2.34574e-35 
4.54 1.49456e-35 
4.5375 1.73731e-35 
4.545 1.10525e-35 
4.5425 1.2854e-35 
4.55 8.1653e-36 
4.5475 9.50099e-36 
4.555 6.02628e-36 
4.5525 7.01558e-36 
4.56 4.44315e-36 
4.5575 5.17515e-36 
4.565 3.27263e-36 
4.5625 3.8137e-36 
4.57 2.40805e-36 
4.5675 2.80759e-36 
4.575 1.77009e-36 
4.5725 2.06482e-36 
4.58 1.29984e-36 
4.5775 1.51703e-36 
4.585 9.53549e-37 
4.5825 1.11344e-36 
4.59 6.98808e-37 
4.5875 8.16401e-37 
4.595 5.11604e-37 
4.5925 5.97997e-37 
4.6 3.7417e-37 
4.5975 4.37577e-37 
4.605 2.73378e-37 
4.6025 3.19867e-37 
4.61 1.99534e-37 
4.6075 2.33584e-37 
4.615 1.45489e-37 
4.6125 1.70403e-37 
4.62 1.05974e-37 
4.6175 1.24185e-37 
4.625 7.71133e-38 
4.6225 9.04104e-38 
4.63 5.60551e-38 
4.6275 6.57545e-38 
4.635 4.0706e-38 
4.6325 4.77738e-38 
4.64 2.95297e-38 
4.6375 3.46746e-38 
4.645 2.14e-38 
4.6425 2.51414e-38 
4.65 1.54927e-38 
4.6475 1.82106e-38 
4.655 1.12046e-38 
4.6525 1.31769e-38 
4.66 8.09505e-39 
4.6575 9.52491e-39 
4.665 5.8425e-39 
4.6625 6.878e-39 
4.67 4.21244e-39 
4.6675 4.96157e-39 
4.675 3.03405e-39 
4.6725 3.57546e-39 
4.68 2.18307e-39 
4.6775 2.57394e-39 
4.685 1.56916e-39 
4.6825 1.85106e-39 
4.69 1.12673e-39 
4.6875 1.32983e-39 
4.695 8.08215e-40 
4.6925 9.5439e-40 
4.7 5.79146e-40 
4.6975 6.84243e-40 
4.705 4.14575e-40 
4.7025 4.9006e-40 
4.71 2.96465e-40 
4.7075 3.50624e-40 
4.715 2.11785e-40 
4.7125 2.50604e-40 
4.72 1.51137e-40 
4.7175 1.78932e-40 
4.725 1.07746e-40 
4.7225 1.27626e-40 
4.73 7.67336e-41 
4.7275 9.09383e-41 
4.735 5.45912e-41 
4.7325 6.47302e-41 
4.74 3.87983e-41 
4.7375 4.60278e-41 
4.745 2.75458e-41 
4.7425 3.26954e-41 
4.75 1.95368e-41 
4.7475 2.3201e-41 
4.755 1.38421e-41 
4.7525 1.64468e-41 
4.76 9.79727e-42 
4.7575 1.16468e-41 
4.765 6.92726e-42 
4.7625 8.23922e-42 
4.77 4.89295e-42 
4.7675 5.82262e-42 
4.775 3.4525e-42 
4.7725 4.11059e-42 
4.78 2.4336e-42 
4.7775 2.89897e-42 
4.785 1.71363e-42 
4.7825 2.04238e-42 
4.79 1.20543e-42 
4.7875 1.43741e-42 
4.795 8.47064e-43 
4.7925 1.0106e-42 
4.8 5.94628e-43 
4.7975 7.09795e-43 
4.805 4.16992e-43 
4.8025 4.98011e-43 
4.81 2.92122e-43 
4.8075 3.49058e-43 
4.815 2.04434e-43 
4.8125 2.44405e-43 
4.82 1.42921e-43 
4.8175 1.70953e-43 
4.825 9.98145e-44 
4.8225 1.19453e-43 
4.83 6.96377e-44 
4.8275 8.33818e-44 
4.835 4.85344e-44 
4.8325 5.81432e-44 
4.84 3.37916e-44 
4.8375 4.05024e-44 
4.845 2.35029e-44 
4.8425 2.81849e-44 
4.85 1.63301e-44 
4.8475 1.95933e-44 
4.855 1.13347e-44 
4.8525 1.36067e-44 
4.86 7.85938e-45 
4.8575 9.43955e-45 
4.865 5.44402e-45 
4.8625 6.54193e-45 
4.87 3.76709e-45 
4.8675 4.52913e-45 
4.875 2.60404e-45 
4.8725 3.13241e-45 
4.88 1.79823e-45 
4.8775 2.1642e-45 
4.885 1.2405e-45 
4.8825 1.49373e-45 
4.89 8.54878e-46 
4.8875 1.02992e-45 
4.895 5.88529e-46 
4.8925 7.09394e-46 
4.9 4.0475e-46 
4.8975 4.88122e-46 
4.905 2.78076e-46 
4.9025 3.35526e-46 
4.91 1.90851e-46 
4.9075 2.30399e-46 
4.915 1.30853e-46 
4.9125 1.58048e-46 
4.92 8.96251e-47 
4.9175 1.08307e-46 
4.925 6.13244e-47 
4.9225 7.41451e-47 
4.93 4.19176e-47 
4.9275 5.07067e-47 
4.935 2.86234e-47 
4.9325 3.46425e-47 
4.94 1.9526e-47 
4.9375 2.36438e-47 
4.945 1.33072e-47 
4.9425 1.61212e-47 
4.95 9.06074e-48 
4.9475 1.09816e-47 
4.955 6.1646e-48 
4.9525 7.47421e-48 
4.96 4.19215e-48 
4.9575 5.0837e-48 
4.965 2.85127e-48 
4.9625 3.45698e-48 
4.97 1.94231e-48 
4.9675 2.3525e-48 
4.975 1.32923e-48 
4.9725 1.60537e-48 
4.98 9.198e-49 
4.9775 1.1035e-48 
4.985 6.52148e-49 
4.9825 7.71197e-49 
4.99 4.85648e-49 
4.9875 5.58136e-49 
4.995 3.94939e-49 
4.9925 4.31918e-49 
5 3.66169e-49 
4.9975 3.7329e-49 
