0 8.28752e-06 
0.005 8.36829e-06 
0.0025 8.30769e-06 
0.01 8.61196e-06 
0.0075 8.46957e-06 
0.015 9.02266e-06 
0.0125 8.79606e-06 
0.02 9.60731e-06 
0.0175 9.29269e-06 
0.025 1.03758e-05 
0.0225 9.96783e-06 
0.03 1.13409e-05 
0.0275 1.08328e-05 
0.035 1.2519e-05 
0.0325 1.19022e-05 
0.04 1.39295e-05 
0.0375 1.31938e-05 
0.045 1.55959e-05 
0.0425 1.47291e-05 
0.05 1.75458e-05 
0.0475 1.65335e-05 
0.055 1.98111e-05 
0.0525 1.86368e-05 
0.06 2.24287e-05 
0.0575 2.10733e-05 
0.065 2.54412e-05 
0.0625 2.38827e-05 
0.07 2.88972e-05 
0.0675 2.71105e-05 
0.075 3.28518e-05 
0.0725 3.08084e-05 
0.08 3.73681e-05 
0.0775 3.50355e-05 
0.085 4.25173e-05 
0.0825 3.98588e-05 
0.09 4.83803e-05 
0.0875 4.53541e-05 
0.095 5.50483e-05 
0.0925 5.16075e-05 
0.1 6.26245e-05 
0.0975 5.87159e-05 
0.105 7.12254e-05 
0.1025 6.6789e-05 
0.11 8.0982e-05 
0.1075 7.59504e-05 
0.115 9.20424e-05 
0.1125 8.63393e-05 
0.12 0.000104573 
0.1175 9.81127e-05 
0.125 0.000118761 
0.1225 0.000111447 
0.13 0.000134817 
0.1275 0.000126542 
0.135 0.000152979 
0.1325 0.000143619 
0.14 0.000173513 
0.1375 0.000162932 
0.145 0.000196717 
0.1425 0.000184761 
0.15 0.000222929 
0.1475 0.000209424 
0.155 0.000252525 
0.1525 0.000237278 
0.16 0.000285929 
0.1575 0.000268722 
0.165 0.000323618 
0.1625 0.000304206 
0.17 0.000366124 
0.1675 0.000344233 
0.175 0.000414046 
0.1725 0.000389368 
0.18 0.000468056 
0.1775 0.000440245 
0.185 0.000528905 
0.1825 0.000497575 
0.19 0.000597437 
0.1875 0.000562154 
0.195 0.000674598 
0.1925 0.000634875 
0.2 0.000761446 
0.1975 0.00071674 
0.205 0.000859167 
0.2025 0.000808868 
0.21 0.000969091 
0.2075 0.000912515 
0.215 0.0010927 
0.2125 0.00102909 
0.22 0.00123167 
0.2175 0.00116016 
0.225 0.00138786 
0.2225 0.00130749 
0.23 0.00156335 
0.2275 0.00147305 
0.235 0.00176048 
0.2325 0.00165905 
0.24 0.00198185 
0.2375 0.00186796 
0.245 0.00223037 
0.2425 0.00210252 
0.25 0.00250932 
0.2475 0.00236583 
0.255 0.00282233 
0.2525 0.00266132 
0.26 0.00317347 
0.2575 0.00299286 
0.265 0.00356727 
0.2625 0.00336473 
0.27 0.00400881 
0.2675 0.00378173 
0.275 0.00450374 
0.2725 0.00424922 
0.28 0.00505837 
0.2775 0.00477317 
0.285 0.00567971 
0.2825 0.00536023 
0.29 0.00637561 
0.2875 0.00601782 
0.295 0.00715477 
0.2925 0.0067542 
0.3 0.00802689 
0.2975 0.00757856 
0.305 0.00900273 
0.3025 0.00850112 
0.31 0.0100943 
0.3075 0.00953323 
0.315 0.0113147 
0.3125 0.0106875 
0.32 0.0126789 
0.3175 0.0119779 
0.325 0.014203 
0.3225 0.0134199 
0.33 0.0159051 
0.3275 0.0150306 
0.335 0.017805 
0.3325 0.016829 
0.34 0.0199246 
0.3375 0.0188359 
0.345 0.022288 
0.3425 0.0210742 
0.35 0.0249216 
0.3475 0.0235693 
0.355 0.0278544 
0.3525 0.0263487 
0.36 0.0311179 
0.3575 0.0294427 
0.365 0.0347464 
0.3625 0.0328842 
0.37 0.0387774 
0.3675 0.0367092 
0.375 0.0432511 
0.3725 0.0409563 
0.38 0.0482107 
0.3775 0.0456673 
0.385 0.0537027 
0.3825 0.0508872 
0.39 0.0597765 
0.3875 0.0566637 
0.395 0.066484 
0.3925 0.0630476 
0.4 0.07388 
0.3975 0.0700924 
0.405 0.0820212 
0.4025 0.0778538 
0.41 0.0909659 
0.4075 0.0863894 
0.415 0.100773 
0.4125 0.0957581 
0.42 0.111503 
0.4175 0.106019 
0.425 0.123212 
0.4225 0.117232 
0.43 0.135957 
0.4275 0.129452 
0.435 0.149789 
0.4325 0.142734 
0.44 0.164754 
0.4375 0.157128 
0.445 0.18089 
0.4425 0.172674 
0.45 0.198226 
0.4475 0.189407 
0.455 0.216777 
0.4525 0.207349 
0.46 0.236546 
0.4575 0.226509 
0.465 0.25752 
0.4625 0.246884 
0.47 0.279667 
0.4675 0.26845 
0.475 0.302938 
0.4725 0.291166 
0.48 0.32726 
0.4775 0.314973 
0.485 0.352544 
0.4825 0.339788 
0.49 0.378679 
0.4875 0.365513 
0.495 0.405534 
0.4925 0.392025 
0.5 0.432965 
0.4975 0.419187 
0.505 0.460812 
0.5025 0.446847 
0.51 0.488904 
0.5075 0.474838 
0.515 0.517067 
0.5125 0.502988 
0.52 0.545122 
0.5175 0.531119 
0.525 0.572895 
0.5225 0.559055 
0.53 0.600218 
0.5275 0.586623 
0.535 0.626934 
0.5325 0.613661 
0.54 0.652899 
0.5375 0.640018 
0.545 0.677989 
0.5425 0.665561 
0.55 0.702097 
0.5475 0.690172 
0.555 0.725137 
0.5525 0.713755 
0.56 0.747041 
0.5575 0.736234 
0.565 0.767763 
0.5625 0.757552 
0.57 0.787277 
0.5675 0.777672 
0.575 0.805572 
0.5725 0.796577 
0.58 0.822653 
0.5775 0.814263 
0.585 0.83854 
0.5825 0.830744 
0.59 0.853263 
0.5875 0.846044 
0.595 0.866862 
0.5925 0.8602 
0.6 0.879385 
0.5975 0.873255 
0.605 0.890883 
0.6025 0.885258 
0.61 0.901414 
0.6075 0.896266 
0.615 0.911035 
0.6125 0.906334 
0.62 0.919805 
0.6175 0.915522 
0.625 0.927784 
0.6225 0.92389 
0.63 0.935031 
0.6275 0.931496 
0.635 0.9416 
0.6325 0.938396 
0.64 0.947546 
0.6375 0.944648 
0.645 0.952922 
0.6425 0.950302 
0.65 0.957775 
0.6475 0.955411 
0.655 0.962151 
0.6525 0.96002 
0.66 0.966094 
0.6575 0.964174 
0.665 0.969642 
0.6625 0.967914 
0.67 0.972832 
0.6675 0.971279 
0.675 0.975698 
0.6725 0.974303 
0.68 0.978272 
0.6775 0.97702 
0.685 0.980581 
0.6825 0.979457 
0.69 0.982651 
0.6875 0.981644 
0.695 0.984506 
0.6925 0.983604 
0.7 0.986168 
0.6975 0.98536 
0.705 0.987656 
0.7025 0.986933 
0.71 0.988988 
0.7075 0.988341 
0.715 0.990179 
0.7125 0.9896 
0.72 0.991244 
0.7175 0.990726 
0.725 0.992196 
0.7225 0.991733 
0.73 0.993046 
0.7275 0.992633 
0.735 0.993806 
0.7325 0.993437 
0.74 0.994484 
0.7375 0.994155 
0.745 0.99509 
0.7425 0.994795 
0.75 0.99563 
0.7475 0.995367 
0.755 0.996112 
0.7525 0.995878 
0.76 0.996542 
0.7575 0.996333 
0.765 0.996925 
0.7625 0.996739 
0.77 0.997267 
0.7675 0.997101 
0.775 0.997571 
0.7725 0.997424 
0.78 0.997843 
0.7775 0.997711 
0.785 0.998084 
0.7825 0.997967 
0.79 0.998299 
0.7875 0.998195 
0.795 0.998491 
0.7925 0.998398 
0.8 0.998661 
0.7975 0.998578 
0.805 0.998813 
0.8025 0.998739 
0.81 0.998947 
0.8075 0.998882 
0.815 0.999067 
0.8125 0.999009 
0.82 0.999174 
0.8175 0.999122 
0.825 0.999268 
0.8225 0.999222 
0.83 0.999352 
0.8275 0.999311 
0.835 0.999427 
0.8325 0.999391 
0.84 0.999493 
0.8375 0.999461 
0.845 0.999552 
0.8425 0.999523 
0.85 0.999604 
0.8475 0.999579 
0.855 0.99965 
0.8525 0.999628 
0.86 0.999691 
0.8575 0.999671 
0.865 0.999727 
0.8625 0.99971 
0.87 0.999759 
0.8675 0.999744 
0.875 0.999788 
0.8725 0.999774 
0.88 0.999813 
0.8775 0.999801 
0.885 0.999835 
0.8825 0.999824 
0.89 0.999855 
0.8875 0.999845 
0.895 0.999872 
0.8925 0.999863 
0.9 0.999887 
0.8975 0.99988 
0.905 0.999901 
0.9025 0.999894 
0.91 0.999912 
0.9075 0.999907 
0.915 0.999923 
0.9125 0.999918 
0.92 0.999932 
0.9175 0.999928 
0.925 0.99994 
0.9225 0.999936 
0.93 0.999947 
0.9275 0.999944 
0.935 0.999953 
0.9325 0.99995 
0.94 0.999959 
0.9375 0.999956 
0.945 0.999963 
0.9425 0.999961 
0.95 0.999967 
0.9475 0.999965 
0.955 0.999971 
0.9525 0.999969 
0.96 0.999974 
0.9575 0.999972 
0.965 0.999976 
0.9625 0.999975 
0.97 0.999978 
0.9675 0.999977 
0.975 0.99998 
0.9725 0.999979 
0.98 0.999981 
0.9775 0.99998 
0.985 0.999982 
0.9825 0.999981 
0.99 0.999983 
0.9875 0.999982 
0.995 0.999983 
0.9925 0.999983 
1 0.999983 
0.9975 0.999983 
1.005 0.999983 
1.0025 0.999983 
1.01 0.999982 
1.0075 0.999983 
1.015 0.999982 
1.0125 0.999982 
1.02 0.99998 
1.0175 0.999981 
1.025 0.999979 
1.0225 0.99998 
1.03 0.999977 
1.0275 0.999978 
1.035 0.999975 
1.0325 0.999976 
1.04 0.999973 
1.0375 0.999974 
1.045 0.99997 
1.0425 0.999972 
1.05 0.999967 
1.0475 0.999969 
1.055 0.999964 
1.0525 0.999966 
1.06 0.99996 
1.0575 0.999962 
1.065 0.999955 
1.0625 0.999957 
1.07 0.99995 
1.0675 0.999952 
1.075 0.999944 
1.0725 0.999947 
1.08 0.999937 
1.0775 0.999941 
1.085 0.99993 
1.0825 0.999934 
1.09 0.999922 
1.0875 0.999926 
1.095 0.999913 
1.0925 0.999917 
1.1 0.999902 
1.0975 0.999908 
1.105 0.999891 
1.1025 0.999897 
1.11 0.999878 
1.1075 0.999885 
1.115 0.999864 
1.1125 0.999871 
1.12 0.999848 
1.1175 0.999856 
1.125 0.999831 
1.1225 0.99984 
1.13 0.999811 
1.1275 0.999821 
1.135 0.999789 
1.1325 0.999801 
1.14 0.999765 
1.1375 0.999778 
1.145 0.999738 
1.1425 0.999752 
1.15 0.999708 
1.1475 0.999724 
1.155 0.999675 
1.1525 0.999692 
1.16 0.999638 
1.1575 0.999657 
1.165 0.999597 
1.1625 0.999618 
1.17 0.999552 
1.1675 0.999575 
1.175 0.999501 
1.1725 0.999527 
1.18 0.999446 
1.1775 0.999474 
1.185 0.999384 
1.1825 0.999415 
1.19 0.999315 
1.1875 0.99935 
1.195 0.999239 
1.1925 0.999278 
1.2 0.999154 
1.1975 0.999198 
1.205 0.999061 
1.2025 0.999109 
1.21 0.998957 
1.2075 0.99901 
1.215 0.998843 
1.2125 0.998901 
1.22 0.998716 
1.2175 0.998781 
1.225 0.998575 
1.2225 0.998647 
1.23 0.998419 
1.2275 0.998499 
1.235 0.998247 
1.2325 0.998335 
1.24 0.998056 
1.2375 0.998154 
1.245 0.997845 
1.2425 0.997953 
1.25 0.997612 
1.2475 0.997731 
1.255 0.997353 
1.2525 0.997486 
1.26 0.997068 
1.2575 0.997214 
1.265 0.996752 
1.2625 0.996914 
1.27 0.996403 
1.2675 0.996582 
1.275 0.996017 
1.2725 0.996214 
1.28 0.99559 
1.2775 0.995808 
1.285 0.995118 
1.2825 0.99536 
1.29 0.994596 
1.2875 0.994863 
1.295 0.99402 
1.2925 0.994315 
1.3 0.993383 
1.2975 0.993709 
1.305 0.99268 
1.3025 0.99304 
1.31 0.991903 
1.3075 0.992301 
1.315 0.991045 
1.3125 0.991485 
1.32 0.990098 
1.3175 0.990583 
1.325 0.989052 
1.3225 0.989588 
1.33 0.987898 
1.3275 0.988489 
1.335 0.986624 
1.3325 0.987276 
1.34 0.985219 
1.3375 0.985939 
1.345 0.98367 
1.3425 0.984463 
1.35 0.981962 
1.3475 0.982836 
1.355 0.980079 
1.3525 0.981043 
1.36 0.978005 
1.3575 0.979067 
1.365 0.975721 
1.3625 0.976891 
1.37 0.973208 
1.3675 0.974495 
1.375 0.970442 
1.3725 0.971858 
1.38 0.967401 
1.3775 0.968958 
1.385 0.96406 
1.3825 0.96577 
1.39 0.960392 
1.3875 0.962269 
1.395 0.956366 
1.3925 0.958425 
1.4 0.951953 
1.3975 0.95421 
1.405 0.94712 
1.4025 0.949591 
1.41 0.941831 
1.4075 0.944535 
1.415 0.936052 
1.4125 0.939005 
1.42 0.929743 
1.4175 0.932966 
1.425 0.922865 
1.4225 0.926377 
1.43 0.91538 
1.4275 0.919201 
1.435 0.907245 
1.4325 0.911396 
1.44 0.898421 
1.4375 0.902922 
1.445 0.888867 
1.4425 0.893738 
1.45 0.878545 
1.4475 0.883804 
1.455 0.867418 
1.4525 0.873084 
1.46 0.855454 
1.4575 0.861543 
1.465 0.842622 
1.4625 0.849148 
1.47 0.828899 
1.4675 0.835873 
1.475 0.814269 
1.4725 0.821698 
1.48 0.798722 
1.4775 0.80661 
1.485 0.782258 
1.4825 0.790604 
1.49 0.764887 
1.4875 0.773685 
1.495 0.746633 
1.4925 0.755869 
1.5 0.727527 
1.4975 0.737184 
1.505 0.707619 
1.5025 0.71767 
1.51 0.686967 
1.5075 0.697381 
1.515 0.665646 
1.5125 0.676385 
1.52 0.643743 
1.5175 0.654762 
1.525 0.621356 
1.5225 0.632603 
1.53 0.598593 
1.5275 0.610014 
1.535 0.575574 
1.5325 0.587108 
1.54 0.552423 
1.5375 0.564006 
1.545 0.52927 
1.5425 0.540838 
1.55 0.506247 
1.5475 0.517734 
1.555 0.483487 
1.5525 0.494826 
1.56 0.461118 
1.5575 0.472246 
1.565 0.439266 
1.5625 0.45012 
1.57 0.418047 
1.5675 0.42857 
1.575 0.397571 
1.5725 0.40771 
1.58 0.377937 
1.5775 0.387643 
1.585 0.359233 
1.5825 0.368463 
1.59 0.341537 
1.5875 0.350255 
1.595 0.324917 
1.5925 0.333089 
1.6 0.309428 
1.5975 0.317028 
1.605 0.295115 
1.6025 0.302122 
1.61 0.282017 
1.6075 0.288412 
1.615 0.27016 
1.6125 0.275932 
1.62 0.259567 
1.6175 0.264705 
1.625 0.250251 
1.6225 0.254748 
1.63 0.24222 
1.6275 0.246074 
1.635 0.23548 
1.6325 0.238689 
1.64 0.230028 
1.6375 0.232593 
1.645 0.225861 
1.6425 0.227784 
1.65 0.222969 
1.6475 0.224256 
1.655 0.221343 
1.6525 0.221999 
1.66 0.220967 
1.6575 0.221 
1.665 0.221824 
1.6625 0.221243 
1.67 0.223897 
1.6675 0.22271 
1.675 0.227163 
1.6725 0.225382 
1.68 0.2316 
1.6775 0.229236 
1.685 0.237184 
1.6825 0.23425 
1.69 0.243892 
1.6875 0.240399 
1.695 0.251697 
1.6925 0.247659 
1.7 0.260574 
1.6975 0.256003 
1.705 0.270495 
1.7025 0.265406 
1.71 0.281433 
1.7075 0.275839 
1.715 0.293359 
1.7125 0.287275 
1.72 0.30624 
1.7175 0.299682 
1.725 0.320044 
1.7225 0.313029 
1.73 0.334734 
1.7275 0.327281 
1.735 0.35027 
1.7325 0.342399 
1.74 0.366609 
1.7375 0.358342 
1.745 0.383701 
1.7425 0.375064 
1.75 0.401494 
1.7475 0.392514 
1.755 0.419928 
1.7525 0.410635 
1.76 0.43894 
1.7575 0.429366 
1.765 0.45846 
1.7625 0.448641 
1.77 0.478413 
1.7675 0.468387 
1.775 0.49872 
1.7725 0.488527 
1.78 0.519296 
1.7775 0.50898 
1.785 0.540056 
1.7825 0.529659 
1.79 0.560909 
1.7875 0.550476 
1.795 0.581764 
1.7925 0.571342 
1.8 0.602531 
1.7975 0.592164 
1.805 0.623119 
1.8025 0.612853 
1.81 0.643442 
1.8075 0.633319 
1.815 0.663418 
1.8125 0.653479 
1.82 0.682969 
1.8175 0.673251 
1.825 0.702023 
1.8225 0.692562 
1.83 0.720517 
1.8275 0.711344 
1.835 0.738395 
1.8325 0.729536 
1.84 0.755611 
1.8375 0.747089 
1.845 0.772125 
1.8425 0.763958 
1.85 0.78791 
1.8475 0.78011 
1.855 0.802943 
1.8525 0.795521 
1.86 0.817212 
1.8575 0.810173 
1.865 0.830714 
1.8625 0.824059 
1.87 0.843449 
1.8675 0.837177 
1.875 0.855428 
1.8725 0.849533 
1.88 0.866665 
1.8775 0.861138 
1.885 0.877178 
1.8825 0.87201 
1.89 0.886991 
1.8875 0.88217 
1.895 0.89613 
1.8925 0.891643 
1.9 0.904623 
1.8975 0.900455 
1.905 0.912501 
1.9025 0.908637 
1.91 0.919795 
1.9075 0.916219 
1.915 0.926538 
1.9125 0.923234 
1.92 0.932762 
1.9175 0.929713 
1.925 0.938498 
1.9225 0.935689 
1.93 0.943778 
1.9275 0.941193 
1.935 0.948632 
1.9325 0.946256 
1.94 0.953091 
1.9375 0.950909 
1.945 0.957181 
1.9425 0.95518 
1.95 0.960931 
1.9475 0.959097 
1.955 0.964365 
1.9525 0.962686 
1.96 0.967508 
1.9575 0.965971 
1.965 0.970383 
1.9625 0.968978 
1.97 0.973011 
1.9675 0.971726 
1.975 0.975411 
1.9725 0.974238 
1.98 0.977603 
1.9775 0.976532 
1.985 0.979604 
1.9825 0.978626 
1.99 0.981429 
1.9875 0.980537 
1.995 0.983093 
1.9925 0.98228 
2 0.984611 
1.9975 0.98387 
2.005 0.985994 
2.0025 0.985318 
2.01 0.987254 
2.0075 0.986638 
2.015 0.988401 
2.0125 0.987841 
2.02 0.989447 
2.0175 0.988936 
2.025 0.990399 
2.0225 0.989934 
2.03 0.991265 
2.0275 0.990842 
2.035 0.992054 
2.0325 0.991669 
2.04 0.992772 
2.0375 0.992421 
2.045 0.993425 
2.0425 0.993106 
2.05 0.99402 
2.0475 0.99373 
2.055 0.994561 
2.0525 0.994297 
2.06 0.995053 
2.0575 0.994812 
2.065 0.9955 
2.0625 0.995282 
2.07 0.995907 
2.0675 0.995708 
2.075 0.996277 
2.0725 0.996097 
2.08 0.996614 
2.0775 0.99645 
2.085 0.99692 
2.0825 0.996771 
2.09 0.997198 
2.0875 0.997062 
2.095 0.997451 
2.0925 0.997328 
2.1 0.997681 
2.0975 0.997569 
2.105 0.99789 
2.1025 0.997788 
2.11 0.99808 
2.1075 0.997987 
2.115 0.998252 
2.1125 0.998168 
2.12 0.998409 
2.1175 0.998332 
2.125 0.998551 
2.1225 0.998482 
2.13 0.99868 
2.1275 0.998617 
2.135 0.998797 
2.1325 0.99874 
2.14 0.998903 
2.1375 0.998851 
2.145 0.998999 
2.1425 0.998952 
2.15 0.999086 
2.1475 0.999044 
2.155 0.999165 
2.1525 0.999126 
2.16 0.999236 
2.1575 0.999201 
2.165 0.9993 
2.1625 0.999269 
2.17 0.999357 
2.1675 0.999329 
2.175 0.999409 
2.1725 0.999384 
2.18 0.999456 
2.1775 0.999433 
2.185 0.999497 
2.1825 0.999477 
2.19 0.999534 
2.1875 0.999516 
2.195 0.999567 
2.1925 0.999551 
2.2 0.999596 
2.1975 0.999582 
2.205 0.999621 
2.2025 0.999609 
2.21 0.999643 
2.2075 0.999632 
2.215 0.999661 
2.2125 0.999652 
2.22 0.999677 
2.2175 0.999669 
2.225 0.99969 
2.2225 0.999684 
2.23 0.9997 
2.2275 0.999695 
2.235 0.999708 
2.2325 0.999704 
2.24 0.999713 
2.2375 0.999711 
2.245 0.999717 
2.2425 0.999715 
2.25 0.999718 
2.2475 0.999717 
2.255 0.999717 
2.2525 0.999717 
2.26 0.999714 
2.2575 0.999715 
2.265 0.999709 
2.2625 0.999711 
2.27 0.999702 
2.2675 0.999705 
2.275 0.999693 
2.2725 0.999698 
2.28 0.999682 
2.2775 0.999688 
2.285 0.99967 
2.2825 0.999676 
2.29 0.999656 
2.2875 0.999663 
2.295 0.99964 
2.2925 0.999648 
2.3 0.999622 
2.2975 0.999631 
2.305 0.999603 
2.3025 0.999613 
2.31 0.999581 
2.3075 0.999592 
2.315 0.999558 
2.3125 0.99957 
2.32 0.999533 
2.3175 0.999546 
2.325 0.999507 
2.3225 0.99952 
2.33 0.999478 
2.3275 0.999493 
2.335 0.999448 
2.3325 0.999463 
2.34 0.999416 
2.3375 0.999432 
2.345 0.999382 
2.3425 0.999399 
2.35 0.999346 
2.3475 0.999364 
2.355 0.999308 
2.3525 0.999327 
2.36 0.999269 
2.3575 0.999289 
2.365 0.999227 
2.3625 0.999248 
2.37 0.999183 
2.3675 0.999205 
2.375 0.999137 
2.3725 0.99916 
2.38 0.999089 
2.3775 0.999113 
2.385 0.999039 
2.3825 0.999064 
2.39 0.998987 
2.3875 0.999013 
2.395 0.998932 
2.3925 0.99896 
2.4 0.998876 
2.3975 0.998904 
2.405 0.998816 
2.4025 0.998846 
2.41 0.998755 
2.4075 0.998786 
2.415 0.99869 
2.4125 0.998723 
2.42 0.998624 
2.4175 0.998657 
2.425 0.998554 
2.4225 0.998589 
2.43 0.998482 
2.4275 0.998518 
2.435 0.998406 
2.4325 0.998445 
2.44 0.998328 
2.4375 0.998368 
2.445 0.998246 
2.4425 0.998288 
2.45 0.998161 
2.4475 0.998204 
2.455 0.998072 
2.4525 0.998117 
2.46 0.99798 
2.4575 0.998027 
2.465 0.997883 
2.4625 0.997932 
2.47 0.997782 
2.4675 0.997833 
2.475 0.997676 
2.4725 0.99773 
2.48 0.997566 
2.4775 0.997622 
2.485 0.99745 
2.4825 0.997508 
2.49 0.997328 
2.4875 0.99739 
2.495 0.9972 
2.4925 0.997265 
2.5 0.997065 
2.4975 0.997134 
2.505 0.996924 
2.5025 0.996995 
2.51 0.996774 
2.5075 0.99685 
2.515 0.996616 
2.5125 0.996696 
2.52 0.996449 
2.5175 0.996533 
2.525 0.996271 
2.5225 0.996361 
2.53 0.996083 
2.5275 0.996179 
2.535 0.995884 
2.5325 0.995985 
2.54 0.995671 
2.5375 0.995779 
2.545 0.995445 
2.5425 0.99556 
2.55 0.995203 
2.5475 0.995326 
2.555 0.994946 
2.5525 0.995077 
2.56 0.99467 
2.5575 0.99481 
2.565 0.994375 
2.5625 0.994525 
2.57 0.994058 
2.5675 0.994219 
2.575 0.993719 
2.5725 0.993892 
2.58 0.993355 
2.5775 0.99354 
2.585 0.992963 
2.5825 0.993163 
2.59 0.992542 
2.5875 0.992757 
2.595 0.992089 
2.5925 0.99232 
2.6 0.991601 
2.5975 0.99185 
2.605 0.991075 
2.6025 0.991343 
2.61 0.990507 
2.6075 0.990797 
2.615 0.989895 
2.6125 0.990207 
2.62 0.989234 
2.6175 0.989571 
2.625 0.988521 
2.6225 0.988884 
2.63 0.98775 
2.6275 0.988143 
2.635 0.986916 
2.6325 0.987341 
2.64 0.986016 
2.6375 0.986475 
2.645 0.985042 
2.6425 0.985538 
2.65 0.983989 
2.6475 0.984526 
2.655 0.98285 
2.6525 0.983431 
2.66 0.981618 
2.6575 0.982246 
2.665 0.980286 
2.6625 0.980965 
2.67 0.978845 
2.6675 0.97958 
2.675 0.977286 
2.6725 0.978081 
2.68 0.9756 
2.6775 0.976459 
2.685 0.973776 
2.6825 0.974706 
2.69 0.971804 
2.6875 0.97281 
2.695 0.969672 
2.6925 0.970759 
2.7 0.967367 
2.6975 0.968542 
2.705 0.964876 
2.7025 0.966146 
2.71 0.962184 
2.7075 0.963556 
2.715 0.959277 
2.7125 0.960758 
2.72 0.956137 
2.7175 0.957737 
2.725 0.952748 
2.7225 0.954475 
2.73 0.949092 
2.7275 0.950955 
2.735 0.945149 
2.7325 0.947157 
2.74 0.940898 
2.7375 0.943063 
2.745 0.936319 
2.7425 0.938651 
2.75 0.93139 
2.7475 0.9339 
2.755 0.926086 
2.7525 0.928786 
2.76 0.920384 
2.7575 0.923287 
2.765 0.914259 
2.7625 0.917376 
2.77 0.907684 
2.7675 0.911029 
2.775 0.900634 
2.7725 0.90422 
2.78 0.893082 
2.7775 0.896922 
2.785 0.885 
2.7825 0.889108 
2.79 0.876361 
2.7875 0.880752 
2.795 0.867139 
2.7925 0.871825 
2.8 0.857308 
2.7975 0.862302 
2.805 0.846843 
2.8025 0.852156 
2.81 0.835719 
2.8075 0.841364 
2.815 0.823914 
2.8125 0.829903 
2.82 0.81141 
2.8175 0.817751 
2.825 0.79819 
2.8225 0.804891 
2.83 0.784241 
2.8275 0.791307 
2.835 0.769553 
2.8325 0.77699 
2.84 0.754124 
2.8375 0.761932 
2.845 0.737954 
2.8425 0.746131 
2.85 0.721051 
2.8475 0.729594 
2.855 0.70343 
2.8525 0.712329 
2.86 0.685111 
2.8575 0.694356 
2.865 0.666124 
2.8625 0.675699 
2.87 0.646506 
2.8675 0.656391 
2.875 0.626301 
2.8725 0.636474 
2.88 0.605562 
2.8775 0.615995 
2.885 0.584351 
2.8825 0.595012 
2.89 0.562735 
2.8875 0.573589 
2.895 0.540788 
2.8925 0.551798 
2.9 0.51859 
2.8975 0.529715 
2.905 0.496228 
2.9025 0.507424 
2.91 0.473788 
2.9075 0.485012 
2.915 0.451361 
2.9125 0.462567 
2.92 0.429037 
2.9175 0.44018 
2.925 0.406907 
2.9225 0.417943 
2.93 0.385057 
2.9275 0.395942 
2.935 0.36357 
2.9325 0.374263 
2.94 0.342525 
2.9375 0.352988 
2.945 0.321991 
2.9425 0.33219 
2.95 0.302035 
2.9475 0.311937 
2.955 0.282712 
2.9525 0.292291 
2.96 0.264069 
2.9575 0.273302 
2.965 0.246146 
2.9625 0.255015 
2.97 0.228974 
2.9675 0.237465 
2.975 0.212575 
2.9725 0.220677 
2.98 0.196963 
2.9775 0.20467 
2.985 0.182144 
2.9825 0.189454 
2.99 0.168119 
2.9875 0.175032 
2.995 0.15488 
2.9925 0.161402 
3 0.142417 
2.9975 0.148552 
3.005 0.130712 
3.0025 0.136471 
3.01 0.119745 
3.0075 0.125137 
3.015 0.109492 
3.0125 0.11453 
3.02 0.099927 
3.0175 0.104625 
3.025 0.0910222 
3.0225 0.0953939 
3.03 0.0827482 
3.0275 0.0868082 
3.035 0.0750747 
3.0325 0.0788382 
3.04 0.0679713 
3.0375 0.0714536 
3.045 0.0614079 
3.0425 0.064624 
3.05 0.0553545 
3.0475 0.0583193 
3.055 0.049782 
3.0525 0.0525099 
3.06 0.0446618 
3.0575 0.0471671 
3.065 0.0399669 
3.0625 0.0422629 
3.07 0.035671 
3.0675 0.0377706 
3.075 0.031749 
3.0725 0.0336647 
3.08 0.0281772 
3.0775 0.0299208 
3.085 0.0249328 
3.0825 0.0265154 
3.09 0.0219942 
3.0875 0.0234266 
3.095 0.0193408 
3.0925 0.0206331 
3.1 0.0169527 
3.0975 0.0181148 
3.105 0.0148111 
3.1025 0.0158522 
3.11 0.0128976 
3.1075 0.0138269 
3.115 0.0111947 
3.1125 0.0120209 
3.12 0.00968524 
3.1175 0.0104168 
3.125 0.00835284 
3.1225 0.00899791 
3.13 0.00718164 
3.1275 0.00774806 
3.135 0.00615639 
3.1325 0.00665169 
3.14 0.0052626 
3.1375 0.00569394 
3.145 0.0044865 
3.1425 0.00486066 
3.15 0.00381516 
3.1475 0.00413851 
3.155 0.00323657 
3.1525 0.00351499 
3.16 0.00273961 
3.1575 0.00297854 
3.165 0.00231414 
3.1625 0.00251854 
3.17 0.00195097 
3.1675 0.00212531 
3.175 0.00164182 
3.1725 0.00179012 
3.18 0.00137933 
3.1775 0.00150517 
3.185 0.00115698 
3.1825 0.00126351 
3.19 0.000969036 
3.1875 0.00105904 
3.195 0.000810493 
3.1925 0.000886376 
3.2 0.000676995 
3.1975 0.000740861 
3.205 0.000564776 
3.2025 0.000618439 
3.21 0.000470593 
3.2075 0.000515614 
3.215 0.000391664 
3.2125 0.000429379 
3.22 0.00032561 
3.2175 0.000357162 
3.225 0.000270403 
3.2225 0.000296765 
3.23 0.000224319 
3.2275 0.000246318 
3.235 0.000185897 
3.2325 0.000204232 
3.24 0.000153899 
3.2375 0.000169164 
3.245 0.00012728 
3.2425 0.000139975 
3.25 0.000105161 
3.2475 0.000115707 
3.255 8.67997e-05 
3.2525 9.5552e-05 
3.26 7.15739e-05 
3.2575 7.88296e-05 
3.265 5.89609e-05 
3.2625 6.49699e-05 
3.27 4.8523e-05 
3.2675 5.34945e-05 
3.275 3.98937e-05 
3.2725 4.40027e-05 
3.28 3.27668e-05 
3.2775 3.61595e-05 
3.285 2.68865e-05 
3.2825 2.9685e-05 
3.29 2.20397e-05 
3.2875 2.43458e-05 
3.295 1.80487e-05 
3.2925 1.99471e-05 
3.3 1.47656e-05 
3.2975 1.63269e-05 
3.305 1.20676e-05 
3.3025 1.33503e-05 
3.31 9.85267e-06 
3.3075 1.09054e-05 
3.315 8.0361e-06 
3.3125 8.89927e-06 
3.32 6.54778e-06 
3.3175 7.25479e-06 
3.325 5.32963e-06 
3.3225 5.90815e-06 
3.33 4.33364e-06 
3.3275 4.80652e-06 
3.335 3.52012e-06 
3.3325 3.90626e-06 
3.34 2.85634e-06 
3.3375 3.17132e-06 
3.345 2.3153e-06 
3.3425 2.57196e-06 
3.35 1.87476e-06 
3.3475 2.08369e-06 
3.355 1.51644e-06 
3.3525 1.68633e-06 
3.36 1.22529e-06 
3.3575 1.36329e-06 
3.365 9.88986e-07 
3.3625 1.10096e-06 
3.37 7.97395e-07 
3.3675 8.88157e-07 
3.375 6.42225e-07 
3.3725 7.15713e-07 
3.38 5.16688e-07 
3.3775 5.76125e-07 
3.385 4.15237e-07 
3.3825 4.63257e-07 
3.39 3.33341e-07 
3.3875 3.72093e-07 
3.395 2.67302e-07 
3.3925 2.98541e-07 
3.4 2.14109e-07 
3.3975 2.39265e-07 
3.405 1.71312e-07 
3.4025 1.91545e-07 
3.41 1.36916e-07 
3.4075 1.53173e-07 
3.415 1.09304e-07 
3.4125 1.22351e-07 
3.42 8.71631e-08 
3.4175 9.76215e-08 
3.425 6.94287e-08 
3.4225 7.7803e-08 
3.43 5.52401e-08 
3.4275 6.19381e-08 
3.435 4.39014e-08 
3.4325 4.92524e-08 
3.44 3.48504e-08 
3.4375 3.91205e-08 
3.445 2.7634e-08 
3.4425 3.10375e-08 
3.45 2.18868e-08 
3.4475 2.45966e-08 
3.455 1.73151e-08 
3.4525 1.94699e-08 
3.46 1.36825e-08 
3.4575 1.53942e-08 
3.465 1.07996e-08 
3.4625 1.21576e-08 
3.47 8.51431e-09 
3.4675 9.5905e-09 
3.475 6.70484e-09 
3.4725 7.55668e-09 
3.48 5.2738e-09 
3.4775 5.94728e-09 
3.485 4.14338e-09 
3.4825 4.67522e-09 
3.49 3.25148e-09 
3.4875 3.67097e-09 
3.495 2.54859e-09 
3.4925 2.87908e-09 
3.5 1.99532e-09 
3.4975 2.25538e-09 
3.505 1.56033e-09 
3.5025 1.76473e-09 
3.51 1.21875e-09 
3.5075 1.3792e-09 
3.515 9.50822e-10 
3.5125 1.07664e-09 
3.52 7.40928e-10 
3.5175 8.39461e-10 
3.525 5.76689e-10 
3.5225 6.53765e-10 
3.53 4.48328e-10 
3.5275 5.08548e-10 
3.535 3.48127e-10 
3.5325 3.95121e-10 
3.54 2.70003e-10 
3.5375 3.06631e-10 
3.545 2.09163e-10 
3.5425 2.37678e-10 
3.55 1.61841e-10 
3.5475 1.84014e-10 
3.555 1.25077e-10 
3.5525 1.42297e-10 
3.56 9.65505e-11 
3.5575 1.09908e-10 
3.565 7.44416e-11 
3.5625 8.47907e-11 
3.57 5.73273e-11 
3.5675 6.53359e-11 
3.575 4.40954e-11 
3.5725 5.02853e-11 
3.58 3.38773e-11 
3.5775 3.86558e-11 
3.585 2.59961e-11 
3.5825 2.96806e-11 
3.59 1.99248e-11 
3.5875 2.27622e-11 
3.595 1.52532e-11 
3.5925 1.74358e-11 
3.6 1.16631e-11 
3.5975 1.33398e-11 
3.605 8.90737e-12 
3.6025 1.0194e-11 
3.61 6.79468e-12 
3.6075 7.78077e-12 
3.615 5.17693e-12 
3.6125 5.93177e-12 
3.62 3.93966e-12 
3.6175 4.51678e-12 
3.625 2.99453e-12 
3.6225 3.43524e-12 
3.63 2.27344e-12 
3.6275 2.60957e-12 
3.635 1.72393e-12 
3.6325 1.98e-12 
3.64 1.30569e-12 
3.6375 1.50053e-12 
3.645 9.87748e-13 
3.6425 1.13581e-12 
3.65 7.46337e-13 
3.6475 8.58724e-13 
3.655 5.63258e-13 
3.6525 6.48462e-13 
3.66 4.24585e-13 
3.6575 4.89102e-13 
3.665 3.19673e-13 
3.6625 3.68466e-13 
3.67 2.40398e-13 
3.6675 2.77256e-13 
3.675 1.80568e-13 
3.6725 2.08377e-13 
3.68 1.35468e-13 
3.6775 1.56423e-13 
3.685 1.01512e-13 
3.6825 1.17284e-13 
3.69 7.5977e-14 
3.6875 8.78339e-14 
3.695 5.67981e-14 
3.6925 6.57008e-14 
3.7 4.24103e-14 
3.6975 4.90868e-14 
3.705 3.16297e-14 
3.7025 3.66307e-14 
3.71 2.35617e-14 
3.7075 2.73032e-14 
3.715 1.75309e-14 
3.7125 2.03267e-14 
3.72 1.30283e-14 
3.7175 1.5115e-14 
3.725 9.67079e-15 
3.7225 1.12263e-14 
3.73 7.17008e-15 
3.7275 8.32828e-15 
3.735 5.30976e-15 
3.7325 6.17108e-15 
3.74 3.92748e-15 
3.7375 4.56727e-15 
3.745 2.90165e-15 
3.7425 3.3763e-15 
3.75 2.14124e-15 
3.7475 2.49297e-15 
3.755 1.57825e-15 
3.7525 1.83858e-15 
3.76 1.16193e-15 
3.7575 1.35438e-15 
3.765 8.54428e-16 
3.7625 9.96527e-16 
3.77 6.27573e-16 
3.7675 7.32371e-16 
3.775 4.60412e-16 
3.7725 5.37609e-16 
3.78 3.37383e-16 
3.7775 3.94181e-16 
3.785 2.46943e-16 
3.7825 2.88683e-16 
3.79 1.80537e-16 
3.7875 2.11175e-16 
3.795 1.31835e-16 
3.7925 1.54298e-16 
3.8 9.61605e-17 
3.7975 1.12609e-16 
3.805 7.00586e-17 
3.8025 8.20898e-17 
3.81 5.09832e-17 
3.8075 5.97729e-17 
3.815 3.7059e-17 
3.8125 4.34731e-17 
3.82 2.6907e-17 
3.8175 3.1582e-17 
3.825 1.95138e-17 
3.8225 2.29173e-17 
3.83 1.41359e-17 
3.8275 1.66109e-17 
3.835 1.02286e-17 
3.8325 1.20262e-17 
3.84 7.39298e-18 
3.8375 8.69715e-18 
3.845 5.33747e-18 
3.8425 6.28255e-18 
3.85 3.84918e-18 
3.8475 4.53325e-18 
3.855 2.7728e-18 
3.8525 3.26739e-18 
3.86 1.99522e-18 
3.8575 2.3524e-18 
3.865 1.43413e-18 
3.8625 1.69179e-18 
3.87 1.02971e-18 
3.8675 1.21537e-18 
3.875 7.38544e-19 
3.8725 8.72171e-19 
3.88 5.29147e-19 
3.8775 6.25217e-19 
3.885 3.78722e-19 
3.8825 4.47716e-19 
3.89 2.70779e-19 
3.8875 3.20273e-19 
3.895 1.93405e-19 
3.8925 2.28873e-19 
3.9 1.38003e-19 
3.8975 1.63391e-19 
3.905 9.83742e-20 
3.9025 1.16529e-19 
3.91 7.00585e-20 
3.9075 8.3027e-20 
3.915 4.98469e-20 
3.9125 5.91012e-20 
3.92 3.54346e-20 
3.9175 4.20317e-20 
3.925 2.51676e-20 
3.9225 2.9866e-20 
3.93 1.78608e-20 
3.9275 2.12037e-20 
3.935 1.26655e-20 
3.9325 1.50418e-20 
3.94 8.97495e-21 
3.9375 1.06626e-20 
3.945 6.35555e-21 
3.9425 7.55307e-21 
3.95 4.49795e-21 
3.9475 5.34701e-21 
3.955 3.18164e-21 
3.9525 3.78317e-21 
3.96 2.24957e-21 
3.9575 2.67543e-21 
3.965 1.59002e-21 
3.9625 1.89131e-21 
3.97 1.12359e-21 
3.9675 1.33663e-21 
3.975 7.93913e-22 
3.9725 9.44473e-22 
3.98 5.6099e-22 
3.9775 6.67351e-22 
3.985 3.96482e-22 
3.9825 4.71596e-22 
3.99 2.80321e-22 
3.9875 3.33358e-22 
3.995 1.98306e-22 
3.9925 2.35752e-22 
4 1.40397e-22 
3.9975 1.66838e-22 
4.005 9.95004e-23 
4.0025 1.18175e-22 
4.01 7.06069e-23 
4.0075 8.38023e-23 
4.015 5.01818e-23 
4.0125 5.95115e-23 
4.02 3.57313e-23 
4.0175 4.23336e-23 
4.025 2.54971e-23 
4.0225 3.01745e-23 
4.03 1.82394e-23 
4.0275 2.15578e-23 
4.035 1.30844e-23 
4.0325 1.54425e-23 
4.04 9.41585e-24 
4.0375 1.10949e-23 
4.045 6.79938e-24 
4.0425 7.9977e-24 
4.05 4.9285e-24 
4.0475 5.78598e-24 
4.055 3.58688e-24 
4.0525 4.20229e-24 
4.06 2.62169e-24 
4.0575 3.06484e-24 
4.065 1.92484e-24 
4.0625 2.24511e-24 
4.07 1.41979e-24 
4.0675 1.65216e-24 
4.075 1.05222e-24 
4.0725 1.22153e-24 
4.08 7.83532e-25 
4.0775 9.07447e-25 
4.085 5.86221e-25 
4.0825 6.77332e-25 
4.09 4.40637e-25 
4.0875 5.07949e-25 
4.095 3.32699e-25 
4.0925 3.82671e-25 
4.1 2.52284e-25 
4.0975 2.89562e-25 
4.105 1.92084e-25 
4.1025 2.20026e-25 
4.11 1.46804e-25 
4.1075 1.67847e-25 
4.115 1.12592e-25 
4.1125 1.28511e-25 
4.12 8.66284e-26 
4.1175 9.87226e-26 
4.125 6.68444e-26 
4.1225 7.607e-26 
4.13 5.17114e-26 
4.1275 5.87751e-26 
4.135 4.00951e-26 
4.1325 4.55221e-26 
4.14 3.11497e-26 
4.1375 3.53323e-26 
4.145 2.42412e-26 
4.1425 2.74737e-26 
4.15 1.88921e-26 
4.1475 2.13966e-26 
4.155 1.47411e-26 
4.1525 1.66857e-26 
4.16 1.15135e-26 
4.1575 1.30263e-26 
4.165 8.99966e-27 
4.1625 1.01784e-26 
4.17 7.03896e-27 
4.1675 7.95862e-27 
4.175 5.50789e-27 
4.1725 6.22624e-27 
4.18 4.31114e-27 
4.1775 4.87276e-27 
4.185 3.37501e-27 
4.1825 3.81441e-27 
4.19 2.64231e-27 
4.1875 2.98627e-27 
4.195 2.06859e-27 
4.1925 2.33794e-27 
4.2 1.61923e-27 
4.1975 1.83021e-27 
4.205 1.26722e-27 
4.2025 1.43249e-27 
4.21 9.91454e-28 
4.2075 1.12093e-27 
4.215 7.75435e-28 
4.2125 8.76856e-28 
4.22 6.06242e-28 
4.2175 6.85674e-28 
4.225 4.73754e-28 
4.2225 5.3595e-28 
4.23 3.7004e-28 
4.2275 4.18724e-28 
4.235 2.88879e-28 
4.2325 3.26973e-28 
4.24 2.25394e-28 
4.2375 2.55188e-28 
4.245 1.75756e-28 
4.2425 1.99048e-28 
4.25 1.36966e-28 
4.2475 1.55165e-28 
4.255 1.06668e-28 
4.2525 1.20881e-28 
4.26 8.30178e-29 
4.2575 9.41106e-29 
4.265 6.4567e-29 
4.2625 7.32196e-29 
4.27 5.01818e-29 
4.2675 5.69267e-29 
4.275 3.89736e-29 
4.2725 4.4228e-29 
4.28 3.02467e-29 
4.2775 3.43371e-29 
4.285 2.34564e-29 
4.2825 2.66385e-29 
4.29 1.81767e-29 
4.2875 2.06504e-29 
4.295 1.40746e-29 
4.2925 1.59962e-29 
4.3 1.08897e-29 
4.2975 1.23814e-29 
4.305 8.4189e-30 
4.3025 9.57588e-30 
4.31 6.50348e-30 
4.3075 7.4002e-30 
4.315 5.01978e-30 
4.3125 5.71424e-30 
4.32 3.8714e-30 
4.3175 4.4088e-30 
4.325 2.98327e-30 
4.3225 3.39879e-30 
4.33 2.29697e-30 
4.3275 2.61799e-30 
4.335 1.76706e-30 
4.3325 2.01488e-30 
4.34 1.35825e-30 
4.3375 1.54939e-30 
4.345 1.04313e-30 
4.3425 1.19043e-30 
4.35 8.00425e-31 
4.3475 9.1385e-31 
4.355 6.13658e-31 
4.3525 7.00922e-31 
4.36 4.7006e-31 
4.3575 5.37139e-31 
4.365 3.59747e-31 
4.3625 4.11265e-31 
4.37 2.75079e-31 
4.3675 3.14612e-31 
4.375 2.10151e-31 
4.3725 2.40459e-31 
4.38 1.60404e-31 
4.3775 1.8362e-31 
4.385 1.22323e-31 
4.3825 1.40091e-31 
4.39 9.31985e-32 
4.3875 1.06784e-31 
4.395 7.09436e-32 
4.3925 8.13223e-32 
4.4 5.39537e-32 
4.3975 6.18751e-32 
4.405 4.09949e-32 
4.4025 4.70353e-32 
4.41 3.11198e-32 
4.4075 3.57217e-32 
4.415 2.36016e-32 
4.4125 2.71043e-32 
4.42 1.78831e-32 
4.4175 2.05466e-32 
4.425 1.35374e-32 
4.4225 1.5561e-32 
4.43 1.02382e-32 
4.4275 1.17741e-32 
4.435 7.73569e-33 
4.4325 8.90042e-33 
4.44 5.83936e-33 
4.4375 6.72174e-33 
4.445 4.40371e-33 
4.4425 5.07157e-33 
4.45 3.31787e-33 
4.4475 3.82287e-33 
4.455 2.49737e-33 
4.4525 2.87887e-33 
4.46 1.87799e-33 
4.4575 2.1659e-33 
4.465 1.41086e-33 
4.4625 1.62794e-33 
4.47 1.0589e-33 
4.4675 1.22242e-33 
4.475 7.93973e-34 
4.4725 9.17025e-34 
4.48 5.94752e-34 
4.4775 6.87262e-34 
4.485 4.45086e-34 
4.4825 5.14566e-34 
4.49 3.32757e-34 
4.4875 3.8489e-34 
4.495 2.48535e-34 
4.4925 2.87613e-34 
4.5 1.85447e-34 
4.4975 2.14712e-34 
4.505 1.38238e-34 
4.5025 1.60131e-34 
4.51 1.02945e-34 
4.5075 1.19308e-34 
4.515 7.65874e-35 
4.5125 8.88043e-35 
4.52 5.69218e-35 
4.5175 6.60343e-35 
4.525 4.22639e-35 
4.5225 4.90542e-35 
4.53 3.13494e-35 
4.5275 3.64042e-35 
4.535 2.32304e-35 
4.5325 2.69895e-35 
4.54 1.7197e-35 
4.5375 1.99897e-35 
4.545 1.27178e-35 
4.5425 1.47906e-35 
4.55 9.39595e-36 
4.5475 1.09327e-35 
4.555 6.93478e-36 
4.5525 8.07308e-36 
4.56 5.11316e-36 
4.5575 5.95544e-36 
4.565 3.76626e-36 
4.5625 4.38887e-36 
4.57 2.77137e-36 
4.5675 3.23114e-36 
4.575 2.03723e-36 
4.5725 2.3764e-36 
4.58 1.49606e-36 
4.5775 1.74601e-36 
4.585 1.09754e-36 
4.5825 1.28155e-36 
4.59 8.0436e-37 
4.5875 9.39697e-37 
4.595 5.889e-37 
4.5925 6.88333e-37 
4.6 4.30718e-37 
4.5975 5.03698e-37 
4.605 3.14705e-37 
4.6025 3.68215e-37 
4.61 2.29707e-37 
4.6075 2.68901e-37 
4.615 1.67495e-37 
4.6125 1.96174e-37 
4.62 1.22008e-37 
4.6175 1.42971e-37 
4.625 8.8784e-38 
4.6225 1.04091e-37 
4.63 6.45412e-38 
4.6275 7.57075e-38 
4.635 4.68702e-38 
4.6325 5.50072e-38 
4.64 3.40027e-38 
4.6375 3.99262e-38 
4.645 2.46426e-38 
4.6425 2.89503e-38 
4.65 1.78408e-38 
4.6475 2.09702e-38 
4.655 1.29033e-38 
4.6525 1.51744e-38 
4.66 9.32269e-39 
4.6575 1.09692e-38 
4.665 6.7288e-39 
4.6625 7.92122e-39 
4.67 4.85164e-39 
4.6675 5.71434e-39 
4.675 3.49458e-39 
4.6725 4.11809e-39 
4.68 2.51453e-39 
4.6775 2.96469e-39 
4.685 1.80748e-39 
4.6825 2.13215e-39 
4.69 1.29791e-39 
4.6875 1.53183e-39 
4.695 9.3104e-40 
4.6925 1.09941e-39 
4.7 6.67186e-40 
4.6975 7.88244e-40 
4.705 4.77617e-40 
4.7025 5.64568e-40 
4.71 3.4156e-40 
4.7075 4.03949e-40 
4.715 2.4401e-40 
4.7125 2.88729e-40 
4.72 1.74141e-40 
4.7175 2.06161e-40 
4.725 1.24151e-40 
4.7225 1.47054e-40 
4.73 8.842e-41 
4.7275 1.04786e-40 
4.735 6.29079e-41 
4.7325 7.459e-41 
4.74 4.47109e-41 
4.7375 5.30411e-41 
4.745 3.1745e-41 
4.7425 3.76788e-41 
4.75 2.25159e-41 
4.7475 2.67384e-41 
4.755 1.59536e-41 
4.7525 1.89551e-41 
4.76 1.12922e-41 
4.7575 1.34237e-41 
4.765 7.9846e-42 
4.7625 9.49661e-42 
4.77 5.64002e-42 
4.7675 6.7115e-42 
4.775 3.97981e-42 
4.7725 4.73831e-42 
4.78 2.80541e-42 
4.7775 3.34181e-42 
4.785 1.97553e-42 
4.7825 2.35447e-42 
4.79 1.38971e-42 
4.7875 1.65713e-42 
4.795 9.76605e-43 
4.7925 1.16513e-42 
4.8 6.85594e-43 
4.7975 8.18361e-43 
4.805 4.80804e-43 
4.8025 5.74209e-43 
4.81 3.36839e-43 
4.8075 4.02483e-43 
4.815 2.35739e-43 
4.8125 2.81825e-43 
4.82 1.64814e-43 
4.8175 1.97135e-43 
4.825 1.15109e-43 
4.8225 1.37754e-43 
4.83 8.03119e-44 
4.8275 9.61606e-44 
4.835 5.59763e-44 
4.8325 6.7057e-44 
4.84 3.89747e-44 
4.8375 4.67138e-44 
4.845 2.71091e-44 
4.8425 3.25088e-44 
4.85 1.88366e-44 
4.8475 2.26001e-44 
4.855 1.30751e-44 
4.8525 1.56955e-44 
4.86 9.06651e-45 
4.8575 1.08891e-44 
4.865 6.28045e-45 
4.8625 7.54687e-45 
4.87 4.34607e-45 
4.8675 5.22511e-45 
4.875 3.0044e-45 
4.8725 3.61392e-45 
4.88 2.07479e-45 
4.8775 2.497e-45 
4.885 1.43135e-45 
4.8825 1.7235e-45 
4.89 9.86448e-46 
4.8875 1.1884e-45 
4.895 6.79138e-46 
4.8925 8.18592e-46 
4.9 4.67086e-46 
4.8975 5.63286e-46 
4.905 3.20917e-46 
4.9025 3.8721e-46 
4.91 2.20265e-46 
4.9075 2.65901e-46 
4.915 1.51027e-46 
4.9125 1.82411e-46 
4.92 1.03448e-46 
4.9175 1.25008e-46 
4.925 7.07855e-47 
4.9225 8.55821e-47 
4.93 4.83869e-47 
4.9275 5.85311e-47 
4.935 3.30425e-47 
4.9325 3.99899e-47 
4.94 2.25417e-47 
4.9375 2.72947e-47 
4.945 1.53631e-47 
4.9425 1.86114e-47 
4.95 1.04611e-47 
4.9475 1.26785e-47 
4.955 7.11769e-48 
4.9525 8.62957e-48 
4.96 4.84052e-48 
4.9575 5.86981e-48 
4.965 3.29242e-48 
4.9625 3.99174e-48 
4.97 2.24294e-48 
4.9675 2.71654e-48 
4.975 1.53504e-48 
4.9725 1.8539e-48 
4.98 1.06228e-48 
4.9775 1.2744e-48 
4.985 7.53209e-49 
4.9825 8.90681e-49 
4.99 5.60939e-49 
4.9875 6.44648e-49 
4.995 4.56188e-49 
4.9925 4.98892e-49 
5 4.22965e-49 
4.9975 4.31187e-49 
