0 8.59341e-06 
0.005 8.67708e-06 
0.0025 8.6143e-06 
0.01 8.92951e-06 
0.0075 8.782e-06 
0.015 9.35496e-06 
0.0125 9.12023e-06 
0.02 9.96062e-06 
0.0175 9.6347e-06 
0.025 1.07567e-05 
0.0225 1.03341e-05 
0.03 1.17565e-05 
0.0275 1.12301e-05 
0.035 1.29767e-05 
0.0325 1.23378e-05 
0.04 1.44378e-05 
0.0375 1.36757e-05 
0.045 1.61638e-05 
0.0425 1.5266e-05 
0.05 1.81833e-05 
0.0475 1.71349e-05 
0.055 2.05294e-05 
0.0525 1.93133e-05 
0.06 2.32404e-05 
0.0575 2.18367e-05 
0.065 2.63602e-05 
0.0625 2.47462e-05 
0.07 2.99389e-05 
0.0675 2.80888e-05 
0.075 3.4034e-05 
0.0725 3.1918e-05 
0.08 3.87103e-05 
0.0775 3.62951e-05 
0.085 4.40418e-05 
0.0825 4.12892e-05 
0.09 5.0112e-05 
0.0875 4.6979e-05 
0.095 5.70154e-05 
0.0925 5.34532e-05 
0.1 6.48586e-05 
0.0975 6.08123e-05 
0.105 7.37621e-05 
0.1025 6.91697e-05 
0.11 8.38616e-05 
0.1075 7.86532e-05 
0.115 9.531e-05 
0.1125 8.94069e-05 
0.12 0.00010828 
0.1175 0.000101593 
0.125 0.000122964 
0.1225 0.000115394 
0.13 0.000139581 
0.1275 0.000131016 
0.135 0.000158377 
0.1325 0.00014869 
0.14 0.000179625 
0.1375 0.000168676 
0.145 0.000203637 
0.1425 0.000191265 
0.15 0.000230759 
0.1475 0.000216785 
0.155 0.000261381 
0.1525 0.000245606 
0.16 0.000295943 
0.1575 0.00027814 
0.165 0.000334935 
0.1625 0.000314852 
0.17 0.00037891 
0.1675 0.000356263 
0.175 0.000428485 
0.1725 0.000402956 
0.18 0.000484355 
0.1775 0.000455587 
0.185 0.000547298 
0.1825 0.00051489 
0.19 0.000618184 
0.1875 0.000581689 
0.195 0.000697993 
0.1925 0.000656908 
0.2 0.000787817 
0.1975 0.000741579 
0.205 0.000888883 
0.2025 0.000836862 
0.21 0.00100256 
0.2075 0.000944054 
0.215 0.0011304 
0.2125 0.00106461 
0.22 0.0012741 
0.2175 0.00120015 
0.225 0.00143561 
0.2225 0.0013525 
0.23 0.00161706 
0.2275 0.00152369 
0.235 0.00182088 
0.2325 0.00171601 
0.24 0.00204975 
0.2375 0.001932 
0.245 0.00230669 
0.2425 0.00217451 
0.25 0.00259507 
0.2475 0.00244673 
0.255 0.00291864 
0.2525 0.0027522 
0.26 0.00328161 
0.2575 0.00309492 
0.265 0.00368866 
0.2625 0.00347931 
0.27 0.00414503 
0.2675 0.00391033 
0.275 0.00465655 
0.2725 0.0043935 
0.28 0.00522973 
0.2775 0.004935 
0.285 0.00587183 
0.2825 0.00554168 
0.29 0.00659091 
0.2875 0.00622121 
0.295 0.00739597 
0.2925 0.0069821 
0.3 0.00829701 
0.2975 0.00783383 
0.305 0.00930513 
0.3025 0.00878694 
0.31 0.0104327 
0.3075 0.00985314 
0.315 0.0116933 
0.3125 0.0110454 
0.32 0.0131021 
0.3175 0.0123782 
0.325 0.014676 
0.3225 0.0138673 
0.33 0.0164334 
0.3275 0.0155306 
0.335 0.0183948 
0.3325 0.0173873 
0.34 0.0205827 
0.3375 0.019459 
0.345 0.0230219 
0.3425 0.0217693 
0.35 0.0257394 
0.3475 0.0243441 
0.355 0.028765 
0.3525 0.0272117 
0.36 0.032131 
0.3575 0.0304033 
0.365 0.0358727 
0.3625 0.0339526 
0.37 0.0400282 
0.3675 0.0378962 
0.375 0.0446387 
0.3725 0.0422739 
0.38 0.0497484 
0.3775 0.0471282 
0.385 0.0554045 
0.3825 0.0525051 
0.39 0.0616572 
0.3875 0.0584531 
0.395 0.0685595 
0.3925 0.0650238 
0.4 0.0761665 
0.3975 0.0722713 
0.405 0.0845356 
0.4025 0.0802521 
0.41 0.0937254 
0.4075 0.0890242 
0.415 0.103795 
0.4125 0.0986467 
0.42 0.114804 
0.4175 0.109179 
0.425 0.12681 
0.4225 0.120679 
0.43 0.139866 
0.4275 0.133203 
0.435 0.154024 
0.4325 0.146805 
0.44 0.169326 
0.4375 0.16153 
0.445 0.185809 
0.4425 0.177418 
0.45 0.203497 
0.4475 0.194501 
0.455 0.222404 
0.4525 0.212798 
0.46 0.242526 
0.4575 0.232314 
0.465 0.263846 
0.4625 0.253038 
0.47 0.286327 
0.4675 0.274944 
0.475 0.309912 
0.4725 0.297985 
0.48 0.334525 
0.4775 0.322095 
0.485 0.360069 
0.4825 0.347187 
0.49 0.386427 
0.4875 0.373154 
0.495 0.413466 
0.4925 0.399871 
0.5 0.441035 
0.4975 0.427195 
0.505 0.468972 
0.5025 0.454968 
0.51 0.497103 
0.5075 0.483024 
0.515 0.525253 
0.5125 0.511187 
0.52 0.553244 
0.5175 0.539279 
0.525 0.580903 
0.5225 0.567126 
0.53 0.608064 
0.5275 0.594556 
0.535 0.634576 
0.5325 0.62141 
0.54 0.660298 
0.5375 0.647544 
0.545 0.685113 
0.5425 0.672826 
0.55 0.708918 
0.5475 0.697147 
0.555 0.731632 
0.5525 0.720415 
0.56 0.753196 
0.5575 0.742561 
0.565 0.773569 
0.5625 0.763533 
0.57 0.792727 
0.5675 0.7833 
0.575 0.810667 
0.5725 0.801849 
0.58 0.827398 
0.5775 0.819183 
0.585 0.842942 
0.5825 0.835317 
0.59 0.857334 
0.5875 0.85028 
0.595 0.870614 
0.5925 0.86411 
0.6 0.882833 
0.5975 0.876853 
0.605 0.894043 
0.6025 0.888561 
0.61 0.904303 
0.6075 0.899288 
0.615 0.91367 
0.6125 0.909094 
0.62 0.922204 
0.6175 0.918037 
0.625 0.929964 
0.6225 0.926177 
0.63 0.937007 
0.6275 0.933571 
0.635 0.94339 
0.6325 0.940277 
0.64 0.949165 
0.6375 0.94635 
0.645 0.954383 
0.6425 0.95184 
0.65 0.959093 
0.6475 0.956799 
0.655 0.963338 
0.6525 0.961271 
0.66 0.967162 
0.6575 0.9653 
0.665 0.970602 
0.6625 0.968928 
0.67 0.973695 
0.6675 0.97219 
0.675 0.976473 
0.6725 0.975121 
0.68 0.978966 
0.6775 0.977753 
0.685 0.981203 
0.6825 0.980115 
0.69 0.983209 
0.6875 0.982234 
0.695 0.985006 
0.6925 0.984132 
0.7 0.986615 
0.6975 0.985833 
0.705 0.988056 
0.7025 0.987356 
0.71 0.989345 
0.7075 0.988719 
0.715 0.990498 
0.7125 0.989938 
0.72 0.991529 
0.7175 0.991028 
0.725 0.99245 
0.7225 0.992003 
0.73 0.993274 
0.7275 0.992874 
0.735 0.994009 
0.7325 0.993652 
0.74 0.994665 
0.7375 0.994346 
0.745 0.995251 
0.7425 0.994966 
0.75 0.995774 
0.7475 0.99552 
0.755 0.99624 
0.7525 0.996014 
0.76 0.996656 
0.7575 0.996454 
0.765 0.997027 
0.7625 0.996847 
0.77 0.997357 
0.7675 0.997197 
0.775 0.997652 
0.7725 0.997509 
0.78 0.997914 
0.7775 0.997787 
0.785 0.998148 
0.7825 0.998034 
0.79 0.998356 
0.7875 0.998255 
0.795 0.998541 
0.7925 0.998451 
0.8 0.998706 
0.7975 0.998626 
0.805 0.998852 
0.8025 0.998781 
0.81 0.998983 
0.8075 0.998919 
0.815 0.999098 
0.8125 0.999042 
0.82 0.999201 
0.8175 0.999151 
0.825 0.999293 
0.8225 0.999248 
0.83 0.999374 
0.8275 0.999335 
0.835 0.999446 
0.8325 0.999411 
0.84 0.99951 
0.8375 0.999479 
0.845 0.999567 
0.8425 0.999539 
0.85 0.999617 
0.8475 0.999593 
0.855 0.999662 
0.8525 0.99964 
0.86 0.999701 
0.8575 0.999682 
0.865 0.999736 
0.8625 0.999719 
0.87 0.999767 
0.8675 0.999752 
0.875 0.999795 
0.8725 0.999782 
0.88 0.999819 
0.8775 0.999807 
0.885 0.999841 
0.8825 0.99983 
0.89 0.999859 
0.8875 0.99985 
0.895 0.999876 
0.8925 0.999868 
0.9 0.999891 
0.8975 0.999884 
0.905 0.999904 
0.9025 0.999898 
0.91 0.999915 
0.9075 0.99991 
0.915 0.999925 
0.9125 0.999921 
0.92 0.999934 
0.9175 0.99993 
0.925 0.999942 
0.9225 0.999938 
0.93 0.999949 
0.9275 0.999945 
0.935 0.999955 
0.9325 0.999952 
0.94 0.99996 
0.9375 0.999957 
0.945 0.999964 
0.9425 0.999962 
0.95 0.999968 
0.9475 0.999966 
0.955 0.999971 
0.9525 0.99997 
0.96 0.999974 
0.9575 0.999973 
0.965 0.999976 
0.9625 0.999975 
0.97 0.999978 
0.9675 0.999977 
0.975 0.99998 
0.9725 0.999979 
0.98 0.999981 
0.9775 0.999981 
0.985 0.999982 
0.9825 0.999982 
0.99 0.999983 
0.9875 0.999982 
0.995 0.999983 
0.9925 0.999983 
1 0.999983 
0.9975 0.999983 
1.005 0.999983 
1.0025 0.999983 
1.01 0.999982 
1.0075 0.999982 
1.015 0.999981 
1.0125 0.999982 
1.02 0.99998 
1.0175 0.999981 
1.025 0.999979 
1.0225 0.999979 
1.03 0.999977 
1.0275 0.999978 
1.035 0.999975 
1.0325 0.999976 
1.04 0.999972 
1.0375 0.999974 
1.045 0.99997 
1.0425 0.999971 
1.05 0.999966 
1.0475 0.999968 
1.055 0.999963 
1.0525 0.999965 
1.06 0.999959 
1.0575 0.999961 
1.065 0.999954 
1.0625 0.999956 
1.07 0.999949 
1.0675 0.999951 
1.075 0.999943 
1.0725 0.999946 
1.08 0.999936 
1.0775 0.999939 
1.085 0.999929 
1.0825 0.999932 
1.09 0.99992 
1.0875 0.999924 
1.095 0.999911 
1.0925 0.999916 
1.1 0.9999 
1.0975 0.999906 
1.105 0.999889 
1.1025 0.999895 
1.11 0.999876 
1.1075 0.999882 
1.115 0.999861 
1.1125 0.999869 
1.12 0.999845 
1.1175 0.999853 
1.125 0.999827 
1.1225 0.999836 
1.13 0.999807 
1.1275 0.999818 
1.135 0.999785 
1.1325 0.999797 
1.14 0.99976 
1.1375 0.999773 
1.145 0.999733 
1.1425 0.999747 
1.15 0.999703 
1.1475 0.999718 
1.155 0.999669 
1.1525 0.999686 
1.16 0.999631 
1.1575 0.99965 
1.165 0.999589 
1.1625 0.999611 
1.17 0.999543 
1.1675 0.999567 
1.175 0.999491 
1.1725 0.999518 
1.18 0.999434 
1.1775 0.999464 
1.185 0.999371 
1.1825 0.999403 
1.19 0.999301 
1.1875 0.999337 
1.195 0.999223 
1.1925 0.999263 
1.2 0.999136 
1.1975 0.999181 
1.205 0.99904 
1.2025 0.99909 
1.21 0.998934 
1.2075 0.998989 
1.215 0.998816 
1.2125 0.998877 
1.22 0.998686 
1.2175 0.998753 
1.225 0.998542 
1.2225 0.998616 
1.23 0.998381 
1.2275 0.998464 
1.235 0.998204 
1.2325 0.998295 
1.24 0.998008 
1.2375 0.998108 
1.245 0.99779 
1.2425 0.997902 
1.25 0.99755 
1.2475 0.997673 
1.255 0.997283 
1.2525 0.99742 
1.26 0.996988 
1.2575 0.997139 
1.265 0.996661 
1.2625 0.996829 
1.27 0.9963 
1.2675 0.996485 
1.275 0.9959 
1.2725 0.996105 
1.28 0.995457 
1.2775 0.995684 
1.285 0.994968 
1.2825 0.995219 
1.29 0.994426 
1.2875 0.994704 
1.295 0.993827 
1.2925 0.994134 
1.3 0.993165 
1.2975 0.993504 
1.305 0.992432 
1.3025 0.992808 
1.31 0.991622 
1.3075 0.992037 
1.315 0.990727 
1.3125 0.991186 
1.32 0.989738 
1.3175 0.990245 
1.325 0.988644 
1.3225 0.989205 
1.33 0.987436 
1.3275 0.988055 
1.335 0.986102 
1.3325 0.986786 
1.34 0.984629 
1.3375 0.985384 
1.345 0.983003 
1.3425 0.983836 
1.35 0.981209 
1.3475 0.982128 
1.355 0.97923 
1.3525 0.980244 
1.36 0.977047 
1.3575 0.978165 
1.365 0.974641 
1.3625 0.975873 
1.37 0.971991 
1.3675 0.973348 
1.375 0.969073 
1.3725 0.970567 
1.38 0.965861 
1.3775 0.967505 
1.385 0.96233 
1.3825 0.964138 
1.39 0.958449 
1.3875 0.960435 
1.395 0.954188 
1.3925 0.956368 
1.4 0.949514 
1.3975 0.951905 
1.405 0.944391 
1.4025 0.947011 
1.41 0.938783 
1.4075 0.94165 
1.415 0.93265 
1.4125 0.935784 
1.42 0.925953 
1.4175 0.929375 
1.425 0.91865 
1.4225 0.92238 
1.43 0.9107 
1.4275 0.914759 
1.435 0.902059 
1.4325 0.906468 
1.44 0.892684 
1.4375 0.897466 
1.445 0.882536 
1.4425 0.887709 
1.45 0.871574 
1.4475 0.877159 
1.455 0.859761 
1.4525 0.865776 
1.46 0.847064 
1.4575 0.853525 
1.465 0.833456 
1.4625 0.840376 
1.47 0.818916 
1.4675 0.826304 
1.475 0.803429 
1.4725 0.811291 
1.48 0.78699 
1.4775 0.795328 
1.485 0.769606 
1.4825 0.778415 
1.49 0.751293 
1.4875 0.760564 
1.495 0.732081 
1.4925 0.741797 
1.5 0.712014 
1.4975 0.722151 
1.505 0.691147 
1.5025 0.701676 
1.51 0.669553 
1.5075 0.680436 
1.515 0.647316 
1.5125 0.658509 
1.52 0.624533 
1.5175 0.635986 
1.525 0.601314 
1.5225 0.612971 
1.53 0.577777 
1.5275 0.589577 
1.535 0.554052 
1.5325 0.56593 
1.54 0.530269 
1.5375 0.542159 
1.545 0.506566 
1.5425 0.518399 
1.55 0.483078 
1.5475 0.494786 
1.555 0.45994 
1.5525 0.471457 
1.56 0.437282 
1.5575 0.448543 
1.565 0.415225 
1.5625 0.426171 
1.57 0.393884 
1.5675 0.404458 
1.575 0.373361 
1.5725 0.383514 
1.58 0.353749 
1.5775 0.363436 
1.585 0.335127 
1.5825 0.34431 
1.59 0.317565 
1.5875 0.32621 
1.595 0.301119 
1.5925 0.3092 
1.6 0.285835 
1.5975 0.293329 
1.605 0.271748 
1.6025 0.278639 
1.61 0.258885 
1.6075 0.265162 
1.615 0.247265 
1.6125 0.252918 
1.62 0.2369 
1.6175 0.241925 
1.625 0.227796 
1.6225 0.23219 
1.63 0.219954 
1.6275 0.223717 
1.635 0.213372 
1.6325 0.216506 
1.64 0.208043 
1.6375 0.210552 
1.645 0.203958 
1.6425 0.205846 
1.65 0.201105 
1.6475 0.202379 
1.655 0.19947 
1.6525 0.200136 
1.66 0.199035 
1.6575 0.199103 
1.665 0.199784 
1.6625 0.199263 
1.67 0.201697 
1.6675 0.200596 
1.675 0.204752 
1.6725 0.203083 
1.68 0.20893 
1.6775 0.206702 
1.685 0.214207 
1.6825 0.211432 
1.69 0.220563 
1.6875 0.217252 
1.695 0.227976 
1.6925 0.224139 
1.7 0.236423 
1.6975 0.232071 
1.705 0.245883 
1.7025 0.241028 
1.71 0.256334 
1.7075 0.250986 
1.715 0.267752 
1.7125 0.261923 
1.72 0.280113 
1.7175 0.273816 
1.725 0.293391 
1.7225 0.286639 
1.73 0.307558 
1.7275 0.300365 
1.735 0.322582 
1.7325 0.314965 
1.74 0.338427 
1.7375 0.330404 
1.745 0.355055 
1.7425 0.346646 
1.75 0.37242 
1.7475 0.363648 
1.755 0.390473 
1.7525 0.381364 
1.76 0.409159 
1.7575 0.399741 
1.765 0.428417 
1.7625 0.418721 
1.77 0.448181 
1.7675 0.43824 
1.775 0.468377 
1.7725 0.458229 
1.78 0.488929 
1.7775 0.478614 
1.785 0.509756 
1.7825 0.499314 
1.79 0.53077 
1.7875 0.520245 
1.795 0.551885 
1.7925 0.541321 
1.8 0.573009 
1.7975 0.562451 
1.805 0.594053 
1.8025 0.583547 
1.81 0.614927 
1.8075 0.604517 
1.815 0.635544 
1.8125 0.625273 
1.82 0.65582 
1.8175 0.645729 
1.825 0.675677 
1.8225 0.665806 
1.83 0.695043 
1.8275 0.685426 
1.835 0.713853 
1.8325 0.704521 
1.84 0.732048 
1.8375 0.72303 
1.845 0.749582 
1.8425 0.7409 
1.85 0.766413 
1.8475 0.758087 
1.855 0.78251 
1.8525 0.774555 
1.86 0.797851 
1.8575 0.790276 
1.865 0.812423 
1.8625 0.805234 
1.87 0.826219 
1.8675 0.819418 
1.875 0.83924 
1.8725 0.832826 
1.88 0.851494 
1.8775 0.845462 
1.885 0.862995 
1.8825 0.857338 
1.89 0.873761 
1.8875 0.868469 
1.895 0.883815 
1.8925 0.878875 
1.9 0.893182 
1.8975 0.888582 
1.905 0.901891 
1.9025 0.897617 
1.91 0.909973 
1.9075 0.906008 
1.915 0.917458 
1.9125 0.913788 
1.92 0.92438 
1.9175 0.920988 
1.925 0.930771 
1.9225 0.92764 
1.93 0.936663 
1.9275 0.933777 
1.935 0.942088 
1.9325 0.939432 
1.94 0.947077 
1.9375 0.944635 
1.945 0.95166 
1.9425 0.949417 
1.95 0.955866 
1.9475 0.953808 
1.955 0.959722 
1.9525 0.957836 
1.96 0.963255 
1.9575 0.961528 
1.965 0.966489 
1.9625 0.964908 
1.97 0.969448 
1.9675 0.968002 
1.975 0.972153 
1.9725 0.970831 
1.98 0.974624 
1.9775 0.973416 
1.985 0.976881 
1.9825 0.975778 
1.99 0.978942 
1.9875 0.977935 
1.995 0.980822 
1.9925 0.979903 
2 0.982537 
1.9975 0.981699 
2.005 0.9841 
2.0025 0.983336 
2.01 0.985526 
2.0075 0.984829 
2.015 0.986825 
2.0125 0.98619 
2.02 0.988008 
2.0175 0.98743 
2.025 0.989086 
2.0225 0.98856 
2.03 0.990068 
2.0275 0.989589 
2.035 0.990962 
2.0325 0.990526 
2.04 0.991776 
2.0375 0.991379 
2.045 0.992517 
2.0425 0.992155 
2.05 0.993192 
2.0475 0.992862 
2.055 0.993805 
2.0525 0.993506 
2.06 0.994364 
2.0575 0.994091 
2.065 0.994872 
2.0625 0.994624 
2.07 0.995335 
2.0675 0.995109 
2.075 0.995755 
2.0725 0.99555 
2.08 0.996138 
2.0775 0.995951 
2.085 0.996486 
2.0825 0.996316 
2.09 0.996803 
2.0875 0.996648 
2.095 0.997091 
2.0925 0.99695 
2.1 0.997352 
2.0975 0.997225 
2.105 0.99759 
2.1025 0.997474 
2.11 0.997807 
2.1075 0.997701 
2.115 0.998003 
2.1125 0.997907 
2.12 0.998182 
2.1175 0.998095 
2.125 0.998344 
2.1225 0.998265 
2.13 0.998491 
2.1275 0.99842 
2.135 0.998625 
2.1325 0.99856 
2.14 0.998746 
2.1375 0.998687 
2.145 0.998856 
2.1425 0.998803 
2.15 0.998956 
2.1475 0.998908 
2.155 0.999046 
2.1525 0.999002 
2.16 0.999128 
2.1575 0.999088 
2.165 0.999202 
2.1625 0.999166 
2.17 0.999268 
2.1675 0.999236 
2.175 0.999328 
2.1725 0.999299 
2.18 0.999382 
2.1775 0.999355 
2.185 0.99943 
2.1825 0.999406 
2.19 0.999473 
2.1875 0.999452 
2.195 0.999511 
2.1925 0.999493 
2.2 0.999545 
2.1975 0.999529 
2.205 0.999575 
2.2025 0.999561 
2.21 0.999601 
2.2075 0.999588 
2.215 0.999624 
2.2125 0.999613 
2.22 0.999643 
2.2175 0.999634 
2.225 0.999659 
2.2225 0.999652 
2.23 0.999673 
2.2275 0.999666 
2.235 0.999684 
2.2325 0.999678 
2.24 0.999692 
2.2375 0.999688 
2.245 0.999697 
2.2425 0.999695 
2.25 0.999701 
2.2475 0.999699 
2.255 0.999702 
2.2525 0.999702 
2.26 0.999701 
2.2575 0.999702 
2.265 0.999698 
2.2625 0.9997 
2.27 0.999693 
2.2675 0.999696 
2.275 0.999686 
2.2725 0.99969 
2.28 0.999678 
2.2775 0.999682 
2.285 0.999667 
2.2825 0.999673 
2.29 0.999655 
2.2875 0.999661 
2.295 0.999641 
2.2925 0.999648 
2.3 0.999625 
2.2975 0.999633 
2.305 0.999607 
2.3025 0.999616 
2.31 0.999588 
2.3075 0.999597 
2.315 0.999566 
2.3125 0.999577 
2.32 0.999544 
2.3175 0.999555 
2.325 0.999519 
2.3225 0.999532 
2.33 0.999493 
2.3275 0.999506 
2.335 0.999465 
2.3325 0.999479 
2.34 0.999435 
2.3375 0.99945 
2.345 0.999404 
2.3425 0.99942 
2.35 0.999371 
2.3475 0.999388 
2.355 0.999336 
2.3525 0.999354 
2.36 0.999299 
2.3575 0.999318 
2.365 0.999261 
2.3625 0.99928 
2.37 0.999221 
2.3675 0.999241 
2.375 0.999179 
2.3725 0.9992 
2.38 0.999135 
2.3775 0.999157 
2.385 0.99909 
2.3825 0.999113 
2.39 0.999042 
2.3875 0.999066 
2.395 0.998993 
2.3925 0.999018 
2.4 0.998942 
2.3975 0.998967 
2.405 0.998888 
2.4025 0.998915 
2.41 0.998833 
2.4075 0.998861 
2.415 0.998776 
2.4125 0.998805 
2.42 0.998717 
2.4175 0.998746 
2.425 0.998655 
2.4225 0.998686 
2.43 0.998591 
2.4275 0.998623 
2.435 0.998525 
2.4325 0.998558 
2.44 0.998457 
2.4375 0.998491 
2.445 0.998385 
2.4425 0.998421 
2.45 0.998312 
2.4475 0.998349 
2.455 0.998235 
2.4525 0.998274 
2.46 0.998156 
2.4575 0.998196 
2.465 0.998073 
2.4625 0.998115 
2.47 0.997987 
2.4675 0.998031 
2.475 0.997898 
2.4725 0.997943 
2.48 0.997805 
2.4775 0.997852 
2.485 0.997707 
2.4825 0.997757 
2.49 0.997606 
2.4875 0.997657 
2.495 0.997499 
2.4925 0.997553 
2.5 0.997388 
2.4975 0.997444 
2.505 0.997271 
2.5025 0.99733 
2.51 0.997148 
2.5075 0.99721 
2.515 0.997018 
2.5125 0.997084 
2.52 0.996882 
2.5175 0.996951 
2.525 0.996738 
2.5225 0.996811 
2.53 0.996585 
2.5275 0.996663 
2.535 0.996424 
2.5325 0.996506 
2.54 0.996252 
2.5375 0.996339 
2.545 0.99607 
2.5425 0.996163 
2.55 0.995876 
2.5475 0.995975 
2.555 0.995669 
2.5525 0.995774 
2.56 0.995448 
2.5575 0.995561 
2.565 0.995212 
2.5625 0.995332 
2.57 0.99496 
2.5675 0.995088 
2.575 0.994689 
2.5725 0.994827 
2.58 0.994399 
2.5775 0.994547 
2.585 0.994087 
2.5825 0.994246 
2.59 0.993752 
2.5875 0.993922 
2.595 0.993391 
2.5925 0.993575 
2.6 0.993002 
2.5975 0.9932 
2.605 0.992584 
2.6025 0.992797 
2.61 0.992132 
2.6075 0.992362 
2.615 0.991645 
2.6125 0.991893 
2.62 0.991119 
2.6175 0.991387 
2.625 0.990551 
2.6225 0.99084 
2.63 0.989937 
2.6275 0.99025 
2.635 0.989273 
2.6325 0.989612 
2.64 0.988556 
2.6375 0.988921 
2.645 0.987779 
2.6425 0.988175 
2.65 0.98694 
2.6475 0.987368 
2.655 0.986031 
2.6525 0.986494 
2.66 0.985047 
2.6575 0.985549 
2.665 0.983983 
2.6625 0.984526 
2.67 0.98283 
2.6675 0.983418 
2.675 0.981583 
2.6725 0.982219 
2.68 0.980233 
2.6775 0.980921 
2.685 0.978772 
2.6825 0.979517 
2.69 0.97719 
2.6875 0.977996 
2.695 0.975478 
2.6925 0.976351 
2.7 0.973626 
2.6975 0.97457 
2.705 0.971621 
2.7025 0.972643 
2.71 0.969453 
2.7075 0.970559 
2.715 0.967109 
2.7125 0.968304 
2.72 0.964574 
2.7175 0.965866 
2.725 0.961834 
2.7225 0.96323 
2.73 0.958873 
2.7275 0.960382 
2.735 0.955675 
2.7325 0.957304 
2.74 0.952221 
2.7375 0.953981 
2.745 0.948494 
2.7425 0.950393 
2.75 0.944474 
2.7475 0.946522 
2.755 0.940139 
2.7525 0.942347 
2.76 0.935468 
2.7575 0.937847 
2.765 0.930438 
2.7625 0.933 
2.77 0.925025 
2.7675 0.927781 
2.775 0.919205 
2.7725 0.922168 
2.78 0.91295 
2.7775 0.916133 
2.785 0.906236 
2.7825 0.909652 
2.79 0.899034 
2.7875 0.902697 
2.795 0.891318 
2.7925 0.895242 
2.8 0.883059 
2.7975 0.887258 
2.805 0.87423 
2.8025 0.878718 
2.81 0.864804 
2.8075 0.869593 
2.815 0.854753 
2.8125 0.859858 
2.82 0.844053 
2.8175 0.849486 
2.825 0.832679 
2.8225 0.838451 
2.83 0.820608 
2.8275 0.826732 
2.835 0.807822 
2.8325 0.814306 
2.84 0.794305 
2.8375 0.801156 
2.845 0.780044 
2.8425 0.787268 
2.85 0.76503 
2.8475 0.772631 
2.855 0.749262 
2.8525 0.75724 
2.86 0.732743 
2.8575 0.741096 
2.865 0.715482 
2.8625 0.724204 
2.87 0.697497 
2.8675 0.706579 
2.875 0.678812 
2.8725 0.68824 
2.88 0.65946 
2.8775 0.669217 
2.885 0.639482 
2.8825 0.649547 
2.89 0.618928 
2.8875 0.629274 
2.895 0.597855 
2.8925 0.608452 
2.9 0.576329 
2.8975 0.587144 
2.905 0.554423 
2.9025 0.565418 
2.91 0.532216 
2.9075 0.543352 
2.915 0.509794 
2.9125 0.521026 
2.92 0.487245 
2.9175 0.498529 
2.925 0.464662 
2.9225 0.475952 
2.93 0.442137 
2.9275 0.453386 
2.935 0.419764 
2.9325 0.430926 
2.94 0.397632 
2.9375 0.408662 
2.945 0.37583 
2.9425 0.386685 
2.95 0.35444 
2.9475 0.365079 
2.955 0.333537 
2.9525 0.343923 
2.96 0.313191 
2.9575 0.32329 
2.965 0.293463 
2.9625 0.303246 
2.97 0.274404 
2.9675 0.283847 
2.975 0.256059 
2.9725 0.26514 
2.98 0.238463 
2.9775 0.247166 
2.985 0.22164 
2.9825 0.229954 
2.99 0.205609 
2.9875 0.213525 
2.995 0.190378 
2.9925 0.197893 
3 0.17595 
2.9975 0.183064 
3.005 0.16232 
3.0025 0.169036 
3.01 0.149478 
3.0075 0.155802 
3.015 0.137408 
3.0125 0.143348 
3.02 0.126091 
3.0175 0.131657 
3.025 0.115503 
3.0225 0.120707 
3.03 0.105618 
3.0275 0.110474 
3.035 0.0964073 
3.0325 0.10093 
3.04 0.0878421 
3.0375 0.0920459 
3.045 0.0798915 
3.0425 0.0837919 
3.05 0.0725243 
3.0475 0.0761369 
3.055 0.0657095 
3.0525 0.0690498 
3.06 0.0594163 
3.0575 0.0624996 
3.065 0.0536145 
3.0625 0.0564558 
3.07 0.0482748 
3.0675 0.0508887 
3.075 0.043369 
3.0725 0.0457694 
3.08 0.0388698 
3.0775 0.0410702 
3.085 0.0347515 
3.0825 0.0367646 
3.09 0.0309894 
3.0875 0.0328274 
3.095 0.0275602 
3.0925 0.0292346 
3.1 0.0244418 
3.0975 0.0259635 
3.105 0.0216133 
3.1025 0.0229926 
3.11 0.0190548 
3.1075 0.0203015 
3.115 0.0167476 
3.1125 0.0178709 
3.12 0.0146736 
3.1175 0.0156825 
3.125 0.0128157 
3.1225 0.0137187 
3.13 0.0111574 
3.1275 0.0119626 
3.135 0.00968302 
3.1325 0.0103982 
3.14 0.00837721 
3.1375 0.00900997 
3.145 0.00722537 
3.1425 0.00778294 
3.15 0.00621345 
3.1475 0.00670277 
3.155 0.00532802 
3.1525 0.00575574 
3.16 0.00455633 
3.1575 0.00492873 
3.165 0.00388634 
3.1625 0.00420934 
3.17 0.00330678 
3.1675 0.00358593 
3.175 0.0028072 
3.1725 0.00304761 
3.18 0.00237799 
3.1775 0.00258437 
3.185 0.00201036 
3.1825 0.00218699 
3.19 0.00169637 
3.1875 0.00184712 
3.195 0.00142893 
3.1925 0.00155725 
3.2 0.00120168 
3.1975 0.00131064 
3.205 0.00100901 
3.2025 0.00110134 
3.21 0.000846015 
3.2075 0.000924088 
3.215 0.000708379 
3.2125 0.000774273 
3.22 0.000592367 
3.2175 0.000647883 
3.225 0.000494741 
3.2225 0.000541439 
3.23 0.000412715 
3.2275 0.000451936 
3.235 0.000343895 
3.2325 0.000376789 
3.24 0.000286233 
3.2375 0.000313785 
3.245 0.000237983 
3.2425 0.00026103 
3.25 0.000197657 
3.2475 0.000216913 
3.255 0.000163995 
3.2525 0.000180064 
3.26 0.000135927 
3.2575 0.000149322 
3.265 0.000112549 
3.2625 0.000123702 
3.27 9.30985e-05 
3.2675 0.000102376 
3.275 7.69328e-05 
3.2725 8.4641e-05 
3.28 6.3511e-05 
3.2775 6.99091e-05 
3.285 5.23789e-05 
3.2825 5.76841e-05 
3.29 4.31552e-05 
3.2875 4.75497e-05 
3.295 3.55204e-05 
3.2925 3.9157e-05 
3.3 2.92073e-05 
3.2975 3.22136e-05 
3.305 2.39923e-05 
3.3025 2.6475e-05 
3.31 1.96887e-05 
3.3075 2.17369e-05 
3.315 1.61407e-05 
3.3125 1.78289e-05 
3.32 1.32187e-05 
3.3175 1.46087e-05 
3.325 1.08147e-05 
3.3225 1.1958e-05 
3.33 8.83887e-06 
3.3275 9.77826e-06 
3.335 7.21656e-06 
3.3325 7.98765e-06 
3.34 5.88592e-06 
3.3375 6.51821e-06 
3.345 4.79564e-06 
3.3425 5.31357e-06 
3.35 3.90322e-06 
3.3475 4.32704e-06 
3.355 3.17352e-06 
3.3525 3.51997e-06 
3.36 2.57751e-06 
3.3575 2.86041e-06 
3.365 2.0912e-06 
3.3625 2.32196e-06 
3.37 1.69483e-06 
3.3675 1.88286e-06 
3.375 1.3721e-06 
3.3725 1.52516e-06 
3.38 1.10963e-06 
3.3775 1.23407e-06 
3.385 8.96385e-07 
3.3825 9.97459e-07 
3.39 7.2333e-07 
3.3875 8.05332e-07 
3.395 5.83042e-07 
3.3925 6.49498e-07 
3.4 4.69443e-07 
3.3975 5.2324e-07 
3.405 3.77558e-07 
3.4025 4.21059e-07 
3.41 3.03319e-07 
3.4075 3.38455e-07 
3.415 2.43404e-07 
3.4125 2.71753e-07 
3.42 1.95104e-07 
3.4175 2.17951e-07 
3.425 1.56212e-07 
3.4225 1.74603e-07 
3.43 1.24931e-07 
3.4275 1.39719e-07 
3.435 9.98003e-08 
3.4325 1.11677e-07 
3.44 7.96335e-08 
3.4375 8.91611e-08 
3.445 6.3469e-08 
3.4425 7.11035e-08 
3.45 5.05275e-08 
3.4475 5.66378e-08 
3.455 4.01783e-08 
3.4525 4.50632e-08 
3.46 3.19119e-08 
3.4575 3.58125e-08 
3.465 2.53168e-08 
3.4625 2.84278e-08 
3.47 2.00613e-08 
3.4675 2.25396e-08 
3.475 1.58782e-08 
3.4725 1.78502e-08 
3.48 1.25526e-08 
3.4775 1.41199e-08 
3.485 9.91193e-09 
3.4825 1.1156e-08 
3.49 7.81755e-09 
3.4875 8.80395e-09 
3.495 6.15844e-09 
3.4925 6.93959e-09 
3.5 4.8457e-09 
3.4975 5.46358e-09 
3.505 3.80828e-09 
3.5025 4.29642e-09 
3.51 2.9894e-09 
3.5075 3.37459e-09 
3.515 2.34382e-09 
3.5125 2.64739e-09 
3.52 1.83547e-09 
3.5175 2.07443e-09 
3.525 1.43566e-09 
3.5225 1.62354e-09 
3.53 1.12159e-09 
3.5275 1.26913e-09 
3.535 8.75185e-10 
3.5325 9.90904e-10 
3.54 6.82094e-10 
3.5375 7.72746e-10 
3.545 5.30967e-10 
3.5425 6.01894e-10 
3.55 4.12827e-10 
3.5475 4.68255e-10 
3.555 3.20588e-10 
3.5525 3.6385e-10 
3.56 2.48658e-10 
3.5575 2.82384e-10 
3.565 1.92635e-10 
3.5625 2.18894e-10 
3.57 1.49054e-10 
3.5675 1.69474e-10 
3.575 1.15193e-10 
3.5725 1.31054e-10 
3.58 8.89171e-11 
3.5775 1.01221e-10 
3.585 6.85518e-11 
3.5825 7.80849e-11 
3.59 5.2787e-11 
3.5875 6.01641e-11 
3.595 4.05984e-11 
3.5925 4.63002e-11 
3.6 3.11863e-11 
3.5975 3.55878e-11 
3.605 2.39273e-11 
3.6025 2.73208e-11 
3.61 1.83357e-11 
3.6075 2.09488e-11 
3.615 1.40337e-11 
3.6125 1.60435e-11 
3.62 1.07281e-11 
3.6175 1.22719e-11 
3.625 8.19113e-12 
3.6225 9.37556e-12 
3.63 6.24652e-12 
3.6275 7.15411e-12 
3.635 4.7578e-12 
3.6325 5.45239e-12 
3.64 3.61948e-12 
3.6375 4.15041e-12 
3.645 2.75017e-12 
3.6425 3.15549e-12 
3.65 2.08711e-12 
3.6475 2.39616e-12 
3.655 1.58199e-12 
3.6525 1.81735e-12 
3.66 1.19766e-12 
3.6575 1.37668e-12 
3.665 9.05603e-13 
3.6625 1.0416e-12 
3.67 6.83935e-13 
3.6675 7.8712e-13 
3.675 5.15899e-13 
3.6725 5.94093e-13 
3.68 3.88676e-13 
3.6775 4.47858e-13 
3.685 2.92472e-13 
3.6825 3.3721e-13 
3.69 2.19814e-13 
3.6875 2.53591e-13 
3.695 1.65005e-13 
3.6925 1.90476e-13 
3.7 1.23713e-13 
3.6975 1.42896e-13 
3.705 9.26421e-14 
3.7025 1.07072e-13 
3.71 6.92907e-14 
3.7075 8.0132e-14 
3.715 5.17626e-14 
3.7125 5.98976e-14 
3.72 3.86218e-14 
3.7175 4.47186e-14 
3.725 2.87822e-14 
3.7225 3.33459e-14 
3.73 2.14236e-14 
3.7275 2.48354e-14 
3.735 1.5927e-14 
3.7325 1.84747e-14 
3.74 1.18265e-14 
3.7375 1.37265e-14 
3.745 8.77106e-15 
3.7425 1.01863e-14 
3.75 6.4972e-15 
3.7475 7.5501e-15 
3.755 4.80704e-15 
3.7525 5.5894e-15 
3.76 3.55228e-15 
3.7575 4.13291e-15 
3.765 2.6219e-15 
3.7625 3.05229e-15 
3.77 1.93287e-15 
3.7675 2.25151e-15 
3.775 1.42322e-15 
3.7725 1.65882e-15 
3.78 1.04669e-15 
3.7775 1.2207e-15 
3.785 7.68858e-16 
3.7825 8.97212e-16 
3.79 5.64099e-16 
3.7875 6.58663e-16 
3.795 4.13377e-16 
3.7925 4.82963e-16 
3.8 3.02566e-16 
3.7975 3.53709e-16 
3.805 2.21196e-16 
3.8025 2.58739e-16 
3.81 1.61517e-16 
3.8075 1.89043e-16 
3.815 1.178e-16 
3.8125 1.37957e-16 
3.82 8.58133e-17 
3.8175 1.00557e-16 
3.825 6.24384e-17 
3.8225 7.32091e-17 
3.83 4.53771e-17 
3.8275 5.32361e-17 
3.835 3.29389e-17 
3.8325 3.86664e-17 
3.84 2.3882e-17 
3.8375 2.80512e-17 
3.845 1.72951e-17 
3.8425 2.03263e-17 
3.85 1.25102e-17 
3.8475 1.47114e-17 
3.855 9.03861e-18 
3.8525 1.06352e-17 
3.86 6.52276e-18 
3.8575 7.6794e-18 
3.865 4.70172e-18 
3.8625 5.53866e-18 
3.87 3.38516e-18 
3.8675 3.99005e-18 
3.875 2.43445e-18 
3.8725 2.87111e-18 
3.88 1.74873e-18 
3.8775 2.06358e-18 
3.885 1.25472e-18 
3.8825 1.48147e-18 
3.89 8.99241e-19 
3.8875 1.06236e-18 
3.895 6.43744e-19 
3.8925 7.60945e-19 
3.9 4.60321e-19 
3.8975 5.44434e-19 
3.905 3.28793e-19 
3.9025 3.8909e-19 
3.91 2.34586e-19 
3.9075 2.7776e-19 
3.915 1.67187e-19 
3.9125 1.98065e-19 
3.92 1.19022e-19 
3.9175 1.41082e-19 
3.925 8.46416e-20 
3.9225 1.00383e-19 
3.93 6.0128e-20 
3.9275 7.13485e-20 
3.935 4.26691e-20 
3.9325 5.06581e-20 
3.94 3.02483e-20 
3.9375 3.59302e-20 
3.945 2.14213e-20 
3.9425 2.5458e-20 
3.95 1.51552e-20 
3.9475 1.802e-20 
3.955 1.07116e-20 
3.9525 1.27425e-20 
3.96 7.56379e-21 
3.9575 9.0021e-21 
3.965 5.33619e-21 
3.9625 6.35375e-21 
3.97 3.76135e-21 
3.9675 4.48054e-21 
3.975 2.6491e-21 
3.9725 3.1569e-21 
3.98 1.86429e-21 
3.9775 2.22251e-21 
3.985 1.31104e-21 
3.9825 1.5635e-21 
3.99 9.21362e-22 
3.9875 1.09914e-21 
3.995 6.47128e-22 
3.9925 7.72211e-22 
4 4.54287e-22 
3.9975 5.42228e-22 
4.005 3.18781e-22 
4.0025 3.80564e-22 
4.01 2.23627e-22 
4.0075 2.67004e-22 
4.015 1.56847e-22 
4.0125 1.87285e-22 
4.02 1.10004e-22 
4.0175 1.31352e-22 
4.025 7.71593e-23 
4.0225 9.21264e-23 
4.03 5.41368e-23 
4.0275 6.46273e-23 
4.035 3.80019e-23 
4.0325 4.53538e-23 
4.04 2.66944e-23 
4.0375 3.18467e-23 
4.045 1.8769e-23 
4.0425 2.23804e-23 
4.05 1.32124e-23 
4.0475 1.57447e-23 
4.055 9.31459e-24 
4.0525 1.10912e-23 
4.06 6.57844e-24 
4.0575 7.8259e-24 
4.065 4.65585e-24 
4.0625 5.53266e-24 
4.07 3.30324e-24 
4.0675 3.92034e-24 
4.075 2.35016e-24 
4.0725 2.78518e-24 
4.08 1.67735e-24 
4.0775 1.98461e-24 
4.085 1.20136e-24 
4.0825 1.41888e-24 
4.09 8.6375e-25 
4.0875 1.01815e-24 
4.095 6.23599e-25 
4.0925 7.33517e-25 
4.1 4.52215e-25 
4.0975 5.30732e-25 
4.105 3.29463e-25 
4.1025 3.85758e-25 
4.11 2.41194e-25 
4.1075 2.8172e-25 
4.115 1.7745e-25 
4.1125 2.06751e-25 
4.12 1.31207e-25 
4.1175 1.5249e-25 
4.125 9.74985e-26 
4.1225 1.13033e-25 
4.13 7.28054e-26 
4.1275 8.42008e-26 
4.135 5.46246e-26 
4.1325 6.30263e-26 
4.14 4.11703e-26 
4.1375 4.73963e-26 
4.145 3.11631e-26 
4.1425 3.58002e-26 
4.15 2.36827e-26 
4.1475 2.71535e-26 
4.155 1.80643e-26 
4.1525 2.06744e-26 
4.16 1.3825e-26 
4.1575 1.57968e-26 
4.165 1.06124e-26 
4.1625 1.21083e-26 
4.17 8.16821e-27 
4.1675 9.30751e-27 
4.175 6.30169e-27 
4.1725 7.17252e-27 
4.18 4.87156e-27 
4.1775 5.53936e-27 
4.185 3.77253e-27 
4.1825 4.2861e-27 
4.19 2.9257e-27 
4.1875 3.32168e-27 
4.195 2.27168e-27 
4.1925 2.57768e-27 
4.2 1.76558e-27 
4.1975 2.00249e-27 
4.205 1.37327e-27 
4.2025 1.55699e-27 
4.21 1.06874e-27 
4.2075 1.2114e-27 
4.215 8.32075e-28 
4.2125 9.42973e-28 
4.22 6.47977e-28 
4.2175 7.34261e-28 
4.225 5.04669e-28 
4.2225 5.71847e-28 
4.23 3.93054e-28 
4.2275 4.45381e-28 
4.235 3.06092e-28 
4.2325 3.46864e-28 
4.24 2.38322e-28 
4.2375 2.70097e-28 
4.245 1.85504e-28 
4.2425 2.10269e-28 
4.25 1.44342e-28 
4.2475 1.63641e-28 
4.255 1.12267e-28 
4.2525 1.27305e-28 
4.26 8.72782e-29 
4.2575 9.89929e-29 
4.265 6.78168e-29 
4.2625 7.69396e-29 
4.27 5.26655e-29 
4.2675 5.97671e-29 
4.275 4.08749e-29 
4.2725 4.64007e-29 
4.28 3.17041e-29 
4.2775 3.60015e-29 
4.285 2.45747e-29 
4.2825 2.7915e-29 
4.29 1.90355e-29 
4.2875 2.16303e-29 
4.295 1.47344e-29 
4.2925 1.67489e-29 
4.3 1.13969e-29 
4.2975 1.29598e-29 
4.305 8.80883e-30 
4.3025 1.00206e-29 
4.31 6.80328e-30 
4.3075 7.74211e-30 
4.315 5.25026e-30 
4.3125 5.97711e-30 
4.32 4.04856e-30 
4.3175 4.61087e-30 
4.325 3.11941e-30 
4.3225 3.5541e-30 
4.33 2.40154e-30 
4.3275 2.73731e-30 
4.335 1.84735e-30 
4.3325 2.10651e-30 
4.34 1.41987e-30 
4.3375 1.61973e-30 
4.345 1.09038e-30 
4.3425 1.24439e-30 
4.35 8.36645e-31 
4.3475 9.55224e-31 
4.355 6.41401e-31 
4.3525 7.32624e-31 
4.36 4.91295e-31 
4.3575 5.61413e-31 
4.365 3.7599e-31 
4.3625 4.29839e-31 
4.37 2.87493e-31 
4.3675 3.28813e-31 
4.375 2.19631e-31 
4.3725 2.51309e-31 
4.38 1.67638e-31 
4.3775 1.91903e-31 
4.385 1.27839e-31 
4.3825 1.46408e-31 
4.39 9.74003e-32 
4.3875 1.11599e-31 
4.395 7.41418e-32 
4.3925 8.49885e-32 
4.4 5.63859e-32 
4.3975 6.46644e-32 
4.405 4.28429e-32 
4.4025 4.91556e-32 
4.41 3.25227e-32 
4.4075 3.7332e-32 
4.415 2.46657e-32 
4.4125 2.83262e-32 
4.42 1.86894e-32 
4.4175 2.1473e-32 
4.425 1.41479e-32 
4.4225 1.62627e-32 
4.43 1.06999e-32 
4.4275 1.23051e-32 
4.435 8.08462e-33 
4.4325 9.30185e-33 
4.44 6.10279e-33 
4.4375 7.02496e-33 
4.445 4.60241e-33 
4.4425 5.30038e-33 
4.45 3.4676e-33 
4.4475 3.99538e-33 
4.455 2.6101e-33 
4.4525 3.0088e-33 
4.46 1.96277e-33 
4.4575 2.26368e-33 
4.465 1.47457e-33 
4.4625 1.70144e-33 
4.47 1.10672e-33 
4.4675 1.27762e-33 
4.475 8.29842e-34 
4.4725 9.58448e-34 
4.48 6.21626e-34 
4.4775 7.18313e-34 
4.485 4.65202e-34 
4.4825 5.3782e-34 
4.49 3.478e-34 
4.4875 4.02288e-34 
4.495 2.59772e-34 
4.4925 3.00616e-34 
4.5 1.93834e-34 
4.4975 2.24421e-34 
4.505 1.44491e-34 
4.5025 1.67374e-34 
4.51 1.07603e-34 
4.5075 1.24706e-34 
4.515 8.00536e-35 
4.5125 9.2823e-35 
4.52 5.94986e-35 
4.5175 6.90233e-35 
4.525 4.41776e-35 
4.5225 5.12751e-35 
4.53 3.27692e-35 
4.5275 3.80528e-35 
4.535 2.42828e-35 
4.5325 2.82121e-35 
4.54 1.79762e-35 
4.5375 2.08954e-35 
4.545 1.32943e-35 
4.5425 1.54609e-35 
4.55 9.82193e-36 
4.5475 1.14283e-35 
4.555 7.24927e-36 
4.5525 8.43914e-36 
4.56 5.3451e-36 
4.5575 6.22555e-36 
4.565 3.93714e-36 
4.5625 4.58798e-36 
4.57 2.89714e-36 
4.5675 3.37776e-36 
4.575 2.12971e-36 
4.5725 2.48427e-36 
4.58 1.56399e-36 
4.5775 1.82529e-36 
4.585 1.14739e-36 
4.5825 1.33975e-36 
4.59 8.40903e-37 
4.5875 9.82383e-37 
4.595 6.15662e-37 
4.5925 7.19609e-37 
4.6 4.50297e-37 
4.5975 5.26591e-37 
4.605 3.29014e-37 
4.6025 3.84955e-37 
4.61 2.40154e-37 
4.6075 2.81129e-37 
4.615 1.75115e-37 
4.6125 2.05097e-37 
4.62 1.2756e-37 
4.6175 1.49476e-37 
4.625 9.28251e-38 
4.6225 1.08829e-37 
4.63 6.74797e-38 
4.6275 7.91539e-38 
4.635 4.90047e-38 
4.6325 5.7512e-38 
4.64 3.55516e-38 
4.6375 4.17447e-38 
4.645 2.57654e-38 
4.6425 3.02693e-38 
4.65 1.8654e-38 
4.6475 2.19259e-38 
4.655 1.34916e-38 
4.6525 1.58661e-38 
4.66 9.74785e-39 
4.6575 1.14694e-38 
4.665 7.03575e-39 
4.6625 8.28253e-39 
4.67 5.07303e-39 
4.6675 5.97506e-39 
4.675 3.65409e-39 
4.6725 4.30603e-39 
4.68 2.62934e-39 
4.6775 3.10003e-39 
4.685 1.89003e-39 
4.6825 2.22951e-39 
4.69 1.3572e-39 
4.6875 1.6018e-39 
4.695 9.73585e-40 
4.6925 1.14964e-39 
4.7 6.97683e-40 
4.6975 8.24269e-40 
4.705 4.99455e-40 
4.7025 5.90379e-40 
4.71 3.57182e-40 
4.7075 4.22421e-40 
4.715 2.55173e-40 
4.7125 3.01936e-40 
4.72 1.8211e-40 
4.7175 2.15595e-40 
4.725 1.29834e-40 
4.7225 1.53785e-40 
4.73 9.24688e-41 
4.7275 1.09583e-40 
4.735 6.57894e-41 
4.7325 7.8006e-41 
4.74 4.67594e-41 
4.7375 5.54709e-41 
4.745 3.31999e-41 
4.7425 3.94054e-41 
4.75 2.35482e-41 
4.7475 2.7964e-41 
4.755 1.66852e-41 
4.7525 1.98242e-41 
4.76 1.18102e-41 
4.7575 1.40393e-41 
4.765 8.35099e-42 
4.7625 9.93231e-42 
4.77 5.8989e-42 
4.7675 7.01952e-42 
4.775 4.16254e-42 
4.7725 4.95584e-42 
4.78 2.93426e-42 
4.7775 3.49527e-42 
4.785 2.06629e-42 
4.7825 2.46262e-42 
4.79 1.45358e-42 
4.7875 1.73328e-42 
4.795 1.0215e-42 
4.7925 1.21868e-42 
4.8 7.17121e-43 
4.7975 8.55989e-43 
4.805 5.02921e-43 
4.8025 6.00618e-43 
4.81 3.52339e-43 
4.8075 4.21e-43 
4.815 2.4659e-43 
4.8125 2.94795e-43 
4.82 1.72402e-43 
4.8175 2.06211e-43 
4.825 1.20411e-43 
4.8225 1.44098e-43 
4.83 8.40121e-44 
4.8275 1.0059e-43 
4.835 5.85561e-44 
4.8325 7.0147e-44 
4.84 4.07715e-44 
4.8375 4.8867e-44 
4.845 2.83593e-44 
4.8425 3.40077e-44 
4.85 1.97055e-44 
4.8475 2.36425e-44 
4.855 1.36784e-44 
4.8525 1.64196e-44 
4.86 9.48502e-45 
4.8575 1.13917e-44 
4.865 6.57046e-45 
4.8625 7.8953e-45 
4.87 4.54682e-45 
4.8675 5.46642e-45 
4.875 3.14322e-45 
4.8725 3.78088e-45 
4.88 2.17069e-45 
4.8775 2.61239e-45 
4.885 1.49753e-45 
4.8825 1.80318e-45 
4.89 1.03207e-45 
4.8875 1.24335e-45 
4.895 7.10559e-46 
4.8925 8.56458e-46 
4.9 4.88704e-46 
4.8975 5.89351e-46 
4.905 3.35774e-46 
4.9025 4.05133e-46 
4.91 2.30466e-46 
4.9075 2.78213e-46 
4.915 1.58023e-46 
4.9125 1.9086e-46 
4.92 1.08242e-46 
4.9175 1.308e-46 
4.925 7.4067e-47 
4.9225 8.95488e-47 
4.93 5.06308e-47 
4.9275 6.12449e-47 
4.935 3.45753e-47 
4.9325 4.18447e-47 
4.94 2.35877e-47 
4.9375 2.85611e-47 
4.945 1.60762e-47 
4.9425 1.94752e-47 
4.95 1.09469e-47 
4.9475 1.32672e-47 
4.955 7.44832e-48 
4.9525 9.03036e-48 
4.96 5.06545e-48 
4.9575 6.14252e-48 
4.965 3.44546e-48 
4.9625 4.17726e-48 
4.97 2.34723e-48 
4.9675 2.84284e-48 
4.975 1.60645e-48 
4.9725 1.94012e-48 
4.98 1.11171e-48 
4.9775 1.33369e-48 
4.985 7.88275e-49 
4.9825 9.32138e-49 
4.99 5.87064e-49 
4.9875 6.74665e-49 
4.995 4.77441e-49 
4.9925 5.22131e-49 
5 4.42672e-49 
4.9975 4.51277e-49 
