0 6.46455e-06 
0.005 6.52783e-06 
0.0025 6.48035e-06 
0.01 6.71874e-06 
0.0075 6.60718e-06 
0.015 7.04053e-06 
0.0125 6.86298e-06 
0.02 7.49865e-06 
0.0175 7.25212e-06 
0.025 8.10085e-06 
0.0225 7.78116e-06 
0.03 8.8573e-06 
0.0275 8.45906e-06 
0.035 9.78071e-06 
0.0325 9.29723e-06 
0.04 1.08865e-05 
0.0375 1.03097e-05 
0.045 1.21932e-05 
0.0425 1.15135e-05 
0.05 1.37224e-05 
0.0475 1.29285e-05 
0.055 1.54993e-05 
0.0525 1.45781e-05 
0.06 1.7553e-05 
0.0575 1.64896e-05 
0.065 1.9917e-05 
0.0625 1.8694e-05 
0.07 2.26296e-05 
0.0675 2.12272e-05 
0.075 2.57344e-05 
0.0725 2.413e-05 
0.08 2.92808e-05 
0.0775 2.7449e-05 
0.085 3.33253e-05 
0.0825 3.1237e-05 
0.09 3.79314e-05 
0.0875 3.55539e-05 
0.095 4.31713e-05 
0.0925 4.04673e-05 
0.1 4.91263e-05 
0.0975 4.60539e-05 
0.105 5.58882e-05 
0.1025 5.24002e-05 
0.11 6.35606e-05 
0.1075 5.96036e-05 
0.115 7.22602e-05 
0.1125 6.77741e-05 
0.12 8.21186e-05 
0.1175 7.70357e-05 
0.125 9.32836e-05 
0.1225 8.75278e-05 
0.13 0.000105922 
0.1275 9.94073e-05 
0.135 0.00012022 
0.1325 0.000112851 
0.14 0.00013639 
0.1375 0.000128057 
0.145 0.000154666 
0.1425 0.000145249 
0.15 0.000175316 
0.1475 0.000164677 
0.155 0.000198638 
0.1525 0.000186623 
0.16 0.000224967 
0.1575 0.000211404 
0.165 0.000254678 
0.1625 0.000239374 
0.17 0.000288195 
0.1675 0.000270933 
0.175 0.000325991 
0.1725 0.000306526 
0.18 0.000368597 
0.1775 0.000346657 
0.185 0.000416608 
0.1825 0.000391887 
0.19 0.000470694 
0.1875 0.000442847 
0.195 0.000531603 
0.1925 0.000500245 
0.2 0.000600173 
0.1975 0.000564874 
0.205 0.000677346 
0.2025 0.000637621 
0.21 0.000764174 
0.2075 0.000719482 
0.215 0.000861838 
0.2125 0.000811572 
0.22 0.000971657 
0.2175 0.000915139 
0.225 0.00109511 
0.2225 0.00103158 
0.23 0.00123386 
0.2275 0.00116246 
0.235 0.00138975 
0.2325 0.00130953 
0.24 0.00156485 
0.2375 0.00147476 
0.245 0.00176149 
0.2425 0.00166032 
0.25 0.00198225 
0.2475 0.00186868 
0.255 0.00223004 
0.2525 0.00210257 
0.26 0.00250809 
0.2575 0.00236506 
0.265 0.00282002 
0.2625 0.00265957 
0.27 0.00316987 
0.2675 0.00298993 
0.275 0.00356216 
0.2725 0.00336041 
0.28 0.00400192 
0.2775 0.00377577 
0.285 0.00449477 
0.2825 0.00424133 
0.29 0.00504698 
0.2875 0.00476304 
0.295 0.00566553 
0.2925 0.00534749 
0.3 0.00635819 
0.2975 0.00600207 
0.305 0.00713363 
0.3025 0.00673499 
0.31 0.00800148 
0.3075 0.00755536 
0.315 0.00897244 
0.3125 0.00847336 
0.32 0.0100584 
0.3175 0.00950026 
0.325 0.0112726 
0.3225 0.0106486 
0.33 0.0126296 
0.3275 0.0119322 
0.335 0.0141456 
0.3325 0.0133666 
0.34 0.0158385 
0.3375 0.0149687 
0.345 0.017728 
0.3425 0.0167574 
0.35 0.019836 
0.3475 0.0187533 
0.355 0.0221864 
0.3525 0.0209793 
0.36 0.0248054 
0.3575 0.0234606 
0.365 0.0277219 
0.3625 0.0262246 
0.37 0.0309672 
0.3675 0.0293014 
0.375 0.0345757 
0.3725 0.0327238 
0.38 0.0385843 
0.3775 0.0365275 
0.385 0.0430332 
0.3825 0.0407511 
0.39 0.0479656 
0.3875 0.0454361 
0.395 0.0534276 
0.3925 0.0506274 
0.4 0.0594685 
0.3975 0.0563725 
0.405 0.0661402 
0.4025 0.0627221 
0.41 0.0734971 
0.4075 0.0697295 
0.415 0.081596 
0.4125 0.0774502 
0.42 0.0904951 
0.4175 0.0859418 
0.425 0.100254 
0.4225 0.0952632 
0.43 0.110931 
0.4275 0.105474 
0.435 0.122584 
0.4325 0.116632 
0.44 0.135271 
0.4375 0.128795 
0.445 0.149041 
0.4425 0.142017 
0.45 0.163942 
0.4475 0.156348 
0.455 0.180012 
0.4525 0.171829 
0.46 0.19728 
0.4575 0.188495 
0.465 0.215763 
0.4625 0.206369 
0.47 0.235464 
0.4675 0.225462 
0.475 0.256372 
0.4725 0.245769 
0.48 0.278455 
0.4775 0.267269 
0.485 0.301663 
0.4825 0.289922 
0.49 0.325929 
0.4875 0.313669 
0.495 0.351161 
0.4925 0.338431 
0.5 0.377251 
0.4975 0.364106 
0.505 0.404069 
0.5025 0.390577 
0.51 0.431471 
0.5075 0.417707 
0.515 0.459298 
0.5125 0.445342 
0.52 0.48738 
0.5175 0.473318 
0.525 0.515543 
0.5225 0.501462 
0.53 0.543607 
0.5275 0.529598 
0.535 0.5714 
0.5325 0.557548 
0.54 0.598751 
0.5375 0.58514 
0.545 0.625503 
0.5425 0.612211 
0.55 0.651513 
0.5475 0.638609 
0.555 0.676654 
0.5525 0.6642 
0.56 0.700819 
0.5575 0.688865 
0.565 0.723919 
0.5625 0.712507 
0.57 0.745888 
0.5675 0.735049 
0.575 0.766677 
0.5725 0.756432 
0.58 0.786259 
0.5775 0.77662 
0.585 0.804622 
0.5825 0.795593 
0.59 0.82177 
0.5875 0.813347 
0.595 0.837723 
0.5925 0.829895 
0.6 0.852511 
0.5975 0.845261 
0.605 0.866172 
0.6025 0.85948 
0.61 0.878754 
0.6075 0.872595 
0.615 0.890309 
0.6125 0.884656 
0.62 0.900892 
0.6175 0.895718 
0.625 0.910562 
0.6225 0.905838 
0.63 0.919379 
0.6275 0.915074 
0.635 0.927401 
0.6325 0.923486 
0.64 0.934687 
0.6375 0.931133 
0.645 0.941293 
0.6425 0.938071 
0.65 0.947272 
0.6475 0.944357 
0.655 0.952678 
0.6525 0.950044 
0.66 0.957559 
0.6575 0.955181 
0.665 0.96196 
0.6625 0.959817 
0.67 0.965925 
0.6675 0.963995 
0.675 0.969494 
0.6725 0.967757 
0.68 0.972702 
0.6775 0.971141 
0.685 0.975585 
0.6825 0.974182 
0.69 0.978173 
0.6875 0.976914 
0.695 0.980495 
0.6925 0.979366 
0.7 0.982578 
0.6975 0.981565 
0.705 0.984443 
0.7025 0.983536 
0.71 0.986114 
0.7075 0.985302 
0.715 0.98761 
0.7125 0.986883 
0.72 0.988949 
0.7175 0.988298 
0.725 0.990146 
0.7225 0.989564 
0.73 0.991217 
0.7275 0.990697 
0.735 0.992174 
0.7325 0.991709 
0.74 0.993028 
0.7375 0.992613 
0.745 0.993792 
0.7425 0.993421 
0.75 0.994473 
0.7475 0.994142 
0.755 0.995081 
0.7525 0.994786 
0.76 0.995624 
0.7575 0.99536 
0.765 0.996108 
0.7625 0.995873 
0.77 0.996539 
0.7675 0.99633 
0.775 0.996924 
0.7725 0.996737 
0.78 0.997267 
0.7775 0.9971 
0.785 0.997572 
0.7825 0.997424 
0.79 0.997844 
0.7875 0.997712 
0.795 0.998087 
0.7925 0.997969 
0.8 0.998302 
0.7975 0.998197 
0.805 0.998494 
0.8025 0.998401 
0.81 0.998664 
0.8075 0.998582 
0.815 0.998816 
0.8125 0.998743 
0.82 0.998951 
0.8175 0.998886 
0.825 0.999071 
0.8225 0.999013 
0.83 0.999177 
0.8275 0.999126 
0.835 0.999272 
0.8325 0.999226 
0.84 0.999356 
0.8375 0.999315 
0.845 0.99943 
0.8425 0.999394 
0.85 0.999497 
0.8475 0.999464 
0.855 0.999555 
0.8525 0.999527 
0.86 0.999607 
0.8575 0.999582 
0.865 0.999653 
0.8625 0.999631 
0.87 0.999694 
0.8675 0.999674 
0.875 0.99973 
0.8725 0.999712 
0.88 0.999762 
0.8775 0.999746 
0.885 0.99979 
0.8825 0.999776 
0.89 0.999815 
0.8875 0.999803 
0.895 0.999837 
0.8925 0.999826 
0.9 0.999857 
0.8975 0.999847 
0.905 0.999874 
0.9025 0.999865 
0.91 0.999889 
0.9075 0.999882 
0.915 0.999902 
0.9125 0.999896 
0.92 0.999914 
0.9175 0.999908 
0.925 0.999924 
0.9225 0.999919 
0.93 0.999933 
0.9275 0.999929 
0.935 0.999941 
0.9325 0.999937 
0.94 0.999948 
0.9375 0.999945 
0.945 0.999954 
0.9425 0.999951 
0.95 0.999959 
0.9475 0.999957 
0.955 0.999964 
0.9525 0.999962 
0.96 0.999968 
0.9575 0.999966 
0.965 0.999971 
0.9625 0.99997 
0.97 0.999974 
0.9675 0.999973 
0.975 0.999976 
0.9725 0.999975 
0.98 0.999978 
0.9775 0.999977 
0.985 0.99998 
0.9825 0.999979 
0.99 0.999981 
0.9875 0.99998 
0.995 0.999982 
0.9925 0.999981 
1 0.999982 
0.9975 0.999982 
1.005 0.999982 
1.0025 0.999982 
1.01 0.999982 
1.0075 0.999982 
1.015 0.999982 
1.0125 0.999982 
1.02 0.999981 
1.0175 0.999982 
1.025 0.99998 
1.0225 0.999981 
1.03 0.999979 
1.0275 0.999979 
1.035 0.999977 
1.0325 0.999978 
1.04 0.999975 
1.0375 0.999976 
1.045 0.999972 
1.0425 0.999974 
1.05 0.99997 
1.0475 0.999971 
1.055 0.999966 
1.0525 0.999968 
1.06 0.999962 
1.0575 0.999964 
1.065 0.999958 
1.0625 0.99996 
1.07 0.999953 
1.0675 0.999956 
1.075 0.999948 
1.0725 0.999951 
1.08 0.999941 
1.0775 0.999945 
1.085 0.999934 
1.0825 0.999938 
1.09 0.999927 
1.0875 0.999931 
1.095 0.999918 
1.0925 0.999922 
1.1 0.999908 
1.0975 0.999913 
1.105 0.999897 
1.1025 0.999902 
1.11 0.999884 
1.1075 0.999891 
1.115 0.999871 
1.1125 0.999878 
1.12 0.999855 
1.1175 0.999863 
1.125 0.999838 
1.1225 0.999847 
1.13 0.99982 
1.1275 0.999829 
1.135 0.999799 
1.1325 0.999809 
1.14 0.999775 
1.1375 0.999787 
1.145 0.999749 
1.1425 0.999763 
1.15 0.999721 
1.1475 0.999735 
1.155 0.999689 
1.1525 0.999705 
1.16 0.999653 
1.1575 0.999671 
1.165 0.999614 
1.1625 0.999634 
1.17 0.999571 
1.1675 0.999593 
1.175 0.999523 
1.1725 0.999548 
1.18 0.99947 
1.1775 0.999497 
1.185 0.999412 
1.1825 0.999442 
1.19 0.999347 
1.1875 0.99938 
1.195 0.999276 
1.1925 0.999312 
1.2 0.999197 
1.1975 0.999237 
1.205 0.99911 
1.2025 0.999155 
1.21 0.999014 
1.2075 0.999063 
1.215 0.998909 
1.2125 0.998963 
1.22 0.998792 
1.2175 0.998852 
1.225 0.998664 
1.2225 0.99873 
1.23 0.998523 
1.2275 0.998595 
1.235 0.998367 
1.2325 0.998447 
1.24 0.998196 
1.2375 0.998284 
1.245 0.998008 
1.2425 0.998105 
1.25 0.997802 
1.2475 0.997907 
1.255 0.997574 
1.2525 0.997691 
1.26 0.997324 
1.2575 0.997452 
1.265 0.99705 
1.2625 0.99719 
1.27 0.996749 
1.2675 0.996903 
1.275 0.996418 
1.2725 0.996587 
1.28 0.996055 
1.2775 0.99624 
1.285 0.995656 
1.2825 0.99586 
1.29 0.995219 
1.2875 0.995443 
1.295 0.99474 
1.2925 0.994985 
1.3 0.994215 
1.2975 0.994484 
1.305 0.99364 
1.3025 0.993934 
1.31 0.993009 
1.3075 0.993332 
1.315 0.992319 
1.3125 0.992672 
1.32 0.991563 
1.3175 0.99195 
1.325 0.990736 
1.3225 0.991159 
1.33 0.989831 
1.3275 0.990293 
1.335 0.988841 
1.3325 0.989347 
1.34 0.987759 
1.3375 0.988312 
1.345 0.986576 
1.3425 0.987181 
1.35 0.985284 
1.3475 0.985944 
1.355 0.983873 
1.3525 0.984594 
1.36 0.982333 
1.3575 0.98312 
1.365 0.980652 
1.3625 0.981511 
1.37 0.97882 
1.3675 0.979756 
1.375 0.976822 
1.3725 0.977842 
1.38 0.974646 
1.3775 0.975757 
1.385 0.972276 
1.3825 0.973486 
1.39 0.969698 
1.3875 0.971014 
1.395 0.966895 
1.3925 0.968326 
1.4 0.963849 
1.3975 0.965403 
1.405 0.960541 
1.4025 0.962229 
1.41 0.956953 
1.4075 0.958783 
1.415 0.953064 
1.4125 0.955047 
1.42 0.948852 
1.4175 0.950999 
1.425 0.944296 
1.4225 0.946619 
1.43 0.939373 
1.4275 0.941882 
1.435 0.934061 
1.4325 0.936767 
1.44 0.928334 
1.4375 0.931251 
1.445 0.922171 
1.4425 0.925308 
1.45 0.915546 
1.4475 0.918917 
1.455 0.908439 
1.4525 0.912054 
1.46 0.900825 
1.4575 0.904697 
1.465 0.892686 
1.4625 0.896823 
1.47 0.884001 
1.4675 0.888412 
1.475 0.874753 
1.4725 0.879448 
1.48 0.86493 
1.4775 0.869914 
1.485 0.85452 
1.4825 0.859799 
1.49 0.843516 
1.4875 0.849092 
1.495 0.831918 
1.4925 0.837792 
1.5 0.819729 
1.4975 0.825897 
1.505 0.806959 
1.5025 0.813416 
1.51 0.793623 
1.5075 0.80036 
1.515 0.779745 
1.5125 0.78675 
1.52 0.765356 
1.5175 0.772612 
1.525 0.750494 
1.5225 0.757982 
1.53 0.735207 
1.5275 0.742901 
1.535 0.719548 
1.5325 0.72742 
1.54 0.703581 
1.5375 0.711599 
1.545 0.687375 
1.5425 0.695503 
1.55 0.671008 
1.5475 0.679207 
1.555 0.654563 
1.5525 0.66279 
1.56 0.63813 
1.5575 0.646339 
1.565 0.621801 
1.5625 0.629946 
1.57 0.605675 
1.5675 0.613707 
1.575 0.589852 
1.5725 0.59772 
1.58 0.574432 
1.5775 0.582085 
1.585 0.559516 
1.5825 0.566904 
1.59 0.545205 
1.5875 0.552279 
1.595 0.531596 
1.5925 0.538307 
1.6 0.518785 
1.5975 0.525085 
1.605 0.506862 
1.6025 0.512707 
1.61 0.495913 
1.6075 0.501261 
1.615 0.486017 
1.6125 0.490829 
1.62 0.477247 
1.6175 0.481487 
1.625 0.469669 
1.6225 0.473305 
1.63 0.463339 
1.6275 0.466345 
1.635 0.458308 
1.6325 0.460659 
1.64 0.454615 
1.6375 0.456292 
1.645 0.452289 
1.6425 0.453279 
1.65 0.45135 
1.6475 0.451645 
1.655 0.451808 
1.6525 0.451404 
1.66 0.453663 
1.6575 0.452562 
1.665 0.456902 
1.6625 0.45511 
1.67 0.461505 
1.6675 0.459035 
1.675 0.46744 
1.6725 0.464308 
1.68 0.474666 
1.6775 0.470894 
1.685 0.483133 
1.6825 0.478748 
1.69 0.492783 
1.6875 0.487814 
1.695 0.50355 
1.6925 0.498031 
1.7 0.515359 
1.6975 0.509329 
1.705 0.528131 
1.7025 0.52163 
1.71 0.541779 
1.7075 0.534851 
1.715 0.55621 
1.7125 0.548902 
1.72 0.571329 
1.7175 0.56369 
1.725 0.587034 
1.7225 0.579114 
1.73 0.603222 
1.7275 0.595074 
1.735 0.619788 
1.7325 0.611464 
1.74 0.636627 
1.7375 0.62818 
1.745 0.653632 
1.7425 0.645115 
1.75 0.6707 
1.7475 0.662164 
1.755 0.687732 
1.7525 0.679227 
1.76 0.704631 
1.7575 0.696204 
1.765 0.721309 
1.7625 0.713003 
1.77 0.737681 
1.7675 0.729538 
1.775 0.753673 
1.7725 0.745729 
1.78 0.769219 
1.7775 0.761506 
1.785 0.784262 
1.7825 0.776807 
1.79 0.798752 
1.7875 0.791578 
1.795 0.812651 
1.7925 0.805777 
1.8 0.825931 
1.7975 0.81937 
1.805 0.838568 
1.8025 0.832331 
1.81 0.850553 
1.8075 0.844643 
1.815 0.861877 
1.8125 0.856297 
1.82 0.872545 
1.8175 0.867293 
1.825 0.882563 
1.8225 0.877635 
1.83 0.891944 
1.8275 0.887332 
1.835 0.900704 
1.8325 0.8964 
1.84 0.908866 
1.8375 0.904859 
1.845 0.916451 
1.8425 0.912729 
1.85 0.923486 
1.8475 0.920036 
1.855 0.929997 
1.8525 0.926805 
1.86 0.936012 
1.8575 0.933065 
1.865 0.94156 
1.8625 0.938843 
1.87 0.946668 
1.8675 0.944167 
1.875 0.951364 
1.8725 0.949066 
1.88 0.955677 
1.8775 0.953567 
1.885 0.959631 
1.8825 0.957697 
1.89 0.963254 
1.8875 0.961482 
1.895 0.966568 
1.8925 0.964948 
1.9 0.969598 
1.8975 0.968117 
1.905 0.972366 
1.9025 0.971014 
1.91 0.974891 
1.9075 0.973658 
1.915 0.977195 
1.9125 0.97607 
1.92 0.979293 
1.9175 0.978268 
1.925 0.981205 
1.9225 0.980272 
1.93 0.982945 
1.9275 0.982095 
1.935 0.984528 
1.9325 0.983755 
1.94 0.985967 
1.9375 0.985264 
1.945 0.987275 
1.9425 0.986637 
1.95 0.988463 
1.9475 0.987883 
1.955 0.989543 
1.9525 0.989016 
1.96 0.990523 
1.9575 0.990045 
1.965 0.991412 
1.9625 0.990978 
1.97 0.992219 
1.9675 0.991825 
1.975 0.992951 
1.9725 0.992594 
1.98 0.993615 
1.9775 0.993291 
1.985 0.994217 
1.9825 0.993923 
1.99 0.994763 
1.9875 0.994497 
1.995 0.995257 
1.9925 0.995016 
2 0.995706 
1.9975 0.995487 
2.005 0.996112 
2.0025 0.995914 
2.01 0.996479 
2.0075 0.9963 
2.015 0.996813 
2.0125 0.99665 
2.02 0.997114 
2.0175 0.996967 
2.025 0.997388 
2.0225 0.997254 
2.03 0.997635 
2.0275 0.997514 
2.035 0.997859 
2.0325 0.99775 
2.04 0.998062 
2.0375 0.997963 
2.045 0.998245 
2.0425 0.998156 
2.05 0.998411 
2.0475 0.99833 
2.055 0.998561 
2.0525 0.998488 
2.06 0.998697 
2.0575 0.998631 
2.065 0.99882 
2.0625 0.99876 
2.07 0.998931 
2.0675 0.998877 
2.075 0.999031 
2.0725 0.998982 
2.08 0.999122 
2.0775 0.999078 
2.085 0.999204 
2.0825 0.999164 
2.09 0.999278 
2.0875 0.999242 
2.095 0.999344 
2.0925 0.999312 
2.1 0.999404 
2.0975 0.999375 
2.105 0.999458 
2.1025 0.999432 
2.11 0.999507 
2.1075 0.999483 
2.115 0.99955 
2.1125 0.999529 
2.12 0.999589 
2.1175 0.99957 
2.125 0.999624 
2.1225 0.999607 
2.13 0.999655 
2.1275 0.99964 
2.135 0.999683 
2.1325 0.999669 
2.14 0.999707 
2.1375 0.999695 
2.145 0.999729 
2.1425 0.999718 
2.15 0.999747 
2.1475 0.999738 
2.155 0.999763 
2.1525 0.999756 
2.16 0.999777 
2.1575 0.999771 
2.165 0.999789 
2.1625 0.999783 
2.17 0.999798 
2.1675 0.999794 
2.175 0.999806 
2.1725 0.999802 
2.18 0.999811 
2.1775 0.999809 
2.185 0.999815 
2.1825 0.999813 
2.19 0.999817 
2.1875 0.999816 
2.195 0.999817 
2.1925 0.999817 
2.2 0.999816 
2.1975 0.999817 
2.205 0.999813 
2.2025 0.999814 
2.21 0.999808 
2.2075 0.99981 
2.215 0.999802 
2.2125 0.999805 
2.22 0.999794 
2.2175 0.999798 
2.225 0.999784 
2.2225 0.999789 
2.23 0.999773 
2.2275 0.999778 
2.235 0.99976 
2.2325 0.999766 
2.24 0.999745 
2.2375 0.999752 
2.245 0.999728 
2.2425 0.999736 
2.25 0.999709 
2.2475 0.999719 
2.255 0.999689 
2.2525 0.999699 
2.26 0.999666 
2.2575 0.999677 
2.265 0.999641 
2.2625 0.999654 
2.27 0.999614 
2.2675 0.999628 
2.275 0.999584 
2.2725 0.999599 
2.28 0.999552 
2.2775 0.999568 
2.285 0.999517 
2.2825 0.999535 
2.29 0.99948 
2.2875 0.999499 
2.295 0.999439 
2.2925 0.99946 
2.3 0.999396 
2.2975 0.999418 
2.305 0.999349 
2.3025 0.999373 
2.31 0.999299 
2.3075 0.999325 
2.315 0.999245 
2.3125 0.999273 
2.32 0.999188 
2.3175 0.999217 
2.325 0.999126 
2.3225 0.999157 
2.33 0.99906 
2.3275 0.999093 
2.335 0.998989 
2.3325 0.999025 
2.34 0.998914 
2.3375 0.998952 
2.345 0.998834 
2.3425 0.998875 
2.35 0.998748 
2.3475 0.998792 
2.355 0.998657 
2.3525 0.998703 
2.36 0.998559 
2.3575 0.998609 
2.365 0.998456 
2.3625 0.998508 
2.37 0.998345 
2.3675 0.998401 
2.375 0.998227 
2.3725 0.998287 
2.38 0.998102 
2.3775 0.998166 
2.385 0.997969 
2.3825 0.998036 
2.39 0.997827 
2.3875 0.997899 
2.395 0.997675 
2.3925 0.997752 
2.4 0.997515 
2.3975 0.997596 
2.405 0.997343 
2.4025 0.99743 
2.41 0.997161 
2.4075 0.997254 
2.415 0.996967 
2.4125 0.997066 
2.42 0.996761 
2.4175 0.996866 
2.425 0.996541 
2.4225 0.996652 
2.43 0.996306 
2.4275 0.996425 
2.435 0.996057 
2.4325 0.996184 
2.44 0.995791 
2.4375 0.995926 
2.445 0.995508 
2.4425 0.995652 
2.45 0.995206 
2.4475 0.995359 
2.455 0.994883 
2.4525 0.995047 
2.46 0.99454 
2.4575 0.994714 
2.465 0.994173 
2.4625 0.994359 
2.47 0.993781 
2.4675 0.99398 
2.475 0.993363 
2.4725 0.993576 
2.48 0.992916 
2.4775 0.993143 
2.485 0.992438 
2.4825 0.992681 
2.49 0.991927 
2.4875 0.992187 
2.495 0.991381 
2.4925 0.991659 
2.5 0.990796 
2.4975 0.991094 
2.505 0.99017 
2.5025 0.990488 
2.51 0.989499 
2.5075 0.989841 
2.515 0.988781 
2.5125 0.989146 
2.52 0.988011 
2.5175 0.988403 
2.525 0.987185 
2.5225 0.987605 
2.53 0.9863 
2.5275 0.98675 
2.535 0.985349 
2.5325 0.985833 
2.54 0.984329 
2.5375 0.984848 
2.545 0.983235 
2.5425 0.983792 
2.55 0.982059 
2.5475 0.982657 
2.555 0.980796 
2.5525 0.981439 
2.56 0.979439 
2.5575 0.98013 
2.565 0.977982 
2.5625 0.978724 
2.57 0.976415 
2.5675 0.977212 
2.575 0.974731 
2.5725 0.975588 
2.58 0.972922 
2.5775 0.973843 
2.585 0.970976 
2.5825 0.971966 
2.59 0.968885 
2.5875 0.96995 
2.595 0.966637 
2.5925 0.967782 
2.6 0.964222 
2.5975 0.965451 
2.605 0.961625 
2.6025 0.962947 
2.61 0.958836 
2.6075 0.960256 
2.615 0.955839 
2.6125 0.957364 
2.62 0.95262 
2.6175 0.954258 
2.625 0.949163 
2.6225 0.950922 
2.63 0.945453 
2.6275 0.947341 
2.635 0.941473 
2.6325 0.943498 
2.64 0.937204 
2.6375 0.939376 
2.645 0.932628 
2.6425 0.934956 
2.65 0.927726 
2.6475 0.930219 
2.655 0.922478 
2.6525 0.925146 
2.66 0.916862 
2.6575 0.919717 
2.665 0.910859 
2.6625 0.91391 
2.67 0.904446 
2.6675 0.907705 
2.675 0.897601 
2.6725 0.901079 
2.68 0.890303 
2.6775 0.89401 
2.685 0.882529 
2.6825 0.886477 
2.69 0.874258 
2.6875 0.878457 
2.695 0.865467 
2.6925 0.869929 
2.7 0.856137 
2.6975 0.860871 
2.705 0.846247 
2.7025 0.851263 
2.71 0.835778 
2.7075 0.841086 
2.715 0.824713 
2.7125 0.830321 
2.72 0.813037 
2.7175 0.818953 
2.725 0.800736 
2.7225 0.806966 
2.73 0.7878 
2.7275 0.794348 
2.735 0.774221 
2.7325 0.781091 
2.74 0.759993 
2.7375 0.767188 
2.745 0.745116 
2.7425 0.752636 
2.75 0.729593 
2.7475 0.737435 
2.755 0.713431 
2.7525 0.721591 
2.76 0.696641 
2.7575 0.705113 
2.765 0.67924 
2.7625 0.688015 
2.77 0.66125 
2.7675 0.670317 
2.775 0.642698 
2.7725 0.652042 
2.78 0.623616 
2.7775 0.633221 
2.785 0.604042 
2.7825 0.613888 
2.79 0.58402 
2.7875 0.594085 
2.795 0.563599 
2.7925 0.573856 
2.8 0.542832 
2.7975 0.553255 
2.805 0.521778 
2.8025 0.532337 
2.81 0.5005 
2.8075 0.511163 
2.815 0.479066 
2.8125 0.489798 
2.82 0.457545 
2.8175 0.468311 
2.825 0.43601 
2.8225 0.446775 
2.83 0.414536 
2.8275 0.425261 
2.835 0.393197 
2.8325 0.403845 
2.84 0.372066 
2.8375 0.382601 
2.845 0.351218 
2.8425 0.361603 
2.85 0.330722 
2.8475 0.340922 
2.855 0.310645 
2.8525 0.320627 
2.86 0.291049 
2.8575 0.300783 
2.865 0.271991 
2.8625 0.28145 
2.87 0.253524 
2.8675 0.262681 
2.875 0.23569 
2.8725 0.244525 
2.88 0.21853 
2.8775 0.227024 
2.885 0.202075 
2.8825 0.210213 
2.89 0.186348 
2.8875 0.194119 
2.895 0.171369 
2.8925 0.178765 
2.9 0.157149 
2.8975 0.164164 
2.905 0.143692 
2.9025 0.150325 
2.91 0.131 
2.9075 0.137251 
2.915 0.119067 
2.9125 0.124939 
2.92 0.107884 
2.9175 0.113383 
2.925 0.0974374 
2.9225 0.10257 
2.93 0.0877107 
2.9275 0.0924852 
2.935 0.078685 
2.9325 0.0831116 
2.94 0.0703388 
2.9375 0.0744284 
2.945 0.0626489 
2.9425 0.0664133 
2.95 0.0555904 
2.9475 0.0590423 
2.955 0.0491375 
2.9525 0.0522899 
2.96 0.0432629 
2.9575 0.0461296 
2.965 0.0379385 
2.9625 0.0405337 
2.97 0.0331354 
2.9675 0.0354737 
2.975 0.0288235 
2.9725 0.0309199 
2.98 0.0249723 
2.9775 0.0268423 
2.985 0.0215503 
2.9825 0.0232096 
2.99 0.0185257 
2.9875 0.0199903 
2.995 0.0158665 
2.9925 0.0171524 
3 0.0135408 
2.9975 0.0146639 
3.005 0.0115172 
3.0025 0.0124932 
3.01 0.00976511 
3.0075 0.0106091 
3.015 0.00825526 
3.0125 0.00898168 
3.02 0.00695992 
3.0175 0.00758244 
3.025 0.00585319 
3.0225 0.00638451 
3.03 0.0049112 
3.0275 0.005363 
3.035 0.00411222 
3.0325 0.0044951 
3.04 0.00343669 
3.0375 0.00376016 
3.045 0.00286717 
3.0425 0.00313969 
3.05 0.00238827 
3.0475 0.00261728 
3.055 0.0019865 
3.0525 0.00217851 
3.06 0.00165013 
3.0575 0.0018108 
3.065 0.00136906 
3.0625 0.00150326 
3.07 0.00113459 
3.0675 0.00124649 
3.075 0.000939293 
3.0725 0.00103246 
3.08 0.00077685 
3.0775 0.00085432 
3.085 0.000641906 
3.0825 0.000706241 
3.09 0.000529937 
3.0875 0.000583303 
3.095 0.000437131 
3.0925 0.000481351 
3.1 0.000360287 
3.0975 0.000396893 
3.105 0.000296719 
3.1025 0.000326993 
3.11 0.000244181 
3.1075 0.000269197 
3.115 0.000200796 
3.1125 0.000221449 
3.12 0.000164999 
3.1175 0.000182036 
3.125 0.000135486 
3.1225 0.000149529 
3.13 0.000111172 
3.1275 0.000122739 
3.135 9.1157e-05 
3.1325 0.000100677 
3.14 7.46928e-05 
3.1375 8.25225e-05 
3.145 6.11591e-05 
3.1425 6.75939e-05 
3.15 5.00425e-05 
3.1475 5.53271e-05 
3.155 4.09177e-05 
3.1525 4.52547e-05 
3.16 3.34332e-05 
3.1575 3.69899e-05 
3.165 2.72984e-05 
3.1625 3.02132e-05 
3.17 2.22735e-05 
3.1675 2.46605e-05 
3.175 1.81607e-05 
3.1725 2.0114e-05 
3.18 1.47966e-05 
3.1775 1.6394e-05 
3.185 1.20471e-05 
3.1825 1.33524e-05 
3.19 9.80132e-06 
3.1875 1.08673e-05 
3.195 7.96841e-06 
3.1925 8.83827e-06 
3.2 6.47351e-06 
3.1975 7.18282e-06 
3.205 5.25517e-06 
3.2025 5.83315e-06 
3.21 4.26296e-06 
3.2075 4.73358e-06 
3.215 3.4555e-06 
3.2125 3.83841e-06 
3.22 2.79887e-06 
3.2175 3.11019e-06 
3.225 2.26529e-06 
3.2225 2.51822e-06 
3.23 1.83204e-06 
3.2275 2.03737e-06 
3.235 1.4805e-06 
3.2325 1.64707e-06 
3.24 1.1955e-06 
3.2375 1.33052e-06 
3.245 9.64603e-07 
3.2425 1.07397e-06 
3.25 7.77692e-07 
3.2475 8.66204e-07 
3.255 6.26503e-07 
3.2525 6.98084e-07 
3.26 5.04304e-07 
3.2575 5.62148e-07 
3.265 4.05616e-07 
3.2625 4.52321e-07 
3.27 3.25977e-07 
3.2675 3.63659e-07 
3.275 2.61761e-07 
3.2725 2.92139e-07 
3.28 2.10025e-07 
3.2775 2.34494e-07 
3.285 1.68375e-07 
3.2825 1.8807e-07 
3.29 1.34874e-07 
3.2875 1.50712e-07 
3.295 1.07948e-07 
3.2925 1.20675e-07 
3.3 8.63257e-08 
3.2975 9.65434e-08 
3.305 6.89763e-08 
3.3025 7.7173e-08 
3.31 5.50671e-08 
3.3075 6.1637e-08 
3.315 4.39254e-08 
3.3125 4.91869e-08 
3.32 3.5008e-08 
3.3175 3.92182e-08 
3.325 2.7877e-08 
3.3225 3.1243e-08 
3.33 2.21794e-08 
3.3275 2.48682e-08 
3.335 1.7631e-08 
3.3325 1.9777e-08 
3.34 1.40031e-08 
3.3375 1.57144e-08 
3.345 1.1112e-08 
3.3425 1.24754e-08 
3.35 8.81e-09 
3.3475 9.89534e-09 
3.355 6.97873e-09 
3.3525 7.84194e-09 
3.36 5.5232e-09 
3.3575 6.20914e-09 
3.365 4.36734e-09 
3.3625 4.91193e-09 
3.37 3.45029e-09 
3.3675 3.88226e-09 
3.375 2.72334e-09 
3.3725 3.06568e-09 
3.38 2.14761e-09 
3.3775 2.41867e-09 
3.385 1.69206e-09 
3.3825 1.90649e-09 
3.39 1.33193e-09 
3.3875 1.5014e-09 
3.395 1.04749e-09 
3.3925 1.18131e-09 
3.4 8.23034e-10 
3.3975 9.28608e-10 
3.405 6.46082e-10 
3.4025 7.29293e-10 
3.41 5.06706e-10 
3.4075 5.72231e-10 
3.415 3.97029e-10 
3.4125 4.48579e-10 
3.42 3.10803e-10 
3.4175 3.51321e-10 
3.425 2.43077e-10 
3.4225 2.74894e-10 
3.43 1.89931e-10 
3.4275 2.14892e-10 
3.435 1.48266e-10 
3.4325 1.6783e-10 
3.44 1.15632e-10 
3.4375 1.30952e-10 
3.445 9.00966e-11 
3.4425 1.02081e-10 
3.45 7.01338e-11 
3.4475 7.95002e-11 
3.455 5.45426e-11 
3.4525 6.1856e-11 
3.46 4.23772e-11 
3.4575 4.80822e-11 
3.465 3.2894e-11 
3.4625 3.73401e-11 
3.47 2.55087e-11 
3.4675 2.89703e-11 
3.475 1.97627e-11 
3.4725 2.24553e-11 
3.48 1.52965e-11 
3.4775 1.73888e-11 
3.485 1.18283e-11 
3.4825 1.34526e-11 
3.49 9.13769e-12 
3.4875 1.03975e-11 
3.495 7.05239e-12 
3.4925 8.02855e-12 
3.5 5.43777e-12 
3.4975 6.1934e-12 
3.505 4.1888e-12 
3.5025 4.77316e-12 
3.51 3.22362e-12 
3.5075 3.67509e-12 
3.515 2.47846e-12 
3.5125 2.82692e-12 
3.52 1.90373e-12 
3.5175 2.17242e-12 
3.525 1.46088e-12 
3.5225 1.66786e-12 
3.53 1.11997e-12 
3.5275 1.27927e-12 
3.535 8.57804e-13 
3.5325 9.80276e-13 
3.54 6.5638e-13 
3.5375 7.50451e-13 
3.545 5.01777e-13 
3.5425 5.73962e-13 
3.55 3.83225e-13 
3.5475 4.38564e-13 
3.555 2.92408e-13 
3.5525 3.34789e-13 
3.56 2.22902e-13 
3.5575 2.5533e-13 
3.565 1.69759e-13 
3.5625 1.94547e-13 
3.57 1.29166e-13 
3.5675 1.48095e-13 
3.575 9.81882e-14 
3.5725 1.1263e-13 
3.58 7.45711e-14 
3.5775 8.55783e-14 
3.585 5.65827e-14 
3.5825 6.49644e-14 
3.59 4.28946e-14 
3.5875 4.9271e-14 
3.595 3.24886e-14 
3.5925 3.73348e-14 
3.6 2.45851e-14 
3.5975 2.82649e-14 
3.605 1.85878e-14 
3.6025 2.13794e-14 
3.61 1.40413e-14 
3.6075 1.61571e-14 
3.615 1.05977e-14 
3.6125 1.21999e-14 
3.62 7.99189e-15 
3.6175 9.20397e-15 
3.625 6.02178e-15 
3.6225 6.93794e-15 
3.63 4.53362e-15 
3.6275 5.2255e-15 
3.635 3.41051e-15 
3.6325 3.93254e-15 
3.64 2.56362e-15 
3.6375 2.95717e-15 
3.645 1.92556e-15 
3.6425 2.222e-15 
3.65 1.44525e-15 
3.6475 1.66835e-15 
3.655 1.08397e-15 
3.6525 1.25175e-15 
3.66 8.12453e-16 
3.6575 9.3852e-16 
3.665 6.08547e-16 
3.6625 7.032e-16 
3.67 4.55534e-16 
3.6675 5.26548e-16 
3.675 3.40795e-16 
3.6725 3.94036e-16 
3.68 2.54818e-16 
3.6775 2.94706e-16 
3.685 1.90436e-16 
3.6825 2.203e-16 
3.69 1.42256e-16 
3.6875 1.64601e-16 
3.695 1.06223e-16 
3.6925 1.22932e-16 
3.7 7.92891e-17 
3.6975 9.17765e-17 
3.705 5.91676e-17 
3.7025 6.84953e-17 
3.71 4.41426e-17 
3.7075 5.11069e-17 
3.715 3.29279e-17 
3.7125 3.81255e-17 
3.72 2.45605e-17 
3.7175 2.84381e-17 
3.725 1.83194e-17 
3.7225 2.12114e-17 
3.73 1.36654e-17 
3.7275 1.58219e-17 
3.735 1.01956e-17 
3.7325 1.18033e-17 
3.74 7.60888e-18 
3.7375 8.80738e-18 
3.745 5.68061e-18 
3.7425 6.57404e-18 
3.75 4.24307e-18 
3.7475 4.90915e-18 
3.755 3.17121e-18 
3.7525 3.66788e-18 
3.76 2.37182e-18 
3.7575 2.74226e-18 
3.765 1.77542e-18 
3.7625 2.05183e-18 
3.77 1.33027e-18 
3.7675 1.53661e-18 
3.775 9.97811e-19 
3.7725 1.15194e-18 
3.78 7.4935e-19 
3.7775 8.6456e-19 
3.785 5.63511e-19 
3.7825 6.49704e-19 
3.79 4.24382e-19 
3.7875 4.88929e-19 
3.795 3.2011e-19 
3.7925 3.685e-19 
3.8 2.41869e-19 
3.7975 2.78191e-19 
3.805 1.83083e-19 
3.8025 2.10384e-19 
3.81 1.3885e-19 
3.8075 1.594e-19 
3.815 1.05514e-19 
3.8125 1.21008e-19 
3.82 8.03487e-20 
3.8175 9.2051e-20 
3.825 6.13166e-20 
3.8225 7.01712e-20 
3.83 4.68954e-20 
3.8275 5.36084e-20 
3.835 3.59461e-20 
3.8325 4.10457e-20 
3.84 2.76153e-20 
3.8375 3.14976e-20 
3.845 2.12632e-20 
3.8425 2.42251e-20 
3.85 1.6409e-20 
3.8475 1.86738e-20 
3.855 1.2691e-20 
3.8525 1.44267e-20 
3.86 9.83686e-21 
3.8575 1.11701e-20 
3.865 7.6408e-21 
3.8625 8.66729e-21 
3.87 5.94723e-21 
3.8675 6.73932e-21 
3.875 4.63821e-21 
3.8725 5.25081e-21 
3.88 3.62418e-21 
3.8775 4.09901e-21 
3.885 2.83695e-21 
3.8825 3.20579e-21 
3.89 2.22452e-21 
3.8875 2.51162e-21 
3.895 1.7471e-21 
3.8925 1.97102e-21 
3.9 1.37421e-21 
3.8975 1.54919e-21 
3.905 1.08242e-21 
3.9025 1.21941e-21 
3.91 8.53688e-22 
3.9075 9.61122e-22 
3.915 6.74096e-22 
3.9125 7.58486e-22 
3.92 5.32868e-22 
3.9175 5.99257e-22 
3.925 4.21648e-22 
3.9225 4.7395e-22 
3.93 3.33943e-22 
3.9275 3.75201e-22 
3.935 2.64697e-22 
3.9325 2.97282e-22 
3.94 2.09963e-22 
3.9375 2.35726e-22 
3.945 1.66655e-22 
3.9425 1.87045e-22 
3.95 1.32356e-22 
3.9475 1.48509e-22 
3.955 1.05169e-22 
3.9525 1.17975e-22 
3.96 8.36033e-23 
3.9575 9.37634e-23 
3.965 6.64847e-23 
3.9625 7.45509e-23 
3.97 5.28882e-23 
3.9675 5.92958e-23 
3.975 4.20834e-23 
3.9725 4.7176e-23 
3.98 3.34932e-23 
3.9775 3.75425e-23 
3.985 2.6661e-23 
3.9825 2.98819e-23 
3.99 2.12252e-23 
3.9875 2.3788e-23 
3.995 1.68992e-23 
3.9925 1.89389e-23 
4 1.34556e-23 
3.9975 1.50793e-23 
4.005 1.07139e-23 
4.0025 1.20067e-23 
4.01 8.53067e-24 
4.0075 9.56017e-24 
4.015 6.79205e-24 
4.0125 7.61192e-24 
4.02 5.40738e-24 
4.0175 6.06035e-24 
4.025 4.30458e-24 
4.0225 4.82464e-24 
4.03 3.42627e-24 
4.0275 3.84046e-24 
4.035 2.72677e-24 
4.0325 3.05663e-24 
4.04 2.16972e-24 
4.0375 2.4324e-24 
4.045 1.72614e-24 
4.0425 1.93531e-24 
4.05 1.37296e-24 
4.0475 1.5395e-24 
4.055 1.0918e-24 
4.0525 1.22437e-24 
4.06 8.68e-25 
4.0575 9.73519e-25 
4.065 6.89895e-25 
4.0625 7.73866e-25 
4.07 5.48183e-25 
4.0675 6.14992e-25 
4.075 4.35451e-25 
4.0725 4.88594e-25 
4.08 3.45794e-25 
4.0775 3.88057e-25 
4.085 2.74507e-25 
4.0825 3.08108e-25 
4.09 2.17842e-25 
4.0875 2.44549e-25 
4.095 1.72812e-25 
4.0925 1.94034e-25 
4.1 1.3704e-25 
4.0975 1.53897e-25 
4.105 1.0863e-25 
4.1025 1.22017e-25 
4.11 8.60761e-26 
4.1075 9.67027e-26 
4.115 6.81765e-26 
4.1125 7.66092e-26 
4.12 5.39761e-26 
4.1175 6.06654e-26 
4.125 4.27147e-26 
4.1225 4.8019e-26 
4.13 3.37876e-26 
4.1275 3.79919e-26 
4.135 2.67137e-26 
4.1325 3.00449e-26 
4.14 2.11107e-26 
4.1375 2.3749e-26 
4.145 1.66748e-26 
4.1425 1.87632e-26 
4.15 1.31643e-26 
4.1475 1.48168e-26 
4.155 1.03875e-26 
4.1525 1.16945e-26 
4.16 8.1921e-27 
4.1575 9.22532e-27 
4.165 6.45721e-27 
4.1625 7.27359e-27 
4.17 5.08692e-27 
4.1675 5.73165e-27 
4.175 4.00517e-27 
4.1725 4.51407e-27 
4.18 3.15164e-27 
4.1775 3.55312e-27 
4.185 2.47855e-27 
4.1825 2.79511e-27 
4.19 1.94805e-27 
4.1875 2.19751e-27 
4.195 1.53016e-27 
4.1925 1.72663e-27 
4.2 1.20117e-27 
4.1975 1.35583e-27 
4.205 9.42322e-28 
4.2025 1.06399e-27 
4.21 7.38781e-28 
4.2075 8.34434e-28 
4.215 5.78827e-28 
4.2125 6.53984e-28 
4.22 4.53206e-28 
4.2175 5.12221e-28 
4.225 3.54609e-28 
4.2225 4.00921e-28 
4.23 2.77274e-28 
4.2275 3.13593e-28 
4.235 2.16654e-28 
4.2325 2.45118e-28 
4.24 1.69169e-28 
4.2375 1.91462e-28 
4.245 1.31998e-28 
4.2425 1.49445e-28 
4.25 1.0292e-28 
4.2475 1.16566e-28 
4.255 8.01897e-29 
4.2525 9.0855e-29 
4.26 6.24333e-29 
4.2575 7.07631e-29 
4.265 4.85724e-29 
4.2625 5.50735e-29 
4.27 3.77603e-29 
4.2675 4.28305e-29 
4.275 2.93326e-29 
4.2725 3.32839e-29 
4.28 2.27683e-29 
4.2775 2.58453e-29 
4.285 1.76593e-29 
4.2825 2.00537e-29 
4.29 1.3686e-29 
4.2875 1.55477e-29 
4.295 1.05982e-29 
4.2925 1.20447e-29 
4.3 8.2005e-30 
4.2975 9.32349e-30 
4.305 6.34012e-30 
4.3025 7.21128e-30 
4.31 4.8978e-30 
4.3075 5.57305e-30 
4.315 3.78049e-30 
4.3125 4.30347e-30 
4.32 2.91564e-30 
4.3175 3.32036e-30 
4.325 2.24676e-30 
4.3225 2.55971e-30 
4.33 1.72988e-30 
4.3275 1.97166e-30 
4.335 1.33078e-30 
4.3325 1.51742e-30 
4.34 1.02288e-30 
4.3375 1.16684e-30 
4.345 7.8554e-31 
4.3425 8.96482e-31 
4.35 6.0275e-31 
4.3475 6.88175e-31 
4.355 4.62091e-31 
4.3525 5.27811e-31 
4.36 3.53946e-31 
4.3575 4.04463e-31 
4.365 2.70872e-31 
4.3625 3.09669e-31 
4.37 2.07111e-31 
4.3675 2.36881e-31 
4.375 1.58218e-31 
4.3725 1.81042e-31 
4.38 1.20759e-31 
4.3775 1.38241e-31 
4.385 9.20857e-32 
4.3825 1.05464e-31 
4.39 7.01568e-32 
4.3875 8.03857e-32 
4.395 5.34012e-32 
4.3925 6.12151e-32 
4.4 4.06102e-32 
4.3975 4.65738e-32 
4.405 3.08546e-32 
4.4025 3.54019e-32 
4.41 2.34209e-32 
4.4075 2.6885e-32 
4.415 1.77616e-32 
4.4125 2.03982e-32 
4.42 1.34573e-32 
4.4175 1.54621e-32 
4.425 1.01865e-32 
4.4225 1.17096e-32 
4.43 7.70347e-33 
4.4275 8.85944e-33 
4.435 5.82019e-33 
4.4325 6.69672e-33 
4.44 4.39316e-33 
4.4375 5.05717e-33 
4.445 3.31287e-33 
4.4425 3.81541e-33 
4.45 2.49584e-33 
4.4475 2.87582e-33 
4.455 1.87852e-33 
4.4525 2.16554e-33 
4.46 1.41253e-33 
4.4575 1.62913e-33 
4.465 1.06111e-33 
4.4625 1.22441e-33 
4.47 7.96348e-34 
4.4675 9.19353e-34 
4.475 5.97072e-34 
4.4725 6.8963e-34 
4.48 4.47227e-34 
4.4775 5.16807e-34 
4.485 3.34663e-34 
4.4825 3.86918e-34 
4.49 2.50186e-34 
4.4875 2.89392e-34 
4.495 1.8685e-34 
4.4925 2.16237e-34 
4.5 1.39411e-34 
4.4975 1.61416e-34 
4.505 1.03914e-34 
4.5025 1.20376e-34 
4.51 7.73793e-35 
4.5075 8.96813e-35 
4.515 5.75634e-35 
4.5125 6.67479e-35 
4.52 4.27797e-35 
4.5175 4.963e-35 
4.525 3.17613e-35 
4.5225 3.68655e-35 
4.53 2.35574e-35 
4.5275 2.73568e-35 
4.535 1.74552e-35 
4.5325 2.02805e-35 
4.54 1.29208e-35 
4.5375 1.50197e-35 
4.545 9.55478e-36 
4.5425 1.11124e-35 
4.55 7.05857e-36 
4.5475 8.21337e-36 
4.555 5.20929e-36 
4.5525 6.06457e-36 
4.56 3.84064e-36 
4.5575 4.47346e-36 
4.565 2.82874e-36 
4.5625 3.29649e-36 
4.57 2.08135e-36 
4.5675 2.42673e-36 
4.575 1.52989e-36 
4.5725 1.78466e-36 
4.58 1.12341e-36 
4.5775 1.31115e-36 
4.585 8.24091e-37 
4.5825 9.62296e-37 
4.59 6.03912e-37 
4.5875 7.05549e-37 
4.595 4.42112e-37 
4.5925 5.16781e-37 
4.6 3.23334e-37 
4.5975 3.78134e-37 
4.605 2.36227e-37 
4.6025 2.76404e-37 
4.61 1.72412e-37 
4.6075 2.01837e-37 
4.615 1.25708e-37 
4.6125 1.47237e-37 
4.62 9.15623e-38 
4.6175 1.07298e-37 
4.625 6.66236e-38 
4.6225 7.81134e-38 
4.63 4.84281e-38 
4.6275 5.68088e-38 
4.635 3.5166e-38 
4.6325 4.12727e-38 
4.64 2.55097e-38 
4.6375 2.99549e-38 
4.645 1.84861e-38 
4.6425 2.17184e-38 
4.65 1.33826e-38 
4.6475 1.57306e-38 
4.655 9.67811e-39 
4.6525 1.1382e-38 
4.66 6.99193e-39 
4.6575 8.22711e-39 
4.665 5.04614e-39 
4.6625 5.94061e-39 
4.67 3.63811e-39 
4.6675 4.2852e-39 
4.675 2.62028e-39 
4.6725 3.08791e-39 
4.68 1.88527e-39 
4.6775 2.22287e-39 
4.685 1.35505e-39 
4.6825 1.59852e-39 
4.69 9.7295e-40 
4.6875 1.14835e-39 
4.695 6.97878e-40 
4.6925 8.24115e-40 
4.7 5.00061e-40 
4.6975 5.90819e-40 
4.705 3.57948e-40 
4.7025 4.23131e-40 
4.71 2.5596e-40 
4.7075 3.02725e-40 
4.715 1.82842e-40 
4.7125 2.1636e-40 
4.72 1.30477e-40 
4.7175 1.54475e-40 
4.725 9.30134e-41 
4.7225 1.10177e-40 
4.73 6.62385e-41 
4.7275 7.8502e-41 
4.735 4.71225e-41 
4.7325 5.58756e-41 
4.74 3.34888e-41 
4.7375 3.97299e-41 
4.745 2.37752e-41 
4.7425 2.82205e-41 
4.75 1.68617e-41 
4.7475 2.00247e-41 
4.755 1.19463e-41 
4.7525 1.41945e-41 
4.76 8.45507e-42 
4.7575 1.00514e-41 
4.765 5.97798e-42 
4.7625 7.11031e-42 
4.77 4.22226e-42 
4.7675 5.02461e-42 
4.775 2.97912e-42 
4.7725 3.54706e-42 
4.78 2.09983e-42 
4.7775 2.50143e-42 
4.785 1.47854e-42 
4.7825 1.76223e-42 
4.79 1.04001e-42 
4.7875 1.24019e-42 
4.795 7.30792e-43 
4.7925 8.71902e-43 
4.8 5.12983e-43 
4.7975 6.12351e-43 
4.805 3.59721e-43 
4.8025 4.29622e-43 
4.81 2.5199e-43 
4.8075 3.01111e-43 
4.815 1.76341e-43 
4.8125 2.10824e-43 
4.82 1.23275e-43 
4.8175 1.47457e-43 
4.825 8.60901e-44 
4.8225 1.03031e-43 
4.83 6.00599e-44 
4.8275 7.19152e-44 
4.835 4.18571e-44 
4.8325 5.01451e-44 
4.84 2.91413e-44 
4.8375 3.49294e-44 
4.845 2.02676e-44 
4.8425 2.43056e-44 
4.85 1.40815e-44 
4.8475 1.68957e-44 
4.855 9.77352e-45 
4.8525 1.17328e-44 
4.86 6.77653e-45 
4.8575 8.13918e-45 
4.865 4.69374e-45 
4.8625 5.64046e-45 
4.87 3.24777e-45 
4.8675 3.90484e-45 
4.875 2.24494e-45 
4.8725 2.70051e-45 
4.88 1.55018e-45 
4.8775 1.86571e-45 
4.885 1.06933e-45 
4.8825 1.28765e-45 
4.89 7.36886e-46 
4.8875 8.87786e-46 
4.895 5.07275e-46 
4.8925 6.11467e-46 
4.9 3.48853e-46 
4.8975 4.20721e-46 
4.905 2.39661e-46 
4.9025 2.89182e-46 
4.91 1.64478e-46 
4.9075 1.98565e-46 
4.915 1.12765e-46 
4.9125 1.36205e-46 
4.92 7.72327e-47 
4.9175 9.33338e-47 
4.925 5.28425e-47 
4.9225 6.38915e-47 
4.93 3.61182e-47 
4.9275 4.36923e-47 
4.935 2.46621e-47 
4.9325 2.98488e-47 
4.94 1.68229e-47 
4.9375 2.03711e-47 
4.945 1.14644e-47 
4.9425 1.3889e-47 
4.95 7.80561e-48 
4.9475 9.46064e-48 
4.955 5.3104e-48 
4.9525 6.4387e-48 
4.96 3.61108e-48 
4.9575 4.37916e-48 
4.965 2.45593e-48 
4.9625 2.97774e-48 
4.97 1.67292e-48 
4.9675 2.02626e-48 
4.975 1.1448e-48 
4.9725 1.38267e-48 
4.98 7.92138e-49 
4.9775 9.50367e-49 
4.985 5.616e-49 
4.9825 6.6414e-49 
4.99 4.18194e-49 
4.9875 4.80628e-49 
4.995 3.40068e-49 
4.9925 3.71917e-49 
5 3.15289e-49 
4.9975 3.21421e-49 
