0 8.73451e-06 
0.005 8.81968e-06 
0.0025 8.75578e-06 
0.01 9.07664e-06 
0.0075 8.92648e-06 
0.015 9.50973e-06 
0.0125 9.27078e-06 
0.02 1.01263e-05 
0.0175 9.79449e-06 
0.025 1.09367e-05 
0.0225 1.05065e-05 
0.03 1.19545e-05 
0.0275 1.14187e-05 
0.035 1.31969e-05 
0.0325 1.25464e-05 
0.04 1.46845e-05 
0.0375 1.39086e-05 
0.045 1.64421e-05 
0.0425 1.55279e-05 
0.05 1.84987e-05 
0.0475 1.7431e-05 
0.055 2.08881e-05 
0.0525 1.96495e-05 
0.06 2.36492e-05 
0.0575 2.22195e-05 
0.065 2.68271e-05 
0.0625 2.5183e-05 
0.07 3.04728e-05 
0.0675 2.8588e-05 
0.075 3.46449e-05 
0.0725 3.24891e-05 
0.08 3.94098e-05 
0.0775 3.69488e-05 
0.085 4.48427e-05 
0.0825 4.20377e-05 
0.09 5.1029e-05 
0.0875 4.7836e-05 
0.095 5.80652e-05 
0.0925 5.44344e-05 
0.1 6.60601e-05 
0.0975 6.19354e-05 
0.105 7.51367e-05 
0.1025 7.04549e-05 
0.11 8.54336e-05 
0.1075 8.01233e-05 
0.115 9.7107e-05 
0.1125 9.10877e-05 
0.12 0.000110333 
0.1175 0.000103514 
0.125 0.000125309 
0.1225 0.000117589 
0.13 0.000142258 
0.1275 0.000133522 
0.135 0.00016143 
0.1325 0.000151549 
0.14 0.000183107 
0.1375 0.000171936 
0.145 0.000207604 
0.1425 0.000194982 
0.15 0.000235278 
0.1475 0.00022102 
0.155 0.000266526 
0.1525 0.000250428 
0.16 0.000301797 
0.1575 0.000283628 
0.165 0.000341592 
0.1625 0.000321095 
0.17 0.000386476 
0.1675 0.00036336 
0.175 0.000437081 
0.1725 0.000411021 
0.18 0.000494115 
0.1775 0.000464747 
0.185 0.000558374 
0.1825 0.000525288 
0.19 0.000630748 
0.1875 0.000593487 
0.195 0.000712237 
0.1925 0.000670286 
0.2 0.000803958 
0.1975 0.000756743 
0.205 0.000907165 
0.2025 0.000854041 
0.21 0.00102326 
0.2075 0.000963507 
0.215 0.00115381 
0.2125 0.00108662 
0.22 0.00130059 
0.2175 0.00122506 
0.225 0.00146555 
0.2225 0.00138066 
0.23 0.00165089 
0.2275 0.00155552 
0.235 0.00185909 
0.2325 0.00175197 
0.24 0.00209289 
0.2375 0.0019726 
0.245 0.00235537 
0.2425 0.00222034 
0.25 0.00264997 
0.2475 0.00249842 
0.255 0.00298053 
0.2525 0.0028105 
0.26 0.00335135 
0.2575 0.00316062 
0.265 0.00376721 
0.2625 0.00355333 
0.27 0.00423347 
0.2675 0.00399368 
0.275 0.00475607 
0.2725 0.00448733 
0.28 0.00534168 
0.2775 0.00504056 
0.285 0.00599769 
0.2825 0.00566039 
0.29 0.00673235 
0.2875 0.00635464 
0.295 0.00755485 
0.2925 0.00713201 
0.3 0.00847538 
0.2975 0.00800218 
0.305 0.00950528 
0.3025 0.0089759 
0.31 0.0106571 
0.3075 0.0100651 
0.315 0.0119449 
0.3125 0.0112831 
0.32 0.013384 
0.3175 0.0126445 
0.325 0.0149917 
0.3225 0.0141657 
0.33 0.0167866 
0.3275 0.0158645 
0.335 0.0187898 
0.3325 0.0177608 
0.34 0.0210241 
0.3375 0.0198765 
0.345 0.0235147 
0.3425 0.0222357 
0.35 0.0262893 
0.3475 0.0248647 
0.355 0.029378 
0.3525 0.0277924 
0.36 0.0328138 
0.3575 0.0310504 
0.365 0.0366325 
0.3625 0.034673 
0.37 0.0408728 
0.3675 0.0386974 
0.375 0.0455764 
0.3725 0.0431639 
0.38 0.0507882 
0.3775 0.0481159 
0.385 0.056556 
0.3825 0.0535995 
0.39 0.0629305 
0.3875 0.0596642 
0.395 0.0699652 
0.3925 0.0663619 
0.4 0.0777156 
0.3975 0.0737473 
0.405 0.0862395 
0.4025 0.0818772 
0.41 0.0955956 
0.4075 0.0908098 
0.415 0.105843 
0.4125 0.100604 
0.42 0.117042 
0.4175 0.11132 
0.425 0.129247 
0.4225 0.123015 
0.43 0.142514 
0.4275 0.135745 
0.435 0.156891 
0.4325 0.149561 
0.44 0.172421 
0.4375 0.16451 
0.445 0.189137 
0.4425 0.180629 
0.45 0.207061 
0.4475 0.197947 
0.455 0.226205 
0.4525 0.216481 
0.46 0.246563 
0.4575 0.236233 
0.465 0.268112 
0.4625 0.257191 
0.47 0.290813 
0.4675 0.279322 
0.475 0.314605 
0.4725 0.302577 
0.48 0.339408 
0.4775 0.326886 
0.485 0.365121 
0.4825 0.352158 
0.49 0.391623 
0.4875 0.378282 
0.495 0.418778 
0.4925 0.405129 
0.5 0.446433 
0.4975 0.432553 
0.505 0.474421 
0.5025 0.460396 
0.51 0.502571 
0.5075 0.488487 
0.515 0.530704 
0.5125 0.516651 
0.52 0.558645 
0.5175 0.54471 
0.525 0.58622 
0.5225 0.572488 
0.53 0.613267 
0.5275 0.599819 
0.535 0.639636 
0.5325 0.626545 
0.54 0.665191 
0.5375 0.652523 
0.545 0.689817 
0.5425 0.677627 
0.55 0.713415 
0.5475 0.70175 
0.555 0.73591 
0.5525 0.724805 
0.56 0.757245 
0.5575 0.746726 
0.565 0.777383 
0.5625 0.767465 
0.57 0.796305 
0.5675 0.786996 
0.575 0.814008 
0.5725 0.805308 
0.58 0.830506 
0.5775 0.822406 
0.585 0.845823 
0.5825 0.83831 
0.59 0.859994 
0.5875 0.853049 
0.595 0.873064 
0.5925 0.866664 
0.6 0.885082 
0.5975 0.879201 
0.605 0.896103 
0.6025 0.890714 
0.61 0.906184 
0.6075 0.901257 
0.615 0.915384 
0.6125 0.910891 
0.62 0.923763 
0.6175 0.919673 
0.625 0.931379 
0.6225 0.927663 
0.63 0.938289 
0.6275 0.934919 
0.635 0.944549 
0.6325 0.941497 
0.64 0.950212 
0.6375 0.947452 
0.645 0.955328 
0.6425 0.952835 
0.65 0.959944 
0.6475 0.957695 
0.655 0.964104 
0.6525 0.962078 
0.66 0.96785 
0.6575 0.966027 
0.665 0.97122 
0.6625 0.96958 
0.67 0.974249 
0.6675 0.972775 
0.675 0.97697 
0.6725 0.975646 
0.68 0.979412 
0.6775 0.978224 
0.685 0.981602 
0.6825 0.980537 
0.69 0.983565 
0.6875 0.982611 
0.695 0.985325 
0.6925 0.984469 
0.7 0.9869 
0.6975 0.986134 
0.705 0.98831 
0.7025 0.987625 
0.71 0.989572 
0.7075 0.988959 
0.715 0.9907 
0.7125 0.990152 
0.72 0.991709 
0.7175 0.991219 
0.725 0.992611 
0.7225 0.992173 
0.73 0.993416 
0.7275 0.993025 
0.735 0.994136 
0.7325 0.993786 
0.74 0.994778 
0.7375 0.994466 
0.745 0.995352 
0.7425 0.995073 
0.75 0.995863 
0.7475 0.995615 
0.755 0.99632 
0.7525 0.996098 
0.76 0.996727 
0.7575 0.996529 
0.765 0.997089 
0.7625 0.996913 
0.77 0.997413 
0.7675 0.997256 
0.775 0.997701 
0.7725 0.997561 
0.78 0.997958 
0.7775 0.997833 
0.785 0.998187 
0.7825 0.998076 
0.79 0.99839 
0.7875 0.998291 
0.795 0.998571 
0.7925 0.998483 
0.8 0.998733 
0.7975 0.998654 
0.805 0.998876 
0.8025 0.998806 
0.81 0.999004 
0.8075 0.998942 
0.815 0.999117 
0.8125 0.999062 
0.82 0.999218 
0.8175 0.999169 
0.825 0.999307 
0.8225 0.999264 
0.83 0.999387 
0.8275 0.999348 
0.835 0.999458 
0.8325 0.999423 
0.84 0.99952 
0.8375 0.99949 
0.845 0.999576 
0.8425 0.999549 
0.85 0.999625 
0.8475 0.999601 
0.855 0.999669 
0.8525 0.999648 
0.86 0.999708 
0.8575 0.999689 
0.865 0.999742 
0.8625 0.999726 
0.87 0.999773 
0.8675 0.999758 
0.875 0.9998 
0.8725 0.999787 
0.88 0.999824 
0.8775 0.999812 
0.885 0.999845 
0.8825 0.999834 
0.89 0.999863 
0.8875 0.999854 
0.895 0.99988 
0.8925 0.999872 
0.9 0.999895 
0.8975 0.999887 
0.905 0.999907 
0.9025 0.999901 
0.91 0.999919 
0.9075 0.999913 
0.915 0.999929 
0.9125 0.999924 
0.92 0.999938 
0.9175 0.999934 
0.925 0.999946 
0.9225 0.999942 
0.93 0.999953 
0.9275 0.999949 
0.935 0.999959 
0.9325 0.999956 
0.94 0.999964 
0.9375 0.999962 
0.945 0.999969 
0.9425 0.999967 
0.95 0.999974 
0.9475 0.999971 
0.955 0.999977 
0.9525 0.999975 
0.96 0.999981 
0.9575 0.999979 
0.965 0.999984 
0.9625 0.999982 
0.97 0.999986 
0.9675 0.999985 
0.975 0.999989 
0.9725 0.999988 
0.98 0.999991 
0.9775 0.99999 
0.985 0.999993 
0.9825 0.999992 
0.99 0.999994 
0.9875 0.999994 
0.995 0.999996 
0.9925 0.999995 
1 0.999997 
0.9975 0.999997 
1.005 0.999999 
1.0025 0.999998 
1.01 1 
1.0075 0.999999 
1.015 1 
1.0125 1 
1.02 1 
1.0175 1 
1.025 1 
1.0225 1 
1.03 1 
1.0275 1 
1.035 1 
1.0325 1 
1.04 1 
1.0375 1 
1.045 1.00001 
1.0425 1.00001 
1.05 1.00001 
1.0475 1.00001 
1.055 1.00001 
1.0525 1.00001 
1.06 1.00001 
1.0575 1.00001 
1.065 1.00001 
1.0625 1.00001 
1.07 1.00001 
1.0675 1.00001 
1.075 1.00001 
1.0725 1.00001 
1.08 1.00001 
1.0775 1.00001 
1.085 1.00001 
1.0825 1.00001 
1.09 1.00001 
1.0875 1.00001 
1.095 1.00001 
1.0925 1.00001 
1.1 1.00001 
1.0975 1.00001 
1.105 1 
1.1025 1 
1.11 1 
1.1075 1 
1.115 1 
1.1125 1 
1.12 0.999999 
1.1175 1 
1.125 0.999996 
1.1225 0.999997 
1.13 0.999993 
1.1275 0.999994 
1.135 0.999989 
1.1325 0.999991 
1.14 0.999984 
1.1375 0.999987 
1.145 0.999979 
1.1425 0.999982 
1.15 0.999973 
1.1475 0.999976 
1.155 0.999966 
1.1525 0.999969 
1.16 0.999957 
1.1575 0.999962 
1.165 0.999948 
1.1625 0.999953 
1.17 0.999937 
1.1675 0.999942 
1.175 0.999924 
1.1725 0.999931 
1.18 0.99991 
1.1775 0.999917 
1.185 0.999894 
1.1825 0.999902 
1.19 0.999875 
1.1875 0.999885 
1.195 0.999854 
1.1925 0.999865 
1.2 0.99983 
1.1975 0.999843 
1.205 0.999804 
1.2025 0.999817 
1.21 0.999774 
1.2075 0.999789 
1.215 0.99974 
1.2125 0.999757 
1.22 0.999702 
1.2175 0.999722 
1.225 0.99966 
1.2225 0.999682 
1.23 0.999613 
1.2275 0.999637 
1.235 0.999561 
1.2325 0.999588 
1.24 0.999503 
1.2375 0.999532 
1.245 0.999438 
1.2425 0.999471 
1.25 0.999366 
1.2475 0.999403 
1.255 0.999286 
1.2525 0.999327 
1.26 0.999199 
1.2575 0.999244 
1.265 0.999102 
1.2625 0.999151 
1.27 0.998995 
1.2675 0.999049 
1.275 0.998877 
1.2725 0.998937 
1.28 0.998748 
1.2775 0.998814 
1.285 0.998606 
1.2825 0.998679 
1.29 0.998451 
1.2875 0.99853 
1.295 0.998281 
1.2925 0.998368 
1.3 0.998095 
1.2975 0.99819 
1.305 0.997893 
1.3025 0.997996 
1.31 0.997673 
1.3075 0.997785 
1.315 0.997433 
1.3125 0.997556 
1.32 0.997174 
1.3175 0.997306 
1.325 0.996893 
1.3225 0.997036 
1.33 0.996589 
1.3275 0.996744 
1.335 0.996261 
1.3325 0.996428 
1.34 0.995908 
1.3375 0.996087 
1.345 0.995528 
1.3425 0.995721 
1.35 0.995121 
1.3475 0.995328 
1.355 0.994686 
1.3525 0.994907 
1.36 0.994222 
1.3575 0.994458 
1.365 0.993727 
1.3625 0.993978 
1.37 0.993202 
1.3675 0.993469 
1.375 0.992647 
1.3725 0.992929 
1.38 0.992061 
1.3775 0.992358 
1.385 0.991444 
1.3825 0.991756 
1.39 0.990798 
1.3875 0.991125 
1.395 0.990123 
1.3925 0.990464 
1.4 0.989421 
1.3975 0.989775 
1.405 0.988695 
1.4025 0.989061 
1.41 0.987946 
1.4075 0.988323 
1.415 0.987178 
1.4125 0.987564 
1.42 0.986395 
1.4175 0.986788 
1.425 0.985602 
1.4225 0.986 
1.43 0.984803 
1.4275 0.985203 
1.435 0.984005 
1.4325 0.984404 
1.44 0.983214 
1.4375 0.983608 
1.445 0.982437 
1.4425 0.982823 
1.45 0.981681 
1.4475 0.982056 
1.455 0.980954 
1.4525 0.981313 
1.46 0.980264 
1.4575 0.980604 
1.465 0.97962 
1.4625 0.979936 
1.47 0.979028 
1.4675 0.979317 
1.475 0.978497 
1.4725 0.978755 
1.48 0.978034 
1.4775 0.978257 
1.485 0.977646 
1.4825 0.97783 
1.49 0.977337 
1.4875 0.977481 
1.495 0.977112 
1.4925 0.977213 
1.5 0.976974 
1.4975 0.977032 
1.505 0.976926 
1.5025 0.976939 
1.51 0.976967 
1.5075 0.976935 
1.515 0.977097 
1.5125 0.977021 
1.52 0.977315 
1.5175 0.977195 
1.525 0.977615 
1.5225 0.977455 
1.53 0.977994 
1.5275 0.977795 
1.535 0.978446 
1.5325 0.978211 
1.54 0.978964 
1.5375 0.978697 
1.545 0.979542 
1.5425 0.979246 
1.55 0.980172 
1.5475 0.979851 
1.555 0.980846 
1.5525 0.980504 
1.56 0.981555 
1.5575 0.981196 
1.565 0.982293 
1.5625 0.981921 
1.57 0.983052 
1.5675 0.982671 
1.575 0.983824 
1.5725 0.983437 
1.58 0.984603 
1.5775 0.984213 
1.585 0.985383 
1.5825 0.984993 
1.59 0.986157 
1.5875 0.985771 
1.595 0.986921 
1.5925 0.986541 
1.6 0.987671 
1.5975 0.987298 
1.605 0.988403 
1.6025 0.988039 
1.61 0.989113 
1.6075 0.988761 
1.615 0.989799 
1.6125 0.989459 
1.62 0.99046 
1.6175 0.990133 
1.625 0.991093 
1.6225 0.99078 
1.63 0.991697 
1.6275 0.991399 
1.635 0.992273 
1.6325 0.991989 
1.64 0.992818 
1.6375 0.992549 
1.645 0.993335 
1.6425 0.99308 
1.65 0.993822 
1.6475 0.993582 
1.655 0.99428 
1.6525 0.994055 
1.66 0.994711 
1.6575 0.994499 
1.665 0.995114 
1.6625 0.994915 
1.67 0.995491 
1.6675 0.995305 
1.675 0.995842 
1.6725 0.995669 
1.68 0.99617 
1.6775 0.996009 
1.685 0.996474 
1.6825 0.996325 
1.69 0.996757 
1.6875 0.996618 
1.695 0.997019 
1.6925 0.996891 
1.7 0.997262 
1.6975 0.997143 
1.705 0.997487 
1.7025 0.997377 
1.71 0.997694 
1.7075 0.997592 
1.715 0.997885 
1.7125 0.997792 
1.72 0.998062 
1.7175 0.997975 
1.725 0.998224 
1.7225 0.998145 
1.73 0.998374 
1.7275 0.9983 
1.735 0.998511 
1.7325 0.998444 
1.74 0.998637 
1.7375 0.998575 
1.745 0.998753 
1.7425 0.998696 
1.75 0.998859 
1.7475 0.998807 
1.755 0.998957 
1.7525 0.998909 
1.76 0.999046 
1.7575 0.999003 
1.765 0.999128 
1.7625 0.999088 
1.77 0.999203 
1.7675 0.999167 
1.775 0.999272 
1.7725 0.999238 
1.78 0.999335 
1.7775 0.999304 
1.785 0.999392 
1.7825 0.999364 
1.79 0.999445 
1.7875 0.999419 
1.795 0.999493 
1.7925 0.999469 
1.8 0.999537 
1.7975 0.999515 
1.805 0.999577 
1.8025 0.999557 
1.81 0.999614 
1.8075 0.999596 
1.815 0.999647 
1.8125 0.999631 
1.82 0.999678 
1.8175 0.999663 
1.825 0.999706 
1.8225 0.999692 
1.83 0.999732 
1.8275 0.999719 
1.835 0.999755 
1.8325 0.999743 
1.84 0.999776 
1.8375 0.999766 
1.845 0.999796 
1.8425 0.999786 
1.85 0.999813 
1.8475 0.999805 
1.855 0.99983 
1.8525 0.999822 
1.86 0.999845 
1.8575 0.999837 
1.865 0.999858 
1.8625 0.999851 
1.87 0.99987 
1.8675 0.999864 
1.875 0.999882 
1.8725 0.999876 
1.88 0.999892 
1.8775 0.999887 
1.885 0.999901 
1.8825 0.999897 
1.89 0.99991 
1.8875 0.999906 
1.895 0.999918 
1.8925 0.999914 
1.9 0.999925 
1.8975 0.999921 
1.905 0.999931 
1.9025 0.999928 
1.91 0.999937 
1.9075 0.999934 
1.915 0.999942 
1.9125 0.99994 
1.92 0.999947 
1.9175 0.999945 
1.925 0.999951 
1.9225 0.999949 
1.93 0.999955 
1.9275 0.999953 
1.935 0.999959 
1.9325 0.999957 
1.94 0.999962 
1.9375 0.99996 
1.945 0.999965 
1.9425 0.999963 
1.95 0.999967 
1.9475 0.999966 
1.955 0.999969 
1.9525 0.999968 
1.96 0.999971 
1.9575 0.99997 
1.965 0.999973 
1.9625 0.999972 
1.97 0.999974 
1.9675 0.999974 
1.975 0.999975 
1.9725 0.999975 
1.98 0.999976 
1.9775 0.999976 
1.985 0.999977 
1.9825 0.999977 
1.99 0.999977 
1.9875 0.999977 
1.995 0.999977 
1.9925 0.999977 
2 0.999977 
1.9975 0.999977 
2.005 0.999977 
2.0025 0.999977 
2.01 0.999976 
2.0075 0.999977 
2.015 0.999975 
2.0125 0.999976 
2.02 0.999974 
2.0175 0.999975 
2.025 0.999973 
2.0225 0.999973 
2.03 0.999971 
2.0275 0.999972 
2.035 0.999969 
2.0325 0.99997 
2.04 0.999966 
2.0375 0.999968 
2.045 0.999963 
2.0425 0.999965 
2.05 0.99996 
2.0475 0.999962 
2.055 0.999956 
2.0525 0.999958 
2.06 0.999952 
2.0575 0.999954 
2.065 0.999947 
2.0625 0.99995 
2.07 0.999942 
2.0675 0.999944 
2.075 0.999935 
2.0725 0.999939 
2.08 0.999928 
2.0775 0.999932 
2.085 0.999921 
2.0825 0.999925 
2.09 0.999912 
2.0875 0.999916 
2.095 0.999902 
2.0925 0.999907 
2.1 0.999891 
2.0975 0.999897 
2.105 0.999879 
2.1025 0.999885 
2.11 0.999865 
2.1075 0.999872 
2.115 0.99985 
2.1125 0.999857 
2.12 0.999833 
2.1175 0.999841 
2.125 0.999813 
2.1225 0.999823 
2.13 0.999792 
2.1275 0.999803 
2.135 0.999769 
2.1325 0.999781 
2.14 0.999742 
2.1375 0.999756 
2.145 0.999713 
2.1425 0.999728 
2.15 0.99968 
2.1475 0.999697 
2.155 0.999644 
2.1525 0.999663 
2.16 0.999603 
2.1575 0.999624 
2.165 0.999558 
2.1625 0.999581 
2.17 0.999508 
2.1675 0.999534 
2.175 0.999452 
2.1725 0.999481 
2.18 0.99939 
2.1775 0.999422 
2.185 0.999321 
2.1825 0.999357 
2.19 0.999245 
2.1875 0.999284 
2.195 0.999159 
2.1925 0.999203 
2.2 0.999064 
2.1975 0.999113 
2.205 0.998959 
2.2025 0.999013 
2.21 0.998841 
2.2075 0.998901 
2.215 0.998711 
2.2125 0.998778 
2.22 0.998566 
2.2175 0.99864 
2.225 0.998405 
2.2225 0.998487 
2.23 0.998225 
2.2275 0.998317 
2.235 0.998026 
2.2325 0.998129 
2.24 0.997805 
2.2375 0.997919 
2.245 0.99756 
2.2425 0.997686 
2.25 0.997287 
2.2475 0.997427 
2.255 0.996984 
2.2525 0.997139 
2.26 0.996647 
2.2575 0.99682 
2.265 0.996273 
2.2625 0.996465 
2.27 0.995858 
2.2675 0.996071 
2.275 0.995397 
2.2725 0.995634 
2.28 0.994886 
2.2775 0.995148 
2.285 0.994318 
2.2825 0.994609 
2.29 0.993688 
2.2875 0.994011 
2.295 0.992989 
2.2925 0.993348 
2.3 0.992214 
2.2975 0.992611 
2.305 0.991354 
2.3025 0.991795 
2.31 0.9904 
2.3075 0.990889 
2.315 0.989343 
2.3125 0.989886 
2.32 0.988172 
2.3175 0.988773 
2.325 0.986874 
2.3225 0.987539 
2.33 0.985436 
2.3275 0.986173 
2.335 0.983844 
2.3325 0.98466 
2.34 0.982081 
2.3375 0.982985 
2.345 0.980131 
2.3425 0.981131 
2.35 0.977973 
2.3475 0.979079 
2.355 0.975588 
2.3525 0.976811 
2.36 0.972953 
2.3575 0.974303 
2.365 0.970042 
2.3625 0.971534 
2.37 0.966829 
2.3675 0.968475 
2.375 0.963286 
2.3725 0.965101 
2.38 0.95938 
2.3775 0.96138 
2.385 0.955079 
2.3825 0.957281 
2.39 0.950346 
2.3875 0.952769 
2.395 0.945143 
2.3925 0.947806 
2.4 0.93943 
2.3975 0.942353 
2.405 0.933164 
2.4025 0.936369 
2.41 0.9263 
2.4075 0.92981 
2.415 0.918792 
2.4125 0.92263 
2.42 0.910592 
2.4175 0.914781 
2.425 0.90165 
2.4225 0.906217 
2.43 0.891918 
2.4275 0.896886 
2.435 0.881346 
2.4325 0.88674 
2.44 0.869887 
2.4375 0.87573 
2.445 0.857495 
2.4425 0.86381 
2.45 0.844127 
2.4475 0.850935 
2.455 0.829746 
2.4525 0.837065 
2.46 0.814319 
2.4575 0.822165 
2.465 0.797823 
2.4625 0.806206 
2.47 0.78024 
2.4675 0.789168 
2.475 0.761567 
2.4725 0.77104 
2.48 0.741809 
2.4775 0.751823 
2.485 0.720988 
2.4825 0.73153 
2.49 0.699138 
2.4875 0.710189 
2.495 0.676308 
2.4925 0.687842 
2.5 0.652565 
2.4975 0.664546 
2.505 0.627991 
2.5025 0.640376 
2.51 0.602683 
2.5075 0.615422 
2.515 0.576752 
2.5125 0.589788 
2.52 0.550325 
2.5175 0.563592 
2.525 0.523537 
2.5225 0.536967 
2.53 0.496532 
2.5275 0.510052 
2.535 0.469462 
2.5325 0.482996 
2.54 0.44248 
2.5375 0.455951 
2.545 0.415738 
2.5425 0.429069 
2.55 0.389384 
2.5475 0.402503 
2.555 0.36356 
2.5525 0.376397 
2.56 0.338398 
2.5575 0.350888 
2.565 0.314016 
2.5625 0.326102 
2.57 0.29052 
2.5675 0.302151 
2.575 0.267998 
2.5725 0.279132 
2.58 0.246523 
2.5775 0.257126 
2.585 0.226148 
2.5825 0.236195 
2.59 0.206912 
2.5875 0.216386 
2.595 0.188836 
2.5925 0.197728 
2.6 0.171926 
2.5975 0.180235 
2.605 0.156175 
2.6025 0.163907 
2.61 0.141563 
2.6075 0.148728 
2.615 0.128059 
2.6125 0.134675 
2.62 0.115624 
2.6175 0.12171 
2.625 0.104212 
2.6225 0.109793 
2.63 0.0937717 
2.6275 0.0988736 
2.635 0.0842486 
2.6325 0.0888991 
2.64 0.0755856 
2.6375 0.0798132 
2.645 0.0677247 
2.6425 0.0715585 
2.65 0.0606081 
2.6475 0.0640769 
2.655 0.054179 
2.6525 0.0573111 
2.66 0.0483822 
2.6575 0.0512049 
2.665 0.043165 
2.6625 0.0457044 
2.67 0.0384769 
2.6675 0.0407578 
2.675 0.0342705 
2.6725 0.0363163 
2.68 0.0305015 
2.6775 0.032334 
2.685 0.0271285 
2.6825 0.028768 
2.69 0.0241133 
2.6875 0.0255785 
2.695 0.0214207 
2.6925 0.0227287 
2.7 0.0190183 
2.6975 0.0201851 
2.705 0.0168768 
2.7025 0.0179167 
2.71 0.0149693 
2.7075 0.0158954 
2.715 0.0132713 
2.7125 0.0140955 
2.72 0.011761 
2.7175 0.012494 
2.725 0.0104183 
2.7225 0.0110699 
2.73 0.00922529 
2.7275 0.00980412 
2.735 0.00816583 
2.7325 0.00867981 
2.74 0.00722543 
2.7375 0.0076816 
2.745 0.00639108 
2.7425 0.00679576 
2.75 0.00565112 
2.7475 0.00600998 
2.755 0.00499515 
2.7525 0.00531324 
2.76 0.00441384 
2.7575 0.0046957 
2.765 0.00389889 
2.7625 0.00414855 
2.77 0.00344287 
2.7675 0.00366394 
2.775 0.00303919 
2.7725 0.00323488 
2.78 0.00268196 
2.7775 0.00285511 
2.785 0.00236592 
2.7825 0.00251909 
2.79 0.00208643 
2.7875 0.00222188 
2.795 0.00183933 
2.7925 0.00195907 
2.8 0.00162093 
2.7975 0.00172675 
2.805 0.00142797 
2.8025 0.00152146 
2.81 0.00125753 
2.8075 0.00134011 
2.815 0.00110704 
2.8125 0.00117994 
2.82 0.000974201 
2.8175 0.00103855 
2.825 0.000856981 
2.8225 0.000913756 
2.83 0.000753578 
2.8275 0.000803657 
2.835 0.000662394 
2.8325 0.000706551 
2.84 0.000582013 
2.8375 0.000620935 
2.845 0.00051118 
2.8425 0.000545476 
2.85 0.000448782 
2.8475 0.000478991 
2.855 0.000393835 
2.8525 0.000420434 
2.86 0.000345467 
2.8575 0.000368879 
2.865 0.000302907 
2.8625 0.000323506 
2.87 0.000265472 
2.8675 0.000283588 
2.875 0.000232557 
2.8725 0.000248484 
2.88 0.000203629 
2.8775 0.000217625 
2.885 0.000178215 
2.8825 0.00019051 
2.89 0.000155898 
2.8875 0.000166693 
2.895 0.000136308 
2.8925 0.000145783 
2.9 0.000119121 
2.8975 0.000127433 
2.905 0.000104048 
2.9025 0.000111337 
2.91 9.08356e-05 
2.9075 9.72239e-05 
2.915 7.92592e-05 
2.9125 8.48558e-05 
2.92 6.91213e-05 
2.9175 7.40219e-05 
2.925 6.02475e-05 
2.9225 6.45365e-05 
2.93 5.24841e-05 
2.9275 5.62359e-05 
2.935 4.56955e-05 
2.9325 4.89757e-05 
2.94 3.97625e-05 
2.9375 4.26289e-05 
2.945 3.45799e-05 
2.9425 3.70834e-05 
2.95 3.00553e-05 
2.9475 3.22407e-05 
2.955 2.61074e-05 
2.9525 2.8014e-05 
2.96 2.26644e-05 
2.9575 2.43269e-05 
2.965 1.96637e-05 
2.9625 2.11124e-05 
2.97 1.70497e-05 
2.9675 1.83115e-05 
2.975 1.47741e-05 
2.9725 1.58724e-05 
2.98 1.27942e-05 
2.9775 1.37497e-05 
2.985 1.10726e-05 
2.9825 1.19033e-05 
2.99 9.57655e-06 
2.9875 1.02983e-05 
2.995 8.27726e-06 
2.9925 8.90396e-06 
3 7.14958e-06 
2.9975 7.69342e-06 
3.005 6.17146e-06 
3.0025 6.64309e-06 
3.01 5.32361e-06 
3.0075 5.73236e-06 
3.015 4.58916e-06 
3.0125 4.94318e-06 
3.02 3.95335e-06 
3.0175 4.25977e-06 
3.025 3.40331e-06 
3.0225 3.66835e-06 
3.03 2.92778e-06 
3.0275 3.15687e-06 
3.035 2.51695e-06 
3.0325 2.71484e-06 
3.04 2.16225e-06 
3.0375 2.33307e-06 
3.045 1.85624e-06 
3.0425 2.00359e-06 
3.05 1.5924e-06 
3.0475 1.71942e-06 
3.055 1.36509e-06 
3.0525 1.4745e-06 
3.06 1.16939e-06 
3.0575 1.26357e-06 
3.065 1.00102e-06 
3.0625 1.08204e-06 
3.07 8.56278e-07 
3.0675 9.25911e-07 
3.075 7.31927e-07 
3.0725 7.91737e-07 
3.08 6.25177e-07 
3.0775 6.76512e-07 
3.085 5.33603e-07 
3.0825 5.77631e-07 
3.09 4.55106e-07 
3.0875 4.9284e-07 
3.095 3.87869e-07 
3.0925 4.20184e-07 
3.1 3.30318e-07 
3.0975 3.57972e-07 
3.105 2.81097e-07 
3.1025 3.04744e-07 
3.11 2.39031e-07 
3.1075 2.59236e-07 
3.115 2.03106e-07 
3.1125 2.20358e-07 
3.12 1.72451e-07 
3.1175 1.8717e-07 
3.125 1.46312e-07 
3.1225 1.5886e-07 
3.13 1.2404e-07 
3.1275 1.34729e-07 
3.135 1.05079e-07 
3.1325 1.14178e-07 
3.14 8.89485e-08 
3.1375 9.66872e-08 
3.145 7.52367e-08 
3.1425 8.18136e-08 
3.15 6.359e-08 
3.1475 6.91752e-08 
3.155 5.3705e-08 
3.1525 5.84444e-08 
3.16 4.5322e-08 
3.1575 4.93405e-08 
3.165 3.82181e-08 
3.1625 4.16227e-08 
3.17 3.2203e-08 
3.1675 3.50852e-08 
3.175 2.71138e-08 
3.1725 2.95519e-08 
3.18 2.28114e-08 
3.1775 2.48721e-08 
3.185 1.91769e-08 
3.1825 2.09174e-08 
3.19 1.61092e-08 
3.1875 1.75779e-08 
3.195 1.35218e-08 
3.1925 1.47603e-08 
3.2 1.13413e-08 
3.1975 1.23849e-08 
3.205 9.5052e-09 
3.2025 1.03838e-08 
3.21 7.96024e-09 
3.2075 8.69932e-09 
3.215 6.66132e-09 
3.2125 7.28257e-09 
3.22 5.57011e-09 
3.2175 6.0919e-09 
3.225 4.65411e-09 
3.2225 5.09203e-09 
3.23 3.8858e-09 
3.2275 4.25304e-09 
3.235 3.24187e-09 
3.2325 3.5496e-09 
3.24 2.70262e-09 
3.2375 2.96027e-09 
3.245 2.25137e-09 
3.2425 2.46692e-09 
3.25 1.87406e-09 
3.2475 2.05426e-09 
3.255 1.55882e-09 
3.2525 1.70934e-09 
3.26 1.29564e-09 
3.2575 1.42128e-09 
3.265 1.0761e-09 
3.2625 1.18088e-09 
3.27 8.93097e-10 
3.2675 9.80425e-10 
3.275 7.40674e-10 
3.2725 8.13396e-10 
3.28 6.13816e-10 
3.2775 6.74329e-10 
3.285 5.08315e-10 
3.2825 5.58631e-10 
3.29 4.20644e-10 
3.2875 4.62448e-10 
3.295 3.47844e-10 
3.2925 3.8255e-10 
3.3 2.87437e-10 
3.2975 3.16229e-10 
3.305 2.37352e-10 
3.3025 2.6122e-10 
3.31 1.95857e-10 
3.3075 2.15627e-10 
3.315 1.61502e-10 
3.3125 1.77867e-10 
3.32 1.33081e-10 
3.3175 1.46617e-10 
3.325 1.09586e-10 
3.3225 1.20774e-10 
3.33 9.01769e-11 
3.3275 9.94172e-11 
3.335 7.41551e-11 
3.3325 8.17814e-11 
3.34 6.09389e-11 
3.3375 6.72286e-11 
3.345 5.00447e-11 
3.3425 5.52283e-11 
3.35 4.10709e-11 
3.3475 4.534e-11 
3.355 3.36841e-11 
3.3525 3.71976e-11 
3.36 2.7608e-11 
3.3575 3.04975e-11 
3.365 2.26134e-11 
3.3625 2.49882e-11 
3.37 1.85106e-11 
3.3675 2.0461e-11 
3.375 1.51427e-11 
3.3725 1.67435e-11 
3.38 1.23799e-11 
3.3775 1.36928e-11 
3.385 1.01149e-11 
3.3825 1.11911e-11 
3.39 8.25931e-12 
3.3875 9.14082e-12 
3.395 6.7401e-12 
3.3925 7.46169e-12 
3.4 5.49708e-12 
3.3975 6.08739e-12 
3.405 4.48069e-12 
3.4025 4.96329e-12 
3.41 3.65013e-12 
3.4075 4.04443e-12 
3.415 2.97184e-12 
3.4125 3.2938e-12 
3.42 2.41825e-12 
3.4175 2.68098e-12 
3.425 1.9667e-12 
3.4225 2.18096e-12 
3.43 1.5986e-12 
3.4275 1.77324e-12 
3.435 1.2987e-12 
3.4325 1.44096e-12 
3.44 1.05451e-12 
3.4375 1.17033e-12 
3.445 8.55801e-13 
3.4425 9.50036e-13 
3.45 6.94183e-13 
3.4475 7.70815e-13 
3.455 5.62808e-13 
3.4525 6.25091e-13 
3.46 4.56074e-13 
3.4575 5.06668e-13 
3.465 3.69406e-13 
3.4625 4.10482e-13 
3.47 2.99067e-13 
3.4675 3.324e-13 
3.475 2.42012e-13 
3.4725 2.69046e-13 
3.48 1.95753e-13 
3.4775 2.17669e-13 
3.485 1.58268e-13 
3.4825 1.76025e-13 
3.49 1.27905e-13 
3.4875 1.42286e-13 
3.495 1.03325e-13 
3.4925 1.14966e-13 
3.5 8.34341e-14 
3.4975 9.28529e-14 
3.505 6.73457e-14 
3.5025 7.49631e-14 
3.51 5.43385e-14 
3.5075 6.04964e-14 
3.515 4.3827e-14 
3.5125 4.88028e-14 
3.52 3.53359e-14 
3.5175 3.93548e-14 
3.525 2.84797e-14 
3.5225 3.17245e-14 
3.53 2.29458e-14 
3.5275 2.55645e-14 
3.535 1.8481e-14 
3.5325 2.05936e-14 
3.54 1.48801e-14 
3.5375 1.65838e-14 
3.545 1.1977e-14 
3.5425 1.33504e-14 
3.55 9.63732e-15 
3.5475 1.0744e-14 
3.555 7.75238e-15 
3.5525 8.64393e-15 
3.56 6.23432e-15 
3.5575 6.95228e-15 
3.565 5.01213e-15 
3.5625 5.59011e-15 
3.57 4.02846e-15 
3.5675 4.4936e-15 
3.575 3.237e-15 
3.5725 3.61122e-15 
3.58 2.60039e-15 
3.5775 2.90137e-15 
3.585 2.08848e-15 
3.5825 2.33049e-15 
3.59 1.67695e-15 
3.5875 1.87149e-15 
3.595 1.34621e-15 
3.5925 1.50255e-15 
3.6 1.08047e-15 
3.5975 1.20608e-15 
3.605 8.67013e-16 
3.6025 9.679e-16 
3.61 6.95588e-16 
3.6075 7.76602e-16 
3.615 5.57951e-16 
3.6125 6.22994e-16 
3.62 4.47468e-16 
3.6175 4.99676e-16 
3.625 3.58801e-16 
3.6225 4.00697e-16 
3.63 2.87656e-16 
3.6275 3.21271e-16 
3.635 2.30581e-16 
3.6325 2.57547e-16 
3.64 1.84804e-16 
3.6375 2.06431e-16 
3.645 1.48093e-16 
3.6425 1.65436e-16 
3.65 1.18659e-16 
3.6475 1.32564e-16 
3.655 9.50627e-17 
3.6525 1.06209e-16 
3.66 7.61494e-17 
3.6575 8.50833e-17 
3.665 6.09919e-17 
3.6625 6.81514e-17 
3.67 4.88462e-17 
3.6675 5.45829e-17 
3.675 3.9115e-17 
3.6725 4.37111e-17 
3.68 3.13194e-17 
3.6775 3.50012e-17 
3.685 2.50751e-17 
3.6825 2.80242e-17 
3.69 2.0074e-17 
3.6875 2.24359e-17 
3.695 1.60691e-17 
3.6925 1.79604e-17 
3.7 1.28621e-17 
3.6975 1.43765e-17 
3.705 1.02944e-17 
3.7025 1.15069e-17 
3.71 8.23874e-18 
3.7075 9.20946e-18 
3.715 6.59313e-18 
3.7125 7.3702e-18 
3.72 5.2759e-18 
3.7175 5.89789e-18 
3.725 4.22159e-18 
3.7225 4.71942e-18 
3.73 3.37778e-18 
3.7275 3.77621e-18 
3.735 2.7025e-18 
3.7325 3.02135e-18 
3.74 2.16211e-18 
3.7375 2.41726e-18 
3.745 1.7297e-18 
3.7425 1.93387e-18 
3.75 1.38372e-18 
3.7475 1.54707e-18 
3.755 1.10689e-18 
3.7525 1.23759e-18 
3.76 8.85413e-19 
3.7575 9.89981e-19 
3.765 7.08226e-19 
3.7625 7.91882e-19 
3.77 5.66478e-19 
3.7675 6.33401e-19 
3.775 4.53086e-19 
3.7725 5.06621e-19 
3.78 3.62381e-19 
3.7775 4.05204e-19 
3.785 2.89826e-19 
3.7825 3.2408e-19 
3.79 2.31791e-19 
3.7875 2.5919e-19 
3.795 1.85372e-19 
3.7925 2.07287e-19 
3.8 1.48245e-19 
3.7975 1.65773e-19 
3.805 1.18551e-19 
3.8025 1.3257e-19 
3.81 9.48028e-20 
3.8075 1.06014e-19 
3.815 7.58097e-20 
3.8125 8.47762e-20 
3.82 6.06203e-20 
3.8175 6.7791e-20 
3.825 4.8473e-20 
3.8225 5.42076e-20 
3.83 3.87589e-20 
3.8275 4.33448e-20 
3.835 3.09907e-20 
3.8325 3.46579e-20 
3.84 2.47788e-20 
3.8375 2.77113e-20 
3.845 1.98115e-20 
3.8425 2.21564e-20 
3.85 1.58395e-20 
3.8475 1.77146e-20 
3.855 1.26635e-20 
3.8525 1.41628e-20 
3.86 1.0124e-20 
3.8575 1.13228e-20 
3.865 8.09349e-21 
3.8625 9.05201e-21 
3.87 6.47001e-21 
3.8675 7.23639e-21 
3.875 5.17199e-21 
3.8725 5.78473e-21 
3.88 4.13423e-21 
3.8775 4.62411e-21 
3.885 3.30455e-21 
3.8825 3.6962e-21 
3.89 2.64126e-21 
3.8875 2.95436e-21 
3.895 2.11101e-21 
3.8925 2.36131e-21 
3.9 1.68712e-21 
3.8975 1.88721e-21 
3.905 1.34828e-21 
3.9025 1.50822e-21 
3.91 1.07742e-21 
3.9075 1.20527e-21 
3.915 8.60929e-22 
3.9125 9.63119e-22 
3.92 6.87891e-22 
3.9175 7.69567e-22 
3.925 5.49593e-22 
3.9225 6.14871e-22 
3.93 4.39066e-22 
3.9275 4.91235e-22 
3.935 3.50739e-22 
3.9325 3.92429e-22 
3.94 2.80157e-22 
3.9375 3.13471e-22 
3.945 2.23758e-22 
3.9425 2.50377e-22 
3.95 1.78695e-22 
3.9475 1.99963e-22 
3.955 1.42693e-22 
3.9525 1.59685e-22 
3.96 1.13932e-22 
3.9575 1.27506e-22 
3.965 9.09572e-23 
3.9625 1.018e-22 
3.97 7.26064e-23 
3.9675 8.12666e-23 
3.975 5.79504e-23 
3.9725 6.48668e-23 
3.98 4.62464e-23 
3.9775 5.17695e-23 
3.985 3.69008e-23 
3.9825 4.13108e-23 
3.99 2.94392e-23 
3.9875 3.29601e-23 
3.995 2.34826e-23 
3.9925 2.62933e-23 
4 1.8728e-23 
3.9975 2.09714e-23 
4.005 1.49334e-23 
4.0025 1.67238e-23 
4.01 1.19054e-23 
4.0075 1.33341e-23 
4.015 9.48952e-24 
4.0125 1.06293e-23 
4.02 7.56228e-24 
4.0175 8.47148e-24 
4.025 6.02514e-24 
4.0225 6.75027e-24 
4.03 4.79934e-24 
4.0275 5.37757e-24 
4.035 3.82202e-24 
4.0325 4.28302e-24 
4.04 3.04296e-24 
4.0375 3.41042e-24 
4.045 2.42207e-24 
4.0425 2.71491e-24 
4.05 1.92735e-24 
4.0475 2.16067e-24 
4.055 1.53324e-24 
4.0525 1.7191e-24 
4.06 1.21937e-24 
4.0575 1.36738e-24 
4.065 9.69451e-25 
4.0625 1.08729e-24 
4.07 7.70514e-25 
4.0675 8.64311e-25 
4.075 6.122e-25 
4.0725 6.86838e-25 
4.08 4.86249e-25 
4.0775 5.45624e-25 
4.085 3.86075e-25 
4.0825 4.33295e-25 
4.09 3.06428e-25 
4.0875 3.43969e-25 
4.095 2.4312e-25 
4.0925 2.72957e-25 
4.1 1.92818e-25 
4.0975 2.16523e-25 
4.105 1.52862e-25 
4.1025 1.7169e-25 
4.11 1.21136e-25 
4.1075 1.36085e-25 
4.115 9.59546e-26 
4.1125 1.07818e-25 
4.12 7.59746e-26 
4.1175 8.53867e-26 
4.125 6.0128e-26 
4.1225 6.75922e-26 
4.13 4.75649e-26 
4.1275 5.34818e-26 
4.135 3.7609e-26 
4.1325 4.22975e-26 
4.14 2.97226e-26 
4.1375 3.34361e-26 
4.145 2.34784e-26 
4.1425 2.64183e-26 
4.15 1.85366e-26 
4.1475 2.0863e-26 
4.155 1.46273e-26 
4.1525 1.64674e-26 
4.16 1.15364e-26 
4.1575 1.29911e-26 
4.165 9.09373e-27 
4.1625 1.02432e-26 
4.17 7.16429e-27 
4.1675 8.07211e-27 
4.175 5.64103e-27 
4.1725 6.35764e-27 
4.18 4.43909e-27 
4.1775 5.00446e-27 
4.185 3.4912e-27 
4.1825 3.93701e-27 
4.19 2.74408e-27 
4.1875 3.09541e-27 
4.195 2.15553e-27 
4.1925 2.43225e-27 
4.2 1.69216e-27 
4.1975 1.90999e-27 
4.205 1.32756e-27 
4.2025 1.49893e-27 
4.21 1.04086e-27 
4.2075 1.1756e-27 
4.215 8.1554e-28 
4.2125 9.21411e-28 
4.22 6.38574e-28 
4.2175 7.21712e-28 
4.225 4.99674e-28 
4.2225 5.64917e-28 
4.23 3.9072e-28 
4.2275 4.41888e-28 
4.235 3.05313e-28 
4.2325 3.45416e-28 
4.24 2.38408e-28 
4.2375 2.69817e-28 
4.245 1.86032e-28 
4.2425 2.10616e-28 
4.25 1.45058e-28 
4.2475 1.64287e-28 
4.255 1.13027e-28 
4.2525 1.28056e-28 
4.26 8.80039e-29 
4.2575 9.97428e-29 
4.265 6.84696e-29 
4.2625 7.76318e-29 
4.27 5.32313e-29 
4.2675 6.03772e-29 
4.275 4.13528e-29 
4.2725 4.6922e-29 
4.28 3.21003e-29 
4.2775 3.64375e-29 
4.285 2.48986e-29 
4.2825 2.82738e-29 
4.29 1.92975e-29 
4.2875 2.1922e-29 
4.295 1.49445e-29 
4.2925 1.69837e-29 
4.3 1.15642e-29 
4.2975 1.31474e-29 
4.305 8.94123e-30 
4.3025 1.01695e-29 
4.31 6.90758e-30 
4.3075 7.85968e-30 
4.315 5.3321e-30 
4.3125 6.06954e-30 
4.32 4.11254e-30 
4.3175 4.68326e-30 
4.325 3.16928e-30 
4.3225 3.6106e-30 
4.33 2.44031e-30 
4.3275 2.78129e-30 
4.335 1.87742e-30 
4.3325 2.14066e-30 
4.34 1.44313e-30 
4.3375 1.64619e-30 
4.345 1.10835e-30 
4.3425 1.26485e-30 
4.35 8.50502e-31 
4.3475 9.71009e-31 
4.355 6.52069e-31 
4.3525 7.44785e-31 
4.36 4.99495e-31 
4.3575 5.70767e-31 
4.365 3.82284e-31 
4.3625 4.37024e-31 
4.37 2.92318e-31 
4.3675 3.34324e-31 
4.375 2.23325e-31 
4.3725 2.55531e-31 
4.38 1.70463e-31 
4.3775 1.95134e-31 
4.385 1.29997e-31 
4.3825 1.48878e-31 
4.39 9.90465e-32 
4.3875 1.13484e-31 
4.395 7.53965e-32 
4.3925 8.64259e-32 
4.4 5.73411e-32 
4.3975 6.57593e-32 
4.405 4.35693e-32 
4.4025 4.99887e-32 
4.41 3.30746e-32 
4.4075 3.79653e-32 
4.415 2.50845e-32 
4.4125 2.88071e-32 
4.42 1.9007e-32 
4.4175 2.18378e-32 
4.425 1.43884e-32 
4.4225 1.65391e-32 
4.43 1.08819e-32 
4.4275 1.25144e-32 
4.435 8.22221e-33 
4.4325 9.46012e-33 
4.44 6.2067e-33 
4.4375 7.14455e-33 
4.445 4.6808e-33 
4.4425 5.39065e-33 
4.45 3.52668e-33 
4.4475 4.06344e-33 
4.455 2.65459e-33 
4.4525 3.06008e-33 
4.46 1.99624e-33 
4.4575 2.30227e-33 
4.465 1.49972e-33 
4.4625 1.73046e-33 
4.47 1.12561e-33 
4.4675 1.29942e-33 
4.475 8.44004e-34 
4.4725 9.74803e-34 
4.48 6.32238e-34 
4.4775 7.30573e-34 
4.485 4.73145e-34 
4.4825 5.47002e-34 
4.49 3.5374e-34 
4.4875 4.09158e-34 
4.495 2.64211e-34 
4.4925 3.05752e-34 
4.5 1.97147e-34 
4.4975 2.28256e-34 
4.505 1.46961e-34 
4.5025 1.70235e-34 
4.51 1.09443e-34 
4.5075 1.26838e-34 
4.515 8.14228e-35 
4.5125 9.44103e-35 
4.52 6.05165e-35 
4.5175 7.0204e-35 
4.525 4.49336e-35 
4.5225 5.21524e-35 
4.53 3.33301e-35 
4.5275 3.8704e-35 
4.535 2.46985e-35 
4.5325 2.8695e-35 
4.54 1.82841e-35 
4.5375 2.12532e-35 
4.545 1.3522e-35 
4.5425 1.57257e-35 
4.55 9.99021e-36 
4.5475 1.16241e-35 
4.555 7.3735e-36 
4.5525 8.58375e-36 
4.56 5.43673e-36 
4.5575 6.33225e-36 
4.565 4.00465e-36 
4.5625 4.66663e-36 
4.57 2.94683e-36 
4.5675 3.43568e-36 
4.575 2.16625e-36 
4.5725 2.52688e-36 
4.58 1.59083e-36 
4.5775 1.8566e-36 
4.585 1.16708e-36 
4.5825 1.36275e-36 
4.59 8.5534e-37 
4.5875 9.99247e-37 
4.595 6.26235e-37 
4.5925 7.31966e-37 
4.6 4.58032e-37 
4.5975 5.35635e-37 
4.605 3.34667e-37 
4.6025 3.91568e-37 
4.61 2.44281e-37 
4.6075 2.8596e-37 
4.615 1.78126e-37 
4.6125 2.08623e-37 
4.62 1.29754e-37 
4.6175 1.52046e-37 
4.625 9.44218e-38 
4.6225 1.107e-37 
4.63 6.86407e-38 
4.6275 8.05156e-38 
4.635 4.98481e-38 
4.6325 5.85017e-38 
4.64 3.61636e-38 
4.6375 4.24633e-38 
4.645 2.62091e-38 
4.6425 3.07904e-38 
4.65 1.89753e-38 
4.6475 2.23035e-38 
4.655 1.3724e-38 
4.6525 1.61394e-38 
4.66 9.91584e-39 
4.6575 1.1667e-38 
4.665 7.15704e-39 
4.6625 8.42528e-39 
4.67 5.16051e-39 
4.6675 6.07807e-39 
4.675 3.71712e-39 
4.6725 4.38029e-39 
4.68 2.6747e-39 
4.6775 3.15351e-39 
4.685 1.92264e-39 
4.6825 2.26798e-39 
4.69 1.38063e-39 
4.6875 1.62945e-39 
4.695 9.90397e-40 
4.6925 1.16949e-39 
4.7 7.09734e-40 
4.6975 8.38505e-40 
4.705 5.08085e-40 
4.7025 6.00577e-40 
4.71 3.63355e-40 
4.7075 4.29721e-40 
4.715 2.59585e-40 
4.7125 3.07155e-40 
4.72 1.8526e-40 
4.7175 2.19322e-40 
4.725 1.3208e-40 
4.7225 1.56445e-40 
4.73 9.40688e-41 
4.7275 1.11479e-40 
4.735 6.6928e-41 
4.7325 7.93559e-41 
4.74 4.7569e-41 
4.7375 5.64311e-41 
4.745 3.37748e-41 
4.7425 4.00877e-41 
4.75 2.39561e-41 
4.7475 2.84484e-41 
4.755 1.69743e-41 
4.7525 2.01677e-41 
4.76 1.20149e-41 
4.7575 1.42827e-41 
4.765 8.49578e-42 
4.7625 1.01045e-41 
4.77 6.00121e-42 
4.7675 7.14124e-42 
4.775 4.23475e-42 
4.7725 5.04181e-42 
4.78 2.98518e-42 
4.7775 3.55592e-42 
4.785 2.10216e-42 
4.7825 2.50536e-42 
4.79 1.47882e-42 
4.7875 1.76337e-42 
4.795 1.03924e-42 
4.7925 1.23985e-42 
4.8 7.29581e-43 
4.7975 8.70859e-43 
4.805 5.11662e-43 
4.8025 6.11055e-43 
4.81 3.58465e-43 
4.8075 4.28319e-43 
4.815 2.50878e-43 
4.8125 2.99921e-43 
4.82 1.75402e-43 
4.8175 2.09798e-43 
4.825 1.22506e-43 
4.8225 1.46605e-43 
4.83 8.54745e-44 
4.8275 1.02341e-43 
4.835 5.95757e-44 
4.8325 7.13682e-44 
4.84 4.14816e-44 
4.8375 4.97181e-44 
4.845 2.88534e-44 
4.8425 3.46002e-44 
4.85 2.0049e-44 
4.8475 2.40545e-44 
4.855 1.39169e-44 
4.8525 1.67059e-44 
4.86 9.65044e-45 
4.8575 1.15903e-44 
4.865 6.68508e-45 
4.8625 8.03302e-45 
4.87 4.62617e-45 
4.8675 5.5618e-45 
4.875 3.19809e-45 
4.8725 3.84687e-45 
4.88 2.2086e-45 
4.8775 2.658e-45 
4.885 1.52369e-45 
4.8825 1.83467e-45 
4.89 1.05011e-45 
4.8875 1.26508e-45 
4.895 7.22979e-46 
4.8925 8.71426e-46 
4.9 4.97249e-46 
4.8975 5.99654e-46 
4.905 3.41647e-46 
4.9025 4.12218e-46 
4.91 2.34498e-46 
4.9075 2.8308e-46 
4.915 1.60789e-46 
4.9125 1.942e-46 
4.92 1.10137e-46 
4.9175 1.3309e-46 
4.925 7.53642e-47 
4.9225 9.11169e-47 
4.93 5.15178e-47 
4.9275 6.23177e-47 
4.935 3.51812e-47 
4.9325 4.25779e-47 
4.94 2.40012e-47 
4.9375 2.90617e-47 
4.945 1.63582e-47 
4.9425 1.98166e-47 
4.95 1.11389e-47 
4.9475 1.34999e-47 
4.955 7.57902e-48 
4.9525 9.1888e-48 
4.96 5.15437e-48 
4.9575 6.25033e-48 
4.965 3.50596e-48 
4.9625 4.2506e-48 
4.97 2.38847e-48 
4.9675 2.89277e-48 
4.975 1.63468e-48 
4.9725 1.97421e-48 
4.98 1.13125e-48 
4.9775 1.35713e-48 
4.985 8.02138e-49 
4.9825 9.48527e-49 
4.99 5.97393e-49 
4.9875 6.86533e-49 
4.995 4.85844e-49 
4.9925 5.31319e-49 
5 4.50464e-49 
4.9975 4.5922e-49 
