0 6.70385e-06 
0.005 6.76959e-06 
0.0025 6.72027e-06 
0.01 6.96793e-06 
0.0075 6.85203e-06 
0.015 7.30223e-06 
0.0125 7.11778e-06 
0.02 7.77818e-06 
0.0175 7.52205e-06 
0.025 8.40385e-06 
0.0225 8.0717e-06 
0.03 9.1898e-06 
0.0275 8.77602e-06 
0.035 1.01493e-05 
0.0325 9.6469e-06 
0.04 1.12983e-05 
0.0375 1.0699e-05 
0.045 1.26562e-05 
0.0425 1.19498e-05 
0.05 1.42454e-05 
0.0475 1.34203e-05 
0.055 1.60921e-05 
0.0525 1.51348e-05 
0.06 1.82267e-05 
0.0575 1.71214e-05 
0.065 2.0684e-05 
0.0625 1.94127e-05 
0.07 2.35039e-05 
0.0675 2.20459e-05 
0.075 2.67316e-05 
0.0725 2.50637e-05 
0.08 3.04188e-05 
0.0775 2.85143e-05 
0.085 3.46241e-05 
0.0825 3.24528e-05 
0.09 3.94138e-05 
0.0875 3.69414e-05 
0.095 4.48628e-05 
0.0925 4.20508e-05 
0.1 5.10558e-05 
0.0975 4.78606e-05 
0.105 5.80886e-05 
0.1025 5.44608e-05 
0.11 6.60688e-05 
0.1075 6.1953e-05 
0.115 7.5118e-05 
0.1125 7.04516e-05 
0.12 8.53731e-05 
0.1175 8.00856e-05 
0.125 9.6988e-05 
0.1225 9.10002e-05 
0.13 0.000110136 
0.1275 0.000103359 
0.135 0.000125012 
0.1325 0.000117345 
0.14 0.000141836 
0.1375 0.000133166 
0.145 0.000160853 
0.1425 0.000151054 
0.15 0.00018234 
0.1475 0.000171269 
0.155 0.000206608 
0.1525 0.000194105 
0.16 0.000234006 
0.1575 0.000219892 
0.165 0.000264925 
0.1625 0.000248999 
0.17 0.000299805 
0.1675 0.00028184 
0.175 0.000339138 
0.1725 0.000318881 
0.18 0.000383478 
0.1775 0.000360645 
0.185 0.000433446 
0.1825 0.000407717 
0.19 0.000489735 
0.1875 0.000460753 
0.195 0.000553125 
0.1925 0.00052049 
0.2 0.00062449 
0.1975 0.000587752 
0.205 0.000704809 
0.2025 0.000663465 
0.21 0.000795176 
0.2075 0.000748662 
0.215 0.000896819 
0.2125 0.000844506 
0.22 0.00101111 
0.2175 0.000952293 
0.225 0.0011396 
0.2225 0.00107348 
0.23 0.00128399 
0.2275 0.00120969 
0.235 0.00144623 
0.2325 0.00136275 
0.24 0.00162846 
0.2375 0.0015347 
0.245 0.00183309 
0.2425 0.00172781 
0.25 0.00206282 
0.2475 0.00194464 
0.255 0.00232067 
0.2525 0.00218803 
0.26 0.00261 
0.2575 0.00246118 
0.265 0.00293457 
0.2625 0.00276763 
0.27 0.00329859 
0.2675 0.00311137 
0.275 0.00370675 
0.2725 0.00349684 
0.28 0.00416427 
0.2775 0.00392898 
0.285 0.00467699 
0.2825 0.00441334 
0.29 0.00525144 
0.2875 0.00495607 
0.295 0.00589485 
0.2925 0.00556404 
0.3 0.00661531 
0.2975 0.00624491 
0.305 0.0074218 
0.3025 0.0070072 
0.31 0.00832432 
0.3075 0.00786039 
0.315 0.00933398 
0.3125 0.00881501 
0.32 0.0104631 
0.3175 0.00988279 
0.325 0.0117254 
0.3225 0.0110767 
0.33 0.013136 
0.3275 0.0124111 
0.335 0.0147117 
0.3325 0.0139021 
0.34 0.0164709 
0.3375 0.0155671 
0.345 0.0184343 
0.3425 0.0174257 
0.35 0.0206242 
0.3475 0.0194994 
0.355 0.0230654 
0.3525 0.0218117 
0.36 0.025785 
0.3575 0.0243886 
0.365 0.0288128 
0.3625 0.0272584 
0.37 0.0321811 
0.3675 0.0304523 
0.375 0.0359252 
0.3725 0.0340039 
0.38 0.0400832 
0.3775 0.0379499 
0.385 0.0446962 
0.3825 0.0423301 
0.39 0.0498086 
0.3875 0.0471871 
0.395 0.0554675 
0.3925 0.0525666 
0.4 0.0617231 
0.3975 0.0585174 
0.405 0.0686283 
0.4025 0.0650911 
0.41 0.0762384 
0.4075 0.0723417 
0.415 0.0846107 
0.4125 0.0803256 
0.42 0.0938039 
0.4175 0.089101 
0.425 0.103877 
0.4225 0.0987269 
0.43 0.11489 
0.4275 0.109262 
0.435 0.126899 
0.4325 0.120766 
0.44 0.139959 
0.4375 0.133294 
0.445 0.15412 
0.4425 0.146899 
0.45 0.169427 
0.4475 0.161628 
0.455 0.185913 
0.4525 0.177521 
0.46 0.203605 
0.4575 0.194608 
0.465 0.222515 
0.4625 0.212908 
0.47 0.242641 
0.4675 0.232427 
0.475 0.263964 
0.4725 0.253155 
0.48 0.286448 
0.4775 0.275064 
0.485 0.310036 
0.4825 0.298108 
0.49 0.334651 
0.4875 0.32222 
0.495 0.360196 
0.4925 0.347314 
0.5 0.386556 
0.4975 0.373283 
0.505 0.413596 
0.5025 0.4 
0.51 0.441165 
0.5075 0.427324 
0.515 0.469101 
0.5125 0.455098 
0.52 0.497231 
0.5175 0.483152 
0.525 0.525379 
0.5225 0.511314 
0.53 0.553368 
0.5275 0.539404 
0.535 0.581024 
0.5325 0.567248 
0.54 0.608182 
0.5375 0.594675 
0.545 0.63469 
0.5425 0.621526 
0.55 0.660409 
0.5475 0.647656 
0.555 0.685219 
0.5525 0.672934 
0.56 0.70902 
0.5575 0.697251 
0.565 0.73173 
0.5625 0.720515 
0.57 0.75329 
0.5675 0.742657 
0.575 0.773659 
0.5725 0.763625 
0.58 0.792814 
0.5775 0.783388 
0.585 0.81075 
0.5825 0.801934 
0.59 0.827477 
0.5875 0.819264 
0.595 0.843018 
0.5925 0.835394 
0.6 0.857407 
0.5975 0.850354 
0.605 0.870685 
0.6025 0.864182 
0.61 0.882901 
0.6075 0.876922 
0.615 0.894109 
0.6125 0.888627 
0.62 0.904366 
0.6175 0.899353 
0.625 0.913731 
0.6225 0.909157 
0.63 0.922263 
0.6275 0.918098 
0.635 0.930021 
0.6325 0.926235 
0.64 0.937063 
0.6375 0.933628 
0.645 0.943443 
0.6425 0.940332 
0.65 0.949217 
0.6475 0.946403 
0.655 0.954434 
0.6525 0.951892 
0.66 0.959142 
0.6575 0.956848 
0.665 0.963386 
0.6625 0.961319 
0.67 0.967208 
0.6675 0.965347 
0.675 0.970647 
0.6725 0.968973 
0.68 0.973738 
0.6775 0.972233 
0.685 0.976514 
0.6825 0.975163 
0.69 0.979006 
0.6875 0.977794 
0.695 0.981242 
0.6925 0.980155 
0.7 0.983246 
0.6975 0.982271 
0.705 0.985042 
0.7025 0.984169 
0.71 0.98665 
0.7075 0.985868 
0.715 0.988089 
0.7125 0.987389 
0.72 0.989376 
0.7175 0.988751 
0.725 0.990528 
0.7225 0.989968 
0.73 0.991557 
0.7275 0.991057 
0.735 0.992477 
0.7325 0.99203 
0.74 0.993299 
0.7375 0.9929 
0.745 0.994033 
0.7425 0.993677 
0.75 0.994688 
0.7475 0.99437 
0.755 0.995273 
0.7525 0.994989 
0.76 0.995795 
0.7575 0.995541 
0.765 0.99626 
0.7625 0.996034 
0.77 0.996675 
0.7675 0.996473 
0.775 0.997044 
0.7725 0.996865 
0.78 0.997374 
0.7775 0.997214 
0.785 0.997667 
0.7825 0.997525 
0.79 0.997929 
0.7875 0.997802 
0.795 0.998161 
0.7925 0.998048 
0.8 0.998368 
0.7975 0.998268 
0.805 0.998553 
0.8025 0.998463 
0.81 0.998717 
0.8075 0.998637 
0.815 0.998862 
0.8125 0.998792 
0.82 0.998992 
0.8175 0.998929 
0.825 0.999107 
0.8225 0.999051 
0.83 0.99921 
0.8275 0.99916 
0.835 0.9993 
0.8325 0.999256 
0.84 0.999381 
0.8375 0.999342 
0.845 0.999453 
0.8425 0.999418 
0.85 0.999516 
0.8475 0.999485 
0.855 0.999572 
0.8525 0.999545 
0.86 0.999622 
0.8575 0.999598 
0.865 0.999667 
0.8625 0.999645 
0.87 0.999706 
0.8675 0.999687 
0.875 0.99974 
0.8725 0.999724 
0.88 0.999771 
0.8775 0.999756 
0.885 0.999798 
0.8825 0.999785 
0.89 0.999822 
0.8875 0.999811 
0.895 0.999844 
0.8925 0.999833 
0.9 0.999862 
0.8975 0.999853 
0.905 0.999879 
0.9025 0.999871 
0.91 0.999893 
0.9075 0.999886 
0.915 0.999906 
0.9125 0.9999 
0.92 0.999918 
0.9175 0.999912 
0.925 0.999927 
0.9225 0.999923 
0.93 0.999936 
0.9275 0.999932 
0.935 0.999944 
0.9325 0.99994 
0.94 0.999951 
0.9375 0.999947 
0.945 0.999956 
0.9425 0.999954 
0.95 0.999961 
0.9475 0.999959 
0.955 0.999966 
0.9525 0.999964 
0.96 0.99997 
0.9575 0.999968 
0.965 0.999973 
0.9625 0.999971 
0.97 0.999976 
0.9675 0.999974 
0.975 0.999978 
0.9725 0.999977 
0.98 0.99998 
0.9775 0.999979 
0.985 0.999982 
0.9825 0.999981 
0.99 0.999983 
0.9875 0.999982 
0.995 0.999984 
0.9925 0.999983 
1 0.999984 
0.9975 0.999984 
1.005 0.999985 
1.0025 0.999985 
1.01 0.999985 
1.0075 0.999985 
1.015 0.999984 
1.0125 0.999985 
1.02 0.999984 
1.0175 0.999984 
1.025 0.999983 
1.0225 0.999984 
1.03 0.999982 
1.0275 0.999983 
1.035 0.999981 
1.0325 0.999981 
1.04 0.999979 
1.0375 0.99998 
1.045 0.999977 
1.0425 0.999978 
1.05 0.999974 
1.0475 0.999976 
1.055 0.999971 
1.0525 0.999973 
1.06 0.999968 
1.0575 0.99997 
1.065 0.999964 
1.0625 0.999966 
1.07 0.99996 
1.0675 0.999962 
1.075 0.999955 
1.0725 0.999958 
1.08 0.99995 
1.0775 0.999952 
1.085 0.999943 
1.0825 0.999947 
1.09 0.999936 
1.0875 0.99994 
1.095 0.999928 
1.0925 0.999933 
1.1 0.99992 
1.0975 0.999924 
1.105 0.99991 
1.1025 0.999915 
1.11 0.999899 
1.1075 0.999904 
1.115 0.999886 
1.1125 0.999893 
1.12 0.999873 
1.1175 0.99988 
1.125 0.999857 
1.1225 0.999865 
1.13 0.99984 
1.1275 0.999849 
1.135 0.999821 
1.1325 0.999831 
1.14 0.9998 
1.1375 0.999811 
1.145 0.999777 
1.1425 0.999789 
1.15 0.999751 
1.1475 0.999764 
1.155 0.999722 
1.1525 0.999737 
1.16 0.99969 
1.1575 0.999706 
1.165 0.999655 
1.1625 0.999673 
1.17 0.999615 
1.1675 0.999635 
1.175 0.999572 
1.1725 0.999594 
1.18 0.999524 
1.1775 0.999549 
1.185 0.999472 
1.1825 0.999499 
1.19 0.999413 
1.1875 0.999443 
1.195 0.999349 
1.1925 0.999382 
1.2 0.999278 
1.1975 0.999315 
1.205 0.9992 
1.2025 0.99924 
1.21 0.999115 
1.2075 0.999159 
1.215 0.99902 
1.2125 0.999069 
1.22 0.998916 
1.2175 0.99897 
1.225 0.998802 
1.2225 0.998861 
1.23 0.998677 
1.2275 0.998741 
1.235 0.998539 
1.2325 0.99861 
1.24 0.998388 
1.2375 0.998466 
1.245 0.998223 
1.2425 0.998308 
1.25 0.998041 
1.2475 0.998134 
1.255 0.997843 
1.2525 0.997944 
1.26 0.997625 
1.2575 0.997736 
1.265 0.997387 
1.2625 0.997509 
1.27 0.997126 
1.2675 0.99726 
1.275 0.996842 
1.2725 0.996987 
1.28 0.996531 
1.2775 0.99669 
1.285 0.996191 
1.2825 0.996364 
1.29 0.99582 
1.2875 0.996009 
1.295 0.995415 
1.2925 0.995622 
1.3 0.994974 
1.2975 0.995199 
1.305 0.994493 
1.3025 0.994738 
1.31 0.993969 
1.3075 0.994236 
1.315 0.993398 
1.3125 0.99369 
1.32 0.992777 
1.3175 0.993094 
1.325 0.992102 
1.3225 0.992447 
1.33 0.991368 
1.3275 0.991743 
1.335 0.99057 
1.3325 0.990977 
1.34 0.989704 
1.3375 0.990146 
1.345 0.988764 
1.3425 0.989244 
1.35 0.987745 
1.3475 0.988265 
1.355 0.986639 
1.3525 0.987203 
1.36 0.985442 
1.3575 0.986053 
1.365 0.984146 
1.3625 0.984807 
1.37 0.982744 
1.3675 0.983459 
1.375 0.981228 
1.3725 0.982001 
1.38 0.97959 
1.3775 0.980425 
1.385 0.977823 
1.3825 0.978723 
1.39 0.975916 
1.3875 0.976887 
1.395 0.973861 
1.3925 0.974908 
1.4 0.971649 
1.3975 0.972776 
1.405 0.969269 
1.4025 0.970481 
1.41 0.966712 
1.4075 0.968013 
1.415 0.963966 
1.4125 0.965363 
1.42 0.961022 
1.4175 0.962519 
1.425 0.957869 
1.4225 0.959472 
1.43 0.954495 
1.4275 0.95621 
1.435 0.950892 
1.4325 0.952723 
1.44 0.947048 
1.4375 0.949001 
1.445 0.942953 
1.4425 0.945032 
1.45 0.938598 
1.4475 0.940809 
1.455 0.933975 
1.4525 0.936321 
1.46 0.929076 
1.4575 0.931561 
1.465 0.923895 
1.4625 0.926521 
1.47 0.918426 
1.4675 0.921197 
1.475 0.912667 
1.4725 0.915583 
1.48 0.906617 
1.4775 0.909678 
1.485 0.900277 
1.4825 0.903483 
1.49 0.893651 
1.4875 0.896999 
1.495 0.886747 
1.4925 0.890233 
1.5 0.879577 
1.4975 0.883195 
1.505 0.872154 
1.5025 0.875896 
1.51 0.864498 
1.5075 0.868354 
1.515 0.856633 
1.5125 0.86059 
1.52 0.848586 
1.5175 0.85263 
1.525 0.840393 
1.5225 0.844506 
1.53 0.832092 
1.5275 0.836253 
1.535 0.823726 
1.5325 0.827914 
1.54 0.815346 
1.5375 0.819535 
1.545 0.807007 
1.5425 0.811168 
1.55 0.798769 
1.5475 0.802872 
1.555 0.790696 
1.5525 0.794708 
1.56 0.782856 
1.5575 0.786742 
1.565 0.775322 
1.5625 0.779046 
1.57 0.768168 
1.5675 0.771693 
1.575 0.761468 
1.5725 0.764756 
1.58 0.755299 
1.5775 0.758313 
1.585 0.749734 
1.5825 0.752436 
1.59 0.744843 
1.5875 0.7472 
1.595 0.740694 
1.5925 0.742672 
1.6 0.737345 
1.5975 0.738916 
1.605 0.734849 
1.6025 0.735988 
1.61 0.733248 
1.6075 0.733934 
1.615 0.732573 
1.6125 0.732793 
1.62 0.732844 
1.6175 0.732589 
1.625 0.734068 
1.6225 0.733337 
1.63 0.736238 
1.6275 0.735036 
1.635 0.739337 
1.6325 0.737673 
1.64 0.74333 
1.6375 0.741224 
1.645 0.748174 
1.6425 0.745649 
1.65 0.753814 
1.6475 0.750899 
1.655 0.760185 
1.6525 0.756913 
1.66 0.767214 
1.6575 0.763622 
1.665 0.774823 
1.6625 0.770951 
1.67 0.782926 
1.6675 0.778818 
1.675 0.791439 
1.6725 0.787137 
1.68 0.800274 
1.6775 0.795822 
1.685 0.809346 
1.6825 0.804786 
1.69 0.81857 
1.6875 0.813944 
1.695 0.827869 
1.6925 0.823215 
1.7 0.837166 
1.6975 0.832522 
1.705 0.846394 
1.7025 0.841793 
1.71 0.855491 
1.7075 0.850963 
1.715 0.864402 
1.7125 0.859973 
1.72 0.87308 
1.7175 0.868773 
1.725 0.881485 
1.7225 0.877319 
1.73 0.889584 
1.7275 0.885575 
1.735 0.897352 
1.7325 0.893511 
1.74 0.904768 
1.7375 0.901105 
1.745 0.91182 
1.7425 0.908341 
1.75 0.9185 
1.7475 0.915207 
1.755 0.924805 
1.7525 0.9217 
1.76 0.930735 
1.7575 0.927817 
1.765 0.936297 
1.7625 0.933562 
1.77 0.941497 
1.7675 0.938941 
1.775 0.946345 
1.7725 0.943964 
1.78 0.950855 
1.7775 0.948642 
1.785 0.95504 
1.7825 0.952988 
1.79 0.958916 
1.7875 0.957016 
1.795 0.962496 
1.7925 0.960742 
1.8 0.965799 
1.7975 0.964182 
1.805 0.96884 
1.8025 0.967351 
1.81 0.971635 
1.8075 0.970267 
1.815 0.9742 
1.8125 0.972945 
1.82 0.976551 
1.8175 0.975402 
1.825 0.978703 
1.8225 0.977651 
1.83 0.980671 
1.8275 0.979709 
1.835 0.982467 
1.8325 0.98159 
1.84 0.984106 
1.8375 0.983306 
1.845 0.9856 
1.8425 0.98487 
1.85 0.98696 
1.8475 0.986296 
1.855 0.988197 
1.8525 0.987593 
1.86 0.989321 
1.8575 0.988772 
1.865 0.990343 
1.8625 0.989844 
1.87 0.99127 
1.8675 0.990817 
1.875 0.992111 
1.8725 0.9917 
1.88 0.992873 
1.8775 0.992501 
1.885 0.993564 
1.8825 0.993227 
1.89 0.99419 
1.8875 0.993885 
1.895 0.994756 
1.8925 0.99448 
1.9 0.995268 
1.8975 0.995019 
1.905 0.995732 
1.9025 0.995506 
1.91 0.996151 
1.9075 0.995946 
1.915 0.996529 
1.9125 0.996345 
1.92 0.996871 
1.9175 0.996704 
1.925 0.99718 
1.9225 0.997029 
1.93 0.997459 
1.9275 0.997323 
1.935 0.99771 
1.9325 0.997588 
1.94 0.997937 
1.9375 0.997827 
1.945 0.998142 
1.9425 0.998042 
1.95 0.998327 
1.9475 0.998237 
1.955 0.998493 
1.9525 0.998412 
1.96 0.998643 
1.9575 0.99857 
1.965 0.998778 
1.9625 0.998713 
1.97 0.9989 
1.9675 0.998841 
1.975 0.99901 
1.9725 0.998957 
1.98 0.999109 
1.9775 0.999061 
1.985 0.999198 
1.9825 0.999154 
1.99 0.999278 
1.9875 0.999239 
1.995 0.99935 
1.9925 0.999315 
2 0.999415 
1.9975 0.999383 
2.005 0.999473 
2.0025 0.999445 
2.01 0.999525 
2.0075 0.9995 
2.015 0.999572 
2.0125 0.999549 
2.02 0.999615 
2.0175 0.999594 
2.025 0.999652 
2.0225 0.999634 
2.03 0.999686 
2.0275 0.99967 
2.035 0.999717 
2.0325 0.999702 
2.04 0.999744 
2.0375 0.999731 
2.045 0.999769 
2.0425 0.999757 
2.05 0.99979 
2.0475 0.99978 
2.055 0.99981 
2.0525 0.9998 
2.06 0.999827 
2.0575 0.999818 
2.065 0.999842 
2.0625 0.999835 
2.07 0.999855 
2.0675 0.999849 
2.075 0.999867 
2.0725 0.999862 
2.08 0.999878 
2.0775 0.999873 
2.085 0.999886 
2.0825 0.999882 
2.09 0.999894 
2.0875 0.99989 
2.095 0.9999 
2.0925 0.999897 
2.1 0.999906 
2.0975 0.999903 
2.105 0.99991 
2.1025 0.999908 
2.11 0.999913 
2.1075 0.999912 
2.115 0.999915 
2.1125 0.999914 
2.12 0.999917 
2.1175 0.999916 
2.125 0.999917 
2.1225 0.999917 
2.13 0.999916 
2.1275 0.999917 
2.135 0.999915 
2.1325 0.999916 
2.14 0.999913 
2.1375 0.999914 
2.145 0.999909 
2.1425 0.999911 
2.15 0.999905 
2.1475 0.999907 
2.155 0.9999 
2.1525 0.999903 
2.16 0.999894 
2.1575 0.999897 
2.165 0.999886 
2.1625 0.99989 
2.17 0.999878 
2.1675 0.999882 
2.175 0.999869 
2.1725 0.999874 
2.18 0.999858 
2.1775 0.999863 
2.185 0.999846 
2.1825 0.999852 
2.19 0.999832 
2.1875 0.999839 
2.195 0.999817 
2.1925 0.999825 
2.2 0.999801 
2.1975 0.999809 
2.205 0.999782 
2.2025 0.999792 
2.21 0.999762 
2.2075 0.999773 
2.215 0.99974 
2.2125 0.999751 
2.22 0.999715 
2.2175 0.999728 
2.225 0.999689 
2.2225 0.999702 
2.23 0.999659 
2.2275 0.999674 
2.235 0.999627 
2.2325 0.999643 
2.24 0.999592 
2.2375 0.99961 
2.245 0.999553 
2.2425 0.999573 
2.25 0.999511 
2.2475 0.999533 
2.255 0.999466 
2.2525 0.999489 
2.26 0.999416 
2.2575 0.999441 
2.265 0.999362 
2.2625 0.999389 
2.27 0.999303 
2.2675 0.999333 
2.275 0.999238 
2.2725 0.999271 
2.28 0.999168 
2.2775 0.999204 
2.285 0.999092 
2.2825 0.999131 
2.29 0.99901 
2.2875 0.999052 
2.295 0.99892 
2.2925 0.998966 
2.3 0.998822 
2.2975 0.998872 
2.305 0.998716 
2.3025 0.99877 
2.31 0.998602 
2.3075 0.99866 
2.315 0.998477 
2.3125 0.99854 
2.32 0.998342 
2.3175 0.998411 
2.325 0.998195 
2.3225 0.99827 
2.33 0.998036 
2.3275 0.998117 
2.335 0.997864 
2.3325 0.997952 
2.34 0.997677 
2.3375 0.997772 
2.345 0.997474 
2.3425 0.997578 
2.35 0.997255 
2.3475 0.997367 
2.355 0.997017 
2.3525 0.997138 
2.36 0.99676 
2.3575 0.996891 
2.365 0.996481 
2.3625 0.996623 
2.37 0.996179 
2.3675 0.996333 
2.375 0.995851 
2.3725 0.996018 
2.38 0.995497 
2.3775 0.995678 
2.385 0.995113 
2.3825 0.995309 
2.39 0.994698 
2.3875 0.99491 
2.395 0.994248 
2.3925 0.994477 
2.4 0.993761 
2.3975 0.994009 
2.405 0.993233 
2.4025 0.993502 
2.41 0.992662 
2.4075 0.992954 
2.415 0.992044 
2.4125 0.992359 
2.42 0.991375 
2.4175 0.991716 
2.425 0.990651 
2.4225 0.99102 
2.43 0.989866 
2.4275 0.990266 
2.435 0.989017 
2.4325 0.98945 
2.44 0.988098 
2.4375 0.988567 
2.445 0.987104 
2.4425 0.987611 
2.45 0.986027 
2.4475 0.986576 
2.455 0.984862 
2.4525 0.985456 
2.46 0.983601 
2.4575 0.984244 
2.465 0.982236 
2.4625 0.982932 
2.47 0.98076 
2.4675 0.981513 
2.475 0.979163 
2.4725 0.979977 
2.48 0.977435 
2.4775 0.978316 
2.485 0.975566 
2.4825 0.976519 
2.49 0.973546 
2.4875 0.974576 
2.495 0.971361 
2.4925 0.972475 
2.5 0.969 
2.4975 0.970203 
2.505 0.966449 
2.5025 0.967749 
2.51 0.963693 
2.5075 0.965097 
2.515 0.960717 
2.5125 0.962233 
2.52 0.957504 
2.5175 0.959141 
2.525 0.954038 
2.5225 0.955804 
2.53 0.9503 
2.5275 0.952204 
2.535 0.946271 
2.5325 0.948323 
2.54 0.941931 
2.5375 0.944141 
2.545 0.937258 
2.5425 0.939637 
2.55 0.93223 
2.5475 0.93479 
2.555 0.926826 
2.5525 0.929577 
2.56 0.92102 
2.5575 0.923974 
2.565 0.914789 
2.5625 0.917959 
2.57 0.908109 
2.5675 0.911507 
2.575 0.900953 
2.5725 0.904592 
2.58 0.893297 
2.5775 0.897189 
2.585 0.885115 
2.5825 0.889273 
2.59 0.876382 
2.5875 0.880819 
2.595 0.867075 
2.5925 0.871802 
2.6 0.857168 
2.5975 0.862198 
2.605 0.84664 
2.6025 0.851983 
2.61 0.835471 
2.6075 0.841137 
2.615 0.82364 
2.6125 0.829639 
2.62 0.811133 
2.6175 0.817472 
2.625 0.797934 
2.6225 0.80462 
2.63 0.784034 
2.6275 0.791072 
2.635 0.769426 
2.6325 0.776819 
2.64 0.754107 
2.6375 0.761855 
2.645 0.738079 
2.6425 0.746182 
2.65 0.72135 
2.6475 0.729802 
2.655 0.70393 
2.6525 0.712725 
2.66 0.685838 
2.6575 0.694967 
2.665 0.667097 
2.6625 0.676547 
2.67 0.647736 
2.6675 0.657492 
2.675 0.62779 
2.6725 0.637833 
2.68 0.6073 
2.6775 0.61761 
2.685 0.586315 
2.6825 0.596867 
2.69 0.564887 
2.6875 0.575653 
2.695 0.543074 
2.6925 0.554025 
2.7 0.520942 
2.6975 0.532044 
2.705 0.498558 
2.7025 0.509777 
2.71 0.475995 
2.7075 0.487294 
2.715 0.453332 
2.7125 0.464671 
2.72 0.430646 
2.7175 0.441986 
2.725 0.408019 
2.7225 0.41932 
2.73 0.385533 
2.7275 0.396753 
2.735 0.363272 
2.7325 0.37437 
2.74 0.341317 
2.7375 0.352251 
2.745 0.319746 
2.7425 0.330478 
2.75 0.298636 
2.7475 0.309128 
2.755 0.278059 
2.7525 0.288276 
2.76 0.258082 
2.7575 0.267991 
2.765 0.238766 
2.7625 0.248338 
2.77 0.220166 
2.7675 0.229374 
2.775 0.202331 
2.7725 0.21115 
2.78 0.1853 
2.7775 0.193712 
2.785 0.169106 
2.7825 0.177096 
2.79 0.153774 
2.7875 0.161331 
2.795 0.139323 
2.7925 0.146438 
2.8 0.125763 
2.7975 0.132431 
2.805 0.113096 
2.8025 0.119318 
2.81 0.101319 
2.8075 0.107097 
2.815 0.0904221 
2.8125 0.0957617 
2.82 0.0803877 
2.8175 0.0852983 
2.825 0.0711937 
2.8225 0.0756872 
2.83 0.0628123 
2.8275 0.0669033 
2.835 0.0552107 
2.8325 0.0589162 
2.84 0.0483521 
2.8375 0.051691 
2.845 0.0421957 
2.8425 0.0451888 
2.85 0.0366978 
2.8475 0.0393672 
2.855 0.0318128 
2.8525 0.0341816 
2.86 0.0274934 
2.8575 0.0295854 
2.865 0.0236923 
2.8625 0.0255311 
2.87 0.0203622 
2.8675 0.0219713 
2.875 0.017457 
2.8725 0.0188593 
2.88 0.0149326 
2.8775 0.0161499 
2.885 0.012747 
2.8825 0.0138 
2.89 0.0108612 
2.8875 0.011769 
2.895 0.00923885 
2.8925 0.0100192 
2.9 0.00784705 
2.8975 0.00851607 
2.905 0.00665598 
2.9025 0.00722817 
2.91 0.00563892 
2.9075 0.00612725 
2.915 0.00477214 
2.9125 0.00518811 
2.92 0.00403472 
2.9175 0.00438846 
2.925 0.00340832 
2.9225 0.00370869 
2.93 0.00287693 
2.9275 0.00313166 
2.935 0.00242669 
2.9325 0.00264246 
2.94 0.00204561 
2.9375 0.00222819 
2.945 0.00172337 
2.9425 0.00187772 
2.95 0.00145111 
2.9475 0.0015815 
2.955 0.00122125 
2.9525 0.00133131 
2.96 0.00102733 
2.9575 0.00112016 
2.965 0.000863808 
2.9625 0.000942076 
2.97 0.00072601 
2.9675 0.000791958 
2.975 0.000609945 
2.9725 0.000665485 
2.98 0.000512233 
2.9775 0.000558985 
2.985 0.000430008 
2.9825 0.000469346 
2.99 0.000360844 
2.9875 0.00039393 
2.995 0.000302691 
2.9925 0.000330506 
3 0.000253813 
2.9975 0.00027719 
3.005 0.000212748 
3.0025 0.000232386 
3.01 0.00017826 
3.0075 0.000194751 
3.015 0.000149305 
3.0125 0.000163149 
3.02 0.000125004 
3.0175 0.000136622 
3.025 0.000104618 
3.0225 0.000114363 
3.03 8.75209e-05 
3.0275 9.5693e-05 
3.035 7.31882e-05 
3.0325 8.00384e-05 
3.04 6.11772e-05 
3.0375 6.69172e-05 
3.045 5.11156e-05 
3.0425 5.59235e-05 
3.05 4.26903e-05 
3.0475 4.6716e-05 
3.055 3.5638e-05 
3.0525 3.90073e-05 
3.06 2.97372e-05 
3.0575 3.2556e-05 
3.065 2.4802e-05 
3.0625 2.71593e-05 
3.07 2.06761e-05 
3.0675 2.26466e-05 
3.075 1.72282e-05 
3.0725 1.88747e-05 
3.08 1.43482e-05 
3.0775 1.57233e-05 
3.085 1.19436e-05 
3.0825 1.30916e-05 
3.09 9.93691e-06 
3.0875 1.08949e-05 
3.095 8.26303e-06 
3.0925 9.06199e-06 
3.1 6.86743e-06 
3.0975 7.53349e-06 
3.105 5.70444e-06 
3.1025 6.25941e-06 
3.11 4.73576e-06 
3.1075 5.19794e-06 
3.115 3.92935e-06 
3.1125 4.31406e-06 
3.12 3.25838e-06 
3.1175 3.57843e-06 
3.125 2.70039e-06 
3.1225 2.96651e-06 
3.13 2.23662e-06 
3.1275 2.45777e-06 
3.135 1.85137e-06 
3.1325 2.03505e-06 
3.14 1.53154e-06 
3.1375 1.68401e-06 
3.145 1.26616e-06 
3.1425 1.39265e-06 
3.15 1.0461e-06 
3.1475 1.15098e-06 
3.155 8.6373e-07 
3.1525 9.50629e-07 
3.16 7.12684e-07 
3.1575 7.84644e-07 
3.165 5.87661e-07 
3.1625 6.47214e-07 
3.17 4.84244e-07 
3.1675 5.33497e-07 
3.175 3.98754e-07 
3.1725 4.39463e-07 
3.18 3.2813e-07 
3.1775 3.61754e-07 
3.185 2.69825e-07 
3.1825 2.97579e-07 
3.19 2.21723e-07 
3.1875 2.44616e-07 
3.195 1.82066e-07 
3.1925 2.00937e-07 
3.2 1.49394e-07 
3.1975 1.64938e-07 
3.205 1.22495e-07 
3.2025 1.3529e-07 
3.21 1.00365e-07 
3.2075 1.10889e-07 
3.215 8.21718e-08 
3.2125 9.08224e-08 
3.22 6.72258e-08 
3.2175 7.43311e-08 
3.225 5.49565e-08 
3.2225 6.07881e-08 
3.23 4.48921e-08 
3.2275 4.96748e-08 
3.235 3.66424e-08 
3.2325 4.05619e-08 
3.24 2.98855e-08 
3.2375 3.30952e-08 
3.245 2.43555e-08 
3.2425 2.69818e-08 
3.25 1.98331e-08 
3.2475 2.19804e-08 
3.255 1.61375e-08 
3.2525 1.78919e-08 
3.26 1.31201e-08 
3.2575 1.45523e-08 
3.265 1.06583e-08 
3.2625 1.18265e-08 
3.27 8.65139e-09 
3.2675 9.60352e-09 
3.275 7.01668e-09 
3.2725 7.79207e-09 
3.28 5.6862e-09 
3.2775 6.31714e-09 
3.285 4.60421e-09 
3.2825 5.11721e-09 
3.29 3.72504e-09 
3.2875 4.14179e-09 
3.295 3.01125e-09 
3.2925 3.34953e-09 
3.3 2.43222e-09 
3.2975 2.70657e-09 
3.305 1.96289e-09 
3.3025 2.18521e-09 
3.31 1.5828e-09 
3.3075 1.76281e-09 
3.315 1.27524e-09 
3.3125 1.42087e-09 
3.32 1.02659e-09 
3.3175 1.1443e-09 
3.325 8.25721e-10 
3.3225 9.20788e-10 
3.33 6.63599e-10 
3.3275 7.40312e-10 
3.335 5.32859e-10 
3.3325 5.94709e-10 
3.34 4.27517e-10 
3.3375 4.7734e-10 
3.345 3.42712e-10 
3.3425 3.82813e-10 
3.35 2.74498e-10 
3.3475 3.06746e-10 
3.355 2.19676e-10 
3.3525 2.45587e-10 
3.36 1.75656e-10 
3.3575 1.96457e-10 
3.365 1.40339e-10 
3.3625 1.57024e-10 
3.37 1.12029e-10 
3.3675 1.25401e-10 
3.375 8.93558e-11 
3.3725 1.00063e-10 
3.38 7.1212e-11 
3.3775 7.97779e-11 
3.385 5.67053e-11 
3.3825 6.35525e-11 
3.39 4.51166e-11 
3.3875 5.05853e-11 
3.395 3.58669e-11 
3.3925 4.02308e-11 
3.4 2.84903e-11 
3.3975 3.19697e-11 
3.405 2.26125e-11 
3.4025 2.53844e-11 
3.41 1.7933e-11 
3.4075 2.01393e-11 
3.415 1.42105e-11 
3.4125 1.59652e-11 
3.42 1.12518e-11 
3.4175 1.26462e-11 
3.425 8.90221e-12 
3.4225 1.00093e-11 
3.43 7.03779e-12 
3.4275 7.91604e-12 
3.435 5.55959e-12 
3.4325 6.25576e-12 
3.44 4.38855e-12 
3.4375 4.93995e-12 
3.445 3.4616e-12 
3.4425 3.89797e-12 
3.45 2.72844e-12 
3.4475 3.07351e-12 
3.455 2.14901e-12 
3.4525 2.42166e-12 
3.46 1.69143e-12 
3.4575 1.9067e-12 
3.465 1.33036e-12 
3.4625 1.5002e-12 
3.47 1.04565e-12 
3.4675 1.17954e-12 
3.475 8.21334e-13 
3.4725 9.26806e-13 
3.48 6.44718e-13 
3.4775 7.27744e-13 
3.485 5.05762e-13 
3.4825 5.71072e-13 
3.49 3.96513e-13 
3.4875 4.47851e-13 
3.495 3.10678e-13 
3.4925 3.51006e-13 
3.5 2.43286e-13 
3.4975 2.74944e-13 
3.505 1.90408e-13 
3.5025 2.15243e-13 
3.51 1.48944e-13 
3.5075 1.68415e-13 
3.515 1.16452e-13 
3.5125 1.31708e-13 
3.52 9.10039e-14 
3.5175 1.0295e-13 
3.525 7.10852e-14 
3.5225 8.04345e-14 
3.53 5.55028e-14 
3.5275 6.28157e-14 
3.535 4.33192e-14 
3.5325 4.90363e-14 
3.54 3.37978e-14 
3.5375 3.8265e-14 
3.545 2.63604e-14 
3.5425 2.98494e-14 
3.55 2.05535e-14 
3.5475 2.32774e-14 
3.555 1.60216e-14 
3.5525 1.81472e-14 
3.56 1.24861e-14 
3.5575 1.41441e-14 
3.565 9.72885e-15 
3.5625 1.10218e-14 
3.57 7.5793e-15 
3.5675 8.5872e-15 
3.575 5.90399e-15 
3.5725 6.68947e-15 
3.58 4.59862e-15 
3.5775 5.21061e-15 
3.585 3.58172e-15 
3.5825 4.05845e-15 
3.59 2.7897e-15 
3.5875 3.16098e-15 
3.595 2.1729e-15 
3.5925 2.46203e-15 
3.6 1.69261e-15 
3.5975 1.91775e-15 
3.605 1.31865e-15 
3.6025 1.49395e-15 
3.61 1.02748e-15 
3.6075 1.16397e-15 
3.615 8.0077e-16 
3.6125 9.07043e-16 
3.62 6.24237e-16 
3.6175 7.0699e-16 
3.625 4.86761e-16 
3.6225 5.51207e-16 
3.63 3.79685e-16 
3.6275 4.29883e-16 
3.635 2.96272e-16 
3.6325 3.35379e-16 
3.64 2.31277e-16 
3.6375 2.61751e-16 
3.645 1.8062e-16 
3.6425 2.04373e-16 
3.65 1.41125e-16 
3.6475 1.59646e-16 
3.655 1.10322e-16 
3.6525 1.24768e-16 
3.66 8.62886e-17 
3.6575 9.75612e-17 
3.665 6.75288e-17 
3.6625 7.63289e-17 
3.67 5.28786e-17 
3.6675 5.97518e-17 
3.675 4.14322e-17 
3.6725 4.68031e-17 
3.68 3.2484e-17 
3.6775 3.66833e-17 
3.685 2.54849e-17 
3.6825 2.877e-17 
3.69 2.00072e-17 
3.6875 2.25786e-17 
3.695 1.57175e-17 
3.6925 1.77315e-17 
3.7 1.23559e-17 
3.6975 1.39345e-17 
3.705 9.72003e-18 
3.7025 1.0958e-17 
3.71 7.65174e-18 
3.7075 8.62334e-18 
3.715 6.02773e-18 
3.7125 6.79077e-18 
3.72 4.75167e-18 
3.7175 5.35133e-18 
3.725 3.74831e-18 
3.7225 4.21991e-18 
3.73 2.95881e-18 
3.7275 3.32996e-18 
3.735 2.33716e-18 
3.7325 2.62946e-18 
3.74 1.84732e-18 
3.7375 2.07768e-18 
3.745 1.46107e-18 
3.7425 1.64275e-18 
3.75 1.1563e-18 
3.7475 1.29968e-18 
3.755 9.15656e-19 
3.7525 1.02889e-18 
3.76 7.25516e-19 
3.7575 8.15e-19 
3.765 5.75182e-19 
3.7625 6.45945e-19 
3.77 4.56246e-19 
3.7675 5.12239e-19 
3.775 3.62091e-19 
3.7725 4.06425e-19 
3.78 2.8751e-19 
3.7775 3.22633e-19 
3.785 2.28398e-19 
3.7825 2.5624e-19 
3.79 1.81521e-19 
3.7875 2.03603e-19 
3.795 1.44327e-19 
3.7925 1.6185e-19 
3.8 1.148e-19 
3.7975 1.28713e-19 
3.805 9.13484e-20 
3.8025 1.024e-19 
3.81 7.27135e-20 
3.8075 8.14964e-20 
3.815 5.78994e-20 
3.8125 6.48823e-20 
3.82 4.61177e-20 
3.8175 5.16718e-20 
3.825 3.67442e-20 
3.8225 4.11635e-20 
3.83 2.92837e-20 
3.8275 3.28014e-20 
3.835 2.33437e-20 
3.8325 2.61447e-20 
3.84 1.8613e-20 
3.8375 2.0844e-20 
3.845 1.4844e-20 
3.8425 1.66216e-20 
3.85 1.18405e-20 
3.8475 1.32572e-20 
3.855 9.44638e-21 
3.8525 1.05757e-20 
3.86 7.53752e-21 
3.8575 8.43797e-21 
3.865 6.01524e-21 
3.8625 6.73338e-21 
3.87 4.801e-21 
3.8675 5.37385e-21 
3.875 3.8323e-21 
3.8725 4.28933e-21 
3.88 3.05934e-21 
3.8775 3.42403e-21 
3.885 2.44249e-21 
3.8825 2.73354e-21 
3.89 1.95014e-21 
3.8875 2.18245e-21 
3.895 1.55713e-21 
3.8925 1.74258e-21 
3.9 1.24338e-21 
3.8975 1.39143e-21 
3.905 9.92876e-22 
3.9025 1.11108e-21 
3.91 7.92859e-22 
3.9075 8.87246e-22 
3.915 6.33141e-22 
3.9125 7.08512e-22 
3.92 5.05598e-22 
3.9175 5.65787e-22 
3.925 4.03742e-22 
3.9225 4.51809e-22 
3.93 3.22399e-22 
3.9275 3.60786e-22 
3.935 2.57435e-22 
3.9325 2.88093e-22 
3.94 2.05553e-22 
3.9375 2.30037e-22 
3.945 1.64119e-22 
3.9425 1.83673e-22 
3.95 1.31028e-22 
3.9475 1.46644e-22 
3.955 1.04602e-22 
3.9525 1.17073e-22 
3.96 8.34989e-23 
3.9575 9.34577e-23 
3.965 6.66471e-23 
3.9625 7.45995e-23 
3.97 5.3191e-23 
3.9675 5.95408e-23 
3.975 4.24469e-23 
3.9725 4.75169e-23 
3.98 3.3869e-23 
3.9775 3.79167e-23 
3.985 2.7021e-23 
3.9825 3.02524e-23 
3.99 2.15547e-23 
3.9875 2.4134e-23 
3.995 1.71915e-23 
3.9925 1.92502e-23 
4 1.37094e-23 
3.9975 1.53524e-23 
4.005 1.09307e-23 
4.0025 1.22417e-23 
4.01 8.71366e-24 
4.0075 9.75965e-24 
4.015 6.94495e-24 
4.0125 7.77938e-24 
4.02 5.53415e-24 
4.0175 6.1997e-24 
4.025 4.40899e-24 
4.0225 4.93976e-24 
4.03 3.51181e-24 
4.0275 3.93502e-24 
4.035 2.79655e-24 
4.0325 3.13393e-24 
4.04 2.22641e-24 
4.0375 2.49532e-24 
4.045 1.77206e-24 
4.0425 1.98635e-24 
4.05 1.41005e-24 
4.0475 1.58078e-24 
4.055 1.12168e-24 
4.0525 1.25767e-24 
4.06 8.92029e-25 
4.0575 1.00032e-24 
4.065 7.0918e-25 
4.0625 7.95397e-25 
4.07 5.63635e-25 
4.0675 6.32257e-25 
4.075 4.47814e-25 
4.0725 5.02418e-25 
4.08 3.55673e-25 
4.0775 3.99109e-25 
4.085 2.82391e-25 
4.0825 3.16935e-25 
4.09 2.24128e-25 
4.0875 2.5159e-25 
4.095 1.77818e-25 
4.0925 1.99644e-25 
4.1 1.41023e-25 
4.0975 1.58363e-25 
4.105 1.11797e-25 
4.1025 1.25569e-25 
4.11 8.8592e-26 
4.1075 9.95256e-26 
4.115 7.01736e-26 
4.1125 7.88509e-26 
4.12 5.55602e-26 
4.1175 6.24442e-26 
4.125 4.39704e-26 
4.1225 4.94295e-26 
4.13 3.47822e-26 
4.1275 3.91096e-26 
4.135 2.75011e-26 
4.1325 3.09299e-26 
4.14 2.17337e-26 
4.1375 2.44494e-26 
4.145 1.71673e-26 
4.1425 1.93172e-26 
4.15 1.35534e-26 
4.1475 1.52546e-26 
4.155 1.06948e-26 
4.1525 1.20403e-26 
4.16 8.43458e-27 
4.1575 9.4983e-27 
4.165 6.64845e-27 
4.1625 7.48895e-27 
4.17 5.23765e-27 
4.1675 5.90144e-27 
4.175 4.12389e-27 
4.1725 4.64785e-27 
4.18 3.2451e-27 
4.1775 3.65846e-27 
4.185 2.55208e-27 
4.1825 2.87801e-27 
4.19 2.00585e-27 
4.1875 2.26271e-27 
4.195 1.57558e-27 
4.1925 1.77788e-27 
4.2 1.23684e-27 
4.1975 1.39608e-27 
4.205 9.70309e-28 
4.2025 1.09558e-27 
4.21 7.60727e-28 
4.2075 8.59219e-28 
4.215 5.96026e-28 
4.2125 6.73414e-28 
4.22 4.66675e-28 
4.2175 5.27443e-28 
4.225 3.6515e-28 
4.2225 4.12837e-28 
4.23 2.85517e-28 
4.2275 3.22915e-28 
4.235 2.23097e-28 
4.2325 2.52406e-28 
4.24 1.74201e-28 
4.2375 1.97156e-28 
4.245 1.35925e-28 
4.2425 1.5389e-28 
4.25 1.05982e-28 
4.2475 1.20034e-28 
4.255 8.25759e-29 
4.2525 9.35583e-29 
4.26 6.42914e-29 
4.2575 7.2869e-29 
4.265 5.00183e-29 
4.2625 5.67127e-29 
4.27 3.88845e-29 
4.2675 4.41055e-29 
4.275 3.02061e-29 
4.2725 3.42749e-29 
4.28 2.34464e-29 
4.2775 2.6615e-29 
4.285 1.81853e-29 
4.2825 2.0651e-29 
4.29 1.40937e-29 
4.2875 1.60109e-29 
4.295 1.0914e-29 
4.2925 1.24036e-29 
4.3 8.4449e-30 
4.2975 9.60134e-30 
4.305 6.52911e-30 
4.3025 7.42621e-30 
4.31 5.04382e-30 
4.3075 5.73919e-30 
4.315 3.89321e-30 
4.3125 4.43178e-30 
4.32 3.0026e-30 
4.3175 3.41938e-30 
4.325 2.31378e-30 
4.3225 2.63605e-30 
4.33 1.78149e-30 
4.3275 2.03048e-30 
4.335 1.37049e-30 
4.3325 1.56269e-30 
4.34 1.05341e-30 
4.3375 1.20166e-30 
4.345 8.08989e-31 
4.3425 9.23241e-31 
4.35 6.20746e-31 
4.3475 7.0872e-31 
4.355 4.7589e-31 
4.3525 5.43572e-31 
4.36 3.64518e-31 
4.3575 4.16543e-31 
4.365 2.78964e-31 
4.3625 3.18919e-31 
4.37 2.133e-31 
4.3675 2.43959e-31 
4.375 1.62947e-31 
4.3725 1.86452e-31 
4.38 1.24369e-31 
4.3775 1.42373e-31 
4.385 9.48388e-32 
4.3825 1.08617e-31 
4.39 7.22547e-32 
4.3875 8.27893e-32 
4.395 5.49985e-32 
4.3925 6.30459e-32 
4.4 4.18251e-32 
4.3975 4.7967e-32 
4.405 3.17778e-32 
4.4025 3.64611e-32 
4.41 2.41218e-32 
4.4075 2.76896e-32 
4.415 1.82933e-32 
4.4125 2.10088e-32 
4.42 1.38602e-32 
4.4175 1.5925e-32 
4.425 1.04916e-32 
4.4225 1.20602e-32 
4.43 7.93423e-33 
4.4275 9.12479e-33 
4.435 5.99457e-33 
4.4325 6.89733e-33 
4.44 4.52481e-33 
4.4375 5.2087e-33 
4.445 3.41217e-33 
4.4425 3.92976e-33 
4.45 2.57067e-33 
4.4475 2.96203e-33 
4.455 1.93485e-33 
4.4525 2.23048e-33 
4.46 1.45489e-33 
4.4575 1.67799e-33 
4.465 1.09294e-33 
4.4625 1.26114e-33 
4.47 8.20245e-34 
4.4675 9.46938e-34 
4.475 6.14993e-34 
4.4725 7.10326e-34 
4.48 4.60654e-34 
4.4775 5.32321e-34 
4.485 3.44712e-34 
4.4825 3.98536e-34 
4.49 2.577e-34 
4.4875 2.98083e-34 
4.495 1.92464e-34 
4.4925 2.22732e-34 
4.5 1.43601e-34 
4.4975 1.66266e-34 
4.505 1.07038e-34 
4.5025 1.23993e-34 
4.51 7.97057e-35 
4.5075 9.23773e-35 
4.515 5.92944e-35 
4.5125 6.87549e-35 
4.52 4.40665e-35 
4.5175 5.11226e-35 
4.525 3.27169e-35 
4.5225 3.79745e-35 
4.53 2.42664e-35 
4.5275 2.818e-35 
4.535 1.79806e-35 
4.5325 2.08909e-35 
4.54 1.33098e-35 
4.5375 1.54718e-35 
4.545 9.84253e-36 
4.5425 1.1447e-35 
4.55 7.27121e-36 
4.5475 8.46076e-36 
4.555 5.36625e-36 
4.5525 6.24729e-36 
4.56 3.9564e-36 
4.5575 4.60827e-36 
4.565 2.91402e-36 
4.5625 3.39585e-36 
4.57 2.14412e-36 
4.5675 2.4999e-36 
4.575 1.57604e-36 
4.5725 1.83848e-36 
4.58 1.1573e-36 
4.5775 1.3507e-36 
4.585 8.4896e-37 
4.5825 9.91333e-37 
4.59 6.22142e-37 
4.5875 7.26844e-37 
4.595 4.55462e-37 
4.5925 5.32382e-37 
4.6 3.331e-37 
4.5975 3.89553e-37 
4.605 2.43364e-37 
4.6025 2.84753e-37 
4.61 1.77622e-37 
4.6075 2.07936e-37 
4.615 1.29508e-37 
4.6125 1.51687e-37 
4.62 9.43306e-38 
4.6175 1.10542e-37 
4.625 6.86385e-38 
4.6225 8.04754e-38 
4.63 4.98931e-38 
4.6275 5.85271e-38 
4.635 3.62301e-38 
4.6325 4.25214e-38 
4.64 2.62818e-38 
4.6375 3.08614e-38 
4.645 1.90458e-38 
4.6425 2.23759e-38 
4.65 1.37879e-38 
4.6475 1.62069e-38 
4.655 9.97129e-39 
4.6525 1.17267e-38 
4.66 7.2038e-39 
4.6575 8.47636e-39 
4.665 5.19908e-39 
4.6625 6.12065e-39 
4.67 3.74841e-39 
4.6675 4.4151e-39 
4.675 2.69974e-39 
4.6725 3.18155e-39 
4.68 1.94246e-39 
4.6775 2.29029e-39 
4.685 1.39617e-39 
4.6825 1.64702e-39 
4.69 1.00248e-39 
4.6875 1.1832e-39 
4.695 7.19067e-40 
4.6925 8.49133e-40 
4.7 5.15248e-40 
4.6975 6.0876e-40 
4.705 3.68822e-40 
4.7025 4.35983e-40 
4.71 2.63738e-40 
4.7075 3.11923e-40 
4.715 1.884e-40 
4.7125 2.22935e-40 
4.72 1.34444e-40 
4.7175 1.59171e-40 
4.725 9.58423e-41 
4.7225 1.13528e-40 
4.73 6.82537e-41 
4.7275 8.089e-41 
4.735 4.85566e-41 
4.7325 5.75758e-41 
4.74 3.45083e-41 
4.7375 4.09391e-41 
4.745 2.44992e-41 
4.7425 2.90797e-41 
4.75 1.73753e-41 
4.7475 2.06346e-41 
4.755 1.23103e-41 
4.7525 1.46269e-41 
4.76 8.71276e-42 
4.7575 1.03577e-41 
4.765 6.16023e-42 
4.7625 7.32705e-42 
4.77 4.35102e-42 
4.7675 5.17782e-42 
4.775 3.07e-42 
4.7725 3.65525e-42 
4.78 2.16391e-42 
4.7775 2.57775e-42 
4.785 1.52368e-42 
4.7825 1.81601e-42 
4.79 1.07176e-42 
4.7875 1.27805e-42 
4.795 7.53112e-43 
4.7925 8.98528e-43 
4.8 5.28656e-43 
4.7975 6.31057e-43 
4.805 3.70715e-43 
4.8025 4.4275e-43 
4.81 2.59693e-43 
4.8075 3.10315e-43 
4.815 1.81733e-43 
4.8125 2.1727e-43 
4.82 1.27046e-43 
4.8175 1.51967e-43 
4.825 8.87244e-44 
4.8225 1.06183e-43 
4.83 6.18982e-44 
4.8275 7.41161e-44 
4.835 4.31387e-44 
4.8325 5.16803e-44 
4.84 3.00338e-44 
4.8375 3.5999e-44 
4.845 2.08885e-44 
4.8425 2.50502e-44 
4.85 1.45131e-44 
4.8475 1.74135e-44 
4.855 1.00731e-44 
4.8525 1.20924e-44 
4.86 6.98435e-45 
4.8575 8.38875e-45 
4.865 4.83773e-45 
4.8625 5.81347e-45 
4.87 3.34743e-45 
4.8675 4.02465e-45 
4.875 2.31386e-45 
4.8725 2.7834e-45 
4.88 1.59778e-45 
4.8775 1.92299e-45 
4.885 1.10218e-45 
4.8825 1.3272e-45 
4.89 7.59528e-46 
4.8875 9.1506e-46 
4.895 5.22867e-46 
4.8925 6.30258e-46 
4.9 3.59579e-46 
4.8975 4.33654e-46 
4.905 2.47032e-46 
4.9025 2.98074e-46 
4.91 1.69539e-46 
4.9075 2.04674e-46 
4.915 1.16236e-46 
4.9125 1.40396e-46 
4.92 7.96104e-47 
4.9175 9.62068e-47 
4.925 5.44699e-47 
4.9225 6.58588e-47 
4.93 3.72309e-47 
4.9275 4.50381e-47 
4.935 2.54221e-47 
4.9325 3.07685e-47 
4.94 1.73415e-47 
4.9375 2.09989e-47 
4.945 1.18179e-47 
4.9425 1.43173e-47 
4.95 8.04641e-48 
4.9475 9.75244e-48 
4.955 5.47427e-48 
4.9525 6.63736e-48 
4.96 3.72255e-48 
4.9575 4.51432e-48 
4.965 2.53177e-48 
4.9625 3.06967e-48 
4.97 1.72459e-48 
4.9675 2.08885e-48 
4.975 1.18018e-48 
4.9725 1.42539e-48 
4.98 8.16626e-49 
4.9775 9.79741e-49 
4.985 5.78969e-49 
4.9825 6.84675e-49 
4.99 4.31132e-49 
4.9875 4.95495e-49 
4.995 3.50592e-49 
4.9925 3.83426e-49 
5 3.25048e-49 
4.9975 3.3137e-49 
