0 8.2866e-06 
0.005 8.36777e-06 
0.0025 8.30687e-06 
0.01 8.61267e-06 
0.0075 8.46956e-06 
0.015 9.02546e-06 
0.0125 8.79771e-06 
0.02 9.61315e-06 
0.0175 9.29689e-06 
0.025 1.03857e-05 
0.0225 9.97557e-06 
0.03 1.13561e-05 
0.0275 1.08452e-05 
0.035 1.25408e-05 
0.0325 1.19205e-05 
0.04 1.39595e-05 
0.0375 1.32195e-05 
0.045 1.56359e-05 
0.0425 1.47639e-05 
0.05 1.7598e-05 
0.0475 1.65793e-05 
0.055 1.98779e-05 
0.0525 1.8696e-05 
0.06 2.25132e-05 
0.0575 2.11486e-05 
0.065 2.55467e-05 
0.0625 2.39772e-05 
0.07 2.90276e-05 
0.0675 2.72279e-05 
0.075 3.3012e-05 
0.0725 3.09531e-05 
0.08 3.75634e-05 
0.0775 3.52125e-05 
0.085 4.27542e-05 
0.0825 4.0074e-05 
0.09 4.8666e-05 
0.0875 4.56144e-05 
0.095 5.53914e-05 
0.0925 5.19207e-05 
0.1 6.30349e-05 
0.0975 5.90913e-05 
0.105 7.17144e-05 
0.1025 6.72372e-05 
0.11 8.15629e-05 
0.1075 7.64836e-05 
0.115 9.27303e-05 
0.1125 8.69716e-05 
0.12 0.000105385 
0.1175 9.88605e-05 
0.125 0.000119718 
0.1225 0.000112329 
0.13 0.000135942 
0.1275 0.000127579 
0.135 0.000154297 
0.1325 0.000144837 
0.14 0.000175054 
0.1375 0.000164357 
0.145 0.000198517 
0.1425 0.000186427 
0.15 0.000225026 
0.1475 0.000211368 
0.155 0.000254964 
0.1525 0.000239541 
0.16 0.000288762 
0.1575 0.000271352 
0.165 0.000326902 
0.1625 0.000307257 
0.17 0.000369925 
0.1675 0.000347766 
0.175 0.000418439 
0.1725 0.000393455 
0.18 0.000473124 
0.1775 0.000444964 
0.185 0.000534746 
0.1825 0.000503017 
0.19 0.000604159 
0.1875 0.000568421 
0.195 0.000682324 
0.1925 0.000642083 
0.2 0.000770315 
0.1975 0.000725019 
0.205 0.000869337 
0.2025 0.000818366 
0.21 0.000980738 
0.2075 0.0009234 
0.215 0.00110603 
0.2125 0.00104155 
0.22 0.0012469 
0.2175 0.0011744 
0.225 0.00140524 
0.2225 0.00132376 
0.23 0.00158317 
0.2275 0.00149162 
0.235 0.00178306 
0.2325 0.00168021 
0.24 0.00200755 
0.2375 0.00189205 
0.245 0.0022596 
0.2425 0.00212993 
0.25 0.00254253 
0.2475 0.00239699 
0.255 0.00286003 
0.2525 0.00269671 
0.26 0.00321622 
0.2575 0.00303301 
0.265 0.00361572 
0.2625 0.00341025 
0.27 0.00406367 
0.2675 0.00383329 
0.275 0.00456581 
0.2725 0.00430758 
0.28 0.00512854 
0.2775 0.00483917 
0.285 0.00575898 
0.2825 0.00543482 
0.29 0.00646509 
0.2875 0.00610205 
0.295 0.0072557 
0.2925 0.00684924 
0.3 0.00814064 
0.2975 0.00768572 
0.305 0.00913085 
0.3025 0.00862186 
0.31 0.0102384 
0.3075 0.00966916 
0.315 0.0114769 
0.3125 0.0108404 
0.32 0.0128611 
0.3175 0.0121498 
0.325 0.0144076 
0.3225 0.013613 
0.33 0.0161346 
0.3275 0.0152474 
0.335 0.0180623 
0.3325 0.0170721 
0.34 0.0202128 
0.3375 0.0191083 
0.345 0.0226106 
0.3425 0.0213792 
0.35 0.0252823 
0.3475 0.0239104 
0.355 0.0282572 
0.3525 0.0267299 
0.36 0.0315674 
0.3575 0.0298683 
0.365 0.0352476 
0.3625 0.033359 
0.37 0.0393354 
0.3675 0.037238 
0.375 0.0438716 
0.3725 0.0415448 
0.38 0.0488998 
0.3775 0.0463213 
0.385 0.054467 
0.3825 0.051613 
0.39 0.0606228 
0.3875 0.0574681 
0.395 0.0674196 
0.3925 0.0639377 
0.4 0.0749125 
0.3975 0.0710755 
0.405 0.0831584 
0.4025 0.0789377 
0.41 0.0922158 
0.4075 0.087582 
0.415 0.102144 
0.4125 0.0970674 
0.42 0.113002 
0.4175 0.107453 
0.425 0.124848 
0.4225 0.118798 
0.43 0.137737 
0.4275 0.131159 
0.435 0.151719 
0.4325 0.144588 
0.44 0.16684 
0.4375 0.159135 
0.445 0.183137 
0.4425 0.17484 
0.45 0.200636 
0.4475 0.191735 
0.455 0.219351 
0.4525 0.209841 
0.46 0.239285 
0.4575 0.229167 
0.465 0.26042 
0.4625 0.249704 
0.47 0.282723 
0.4675 0.271428 
0.475 0.30614 
0.4725 0.294296 
0.48 0.330598 
0.4775 0.318244 
0.485 0.356005 
0.4825 0.34319 
0.49 0.382245 
0.4875 0.369028 
0.495 0.409188 
0.4925 0.395637 
0.5 0.436685 
0.4975 0.422877 
0.505 0.464575 
0.5025 0.450591 
0.51 0.492688 
0.5075 0.478615 
0.515 0.520847 
0.5125 0.506773 
0.52 0.548875 
0.5175 0.534889 
0.525 0.576598 
0.5225 0.562785 
0.53 0.603848 
0.5275 0.590292 
0.535 0.63047 
0.5325 0.617247 
0.54 0.656325 
0.5375 0.643502 
0.545 0.681289 
0.5425 0.668925 
0.55 0.705257 
0.5475 0.693403 
0.555 0.728147 
0.5525 0.716842 
0.56 0.749894 
0.5575 0.739167 
0.565 0.770455 
0.5625 0.760325 
0.57 0.789804 
0.5675 0.780282 
0.575 0.807934 
0.5725 0.799021 
0.58 0.824853 
0.5775 0.816544 
0.585 0.840581 
0.5825 0.832864 
0.59 0.855149 
0.5875 0.848007 
0.595 0.8686 
0.5925 0.862012 
0.6 0.880982 
0.5975 0.874921 
0.605 0.892346 
0.6025 0.886787 
0.61 0.90275 
0.6075 0.897664 
0.615 0.912253 
0.6125 0.90761 
0.62 0.920913 
0.6175 0.916684 
0.625 0.92879 
0.6225 0.924946 
0.63 0.935941 
0.6275 0.932453 
0.635 0.942424 
0.6325 0.939263 
0.64 0.94829 
0.6375 0.945431 
0.645 0.953592 
0.6425 0.951009 
0.65 0.958379 
0.6475 0.956047 
0.655 0.962694 
0.6525 0.960593 
0.66 0.966581 
0.6575 0.964689 
0.665 0.970079 
0.6625 0.968376 
0.67 0.973224 
0.6675 0.971693 
0.675 0.976049 
0.6725 0.974674 
0.68 0.978585 
0.6775 0.977352 
0.685 0.980861 
0.6825 0.979754 
0.69 0.982901 
0.6875 0.981909 
0.695 0.98473 
0.6925 0.983841 
0.7 0.986367 
0.6975 0.985571 
0.705 0.987834 
0.7025 0.987121 
0.71 0.989146 
0.7075 0.988508 
0.715 0.990319 
0.7125 0.989749 
0.72 0.991368 
0.7175 0.990858 
0.725 0.992306 
0.7225 0.991851 
0.73 0.993144 
0.7275 0.992737 
0.735 0.993893 
0.7325 0.993529 
0.74 0.994561 
0.7375 0.994237 
0.745 0.995158 
0.7425 0.994868 
0.75 0.99569 
0.7475 0.995432 
0.755 0.996165 
0.7525 0.995935 
0.76 0.996589 
0.7575 0.996383 
0.765 0.996967 
0.7625 0.996783 
0.77 0.997304 
0.7675 0.99714 
0.775 0.997604 
0.7725 0.997458 
0.78 0.997871 
0.7775 0.997741 
0.785 0.998109 
0.7825 0.997994 
0.79 0.998321 
0.7875 0.998218 
0.795 0.99851 
0.7925 0.998418 
0.8 0.998678 
0.7975 0.998597 
0.805 0.998827 
0.8025 0.998755 
0.81 0.99896 
0.8075 0.998896 
0.815 0.999079 
0.8125 0.999021 
0.82 0.999184 
0.8175 0.999133 
0.825 0.999277 
0.8225 0.999232 
0.83 0.99936 
0.8275 0.99932 
0.835 0.999434 
0.8325 0.999398 
0.84 0.999499 
0.8375 0.999467 
0.845 0.999557 
0.8425 0.999529 
0.85 0.999608 
0.8475 0.999583 
0.855 0.999654 
0.8525 0.999632 
0.86 0.999694 
0.8575 0.999675 
0.865 0.99973 
0.8625 0.999713 
0.87 0.999762 
0.8675 0.999747 
0.875 0.99979 
0.8725 0.999776 
0.88 0.999815 
0.8775 0.999803 
0.885 0.999837 
0.8825 0.999826 
0.89 0.999856 
0.8875 0.999847 
0.895 0.999874 
0.8925 0.999865 
0.9 0.999889 
0.8975 0.999881 
0.905 0.999902 
0.9025 0.999896 
0.91 0.999914 
0.9075 0.999908 
0.915 0.999925 
0.9125 0.999919 
0.92 0.999934 
0.9175 0.999929 
0.925 0.999942 
0.9225 0.999938 
0.93 0.999949 
0.9275 0.999946 
0.935 0.999955 
0.9325 0.999952 
0.94 0.999961 
0.9375 0.999958 
0.945 0.999966 
0.9425 0.999963 
0.95 0.99997 
0.9475 0.999968 
0.955 0.999973 
0.9525 0.999972 
0.96 0.999977 
0.9575 0.999975 
0.965 0.999979 
0.9625 0.999978 
0.97 0.999982 
0.9675 0.999981 
0.975 0.999984 
0.9725 0.999983 
0.98 0.999986 
0.9775 0.999985 
0.985 0.999987 
0.9825 0.999986 
0.99 0.999988 
0.9875 0.999988 
0.995 0.999989 
0.9925 0.999989 
1 0.99999 
0.9975 0.999989 
1.005 0.99999 
1.0025 0.99999 
1.01 0.999991 
1.0075 0.99999 
1.015 0.999991 
1.0125 0.999991 
1.02 0.999991 
1.0175 0.999991 
1.025 0.99999 
1.0225 0.99999 
1.03 0.99999 
1.0275 0.99999 
1.035 0.999989 
1.0325 0.999989 
1.04 0.999988 
1.0375 0.999988 
1.045 0.999987 
1.0425 0.999987 
1.05 0.999985 
1.0475 0.999986 
1.055 0.999983 
1.0525 0.999984 
1.06 0.999981 
1.0575 0.999982 
1.065 0.999979 
1.0625 0.99998 
1.07 0.999976 
1.0675 0.999977 
1.075 0.999972 
1.0725 0.999974 
1.08 0.999969 
1.0775 0.999971 
1.085 0.999964 
1.0825 0.999966 
1.09 0.999959 
1.0875 0.999962 
1.095 0.999954 
1.0925 0.999957 
1.1 0.999947 
1.0975 0.999951 
1.105 0.99994 
1.1025 0.999944 
1.11 0.999932 
1.1075 0.999936 
1.115 0.999923 
1.1125 0.999928 
1.12 0.999913 
1.1175 0.999918 
1.125 0.999901 
1.1225 0.999907 
1.13 0.999888 
1.1275 0.999895 
1.135 0.999874 
1.1325 0.999881 
1.14 0.999858 
1.1375 0.999866 
1.145 0.99984 
1.1425 0.999849 
1.15 0.99982 
1.1475 0.99983 
1.155 0.999797 
1.1525 0.999809 
1.16 0.999772 
1.1575 0.999785 
1.165 0.999744 
1.1625 0.999759 
1.17 0.999714 
1.1675 0.999729 
1.175 0.999679 
1.1725 0.999697 
1.18 0.999641 
1.1775 0.999661 
1.185 0.999599 
1.1825 0.99962 
1.19 0.999552 
1.1875 0.999576 
1.195 0.9995 
1.1925 0.999526 
1.2 0.999442 
1.1975 0.999472 
1.205 0.999379 
1.2025 0.999411 
1.21 0.999308 
1.2075 0.999344 
1.215 0.999231 
1.2125 0.99927 
1.22 0.999145 
1.2175 0.999189 
1.225 0.999051 
1.2225 0.999099 
1.23 0.998947 
1.2275 0.999 
1.235 0.998832 
1.2325 0.998891 
1.24 0.998707 
1.2375 0.998771 
1.245 0.998568 
1.2425 0.998639 
1.25 0.998417 
1.2475 0.998494 
1.255 0.99825 
1.2525 0.998335 
1.26 0.998068 
1.2575 0.998161 
1.265 0.997868 
1.2625 0.99797 
1.27 0.997649 
1.2675 0.997761 
1.275 0.997409 
1.2725 0.997531 
1.28 0.997147 
1.2775 0.997281 
1.285 0.996861 
1.2825 0.997007 
1.29 0.996549 
1.2875 0.996708 
1.295 0.996208 
1.2925 0.996382 
1.3 0.995837 
1.2975 0.996027 
1.305 0.995434 
1.3025 0.99564 
1.31 0.994994 
1.3075 0.995219 
1.315 0.994517 
1.3125 0.994761 
1.32 0.993999 
1.3175 0.994263 
1.325 0.993437 
1.3225 0.993724 
1.33 0.992828 
1.3275 0.993138 
1.335 0.992168 
1.3325 0.992505 
1.34 0.991455 
1.3375 0.991819 
1.345 0.990685 
1.3425 0.991078 
1.35 0.989854 
1.3475 0.990278 
1.355 0.988959 
1.3525 0.989415 
1.36 0.987996 
1.3575 0.988486 
1.365 0.98696 
1.3625 0.987487 
1.37 0.985849 
1.3675 0.986414 
1.375 0.984658 
1.3725 0.985263 
1.38 0.983384 
1.3775 0.984031 
1.385 0.982023 
1.3825 0.982714 
1.39 0.980572 
1.3875 0.981309 
1.395 0.979028 
1.3925 0.979812 
1.4 0.977389 
1.3975 0.978221 
1.405 0.975652 
1.4025 0.976533 
1.41 0.973816 
1.4075 0.974746 
1.415 0.97188 
1.4125 0.97286 
1.42 0.969845 
1.4175 0.970875 
1.425 0.967711 
1.4225 0.96879 
1.43 0.96548 
1.4275 0.966607 
1.435 0.963158 
1.4325 0.96433 
1.44 0.960747 
1.4375 0.961963 
1.445 0.958257 
1.4425 0.959512 
1.45 0.955694 
1.4475 0.956984 
1.455 0.95307 
1.4525 0.954389 
1.46 0.950396 
1.4575 0.951738 
1.465 0.947689 
1.4625 0.949046 
1.47 0.944964 
1.4675 0.946328 
1.475 0.942241 
1.4725 0.943601 
1.48 0.939541 
1.4775 0.940887 
1.485 0.936887 
1.4825 0.938207 
1.49 0.934303 
1.4875 0.935584 
1.495 0.931815 
1.4925 0.933045 
1.5 0.929451 
1.4975 0.930616 
1.505 0.927239 
1.5025 0.928325 
1.51 0.925205 
1.5075 0.926198 
1.515 0.923376 
1.5125 0.924263 
1.52 0.921778 
1.5175 0.922547 
1.525 0.920433 
1.5225 0.921073 
1.53 0.919363 
1.5275 0.919863 
1.535 0.918583 
1.5325 0.918936 
1.54 0.918107 
1.5375 0.918307 
1.545 0.917943 
1.5425 0.917986 
1.55 0.918096 
1.5475 0.91798 
1.555 0.918563 
1.5525 0.91829 
1.56 0.919339 
1.5575 0.918913 
1.565 0.920413 
1.5625 0.919839 
1.57 0.92177 
1.5675 0.921057 
1.575 0.923391 
1.5725 0.922549 
1.58 0.925255 
1.5775 0.924294 
1.585 0.927336 
1.5825 0.92627 
1.59 0.929607 
1.5875 0.928449 
1.595 0.93204 
1.5925 0.930805 
1.6 0.934608 
1.5975 0.933309 
1.605 0.937281 
1.6025 0.935933 
1.61 0.940032 
1.6075 0.938649 
1.615 0.942834 
1.6125 0.941428 
1.62 0.945662 
1.6175 0.944247 
1.625 0.948494 
1.6225 0.947079 
1.63 0.951306 
1.6275 0.949904 
1.635 0.954082 
1.6325 0.9527 
1.64 0.956805 
1.6375 0.955451 
1.645 0.95946 
1.6425 0.958142 
1.65 0.962035 
1.6475 0.960758 
1.655 0.964521 
1.6525 0.96329 
1.66 0.96691 
1.6575 0.965728 
1.665 0.969197 
1.6625 0.968067 
1.67 0.971377 
1.6675 0.9703 
1.675 0.973447 
1.6725 0.972426 
1.68 0.975408 
1.6775 0.974442 
1.685 0.977259 
1.6825 0.976347 
1.69 0.979 
1.6875 0.978143 
1.695 0.980635 
1.6925 0.979831 
1.7 0.982166 
1.6975 0.981413 
1.705 0.983595 
1.7025 0.982893 
1.71 0.984928 
1.7075 0.984274 
1.715 0.986167 
1.7125 0.985559 
1.72 0.987318 
1.7175 0.986753 
1.725 0.988384 
1.7225 0.987861 
1.73 0.989371 
1.7275 0.988887 
1.735 0.990282 
1.7325 0.989835 
1.74 0.991122 
1.7375 0.99071 
1.745 0.991896 
1.7425 0.991517 
1.75 0.992608 
1.7475 0.992259 
1.755 0.993262 
1.7525 0.992942 
1.76 0.993862 
1.7575 0.993569 
1.765 0.994413 
1.7625 0.994143 
1.77 0.994916 
1.7675 0.99467 
1.775 0.995378 
1.7725 0.995152 
1.78 0.995799 
1.7775 0.995593 
1.785 0.996184 
1.7825 0.995996 
1.79 0.996535 
1.7875 0.996364 
1.795 0.996856 
1.7925 0.996699 
1.8 0.997147 
1.7975 0.997005 
1.805 0.997413 
1.8025 0.997284 
1.81 0.997655 
1.8075 0.997537 
1.815 0.997875 
1.8125 0.997768 
1.82 0.998075 
1.8175 0.997978 
1.825 0.998257 
1.8225 0.998169 
1.83 0.998422 
1.8275 0.998342 
1.835 0.998572 
1.8325 0.998499 
1.84 0.998708 
1.8375 0.998642 
1.845 0.998832 
1.8425 0.998771 
1.85 0.998943 
1.8475 0.998889 
1.855 0.999045 
1.8525 0.998995 
1.86 0.999137 
1.8575 0.999092 
1.865 0.99922 
1.8625 0.999179 
1.87 0.999295 
1.8675 0.999258 
1.875 0.999363 
1.8725 0.99933 
1.88 0.999425 
1.8775 0.999395 
1.885 0.99948 
1.8825 0.999453 
1.89 0.999531 
1.8875 0.999506 
1.895 0.999576 
1.8925 0.999554 
1.9 0.999618 
1.8975 0.999598 
1.905 0.999655 
1.9025 0.999637 
1.91 0.999688 
1.9075 0.999672 
1.915 0.999719 
1.9125 0.999704 
1.92 0.999746 
1.9175 0.999733 
1.925 0.999771 
1.9225 0.999759 
1.93 0.999793 
1.9275 0.999782 
1.935 0.999813 
1.9325 0.999803 
1.94 0.999831 
1.9375 0.999822 
1.945 0.999847 
1.9425 0.999839 
1.95 0.999862 
1.9475 0.999855 
1.955 0.999875 
1.9525 0.999869 
1.96 0.999887 
1.9575 0.999881 
1.965 0.999898 
1.9625 0.999892 
1.97 0.999907 
1.9675 0.999902 
1.975 0.999916 
1.9725 0.999911 
1.98 0.999923 
1.9775 0.999919 
1.985 0.99993 
1.9825 0.999927 
1.99 0.999936 
1.9875 0.999933 
1.995 0.999941 
1.9925 0.999938 
2 0.999945 
1.9975 0.999943 
2.005 0.999949 
2.0025 0.999948 
2.01 0.999953 
2.0075 0.999951 
2.015 0.999956 
2.0125 0.999954 
2.02 0.999958 
2.0175 0.999957 
2.025 0.99996 
2.0225 0.999959 
2.03 0.999961 
2.0275 0.999961 
2.035 0.999962 
2.0325 0.999962 
2.04 0.999963 
2.0375 0.999963 
2.045 0.999963 
2.0425 0.999963 
2.05 0.999963 
2.0475 0.999963 
2.055 0.999962 
2.0525 0.999963 
2.06 0.999961 
2.0575 0.999962 
2.065 0.99996 
2.0625 0.999961 
2.07 0.999958 
2.0675 0.999959 
2.075 0.999955 
2.0725 0.999957 
2.08 0.999952 
2.0775 0.999954 
2.085 0.999949 
2.0825 0.999951 
2.09 0.999945 
2.0875 0.999947 
2.095 0.99994 
2.0925 0.999943 
2.1 0.999935 
2.0975 0.999938 
2.105 0.999929 
2.1025 0.999932 
2.11 0.999922 
2.1075 0.999926 
2.115 0.999914 
2.1125 0.999918 
2.12 0.999906 
2.1175 0.99991 
2.125 0.999896 
2.1225 0.999901 
2.13 0.999886 
2.1275 0.999891 
2.135 0.999874 
2.1325 0.99988 
2.14 0.99986 
2.1375 0.999867 
2.145 0.999845 
2.1425 0.999853 
2.15 0.999829 
2.1475 0.999837 
2.155 0.999811 
2.1525 0.99982 
2.16 0.99979 
2.1575 0.999801 
2.165 0.999768 
2.1625 0.999779 
2.17 0.999743 
2.1675 0.999756 
2.175 0.999715 
2.1725 0.999729 
2.18 0.999685 
2.1775 0.9997 
2.185 0.999651 
2.1825 0.999668 
2.19 0.999613 
2.1875 0.999633 
2.195 0.999572 
2.1925 0.999593 
2.2 0.999526 
2.1975 0.99955 
2.205 0.999475 
2.2025 0.999501 
2.21 0.999419 
2.2075 0.999448 
2.215 0.999357 
2.2125 0.999389 
2.22 0.999289 
2.2175 0.999324 
2.225 0.999213 
2.2225 0.999252 
2.23 0.99913 
2.2275 0.999173 
2.235 0.999038 
2.2325 0.999085 
2.24 0.998936 
2.2375 0.998988 
2.245 0.998823 
2.2425 0.998881 
2.25 0.998699 
2.2475 0.998763 
2.255 0.998562 
2.2525 0.998633 
2.26 0.998411 
2.2575 0.998489 
2.265 0.998245 
2.2625 0.99833 
2.27 0.998061 
2.2675 0.998155 
2.275 0.997858 
2.2725 0.997962 
2.28 0.997634 
2.2775 0.997749 
2.285 0.997387 
2.2825 0.997514 
2.29 0.997115 
2.2875 0.997254 
2.295 0.996815 
2.2925 0.996969 
2.3 0.996484 
2.2975 0.996654 
2.305 0.99612 
2.3025 0.996306 
2.31 0.995718 
2.3075 0.995924 
2.315 0.995275 
2.3125 0.995502 
2.32 0.994788 
2.3175 0.995037 
2.325 0.99425 
2.3225 0.994525 
2.33 0.993659 
2.3275 0.993962 
2.335 0.993007 
2.3325 0.993341 
2.34 0.992289 
2.3375 0.992657 
2.345 0.9915 
2.3425 0.991904 
2.35 0.99063 
2.3475 0.991075 
2.355 0.989673 
2.3525 0.990163 
2.36 0.988621 
2.3575 0.98916 
2.365 0.987463 
2.3625 0.988056 
2.37 0.98619 
2.3675 0.986842 
2.375 0.98479 
2.3725 0.985506 
2.38 0.983251 
2.3775 0.984039 
2.385 0.981561 
2.3825 0.982426 
2.39 0.979704 
2.3875 0.980654 
2.395 0.977666 
2.3925 0.978709 
2.4 0.975428 
2.3975 0.976573 
2.405 0.972973 
2.4025 0.974229 
2.41 0.970282 
2.4075 0.971659 
2.415 0.967332 
2.4125 0.968841 
2.42 0.964101 
2.4175 0.965753 
2.425 0.960564 
2.4225 0.962372 
2.43 0.956695 
2.4275 0.958673 
2.435 0.952466 
2.4325 0.954627 
2.44 0.947847 
2.4375 0.950207 
2.445 0.942806 
2.4425 0.945381 
2.45 0.937311 
2.4475 0.940118 
2.455 0.931327 
2.4525 0.934382 
2.46 0.924817 
2.4575 0.92814 
2.465 0.917744 
2.4625 0.921353 
2.47 0.91007 
2.4675 0.913984 
2.475 0.901755 
2.4725 0.905995 
2.48 0.892761 
2.4775 0.897346 
2.485 0.883048 
2.4825 0.887997 
2.49 0.872579 
2.4875 0.877911 
2.495 0.861315 
2.4925 0.867048 
2.5 0.849223 
2.4975 0.855375 
2.505 0.836271 
2.5025 0.842856 
2.51 0.82243 
2.5075 0.829463 
2.515 0.807679 
2.5125 0.81517 
2.52 0.791999 
2.5175 0.799956 
2.525 0.775381 
2.5225 0.783807 
2.53 0.757821 
2.5275 0.766718 
2.535 0.739326 
2.5325 0.74869 
2.54 0.719912 
2.5375 0.729733 
2.545 0.699605 
2.5425 0.709869 
2.55 0.678442 
2.5475 0.689128 
2.555 0.656471 
2.5525 0.667554 
2.56 0.63375 
2.5575 0.6452 
2.565 0.610351 
2.5625 0.622131 
2.57 0.586355 
2.5675 0.598422 
2.575 0.561852 
2.5725 0.574161 
2.58 0.536942 
2.5775 0.549442 
2.585 0.511733 
2.5825 0.524368 
2.59 0.486337 
2.5875 0.499051 
2.595 0.460872 
2.5925 0.473606 
2.6 0.435458 
2.5975 0.448151 
2.605 0.410215 
2.6025 0.422808 
2.61 0.385261 
2.6075 0.397695 
2.615 0.360713 
2.6125 0.37293 
2.62 0.33668 
2.6175 0.348626 
2.625 0.313266 
2.6225 0.32489 
2.63 0.290565 
2.6275 0.301821 
2.635 0.268662 
2.6325 0.279509 
2.64 0.247631 
2.6375 0.258034 
2.645 0.227536 
2.6425 0.237463 
2.65 0.208425 
2.6475 0.217855 
2.655 0.190338 
2.6525 0.199252 
2.66 0.1733 
2.6575 0.181687 
2.665 0.157325 
2.6625 0.165179 
2.67 0.142414 
2.6675 0.149737 
2.675 0.12856 
2.6725 0.135356 
2.68 0.115743 
2.6775 0.122023 
2.685 0.103937 
2.6825 0.109716 
2.69 0.0931058 
2.6875 0.0984018 
2.695 0.0832092 
2.6925 0.0880435 
2.7 0.0742006 
2.6975 0.078597 
2.705 0.0660301 
2.7025 0.0700139 
2.71 0.058645 
2.7075 0.0622427 
2.715 0.0519915 
2.7125 0.0552302 
2.72 0.0460153 
2.7175 0.0489221 
2.725 0.0406625 
2.7225 0.0432643 
2.73 0.0358808 
2.7275 0.0382035 
2.735 0.0316196 
2.7325 0.0336882 
2.74 0.0278307 
2.7375 0.029669 
2.745 0.0244686 
2.7425 0.026099 
2.75 0.0214908 
2.7475 0.0229342 
2.755 0.0188579 
2.7525 0.0201336 
2.76 0.0165335 
2.7575 0.0176593 
2.765 0.0144844 
2.7625 0.0154765 
2.77 0.0126802 
2.7675 0.0135534 
2.775 0.0110934 
2.7725 0.0118612 
2.78 0.00969931 
2.7775 0.0103737 
2.785 0.00847568 
2.7825 0.00906749 
2.79 0.00740256 
2.7875 0.00792147 
2.795 0.00646216 
2.7925 0.0069168 
2.8 0.00563864 
2.7975 0.00603671 
2.805 0.00491794 
2.8025 0.00526625 
2.81 0.00428758 
2.8075 0.00459219 
2.815 0.00373654 
2.8125 0.00400278 
2.82 0.00325507 
2.8175 0.00348767 
2.825 0.00283459 
2.8225 0.0030377 
2.83 0.00246753 
2.8275 0.00264482 
2.835 0.00214723 
2.8325 0.00230192 
2.84 0.00186785 
2.8375 0.00200276 
2.845 0.00162425 
2.8425 0.00174187 
2.85 0.00141192 
2.8475 0.00151443 
2.855 0.00122692 
2.8525 0.00131623 
2.86 0.00106577 
2.8575 0.00114356 
2.865 0.000925466 
2.8625 0.00099319 
2.87 0.000803338 
2.8675 0.000862282 
2.875 0.00069707 
2.8725 0.000748355 
2.88 0.000604633 
2.8775 0.000649239 
2.885 0.000524254 
2.8825 0.000563038 
2.89 0.000454384 
2.8875 0.000488094 
2.895 0.00039367 
2.8925 0.00042296 
2.9 0.000340931 
2.8975 0.000366371 
2.905 0.000295135 
2.9025 0.000317224 
2.91 0.000255382 
2.9075 0.000274554 
2.915 0.000220889 
2.9125 0.000237523 
2.92 0.00019097 
2.9175 0.000205397 
2.925 0.00016503 
2.9225 0.000177537 
2.93 0.000142547 
2.9275 0.000153386 
2.935 0.00012307 
2.9325 0.000132459 
2.94 0.000106202 
2.9375 0.000114332 
2.945 9.1602e-05 
2.9425 9.86385e-05 
2.95 7.89693e-05 
2.9475 8.50568e-05 
2.955 6.80441e-05 
2.9525 7.33082e-05 
2.96 5.85998e-05 
2.9575 6.31498e-05 
2.965 5.04397e-05 
2.9625 5.43705e-05 
2.97 4.33924e-05 
2.9675 4.67867e-05 
2.975 3.73092e-05 
2.9725 4.02388e-05 
2.98 3.20609e-05 
2.9775 3.45881e-05 
2.985 2.75353e-05 
2.9825 2.97142e-05 
2.99 2.36347e-05 
2.9875 2.55124e-05 
2.995 2.02748e-05 
2.9925 2.1892e-05 
3 1.73822e-05 
2.9975 1.87743e-05 
3.005 1.48932e-05 
3.0025 1.60909e-05 
3.01 1.27528e-05 
3.0075 1.37826e-05 
3.015 1.09132e-05 
3.0125 1.17981e-05 
3.02 9.33307e-06 
3.0175 1.00931e-05 
3.025 7.97662e-06 
3.0225 8.62892e-06 
3.03 6.81289e-06 
3.0275 7.37242e-06 
3.035 5.81512e-06 
3.0325 6.29478e-06 
3.04 4.96019e-06 
3.0375 5.37112e-06 
3.045 4.22811e-06 
3.0425 4.57993e-06 
3.05 3.60163e-06 
3.0475 3.90265e-06 
3.055 3.06587e-06 
3.0525 3.32326e-06 
3.06 2.608e-06 
3.0575 2.82793e-06 
3.065 2.21696e-06 
3.0625 2.40476e-06 
3.07 1.88322e-06 
3.0675 2.04347e-06 
3.075 1.59859e-06 
3.0725 1.73523e-06 
3.08 1.356e-06 
3.0775 1.47244e-06 
3.085 1.14939e-06 
3.0825 1.24854e-06 
3.09 9.73549e-07 
3.0875 1.05792e-06 
3.095 8.24005e-07 
3.0925 8.95743e-07 
3.1 6.96915e-07 
3.0975 7.5787e-07 
3.105 5.88988e-07 
3.1025 6.40743e-07 
3.11 4.97402e-07 
3.1075 5.41312e-07 
3.115 4.19741e-07 
3.1125 4.56968e-07 
3.12 3.53937e-07 
3.1175 3.85473e-07 
3.125 2.98221e-07 
3.1225 3.24918e-07 
3.13 2.51084e-07 
3.1275 2.73666e-07 
3.135 2.11234e-07 
3.1325 2.30321e-07 
3.14 1.77572e-07 
3.1375 1.93692e-07 
3.145 1.49159e-07 
3.1425 1.62762e-07 
3.15 1.25194e-07 
3.1475 1.36665e-07 
3.155 1.04997e-07 
3.1525 1.14663e-07 
3.16 8.79902e-08 
3.1575 9.61278e-08 
3.165 7.36797e-08 
3.1625 8.05255e-08 
3.17 6.16481e-08 
3.1675 6.74026e-08 
3.175 5.15405e-08 
3.1725 5.63738e-08 
3.18 4.30561e-08 
3.1775 4.71123e-08 
3.185 3.59398e-08 
3.1825 3.93412e-08 
3.19 2.9976e-08 
3.1875 3.2826e-08 
3.195 2.49819e-08 
3.1925 2.7368e-08 
3.2 2.08034e-08 
3.1975 2.27994e-08 
3.205 1.731e-08 
3.2025 1.89783e-08 
3.21 1.43918e-08 
3.2075 1.57851e-08 
3.215 1.19561e-08 
3.2125 1.31188e-08 
3.22 9.9247e-09 
3.2175 1.08942e-08 
3.225 8.23194e-09 
3.2225 9.03967e-09 
3.23 6.8225e-09 
3.2275 7.4949e-09 
3.235 5.64991e-09 
3.2325 6.2092e-09 
3.24 4.67517e-09 
3.2375 5.13999e-09 
3.245 3.86556e-09 
3.2425 4.25155e-09 
3.25 3.19364e-09 
3.2475 3.51392e-09 
3.255 2.63646e-09 
3.2525 2.90199e-09 
3.26 2.17478e-09 
3.2575 2.39475e-09 
3.265 1.79257e-09 
3.2625 1.97464e-09 
3.27 1.47638e-09 
3.2675 1.62696e-09 
3.275 1.21503e-09 
3.2725 1.33947e-09 
3.28 9.99178e-10 
3.2775 1.10193e-09 
3.285 8.21047e-10 
3.2825 9.05829e-10 
3.29 6.74162e-10 
3.2875 7.44058e-10 
3.295 5.53138e-10 
3.2925 6.10716e-10 
3.3 4.535e-10 
3.2975 5.00894e-10 
3.305 3.71535e-10 
3.3025 4.10514e-10 
3.31 3.04159e-10 
3.3075 3.36194e-10 
3.315 2.4882e-10 
3.3125 2.75126e-10 
3.32 2.03401e-10 
3.3175 2.24987e-10 
3.325 1.66153e-10 
3.3225 1.83853e-10 
3.33 1.3563e-10 
3.3275 1.50131e-10 
3.335 1.10636e-10 
3.3325 1.22508e-10 
3.34 9.01849e-11 
3.3375 9.9897e-11 
3.345 7.34634e-11 
3.3425 8.14028e-11 
3.35 5.98015e-11 
3.3475 6.62869e-11 
3.355 4.86474e-11 
3.3525 5.39413e-11 
3.36 3.95474e-11 
3.3575 4.38656e-11 
3.365 3.21285e-11 
3.3625 3.56483e-11 
3.37 2.60845e-11 
3.3675 2.89515e-11 
3.375 2.11639e-11 
3.3725 2.34976e-11 
3.38 1.71608e-11 
3.3775 1.9059e-11 
3.385 1.39062e-11 
3.3825 1.54492e-11 
3.39 1.12621e-11 
3.3875 1.25154e-11 
3.395 9.11519e-12 
3.3925 1.01327e-11 
3.4 7.37325e-12 
3.3975 8.19867e-12 
3.405 5.96077e-12 
3.4025 6.62997e-12 
3.41 4.81616e-12 
3.4075 5.35836e-12 
3.415 3.88919e-12 
3.4125 4.32822e-12 
3.42 3.13894e-12 
3.4175 3.49421e-12 
3.425 2.53208e-12 
3.4225 2.81941e-12 
3.43 2.04149e-12 
3.4275 2.27373e-12 
3.435 1.64513e-12 
3.4325 1.83274e-12 
3.44 1.32507e-12 
3.4375 1.47654e-12 
3.445 1.06677e-12 
3.4425 1.189e-12 
3.45 8.58428e-13 
3.4475 9.57e-13 
3.455 6.90463e-13 
3.4525 7.6992e-13 
3.46 5.55121e-13 
3.4575 6.19137e-13 
3.465 4.4612e-13 
3.4625 4.9767e-13 
3.47 3.58376e-13 
3.4675 3.99868e-13 
3.475 2.87777e-13 
3.4725 3.21158e-13 
3.48 2.30998e-13 
3.4775 2.57841e-13 
3.485 1.85354e-13 
3.4825 2.0693e-13 
3.49 1.48677e-13 
3.4875 1.66013e-13 
3.495 1.19218e-13 
3.4925 1.33141e-13 
3.5 9.5565e-14 
3.4975 1.06742e-13 
3.505 7.65813e-14 
3.5025 8.55513e-14 
3.51 6.13509e-14 
3.5075 6.85467e-14 
3.515 4.91358e-14 
3.5125 5.49064e-14 
3.52 3.93424e-14 
3.5175 4.39686e-14 
3.525 3.14931e-14 
3.5225 3.52007e-14 
3.53 2.5204e-14 
3.5275 2.81744e-14 
3.535 2.01663e-14 
3.5325 2.25454e-14 
3.54 1.61322e-14 
3.5375 1.80372e-14 
3.545 1.29026e-14 
3.5425 1.44276e-14 
3.55 1.03177e-14 
3.5475 1.15382e-14 
3.555 8.24925e-15 
3.5525 9.22585e-15 
3.56 6.59447e-15 
3.5575 7.37573e-15 
3.565 5.27089e-15 
3.5625 5.89575e-15 
3.57 4.21242e-15 
3.5675 4.71209e-15 
3.575 3.36611e-15 
3.5725 3.76561e-15 
3.58 2.68954e-15 
3.5775 3.0089e-15 
3.585 2.14875e-15 
3.5825 2.40401e-15 
3.59 1.71656e-15 
3.5875 1.92055e-15 
3.595 1.37119e-15 
3.5925 1.53419e-15 
3.6 1.09524e-15 
3.5975 1.22548e-15 
3.605 8.7477e-16 
3.6025 9.7882e-16 
3.61 6.9865e-16 
3.6075 7.81769e-16 
3.615 5.57967e-16 
3.6125 6.2436e-16 
3.62 4.45599e-16 
3.6175 4.98629e-16 
3.625 3.55852e-16 
3.6225 3.98206e-16 
3.63 2.84176e-16 
3.6275 3.18001e-16 
3.635 2.26935e-16 
3.6325 2.53948e-16 
3.64 1.81223e-16 
3.6375 2.02795e-16 
3.645 1.4472e-16 
3.6425 1.61946e-16 
3.65 1.1557e-16 
3.6475 1.29326e-16 
3.655 9.22921e-17 
3.6525 1.03277e-16 
3.66 7.37043e-17 
3.6575 8.24759e-17 
3.665 5.88612e-17 
3.6625 6.58657e-17 
3.67 4.70084e-17 
3.6675 5.26018e-17 
3.675 3.75434e-17 
3.6725 4.201e-17 
3.68 2.99849e-17 
3.6775 3.35518e-17 
3.685 2.3949e-17 
3.6825 2.67974e-17 
3.69 1.91287e-17 
3.6875 2.14034e-17 
3.695 1.52791e-17 
3.6925 1.70958e-17 
3.7 1.22046e-17 
3.6975 1.36555e-17 
3.705 9.74921e-18 
3.7025 1.0908e-17 
3.71 7.78806e-18 
3.7075 8.71358e-18 
3.715 6.22165e-18 
3.7125 6.96089e-18 
3.72 4.97048e-18 
3.7175 5.56096e-18 
3.725 3.97107e-18 
3.7225 4.44274e-18 
3.73 3.17273e-18 
3.7275 3.54951e-18 
3.735 2.53498e-18 
3.7325 2.83597e-18 
3.74 2.0255e-18 
3.7375 2.26595e-18 
3.745 1.61847e-18 
3.7425 1.81057e-18 
3.75 1.29328e-18 
3.7475 1.44676e-18 
3.755 1.03346e-18 
3.7525 1.15608e-18 
3.76 8.25863e-19 
3.7575 9.23843e-19 
3.765 6.59989e-19 
3.7625 7.38278e-19 
3.77 5.27446e-19 
3.7675 5.90004e-19 
3.775 4.21532e-19 
3.7725 4.71522e-19 
3.78 3.36895e-19 
3.7775 3.76844e-19 
3.785 2.69259e-19 
3.7825 3.01183e-19 
3.79 2.15206e-19 
3.7875 2.40719e-19 
3.795 1.72007e-19 
3.7925 1.92397e-19 
3.8 1.37482e-19 
3.7975 1.53778e-19 
3.805 1.09889e-19 
3.8025 1.22913e-19 
3.81 8.78349e-20 
3.8075 9.82447e-20 
3.815 7.02077e-20 
3.8125 7.85281e-20 
3.82 5.61186e-20 
3.8175 6.2769e-20 
3.825 4.48572e-20 
3.8225 5.01728e-20 
3.83 3.58558e-20 
3.8275 4.01046e-20 
3.835 2.86607e-20 
3.8325 3.20569e-20 
3.84 2.29094e-20 
3.8375 2.56242e-20 
3.845 1.83121e-20 
3.8425 2.04822e-20 
3.85 1.46373e-20 
3.8475 1.6372e-20 
3.855 1.16999e-20 
3.8525 1.30864e-20 
3.86 9.35178e-21 
3.8575 1.04601e-20 
3.865 7.47482e-21 
3.8625 8.3608e-21 
3.87 5.97447e-21 
3.8675 6.68268e-21 
3.875 4.77517e-21 
3.8725 5.34127e-21 
3.88 3.81651e-21 
3.8775 4.26902e-21 
3.885 3.05022e-21 
3.8825 3.41193e-21 
3.89 2.43771e-21 
3.8875 2.72683e-21 
3.895 1.94813e-21 
3.8925 2.17922e-21 
3.9 1.55681e-21 
3.8975 1.74152e-21 
3.905 1.24403e-21 
3.9025 1.39167e-21 
3.91 9.94048e-22 
3.9075 1.11204e-21 
3.915 7.94254e-22 
3.9125 8.88558e-22 
3.92 6.34579e-22 
3.9175 7.09946e-22 
3.925 5.06971e-22 
3.9225 5.67202e-22 
3.93 4.04996e-22 
3.9275 4.53128e-22 
3.935 3.23509e-22 
3.9325 3.6197e-22 
3.94 2.58396e-22 
3.9375 2.89128e-22 
3.945 2.0637e-22 
3.9425 2.30925e-22 
3.95 1.64804e-22 
3.9475 1.84422e-22 
3.955 1.31597e-22 
3.9525 1.47269e-22 
3.96 1.05069e-22 
3.9575 1.17589e-22 
3.965 8.38798e-23 
3.9625 9.38798e-23 
3.97 6.69555e-23 
3.9675 7.49425e-23 
3.975 5.34391e-23 
3.9725 5.98176e-23 
3.98 4.26455e-23 
3.9775 4.7739e-23 
3.985 3.4027e-23 
3.9825 3.80939e-23 
3.99 2.71461e-23 
3.9875 3.0393e-23 
3.995 2.16532e-23 
3.9925 2.42451e-23 
4 1.72688e-23 
3.9975 1.93376e-23 
4.005 1.37697e-23 
4.0025 1.54207e-23 
4.01 1.09776e-23 
4.0075 1.22949e-23 
4.015 8.74988e-24 
4.0125 9.80088e-24 
4.02 6.9728e-24 
4.0175 7.81116e-24 
4.025 5.55543e-24 
4.0225 6.22406e-24 
4.03 4.42516e-24 
4.0275 4.95833e-24 
4.035 3.52401e-24 
4.0325 3.94908e-24 
4.04 2.80567e-24 
4.0375 3.14449e-24 
4.045 2.23319e-24 
4.0425 2.5032e-24 
4.05 1.77703e-24 
4.0475 1.99216e-24 
4.055 1.41365e-24 
4.0525 1.58502e-24 
4.06 1.12425e-24 
4.0575 1.26072e-24 
4.065 8.93826e-25 
4.0625 1.00248e-24 
4.07 7.10403e-25 
4.0675 7.96885e-25 
4.075 5.64436e-25 
4.0725 6.33253e-25 
4.08 4.48309e-25 
4.0775 5.03054e-25 
4.085 3.5595e-25 
4.0825 3.99486e-25 
4.09 2.82515e-25 
4.0875 3.17128e-25 
4.095 2.24147e-25 
4.0925 2.51656e-25 
4.1 1.77769e-25 
4.0975 1.99625e-25 
4.105 1.40931e-25 
4.1025 1.58289e-25 
4.11 1.11681e-25 
4.1075 1.25462e-25 
4.115 8.84639e-26 
4.1125 9.94018e-26 
4.12 7.00431e-26 
4.1175 7.87207e-26 
4.125 5.54334e-26 
4.1225 6.2315e-26 
4.13 4.38508e-26 
4.1275 4.93059e-26 
4.135 3.46721e-26 
4.1325 3.89945e-26 
4.14 2.74014e-26 
4.1375 3.08249e-26 
4.145 2.16446e-26 
4.1425 2.4355e-26 
4.15 1.70886e-26 
4.1475 1.92334e-26 
4.155 1.34847e-26 
4.1525 1.5181e-26 
4.16 1.06351e-26 
4.1575 1.19762e-26 
4.165 8.3832e-27 
4.1625 9.44289e-27 
4.17 6.60445e-27 
4.1675 7.44137e-27 
4.175 5.20018e-27 
4.1725 5.86082e-27 
4.18 4.09214e-27 
4.1775 4.61334e-27 
4.185 3.21831e-27 
4.1825 3.62928e-27 
4.19 2.52956e-27 
4.1875 2.85344e-27 
4.195 1.987e-27 
4.1925 2.24209e-27 
4.2 1.55984e-27 
4.1975 1.76065e-27 
4.205 1.22375e-27 
4.2025 1.38172e-27 
4.21 9.59451e-28 
4.2075 1.08366e-27 
4.215 7.51747e-28 
4.2125 8.49341e-28 
4.22 5.88618e-28 
4.2175 6.65255e-28 
4.225 4.60579e-28 
4.2225 5.20721e-28 
4.23 3.60146e-28 
4.2275 4.07312e-28 
4.235 2.81419e-28 
4.2325 3.18385e-28 
4.24 2.19747e-28 
4.2375 2.487e-28 
4.245 1.71469e-28 
4.2425 1.9413e-28 
4.25 1.33701e-28 
4.2475 1.51426e-28 
4.255 1.04177e-28 
4.2525 1.1803e-28 
4.26 8.1112e-29 
4.2575 9.19321e-29 
4.265 6.31067e-29 
4.2625 7.15517e-29 
4.27 4.90613e-29 
4.2675 5.56478e-29 
4.275 3.81129e-29 
4.2725 4.3246e-29 
4.28 2.95849e-29 
4.2775 3.35825e-29 
4.285 2.29473e-29 
4.2825 2.60581e-29 
4.29 1.77849e-29 
4.2875 2.02038e-29 
4.295 1.37729e-29 
4.2925 1.56524e-29 
4.3 1.06574e-29 
4.2975 1.21166e-29 
4.305 8.24005e-30 
4.3025 9.37205e-30 
4.31 6.3658e-30 
4.3075 7.24327e-30 
4.315 4.91381e-30 
4.3125 5.59345e-30 
4.32 3.78987e-30 
4.3175 4.31584e-30 
4.325 2.92057e-30 
4.3225 3.32729e-30 
4.33 2.24878e-30 
4.3275 2.56302e-30 
4.335 1.73004e-30 
4.3325 1.97263e-30 
4.34 1.32983e-30 
4.3375 1.51695e-30 
4.345 1.02132e-30 
4.3425 1.16553e-30 
4.35 7.83703e-31 
4.3475 8.94751e-31 
4.355 6.00846e-31 
4.3525 6.86283e-31 
4.36 4.6025e-31 
4.3575 5.25927e-31 
4.365 3.52243e-31 
4.3625 4.02685e-31 
4.37 2.69342e-31 
4.3675 3.0805e-31 
4.375 2.05769e-31 
4.3725 2.35445e-31 
4.38 1.5706e-31 
4.3775 1.79792e-31 
4.385 1.19773e-31 
4.3825 1.37171e-31 
4.39 9.12558e-32 
4.3875 1.04558e-31 
4.395 6.94649e-32 
4.3925 7.96272e-32 
4.4 5.2829e-32 
4.3975 6.05853e-32 
4.405 4.01403e-32 
4.4025 4.60548e-32 
4.41 3.0471e-32 
4.4075 3.4977e-32 
4.415 2.31095e-32 
4.4125 2.65392e-32 
4.42 1.75101e-32 
4.4175 2.01182e-32 
4.425 1.32551e-32 
4.4225 1.52365e-32 
4.43 1.00246e-32 
4.4275 1.15285e-32 
4.435 7.5743e-33 
4.4325 8.71475e-33 
4.44 5.71751e-33 
4.4375 6.5815e-33 
4.445 4.31181e-33 
4.4425 4.96574e-33 
4.45 3.24861e-33 
4.4475 3.74308e-33 
4.455 2.44524e-33 
4.4525 2.81877e-33 
4.46 1.83877e-33 
4.4575 2.12068e-33 
4.465 1.38139e-33 
4.4625 1.59394e-33 
4.47 1.03678e-33 
4.4675 1.19688e-33 
4.475 7.77384e-34 
4.4725 8.97867e-34 
4.48 5.82322e-34 
4.4775 6.729e-34 
4.485 4.35782e-34 
4.4825 5.03811e-34 
4.49 3.258e-34 
4.4875 3.76844e-34 
4.495 2.43337e-34 
4.4925 2.81599e-34 
4.5 1.81568e-34 
4.4975 2.10221e-34 
4.505 1.35346e-34 
4.5025 1.56781e-34 
4.51 1.00791e-34 
4.5075 1.16811e-34 
4.515 7.49842e-35 
4.5125 8.69456e-35 
4.52 5.573e-35 
4.5175 6.46519e-35 
4.525 4.13788e-35 
4.5225 4.8027e-35 
4.53 3.06927e-35 
4.5275 3.56417e-35 
4.535 2.27437e-35 
4.5325 2.64241e-35 
4.54 1.68366e-35 
4.5375 1.95708e-35 
4.545 1.24512e-35 
4.5425 1.44806e-35 
4.55 9.19894e-36 
4.5475 1.07035e-35 
4.555 6.78934e-36 
4.5525 7.90379e-36 
4.56 5.0059e-36 
4.5575 5.83052e-36 
4.565 3.68723e-36 
4.5625 4.29679e-36 
4.57 2.7132e-36 
4.5675 3.16333e-36 
4.575 1.99446e-36 
4.5725 2.32652e-36 
4.58 1.46465e-36 
4.5775 1.70935e-36 
4.585 1.07448e-36 
4.5825 1.25464e-36 
4.59 7.8746e-37 
4.5875 9.19956e-37 
4.595 5.76524e-37 
4.5925 6.7387e-37 
4.6 4.21664e-37 
4.5975 4.93111e-37 
4.605 3.08088e-37 
4.6025 3.60474e-37 
4.61 2.24876e-37 
4.6075 2.63246e-37 
4.615 1.63972e-37 
4.6125 1.92048e-37 
4.62 1.19441e-37 
4.6175 1.39963e-37 
4.625 8.69152e-38 
4.6225 1.01901e-37 
4.63 6.31824e-38 
4.6275 7.41138e-38 
4.635 4.58831e-38 
4.6325 5.3849e-38 
4.64 3.32864e-38 
4.6375 3.90852e-38 
4.645 2.41233e-38 
4.6425 2.83403e-38 
4.65 1.74648e-38 
4.6475 2.05283e-38 
4.655 1.26313e-38 
4.6525 1.48545e-38 
4.66 9.12609e-39 
4.6575 1.07379e-38 
4.665 6.58686e-39 
4.6625 7.75416e-39 
4.67 4.74928e-39 
4.6675 5.59379e-39 
4.675 3.42083e-39 
4.6725 4.03119e-39 
4.68 2.46145e-39 
4.6775 2.90211e-39 
4.685 1.76931e-39 
4.6825 2.08713e-39 
4.69 1.27049e-39 
4.6875 1.49948e-39 
4.695 9.11368e-40 
4.6925 1.07618e-39 
4.7 6.53086e-40 
4.6975 7.71587e-40 
4.705 4.6752e-40 
4.7025 5.52635e-40 
4.71 3.34337e-40 
4.7075 3.95408e-40 
4.715 2.38848e-40 
4.7125 2.82622e-40 
4.72 1.70457e-40 
4.7175 2.018e-40 
4.725 1.21523e-40 
4.7225 1.43943e-40 
4.73 8.65481e-41 
4.7275 1.02568e-40 
4.735 6.15757e-41 
4.7325 7.30107e-41 
4.74 4.37638e-41 
4.7375 5.19177e-41 
4.745 3.10723e-41 
4.7425 3.68805e-41 
4.75 2.20387e-41 
4.7475 2.61717e-41 
4.755 1.56153e-41 
4.7525 1.85533e-41 
4.76 1.10527e-41 
4.7575 1.3139e-41 
4.765 7.81522e-42 
4.7625 9.29518e-42 
4.77 5.52034e-42 
4.7675 6.5691e-42 
4.775 3.89533e-42 
4.7725 4.63775e-42 
4.78 2.74584e-42 
4.7775 3.27086e-42 
4.785 1.93357e-42 
4.7825 2.30447e-42 
4.79 1.36019e-42 
4.7875 1.62193e-42 
4.795 9.55851e-43 
4.7925 1.14037e-42 
4.8 6.71019e-43 
4.7975 8.00967e-43 
4.805 4.7058e-43 
4.8025 5.62e-43 
4.81 3.29675e-43 
4.8075 3.93923e-43 
4.815 2.30723e-43 
4.8125 2.75829e-43 
4.82 1.61306e-43 
4.8175 1.9294e-43 
4.825 1.12658e-43 
4.8225 1.34822e-43 
4.83 7.86016e-44 
4.8275 9.4113e-44 
4.835 5.47838e-44 
4.8325 6.56287e-44 
4.84 3.81441e-44 
4.8375 4.57185e-44 
4.845 2.65312e-44 
4.8425 3.18159e-44 
4.85 1.84349e-44 
4.8475 2.21183e-44 
4.855 1.27962e-44 
4.8525 1.53608e-44 
4.86 8.87306e-45 
4.8575 1.06568e-44 
4.865 6.14641e-45 
4.8625 7.38583e-45 
4.87 4.25329e-45 
4.8675 5.11358e-45 
4.875 2.94024e-45 
4.8725 3.53676e-45 
4.88 2.03047e-45 
4.8775 2.44366e-45 
4.885 1.40077e-45 
4.8825 1.68668e-45 
4.89 9.65362e-46 
4.8875 1.163e-45 
4.895 6.64615e-46 
4.8925 8.0109e-46 
4.9 4.57095e-46 
4.8975 5.51239e-46 
4.905 3.14051e-46 
4.9025 3.78926e-46 
4.91 2.1555e-46 
4.9075 2.60211e-46 
4.915 1.47793e-46 
4.9125 1.78506e-46 
4.92 1.01232e-46 
4.9175 1.22331e-46 
4.925 6.9269e-47 
4.9225 8.37488e-47 
4.93 4.73499e-47 
4.9275 5.72769e-47 
4.935 3.23341e-47 
4.9325 3.91327e-47 
4.94 2.20582e-47 
4.9375 2.67094e-47 
4.945 1.50335e-47 
4.9425 1.82122e-47 
4.95 1.02366e-47 
4.9475 1.24065e-47 
4.955 6.9649e-48 
4.9525 8.44436e-48 
4.96 4.73658e-48 
4.9575 5.74379e-48 
4.965 3.22169e-48 
4.9625 3.90601e-48 
4.97 2.19474e-48 
4.9675 2.65818e-48 
4.975 1.50204e-48 
4.9725 1.81405e-48 
4.98 1.03943e-48 
4.9775 1.247e-48 
4.985 7.37006e-49 
4.9825 8.71524e-49 
4.99 5.48867e-49 
4.9875 6.30777e-49 
4.995 4.46368e-49 
4.9925 4.88154e-49 
5 4.13858e-49 
4.9975 4.21904e-49 
