0 8.03522e-06 
0.005 8.11359e-06 
0.0025 8.05479e-06 
0.01 8.35001e-06 
0.0075 8.21185e-06 
0.015 8.74848e-06 
0.0125 8.52863e-06 
0.02 9.31574e-06 
0.0175 9.01048e-06 
0.025 1.00614e-05 
0.0225 9.66554e-06 
0.03 1.09978e-05 
0.0275 1.05048e-05 
0.035 1.21409e-05 
0.0325 1.15424e-05 
0.04 1.35096e-05 
0.0375 1.27957e-05 
0.045 1.51266e-05 
0.0425 1.42855e-05 
0.05 1.70187e-05 
0.0475 1.60365e-05 
0.055 1.9217e-05 
0.0525 1.80775e-05 
0.06 2.17573e-05 
0.0575 2.0442e-05 
0.065 2.46809e-05 
0.0625 2.31684e-05 
0.07 2.8035e-05 
0.0675 2.63009e-05 
0.075 3.18732e-05 
0.0725 2.98899e-05 
0.08 3.62566e-05 
0.0775 3.39926e-05 
0.085 4.12546e-05 
0.0825 3.86741e-05 
0.09 4.69456e-05 
0.0875 4.40082e-05 
0.095 5.34182e-05 
0.0925 5.00782e-05 
0.1 6.07727e-05 
0.0975 5.69785e-05 
0.105 6.91222e-05 
0.1025 6.48155e-05 
0.11 7.85941e-05 
0.1075 7.37093e-05 
0.115 8.93321e-05 
0.1125 8.37952e-05 
0.12 0.000101498 
0.1175 9.52256e-05 
0.125 0.000115273 
0.1225 0.000108172 
0.13 0.000130863 
0.1275 0.000122828 
0.135 0.000148498 
0.1325 0.00013941 
0.14 0.000168437 
0.1375 0.000158162 
0.145 0.00019097 
0.1425 0.00017936 
0.15 0.000216424 
0.1475 0.00020331 
0.155 0.000245166 
0.1525 0.000230359 
0.16 0.000277608 
0.1575 0.000260897 
0.165 0.000314211 
0.1625 0.000295358 
0.17 0.000355495 
0.1675 0.000334233 
0.175 0.00040204 
0.1725 0.000378071 
0.18 0.0004545 
0.1775 0.000427487 
0.185 0.000513605 
0.1825 0.000483173 
0.19 0.000580176 
0.1875 0.000545902 
0.195 0.00065513 
0.1925 0.000616543 
0.2 0.000739498 
0.1975 0.000696068 
0.205 0.000834432 
0.2025 0.000785567 
0.21 0.000941224 
0.2075 0.000886259 
0.215 0.00106132 
0.2125 0.000999512 
0.22 0.00119634 
0.2175 0.00112686 
0.225 0.00134809 
0.2225 0.00127 
0.23 0.00151861 
0.2275 0.00143087 
0.235 0.00171015 
0.2325 0.0016116 
0.24 0.00192526 
0.2375 0.00181459 
0.245 0.00216677 
0.2425 0.00204252 
0.25 0.00243784 
0.2475 0.0022984 
0.255 0.00274204 
0.2525 0.00258556 
0.26 0.00308329 
0.2575 0.00290777 
0.265 0.00346604 
0.2625 0.00326918 
0.27 0.00389519 
0.2675 0.00367448 
0.275 0.00437627 
0.2725 0.00412887 
0.28 0.0049154 
0.2775 0.00463817 
0.285 0.00551941 
0.2825 0.00520884 
0.29 0.00619594 
0.2875 0.0058481 
0.295 0.00695345 
0.2925 0.00656401 
0.3 0.0078014 
0.2975 0.00736549 
0.305 0.00875025 
0.3025 0.00826251 
0.31 0.00981168 
0.3075 0.00926612 
0.315 0.0109986 
0.3125 0.0103886 
0.32 0.0123254 
0.3175 0.0116436 
0.325 0.0138079 
0.3225 0.0130461 
0.33 0.0154636 
0.3275 0.0146129 
0.335 0.017312 
0.3325 0.0163625 
0.34 0.0193745 
0.3375 0.0183151 
0.345 0.0216744 
0.3425 0.0204932 
0.35 0.0242378 
0.3475 0.0229215 
0.355 0.0270927 
0.3525 0.0256269 
0.36 0.0302702 
0.3575 0.0286391 
0.365 0.0338039 
0.3625 0.0319903 
0.37 0.0377303 
0.3675 0.0357156 
0.375 0.0420891 
0.3725 0.0398531 
0.38 0.0469226 
0.3775 0.0444437 
0.385 0.0522767 
0.3825 0.0495316 
0.39 0.0581997 
0.3875 0.0551639 
0.395 0.0647433 
0.3925 0.0613906 
0.4 0.0719613 
0.3975 0.0682645 
0.405 0.0799102 
0.4025 0.0758408 
0.41 0.0886478 
0.4075 0.0841767 
0.415 0.0982334 
0.4125 0.0933309 
0.42 0.108726 
0.4175 0.103363 
0.425 0.120184 
0.4225 0.114331 
0.43 0.132664 
0.4275 0.126293 
0.435 0.146219 
0.4325 0.139304 
0.44 0.160896 
0.4375 0.153415 
0.445 0.176735 
0.4425 0.168668 
0.45 0.193767 
0.4475 0.185101 
0.455 0.212012 
0.4525 0.202738 
0.46 0.231477 
0.4575 0.221592 
0.465 0.252151 
0.4625 0.241664 
0.47 0.274008 
0.4675 0.262934 
0.475 0.297002 
0.4725 0.285366 
0.48 0.321068 
0.4775 0.308906 
0.485 0.34612 
0.4825 0.333477 
0.49 0.372053 
0.4875 0.358984 
0.495 0.398741 
0.4925 0.385311 
0.5 0.426042 
0.4975 0.412324 
0.505 0.453799 
0.5025 0.439874 
0.51 0.481847 
0.5075 0.467798 
0.515 0.510008 
0.5125 0.495924 
0.52 0.538107 
0.5175 0.524077 
0.525 0.565967 
0.5225 0.552078 
0.53 0.593418 
0.5275 0.579754 
0.535 0.6203 
0.5325 0.606939 
0.54 0.646466 
0.5375 0.633481 
0.545 0.671786 
0.5425 0.659239 
0.55 0.69615 
0.5475 0.684094 
0.555 0.719464 
0.5525 0.707943 
0.56 0.741658 
0.5575 0.730705 
0.565 0.76268 
0.5625 0.752318 
0.57 0.782499 
0.5675 0.772741 
0.575 0.8011 
0.5725 0.791952 
0.58 0.818484 
0.5775 0.809943 
0.585 0.834668 
0.5825 0.826724 
0.59 0.84968 
0.5875 0.842318 
0.595 0.863557 
0.5925 0.856757 
0.6 0.876345 
0.5975 0.870084 
0.605 0.888095 
0.6025 0.882346 
0.61 0.898863 
0.6075 0.893598 
0.615 0.908707 
0.6125 0.903897 
0.62 0.917685 
0.6175 0.9133 
0.625 0.925858 
0.6225 0.921868 
0.63 0.933282 
0.6275 0.92966 
0.635 0.940016 
0.6325 0.936732 
0.64 0.946114 
0.6375 0.943141 
0.645 0.951628 
0.6425 0.948941 
0.65 0.956608 
0.6475 0.954182 
0.655 0.9611 
0.6525 0.958912 
0.66 0.965147 
0.6575 0.963176 
0.665 0.96879 
0.6625 0.967017 
0.67 0.972067 
0.6675 0.970472 
0.675 0.975011 
0.6725 0.973579 
0.68 0.977655 
0.6775 0.976369 
0.685 0.980028 
0.6825 0.978874 
0.69 0.982156 
0.6875 0.981121 
0.695 0.984063 
0.6925 0.983136 
0.7 0.985772 
0.6975 0.984941 
0.705 0.987301 
0.7025 0.986558 
0.71 0.988671 
0.7075 0.988005 
0.715 0.989895 
0.7125 0.9893 
0.72 0.99099 
0.7175 0.990458 
0.725 0.991969 
0.7225 0.991494 
0.73 0.992844 
0.7275 0.992419 
0.735 0.993626 
0.7325 0.993246 
0.74 0.994323 
0.7375 0.993984 
0.745 0.994946 
0.7425 0.994644 
0.75 0.995502 
0.7475 0.995232 
0.755 0.995998 
0.7525 0.995757 
0.76 0.996441 
0.7575 0.996226 
0.765 0.996835 
0.7625 0.996644 
0.77 0.997187 
0.7675 0.997016 
0.775 0.9975 
0.7725 0.997348 
0.78 0.997779 
0.7775 0.997644 
0.785 0.998028 
0.7825 0.997907 
0.79 0.998249 
0.7875 0.998142 
0.795 0.998446 
0.7925 0.99835 
0.8 0.998621 
0.7975 0.998536 
0.805 0.998777 
0.8025 0.998702 
0.81 0.998916 
0.8075 0.998849 
0.815 0.999039 
0.8125 0.99898 
0.82 0.999149 
0.8175 0.999096 
0.825 0.999246 
0.8225 0.999199 
0.83 0.999333 
0.8275 0.999291 
0.835 0.99941 
0.8325 0.999372 
0.84 0.999478 
0.8375 0.999445 
0.845 0.999538 
0.8425 0.999509 
0.85 0.999592 
0.8475 0.999566 
0.855 0.999639 
0.8525 0.999616 
0.86 0.999682 
0.8575 0.999661 
0.865 0.999719 
0.8625 0.999701 
0.87 0.999752 
0.8675 0.999736 
0.875 0.999781 
0.8725 0.999767 
0.88 0.999807 
0.8775 0.999795 
0.885 0.99983 
0.8825 0.999819 
0.89 0.99985 
0.8875 0.99984 
0.895 0.999868 
0.8925 0.999859 
0.9 0.999884 
0.8975 0.999876 
0.905 0.999898 
0.9025 0.999891 
0.91 0.99991 
0.9075 0.999904 
0.915 0.999921 
0.9125 0.999915 
0.92 0.99993 
0.9175 0.999925 
0.925 0.999938 
0.9225 0.999934 
0.93 0.999946 
0.9275 0.999942 
0.935 0.999952 
0.9325 0.999949 
0.94 0.999957 
0.9375 0.999955 
0.945 0.999962 
0.9425 0.99996 
0.95 0.999966 
0.9475 0.999964 
0.955 0.99997 
0.9525 0.999968 
0.96 0.999973 
0.9575 0.999971 
0.965 0.999975 
0.9625 0.999974 
0.97 0.999978 
0.9675 0.999977 
0.975 0.999979 
0.9725 0.999979 
0.98 0.999981 
0.9775 0.99998 
0.985 0.999982 
0.9825 0.999981 
0.99 0.999982 
0.9875 0.999982 
0.995 0.999983 
0.9925 0.999983 
1 0.999983 
0.9975 0.999983 
1.005 0.999983 
1.0025 0.999983 
1.01 0.999982 
1.0075 0.999983 
1.015 0.999982 
1.0125 0.999982 
1.02 0.999981 
1.0175 0.999981 
1.025 0.999979 
1.0225 0.99998 
1.03 0.999978 
1.0275 0.999979 
1.035 0.999976 
1.0325 0.999977 
1.04 0.999974 
1.0375 0.999975 
1.045 0.999971 
1.0425 0.999972 
1.05 0.999968 
1.0475 0.999969 
1.055 0.999964 
1.0525 0.999966 
1.06 0.99996 
1.0575 0.999962 
1.065 0.999956 
1.0625 0.999958 
1.07 0.999951 
1.0675 0.999953 
1.075 0.999945 
1.0725 0.999948 
1.08 0.999938 
1.0775 0.999942 
1.085 0.999931 
1.0825 0.999935 
1.09 0.999923 
1.0875 0.999927 
1.095 0.999914 
1.0925 0.999919 
1.1 0.999904 
1.0975 0.999909 
1.105 0.999893 
1.1025 0.999898 
1.11 0.99988 
1.1075 0.999887 
1.115 0.999866 
1.1125 0.999873 
1.12 0.99985 
1.1175 0.999858 
1.125 0.999833 
1.1225 0.999842 
1.13 0.999814 
1.1275 0.999824 
1.135 0.999792 
1.1325 0.999803 
1.14 0.999768 
1.1375 0.999781 
1.145 0.999742 
1.1425 0.999755 
1.15 0.999712 
1.1475 0.999727 
1.155 0.999679 
1.1525 0.999696 
1.16 0.999643 
1.1575 0.999662 
1.165 0.999603 
1.1625 0.999623 
1.17 0.999558 
1.1675 0.999581 
1.175 0.999508 
1.1725 0.999534 
1.18 0.999453 
1.1775 0.999481 
1.185 0.999392 
1.1825 0.999423 
1.19 0.999325 
1.1875 0.999359 
1.195 0.99925 
1.1925 0.999288 
1.2 0.999167 
1.1975 0.999209 
1.205 0.999075 
1.2025 0.999122 
1.21 0.998973 
1.2075 0.999025 
1.215 0.99886 
1.2125 0.998918 
1.22 0.998736 
1.2175 0.9988 
1.225 0.998598 
1.2225 0.998668 
1.23 0.998445 
1.2275 0.998523 
1.235 0.998276 
1.2325 0.998363 
1.24 0.99809 
1.2375 0.998185 
1.245 0.997883 
1.2425 0.997989 
1.25 0.997655 
1.2475 0.997772 
1.255 0.997403 
1.2525 0.997532 
1.26 0.997124 
1.2575 0.997267 
1.265 0.996816 
1.2625 0.996974 
1.27 0.996476 
1.2675 0.99665 
1.275 0.9961 
1.2725 0.996292 
1.28 0.995684 
1.2775 0.995897 
1.285 0.995225 
1.2825 0.995461 
1.29 0.994719 
1.2875 0.994978 
1.295 0.994159 
1.2925 0.994446 
1.3 0.993542 
1.2975 0.993858 
1.305 0.99286 
1.3025 0.993209 
1.31 0.992108 
1.3075 0.992493 
1.315 0.991278 
1.3125 0.991703 
1.32 0.990362 
1.3175 0.990831 
1.325 0.989352 
1.3225 0.98987 
1.33 0.988239 
1.3275 0.988809 
1.335 0.987011 
1.3325 0.98764 
1.34 0.985658 
1.3375 0.986351 
1.345 0.984167 
1.3425 0.98493 
1.35 0.982524 
1.3475 0.983365 
1.355 0.980716 
1.3525 0.981642 
1.36 0.978725 
1.3575 0.979745 
1.365 0.976535 
1.3625 0.977656 
1.37 0.974127 
1.3675 0.975359 
1.375 0.971479 
1.3725 0.972834 
1.38 0.96857 
1.3775 0.970058 
1.385 0.965376 
1.3825 0.96701 
1.39 0.961872 
1.3875 0.963664 
1.395 0.95803 
1.3925 0.959995 
1.4 0.95382 
1.3975 0.955973 
1.405 0.949213 
1.4025 0.951569 
1.41 0.944175 
1.4075 0.94675 
1.415 0.938673 
1.4125 0.941484 
1.42 0.932669 
1.4175 0.935736 
1.425 0.926127 
1.4225 0.929468 
1.43 0.91901 
1.4275 0.922643 
1.435 0.911277 
1.4325 0.915223 
1.44 0.902891 
1.4375 0.907169 
1.445 0.893813 
1.4425 0.898441 
1.45 0.884005 
1.4475 0.889003 
1.455 0.873432 
1.4525 0.878816 
1.46 0.862059 
1.4575 0.867847 
1.465 0.849859 
1.4625 0.856064 
1.47 0.836806 
1.4675 0.84344 
1.475 0.822881 
1.4725 0.829953 
1.48 0.808072 
1.4775 0.815587 
1.485 0.792376 
1.4825 0.800335 
1.49 0.775798 
1.4875 0.784197 
1.495 0.758355 
1.4925 0.767183 
1.5 0.740074 
1.4975 0.749317 
1.505 0.720994 
1.5025 0.730631 
1.51 0.701168 
1.5075 0.711171 
1.515 0.680661 
1.5125 0.690995 
1.52 0.659551 
1.5175 0.670176 
1.525 0.637926 
1.5225 0.648796 
1.53 0.615887 
1.5275 0.626951 
1.535 0.593544 
1.5325 0.604746 
1.54 0.571015 
1.5375 0.582295 
1.545 0.548424 
1.5425 0.55972 
1.55 0.525898 
1.5475 0.537145 
1.555 0.503565 
1.5525 0.514699 
1.56 0.481553 
1.5575 0.492511 
1.565 0.459987 
1.5625 0.470707 
1.57 0.438986 
1.5675 0.449409 
1.575 0.418663 
1.5725 0.428733 
1.58 0.399121 
1.5775 0.408788 
1.585 0.380454 
1.5825 0.389673 
1.59 0.362749 
1.5875 0.371477 
1.595 0.346078 
1.5925 0.35428 
1.6 0.330506 
1.5975 0.338151 
1.605 0.316087 
1.6025 0.32315 
1.61 0.302867 
1.6075 0.309325 
1.615 0.290882 
1.6125 0.296718 
1.62 0.28016 
1.6175 0.285361 
1.625 0.270722 
1.6225 0.275279 
1.63 0.262585 
1.6275 0.26649 
1.635 0.255757 
1.6325 0.259007 
1.64 0.250244 
1.6375 0.252836 
1.645 0.246044 
1.6425 0.24798 
1.65 0.243153 
1.6475 0.244435 
1.655 0.241563 
1.6525 0.242196 
1.66 0.241262 
1.6575 0.241252 
1.665 0.242233 
1.6625 0.24159 
1.67 0.244459 
1.6675 0.243191 
1.675 0.247918 
1.6725 0.246036 
1.68 0.252586 
1.6775 0.250103 
1.685 0.258439 
1.6825 0.255366 
1.69 0.265449 
1.6875 0.261801 
1.695 0.273588 
1.6925 0.269379 
1.7 0.282825 
1.6975 0.278071 
1.705 0.293129 
1.7025 0.287845 
1.71 0.304467 
1.7075 0.298671 
1.715 0.316804 
1.7125 0.310513 
1.72 0.330102 
1.7175 0.323335 
1.725 0.344322 
1.7225 0.3371 
1.73 0.359419 
1.7275 0.351764 
1.735 0.375347 
1.7325 0.367282 
1.74 0.392053 
1.7375 0.383606 
1.745 0.409482 
1.7425 0.400681 
1.75 0.427571 
1.7475 0.418448 
1.755 0.446255 
1.7525 0.436843 
1.76 0.465463 
1.7575 0.455798 
1.765 0.485116 
1.7625 0.475239 
1.77 0.505135 
1.7675 0.495085 
1.775 0.525434 
1.7725 0.515255 
1.78 0.545925 
1.7775 0.535661 
1.785 0.566517 
1.7825 0.556214 
1.79 0.587119 
1.7875 0.576822 
1.795 0.607638 
1.7925 0.597394 
1.8 0.627986 
1.7975 0.617839 
1.805 0.648074 
1.8025 0.638068 
1.81 0.66782 
1.8075 0.657995 
1.815 0.687146 
1.8125 0.67754 
1.82 0.705981 
1.8175 0.696629 
1.825 0.724262 
1.8225 0.715195 
1.83 0.741933 
1.8275 0.733177 
1.835 0.758947 
1.8325 0.750525 
1.84 0.775267 
1.8375 0.767196 
1.845 0.790862 
1.8425 0.783156 
1.85 0.805713 
1.8475 0.798382 
1.855 0.819808 
1.8525 0.812856 
1.86 0.833142 
1.8575 0.826571 
1.865 0.845718 
1.8625 0.839525 
1.87 0.857545 
1.8675 0.851725 
1.875 0.868637 
1.8725 0.863182 
1.88 0.879013 
1.8775 0.873913 
1.885 0.888697 
1.8825 0.88394 
1.89 0.897714 
1.8875 0.893287 
1.895 0.906093 
1.8925 0.901981 
1.9 0.913863 
1.8975 0.910052 
1.905 0.921057 
1.9025 0.91753 
1.91 0.927706 
1.9075 0.924448 
1.915 0.933842 
1.9125 0.930836 
1.92 0.939496 
1.9175 0.936727 
1.925 0.944701 
1.9225 0.942153 
1.93 0.949484 
1.9275 0.947143 
1.935 0.953877 
1.9325 0.951728 
1.94 0.957907 
1.9375 0.955936 
1.945 0.961601 
1.9425 0.959794 
1.95 0.964983 
1.9475 0.963329 
1.955 0.968078 
1.9525 0.966565 
1.96 0.970909 
1.9575 0.969525 
1.965 0.973496 
1.9625 0.972231 
1.97 0.975858 
1.9675 0.974704 
1.975 0.978015 
1.9725 0.976962 
1.98 0.979984 
1.9775 0.979022 
1.985 0.981779 
1.9825 0.980902 
1.99 0.983416 
1.9875 0.982617 
1.995 0.984908 
1.9925 0.98418 
2 0.986268 
1.9975 0.985604 
2.005 0.987507 
2.0025 0.986902 
2.01 0.988635 
2.0075 0.988084 
2.015 0.989662 
2.0125 0.98916 
2.02 0.990597 
2.0175 0.99014 
2.025 0.991448 
2.0225 0.991032 
2.03 0.992222 
2.0275 0.991844 
2.035 0.992927 
2.0325 0.992583 
2.04 0.993568 
2.0375 0.993255 
2.045 0.994151 
2.0425 0.993867 
2.05 0.994682 
2.0475 0.994423 
2.055 0.995164 
2.0525 0.994929 
2.06 0.995603 
2.0575 0.995389 
2.065 0.996002 
2.0625 0.995807 
2.07 0.996365 
2.0675 0.996188 
2.075 0.996695 
2.0725 0.996534 
2.08 0.996994 
2.0775 0.996848 
2.085 0.997267 
2.0825 0.997134 
2.09 0.997514 
2.0875 0.997394 
2.095 0.997739 
2.0925 0.99763 
2.1 0.997944 
2.0975 0.997844 
2.105 0.998129 
2.1025 0.998039 
2.11 0.998298 
2.1075 0.998216 
2.115 0.998451 
2.1125 0.998376 
2.12 0.99859 
2.1175 0.998522 
2.125 0.998716 
2.1225 0.998655 
2.13 0.99883 
2.1275 0.998775 
2.135 0.998934 
2.1325 0.998884 
2.14 0.999028 
2.1375 0.998982 
2.145 0.999113 
2.1425 0.999071 
2.15 0.99919 
2.1475 0.999152 
2.155 0.999259 
2.1525 0.999225 
2.16 0.999321 
2.1575 0.999291 
2.165 0.999378 
2.1625 0.99935 
2.17 0.999428 
2.1675 0.999404 
2.175 0.999474 
2.1725 0.999452 
2.18 0.999514 
2.1775 0.999495 
2.185 0.99955 
2.1825 0.999533 
2.19 0.999582 
2.1875 0.999567 
2.195 0.99961 
2.1925 0.999597 
2.2 0.999635 
2.1975 0.999623 
2.205 0.999656 
2.2025 0.999646 
2.21 0.999674 
2.2075 0.999666 
2.215 0.99969 
2.2125 0.999682 
2.22 0.999702 
2.2175 0.999696 
2.225 0.999713 
2.2225 0.999708 
2.23 0.99972 
2.2275 0.999717 
2.235 0.999726 
2.2325 0.999723 
2.24 0.999729 
2.2375 0.999727 
2.245 0.99973 
2.2425 0.999729 
2.25 0.999729 
2.2475 0.99973 
2.255 0.999726 
2.2525 0.999727 
2.26 0.999721 
2.2575 0.999724 
2.265 0.999714 
2.2625 0.999718 
2.27 0.999705 
2.2675 0.99971 
2.275 0.999695 
2.2725 0.9997 
2.28 0.999683 
2.2775 0.999689 
2.285 0.999668 
2.2825 0.999676 
2.29 0.999653 
2.2875 0.999661 
2.295 0.999635 
2.2925 0.999644 
2.3 0.999615 
2.2975 0.999625 
2.305 0.999594 
2.3025 0.999605 
2.31 0.999571 
2.3075 0.999583 
2.315 0.999546 
2.3125 0.999558 
2.32 0.999519 
2.3175 0.999532 
2.325 0.99949 
2.3225 0.999505 
2.33 0.999459 
2.3275 0.999475 
2.335 0.999427 
2.3325 0.999443 
2.34 0.999392 
2.3375 0.999409 
2.345 0.999355 
2.3425 0.999374 
2.35 0.999316 
2.3475 0.999336 
2.355 0.999275 
2.3525 0.999296 
2.36 0.999232 
2.3575 0.999254 
2.365 0.999187 
2.3625 0.99921 
2.37 0.999139 
2.3675 0.999164 
2.375 0.99909 
2.3725 0.999115 
2.38 0.999037 
2.3775 0.999064 
2.385 0.998983 
2.3825 0.99901 
2.39 0.998925 
2.3875 0.998954 
2.395 0.998865 
2.3925 0.998896 
2.4 0.998803 
2.3975 0.998834 
2.405 0.998737 
2.4025 0.99877 
2.41 0.998669 
2.4075 0.998703 
2.415 0.998598 
2.4125 0.998634 
2.42 0.998523 
2.4175 0.998561 
2.425 0.998445 
2.4225 0.998485 
2.43 0.998364 
2.4275 0.998405 
2.435 0.998279 
2.4325 0.998322 
2.44 0.998191 
2.4375 0.998235 
2.445 0.998098 
2.4425 0.998145 
2.45 0.998001 
2.4475 0.99805 
2.455 0.9979 
2.4525 0.997951 
2.46 0.997793 
2.4575 0.997847 
2.465 0.997682 
2.4625 0.997738 
2.47 0.997566 
2.4675 0.997625 
2.475 0.997443 
2.4725 0.997505 
2.48 0.997315 
2.4775 0.99738 
2.485 0.997179 
2.4825 0.997248 
2.49 0.997037 
2.4875 0.997109 
2.495 0.996887 
2.4925 0.996963 
2.5 0.996728 
2.4975 0.996809 
2.505 0.996561 
2.5025 0.996646 
2.51 0.996384 
2.5075 0.996474 
2.515 0.996196 
2.5125 0.996291 
2.52 0.995997 
2.5175 0.996098 
2.525 0.995786 
2.5225 0.995893 
2.53 0.995561 
2.5275 0.995675 
2.535 0.995322 
2.5325 0.995444 
2.54 0.995068 
2.5375 0.995197 
2.545 0.994796 
2.5425 0.994934 
2.55 0.994506 
2.5475 0.994653 
2.555 0.994195 
2.5525 0.994353 
2.56 0.993863 
2.5575 0.994032 
2.565 0.993507 
2.5625 0.993688 
2.57 0.993125 
2.5675 0.993319 
2.575 0.992715 
2.5725 0.992924 
2.58 0.992275 
2.5775 0.992499 
2.585 0.991802 
2.5825 0.992043 
2.59 0.991292 
2.5875 0.991552 
2.595 0.990744 
2.5925 0.991023 
2.6 0.990153 
2.5975 0.990454 
2.605 0.989517 
2.6025 0.989841 
2.61 0.98883 
2.6075 0.98918 
2.615 0.98809 
2.6125 0.988467 
2.62 0.987291 
2.6175 0.987698 
2.625 0.986428 
2.6225 0.986867 
2.63 0.985496 
2.6275 0.985971 
2.635 0.984489 
2.6325 0.985002 
2.64 0.983401 
2.6375 0.983956 
2.645 0.982226 
2.6425 0.982825 
2.65 0.980956 
2.6475 0.981603 
2.655 0.979582 
2.6525 0.980282 
2.66 0.978098 
2.6575 0.978855 
2.665 0.976494 
2.6625 0.977312 
2.67 0.97476 
2.6675 0.975644 
2.675 0.972885 
2.6725 0.973841 
2.68 0.97086 
2.6775 0.971892 
2.685 0.968671 
2.6825 0.969786 
2.69 0.966306 
2.6875 0.967511 
2.695 0.963751 
2.6925 0.965053 
2.7 0.960993 
2.6975 0.962398 
2.705 0.958015 
2.7025 0.959532 
2.71 0.954801 
2.7075 0.956438 
2.715 0.951334 
2.7125 0.9531 
2.72 0.947595 
2.7175 0.9495 
2.725 0.943566 
2.7225 0.945618 
2.73 0.939225 
2.7275 0.941436 
2.735 0.934552 
2.7325 0.936932 
2.74 0.929524 
2.7375 0.932084 
2.745 0.924118 
2.7425 0.92687 
2.75 0.91831 
2.7475 0.921266 
2.755 0.912074 
2.7525 0.915247 
2.76 0.905386 
2.7575 0.908788 
2.765 0.89822 
2.7625 0.901864 
2.77 0.890548 
2.7675 0.894449 
2.775 0.882345 
2.7725 0.886515 
2.78 0.873585 
2.7775 0.878036 
2.785 0.86424 
2.7825 0.868987 
2.79 0.854287 
2.7875 0.859341 
2.795 0.8437 
2.7925 0.849074 
2.8 0.832458 
2.7975 0.838162 
2.805 0.820539 
2.8025 0.826584 
2.81 0.807925 
2.8075 0.81432 
2.815 0.794602 
2.8125 0.801353 
2.82 0.780557 
2.8175 0.78767 
2.825 0.765784 
2.8225 0.773262 
2.83 0.75028 
2.8275 0.758123 
2.835 0.734047 
2.8325 0.742254 
2.84 0.717094 
2.8375 0.72566 
2.845 0.699437 
2.8425 0.708353 
2.85 0.681099 
2.8475 0.690352 
2.855 0.662108 
2.8525 0.671683 
2.86 0.642502 
2.8575 0.652379 
2.865 0.622326 
2.8625 0.632482 
2.87 0.601633 
2.8675 0.61204 
2.875 0.580482 
2.8725 0.59111 
2.88 0.558941 
2.8775 0.569756 
2.885 0.537082 
2.8825 0.548046 
2.89 0.514985 
2.8875 0.526058 
2.895 0.492733 
2.8925 0.503873 
2.9 0.470411 
2.8975 0.481575 
2.905 0.448108 
2.9025 0.459252 
2.91 0.425912 
2.9075 0.436991 
2.915 0.403912 
2.9125 0.414882 
2.92 0.382191 
2.9175 0.393011 
2.925 0.360831 
2.9225 0.371461 
2.93 0.339908 
2.9275 0.35031 
2.935 0.319493 
2.9325 0.329633 
2.94 0.299648 
2.9375 0.309495 
2.945 0.280429 
2.9425 0.289957 
2.95 0.261883 
2.9475 0.271069 
2.955 0.244048 
2.9525 0.252875 
2.96 0.226957 
2.9575 0.235408 
2.965 0.21063 
2.9625 0.218696 
2.97 0.195082 
2.9675 0.202758 
2.975 0.18032 
2.9725 0.187602 
2.98 0.166345 
2.9775 0.173234 
2.985 0.153151 
2.9825 0.159651 
2.99 0.140727 
2.9875 0.146844 
2.995 0.129056 
2.9925 0.134798 
3 0.11812 
2.9975 0.123498 
3.005 0.107895 
3.0025 0.11292 
3.01 0.0983565 
3.0075 0.103042 
3.015 0.0894762 
3.0125 0.0938358 
3.02 0.0812259 
3.0175 0.0852741 
3.025 0.0735762 
3.0225 0.0773278 
3.03 0.0664975 
3.0275 0.0699673 
3.035 0.05996 
3.0325 0.0631629 
3.04 0.0539345 
3.0375 0.056885 
3.045 0.0483922 
3.0425 0.0511047 
3.05 0.0433054 
3.0475 0.0457936 
3.055 0.0386471 
3.0525 0.0409243 
3.06 0.0343914 
3.0575 0.0364705 
3.065 0.0305136 
3.0625 0.0324068 
3.07 0.0269898 
3.0675 0.0287089 
3.075 0.0237974 
3.0725 0.0253536 
3.08 0.0209143 
3.0775 0.0223185 
3.085 0.0183197 
3.0825 0.0195822 
3.09 0.0159932 
3.0875 0.0171242 
3.095 0.0139152 
3.0925 0.0149244 
3.1 0.0120667 
3.0975 0.0129635 
3.105 0.0104292 
3.1025 0.0112227 
3.11 0.00898483 
3.1075 0.00968398 
3.115 0.00771625 
3.1125 0.00832962 
3.12 0.00660683 
3.1175 0.00714266 
3.125 0.00564068 
3.1225 0.00610681 
3.13 0.0048027 
3.1275 0.00520657 
3.135 0.00407873 
3.1325 0.00442731 
3.14 0.00345557 
3.1375 0.00375533 
3.145 0.00292105 
3.1425 0.00317795 
3.15 0.00246405 
3.1475 0.00268351 
3.155 0.0020745 
3.1525 0.00226143 
3.16 0.00174338 
3.1575 0.00190216 
3.165 0.00146264 
3.1625 0.00159717 
3.17 0.00122517 
3.1675 0.0013389 
3.175 0.00102474 
3.1725 0.00112068 
3.18 0.000855909 
3.1775 0.000936685 
3.185 0.000713955 
3.1825 0.000781841 
3.19 0.000594801 
3.1875 0.000651759 
3.195 0.000494942 
3.1925 0.000542658 
3.2 0.000411376 
3.1975 0.000451292 
3.205 0.000341542 
3.2025 0.000374887 
3.21 0.000283258 
3.2075 0.000311079 
3.215 0.000234674 
3.2125 0.000257857 
3.22 0.000194224 
3.2175 0.000213521 
3.225 0.000160585 
3.2225 0.000176627 
3.23 0.000132639 
3.2275 0.000145963 
3.235 0.000109449 
3.2325 0.000120502 
3.24 9.02254e-05 
3.2375 9.93856e-05 
3.245 7.43057e-05 
3.2425 8.18894e-05 
3.25 6.11355e-05 
3.2475 6.74078e-05 
3.255 5.0251e-05 
3.2525 5.54334e-05 
3.26 4.12643e-05 
3.2575 4.55419e-05 
3.265 3.38518e-05 
3.2625 3.73792e-05 
3.27 2.77439e-05 
3.2675 3.06498e-05 
3.275 2.27159e-05 
3.2725 2.51074e-05 
3.28 1.85808e-05 
3.2775 2.05471e-05 
3.285 1.51836e-05 
3.2825 1.67986e-05 
3.29 1.23952e-05 
3.2875 1.37204e-05 
3.295 1.01088e-05 
3.2925 1.11952e-05 
3.3 8.23595e-06 
3.2975 9.12559e-06 
3.305 6.70334e-06 
3.3025 7.43116e-06 
3.31 5.45043e-06 
3.3075 6.04527e-06 
3.315 4.4272e-06 
3.3125 4.91286e-06 
3.32 3.5924e-06 
3.3175 3.98852e-06 
3.325 2.91202e-06 
3.3225 3.23478e-06 
3.33 2.35807e-06 
3.3275 2.62078e-06 
3.335 1.90751e-06 
3.3325 2.12113e-06 
3.34 1.54144e-06 
3.3375 1.71496e-06 
3.345 1.24432e-06 
3.3425 1.38511e-06 
3.35 1.00341e-06 
3.3475 1.11754e-06 
3.355 8.08288e-07 
3.3525 9.00698e-07 
3.36 6.50418e-07 
3.3575 7.25165e-07 
3.365 5.22825e-07 
3.3625 5.83219e-07 
3.37 4.19811e-07 
3.3675 4.68557e-07 
3.375 3.36732e-07 
3.3725 3.76034e-07 
3.38 2.69802e-07 
3.3775 3.01455e-07 
3.385 2.15941e-07 
3.3825 2.41406e-07 
3.39 1.72644e-07 
3.3875 1.93109e-07 
3.395 1.37877e-07 
3.3925 1.54305e-07 
3.4 1.09991e-07 
3.3975 1.23164e-07 
3.405 8.76487e-08 
3.4025 9.81999e-08 
3.41 6.97675e-08 
3.4075 7.82094e-08 
3.415 5.54727e-08 
3.4125 6.22194e-08 
3.42 4.40578e-08 
3.4175 4.94437e-08 
3.425 3.49529e-08 
3.4225 3.92476e-08 
3.43 2.76985e-08 
3.4275 3.11193e-08 
3.435 2.19252e-08 
3.4325 2.46468e-08 
3.44 1.73358e-08 
3.4375 1.94986e-08 
3.445 1.36916e-08 
3.4425 1.54085e-08 
3.45 1.08012e-08 
3.4475 1.21626e-08 
3.455 8.51143e-09 
3.4525 9.58957e-09 
3.46 6.69944e-09 
3.4575 7.55234e-09 
3.465 5.26721e-09 
3.4625 5.94115e-09 
3.47 4.13646e-09 
3.4675 4.66838e-09 
3.475 3.24475e-09 
3.4725 3.6641e-09 
3.48 2.54237e-09 
3.4775 2.87258e-09 
3.485 1.98975e-09 
3.4825 2.24947e-09 
3.49 1.55546e-09 
3.4875 1.7595e-09 
3.495 1.21457e-09 
3.4925 1.37468e-09 
3.5 9.47297e-10 
3.4975 1.07279e-09 
3.505 7.3799e-10 
3.5025 8.36238e-10 
3.51 5.74267e-10 
3.5075 6.51094e-10 
3.515 4.4635e-10 
3.5125 5.06357e-10 
3.52 3.46526e-10 
3.5175 3.9334e-10 
3.525 2.68717e-10 
3.5225 3.05195e-10 
3.53 2.08137e-10 
3.5275 2.36529e-10 
3.535 1.61028e-10 
3.5325 1.831e-10 
3.54 1.24438e-10 
3.5375 1.41576e-10 
3.545 9.60499e-11 
3.5425 1.09342e-10 
3.55 7.40522e-11 
3.5475 8.43489e-11 
3.555 5.70262e-11 
3.5525 6.49932e-11 
3.56 4.38637e-11 
3.5575 5.0021e-11 
3.565 3.37002e-11 
3.5625 3.84531e-11 
3.57 2.58615e-11 
3.5675 2.9526e-11 
3.575 1.9823e-11 
3.5725 2.2645e-11 
3.58 1.51768e-11 
3.5775 1.73475e-11 
3.585 1.1606e-11 
3.5825 1.32737e-11 
3.59 8.86505e-12 
3.5875 1.01448e-11 
3.595 6.76353e-12 
3.5925 7.74443e-12 
3.6 5.15418e-12 
3.5975 5.90512e-12 
3.605 3.92319e-12 
3.6025 4.4974e-12 
3.61 2.98273e-12 
3.6075 3.42128e-12 
3.615 2.26507e-12 
3.6125 2.59962e-12 
3.62 1.71808e-12 
3.6175 1.97299e-12 
3.625 1.30167e-12 
3.6225 1.49566e-12 
3.63 9.85029e-13 
3.6275 1.13249e-12 
3.635 7.44549e-13 
3.6325 8.56511e-13 
3.64 5.62123e-13 
3.6375 6.4703e-13 
3.645 4.23901e-13 
3.6425 4.88214e-13 
3.65 3.19295e-13 
3.6475 3.67951e-13 
3.655 2.40223e-13 
3.6525 2.7699e-13 
3.66 1.80523e-13 
3.6575 2.08274e-13 
3.665 1.35502e-13 
3.6625 1.56423e-13 
3.67 1.0159e-13 
3.6675 1.17344e-13 
3.675 7.60775e-14 
3.6725 8.79257e-14 
3.68 5.69058e-14 
3.6775 6.58064e-14 
3.685 4.25161e-14 
3.6825 4.91945e-14 
3.69 3.17283e-14 
3.6875 3.67334e-14 
3.695 2.36503e-14 
3.6925 2.7397e-14 
3.7 1.76086e-14 
3.6975 2.041e-14 
3.705 1.30952e-14 
3.7025 1.51873e-14 
3.71 9.72742e-15 
3.7075 1.1288e-14 
3.715 7.21742e-15 
3.7125 8.38013e-15 
3.72 5.34891e-15 
3.7175 6.21419e-15 
3.725 3.95959e-15 
3.7225 4.60276e-15 
3.73 2.92776e-15 
3.7275 3.40528e-15 
3.735 2.16233e-15 
3.7325 2.51645e-15 
3.74 1.59518e-15 
3.7375 1.85749e-15 
3.745 1.17544e-15 
3.7425 1.36951e-15 
3.75 8.65163e-16 
3.7475 1.00858e-15 
3.755 6.36061e-16 
3.7525 7.41922e-16 
3.76 4.67095e-16 
3.7575 5.45144e-16 
3.765 3.42624e-16 
3.7625 4.00102e-16 
3.77 2.51038e-16 
3.7675 2.93318e-16 
3.775 1.83725e-16 
3.7725 2.1479e-16 
3.78 1.34311e-16 
3.7775 1.57108e-16 
3.785 9.80761e-17 
3.7825 1.14788e-16 
3.79 7.15368e-17 
3.7875 8.37731e-17 
3.795 5.21208e-17 
3.7925 6.10701e-17 
3.8 3.79324e-17 
3.7975 4.44702e-17 
3.805 2.75759e-17 
3.8025 3.23465e-17 
3.81 2.00249e-17 
3.8075 2.35021e-17 
3.815 1.45256e-17 
3.8125 1.70573e-17 
3.82 1.05251e-17 
3.8175 1.23662e-17 
3.825 7.61816e-18 
3.8225 8.9556e-18 
3.83 5.50818e-18 
3.8275 6.47865e-18 
3.835 3.97836e-18 
3.8325 4.68178e-18 
3.84 2.8704e-18 
3.8375 3.37969e-18 
3.845 2.06885e-18 
3.8425 2.43719e-18 
3.85 1.4896e-18 
3.8475 1.75571e-18 
3.855 1.07145e-18 
3.8525 1.26349e-18 
3.86 7.69909e-19 
3.8575 9.08356e-19 
3.865 5.52692e-19 
3.8625 6.52396e-19 
3.87 3.96381e-19 
3.8675 4.68109e-19 
3.875 2.84012e-19 
3.8725 3.35561e-19 
3.88 2.03315e-19 
3.8775 2.40325e-19 
3.885 1.45419e-19 
3.8825 1.71965e-19 
3.89 1.03923e-19 
3.8875 1.22944e-19 
3.895 7.42082e-20 
3.8925 8.78254e-20 
3.9 5.295e-20 
3.8975 6.26896e-20 
3.905 3.77551e-20 
3.9025 4.47151e-20 
3.91 2.69032e-20 
3.9075 3.18728e-20 
3.915 1.91594e-20 
3.9125 2.27049e-20 
3.92 1.36376e-20 
3.9175 1.61652e-20 
3.925 9.70315e-21 
3.9225 1.15039e-20 
3.93 6.90151e-21 
3.9275 8.18353e-21 
3.935 4.90771e-21 
3.9325 5.81993e-21 
3.94 3.48954e-21 
3.9375 4.13831e-21 
3.945 2.48125e-21 
3.9425 2.94246e-21 
3.95 1.76462e-21 
3.9475 2.0924e-21 
3.955 1.25539e-21 
3.9525 1.4883e-21 
3.96 8.93589e-22 
3.9575 1.05906e-21 
3.965 6.36518e-22 
3.9625 7.54095e-22 
3.97 4.53832e-22 
3.9675 5.37393e-22 
3.975 3.23962e-22 
3.9725 3.83372e-22 
3.98 2.3159e-22 
3.9775 2.73853e-22 
3.985 1.6584e-22 
3.9825 1.9593e-22 
3.99 1.18994e-22 
3.9875 1.40439e-22 
3.995 8.55781e-23 
3.9925 1.00881e-22 
4 6.17062e-23 
3.9975 7.26429e-23 
4.005 4.4623e-23 
4.0025 5.24535e-23 
4.01 3.23729e-23 
4.0075 3.79914e-23 
4.015 2.35679e-23 
4.0125 2.7609e-23 
4.02 1.72224e-23 
4.0175 2.0137e-23 
4.025 1.26358e-23 
4.0225 1.47443e-23 
4.03 9.3097e-24 
4.0275 1.08401e-23 
4.035 6.88903e-24 
4.0325 8.00396e-24 
4.04 5.12055e-24 
4.0375 5.93596e-24 
4.045 3.82326e-24 
4.0425 4.42209e-24 
4.05 2.86753e-24 
4.0475 3.30922e-24 
4.055 2.16031e-24 
4.0525 2.48754e-24 
4.06 1.63458e-24 
4.0575 1.87814e-24 
4.065 1.24198e-24 
4.0625 1.42409e-24 
4.07 9.47438e-25 
4.0675 1.08423e-24 
4.075 7.25466e-25 
4.0725 8.28678e-25 
4.08 5.57443e-25 
4.0775 6.3566e-25 
4.085 4.29717e-25 
4.0825 4.89241e-25 
4.09 3.32229e-25 
4.0875 3.77709e-25 
4.095 2.57539e-25 
4.0925 2.92417e-25 
4.1 2.00112e-25 
4.0975 2.26953e-25 
4.105 1.55816e-25 
4.1025 1.76537e-25 
4.11 1.21546e-25 
4.1075 1.37589e-25 
4.115 9.49623e-26 
4.1125 1.07415e-25 
4.12 7.42924e-26 
4.1175 8.39808e-26 
4.125 5.81869e-26 
4.1225 6.57398e-26 
4.13 4.56151e-26 
4.1275 5.15135e-26 
4.135 3.57862e-26 
4.1325 4.03994e-26 
4.14 2.80915e-26 
4.1375 3.17042e-26 
4.145 2.20609e-26 
4.1425 2.48931e-26 
4.15 1.73302e-26 
4.1475 1.95523e-26 
4.155 1.36164e-26 
4.1525 1.53612e-26 
4.16 1.06993e-26 
4.1575 1.207e-26 
4.165 8.40705e-27 
4.1625 9.48423e-27 
4.17 6.60523e-27 
4.1675 7.452e-27 
4.175 5.18869e-27 
4.1725 5.85442e-27 
4.18 4.07497e-27 
4.1775 4.59838e-27 
4.185 3.19935e-27 
4.1825 3.61085e-27 
4.19 2.511e-27 
4.1875 2.83448e-27 
4.195 1.96997e-27 
4.1925 2.22421e-27 
4.2 1.54484e-27 
4.1975 1.7446e-27 
4.205 1.21088e-27 
4.2025 1.36779e-27 
4.21 9.48639e-28 
4.2075 1.07184e-27 
4.215 7.42789e-28 
4.2125 8.39484e-28 
4.22 5.8128e-28 
4.2175 6.57137e-28 
4.225 4.54622e-28 
4.2225 5.14103e-28 
4.23 3.55345e-28 
4.2275 4.0196e-28 
4.235 2.77572e-28 
4.2325 3.14085e-28 
4.24 2.16681e-28 
4.2375 2.45264e-28 
4.245 1.69035e-28 
4.2425 1.91396e-28 
4.25 1.31775e-28 
4.2475 1.49259e-28 
4.255 1.02658e-28 
4.2525 1.16319e-28 
4.26 7.99172e-29 
4.2575 9.05845e-29 
4.265 6.21692e-29 
4.2625 7.04931e-29 
4.27 4.83272e-29 
4.2675 5.48179e-29 
4.275 3.75391e-29 
4.2725 4.25968e-29 
4.28 2.91372e-29 
4.2775 3.30755e-29 
4.285 2.25985e-29 
4.2825 2.56628e-29 
4.29 1.75135e-29 
4.2875 1.98961e-29 
4.295 1.35621e-29 
4.2925 1.54132e-29 
4.3 1.04939e-29 
4.2975 1.19309e-29 
4.305 8.11331e-30 
4.3025 9.22806e-30 
4.31 6.26769e-30 
4.3075 7.13175e-30 
4.315 4.83796e-30 
4.3125 5.50717e-30 
4.32 3.73129e-30 
4.3175 4.24917e-30 
4.325 2.87537e-30 
4.3225 3.27582e-30 
4.33 2.21393e-30 
4.3275 2.52333e-30 
4.335 1.70321e-30 
4.3325 1.94205e-30 
4.34 1.30919e-30 
4.3375 1.49341e-30 
4.345 1.00545e-30 
4.3425 1.14743e-30 
4.35 7.71522e-31 
4.3475 8.80849e-31 
4.355 5.91502e-31 
4.3525 6.75613e-31 
4.36 4.53089e-31 
4.3575 5.17745e-31 
4.365 3.46759e-31 
4.3625 3.96417e-31 
4.37 2.65148e-31 
4.3675 3.03253e-31 
4.375 2.02563e-31 
4.3725 2.31778e-31 
4.38 1.54612e-31 
4.3775 1.76991e-31 
4.385 1.17906e-31 
4.3825 1.35032e-31 
4.39 8.98326e-32 
4.3875 1.02928e-31 
4.395 6.83812e-32 
4.3925 7.83852e-32 
4.4 5.20047e-32 
4.3975 5.96401e-32 
4.405 3.95137e-32 
4.4025 4.53361e-32 
4.41 2.99953e-32 
4.4075 3.4431e-32 
4.415 2.27486e-32 
4.4125 2.61248e-32 
4.42 1.72366e-32 
4.4175 1.9804e-32 
4.425 1.3048e-32 
4.4225 1.49985e-32 
4.43 9.86794e-33 
4.4275 1.13484e-32 
4.435 7.4559e-33 
4.4325 8.57854e-33 
4.44 5.62812e-33 
4.4375 6.47861e-33 
4.445 4.24438e-33 
4.4425 4.88809e-33 
4.45 3.19779e-33 
4.4475 3.68453e-33 
4.455 2.40698e-33 
4.4525 2.77467e-33 
4.46 1.80999e-33 
4.4575 2.08749e-33 
4.465 1.35977e-33 
4.4625 1.56899e-33 
4.47 1.02055e-33 
4.4675 1.17815e-33 
4.475 7.65209e-34 
4.4725 8.83807e-34 
4.48 5.73201e-34 
4.4775 6.62361e-34 
4.485 4.28954e-34 
4.4825 4.95918e-34 
4.49 3.20694e-34 
4.4875 3.70939e-34 
4.495 2.39523e-34 
4.4925 2.77185e-34 
4.5 1.78721e-34 
4.4975 2.06925e-34 
4.505 1.33223e-34 
4.5025 1.54323e-34 
4.51 9.92099e-35 
4.5075 1.14979e-34 
4.515 7.38077e-35 
4.5125 8.55816e-35 
4.52 5.48554e-35 
4.5175 6.36374e-35 
4.525 4.07292e-35 
4.5225 4.72732e-35 
4.53 3.02108e-35 
4.5275 3.50822e-35 
4.535 2.23865e-35 
4.5325 2.60091e-35 
4.54 1.65721e-35 
4.5375 1.92634e-35 
4.545 1.22556e-35 
4.5425 1.42531e-35 
4.55 9.05436e-36 
4.5475 1.05353e-35 
4.555 6.68261e-36 
4.5525 7.77955e-36 
4.56 4.92719e-36 
4.5575 5.73885e-36 
4.565 3.62924e-36 
4.5625 4.22922e-36 
4.57 2.67052e-36 
4.5675 3.11357e-36 
4.575 1.96308e-36 
4.5725 2.28991e-36 
4.58 1.44159e-36 
4.5775 1.68245e-36 
4.585 1.05757e-36 
4.5825 1.23489e-36 
4.59 7.75059e-37 
4.5875 9.0547e-37 
4.595 5.67443e-37 
4.5925 6.63256e-37 
4.6 4.1502e-37 
4.5975 4.85343e-37 
4.605 3.03233e-37 
4.6025 3.54793e-37 
4.61 2.21331e-37 
4.6075 2.59097e-37 
4.615 1.61386e-37 
4.6125 1.8902e-37 
4.62 1.17557e-37 
4.6175 1.37756e-37 
4.625 8.55439e-38 
4.6225 1.00293e-37 
4.63 6.21852e-38 
4.6275 7.29443e-38 
4.635 4.51588e-38 
4.6325 5.2999e-38 
4.64 3.27608e-38 
4.6375 3.84682e-38 
4.645 2.37423e-38 
4.6425 2.78928e-38 
4.65 1.71889e-38 
4.6475 2.02041e-38 
4.655 1.24316e-38 
4.6525 1.46198e-38 
4.66 8.98183e-39 
4.6575 1.05682e-38 
4.665 6.48271e-39 
4.6625 7.63157e-39 
4.67 4.67416e-39 
4.6675 5.50533e-39 
4.675 3.36671e-39 
4.6725 3.96742e-39 
4.68 2.4225e-39 
4.6775 2.85619e-39 
4.685 1.7413e-39 
4.6825 2.0541e-39 
4.69 1.25038e-39 
4.6875 1.47574e-39 
4.695 8.96934e-40 
4.6925 1.05914e-39 
4.7 6.42739e-40 
4.6975 7.59365e-40 
4.705 4.60112e-40 
4.7025 5.43879e-40 
4.71 3.29037e-40 
4.7075 3.89141e-40 
4.715 2.35061e-40 
4.7125 2.78142e-40 
4.72 1.67753e-40 
4.7175 1.986e-40 
4.725 1.19595e-40 
4.7225 1.41659e-40 
4.73 8.51746e-41 
4.7275 1.0094e-40 
4.735 6.05983e-41 
4.7325 7.18519e-41 
4.74 4.30689e-41 
4.7375 5.10934e-41 
4.745 3.05788e-41 
4.7425 3.62948e-41 
4.75 2.16885e-41 
4.7475 2.5756e-41 
4.755 1.53672e-41 
4.7525 1.82585e-41 
4.76 1.0877e-41 
4.7575 1.29302e-41 
4.765 7.69094e-42 
4.7625 9.14739e-42 
4.77 5.43253e-42 
4.7675 6.46463e-42 
4.775 3.83335e-42 
4.7725 4.56397e-42 
4.78 2.70214e-42 
4.7775 3.21881e-42 
4.785 1.90279e-42 
4.7825 2.26778e-42 
4.79 1.33853e-42 
4.7875 1.5961e-42 
4.795 9.40624e-43 
4.7925 1.12221e-42 
4.8 6.60327e-43 
4.7975 7.88206e-43 
4.805 4.63079e-43 
4.8025 5.53043e-43 
4.81 3.24418e-43 
4.8075 3.87643e-43 
4.815 2.27043e-43 
4.8125 2.71431e-43 
4.82 1.58733e-43 
4.8175 1.89863e-43 
4.825 1.10861e-43 
4.8225 1.3267e-43 
4.83 7.73468e-44 
4.8275 9.26108e-44 
4.835 5.3909e-44 
4.8325 6.45808e-44 
4.84 3.75348e-44 
4.8375 4.49883e-44 
4.845 2.61073e-44 
4.8425 3.13076e-44 
4.85 1.81403e-44 
4.8475 2.17648e-44 
4.855 1.25916e-44 
4.8525 1.51152e-44 
4.86 8.73115e-45 
4.8575 1.04864e-44 
4.865 6.04808e-45 
4.8625 7.26768e-45 
4.87 4.18522e-45 
4.8675 5.03175e-45 
4.875 2.89317e-45 
4.8725 3.48015e-45 
4.88 1.99795e-45 
4.8775 2.40454e-45 
4.885 1.37833e-45 
4.8825 1.65966e-45 
4.89 9.49893e-46 
4.8875 1.14437e-45 
4.895 6.53962e-46 
4.8925 7.88251e-46 
4.9 4.49766e-46 
4.8975 5.42402e-46 
4.905 3.09013e-46 
4.9025 3.72849e-46 
4.91 2.12092e-46 
4.9075 2.56036e-46 
4.915 1.45421e-46 
4.9125 1.75641e-46 
4.92 9.96067e-47 
4.9175 1.20367e-46 
4.925 6.81565e-47 
4.9225 8.24041e-47 
4.93 4.65892e-47 
4.9275 5.63569e-47 
4.935 3.18145e-47 
4.9325 3.85039e-47 
4.94 2.17037e-47 
4.9375 2.62801e-47 
4.945 1.47918e-47 
4.9425 1.79194e-47 
4.95 1.00719e-47 
4.9475 1.2207e-47 
4.955 6.85282e-48 
4.9525 8.3085e-48 
4.96 4.66034e-48 
4.9575 5.65135e-48 
4.965 3.16982e-48 
4.9625 3.84313e-48 
4.97 2.15939e-48 
4.9675 2.61537e-48 
4.975 1.47784e-48 
4.9725 1.78483e-48 
4.98 1.02268e-48 
4.9775 1.2269e-48 
4.985 7.25121e-49 
4.9825 8.57473e-49 
4.99 5.40013e-49 
4.9875 6.20603e-49 
4.995 4.39165e-49 
4.9925 4.80277e-49 
5 4.07179e-49 
4.9975 4.15095e-49 
