0 7.85548e-06 
0.005 7.93212e-06 
0.0025 7.87462e-06 
0.01 8.16336e-06 
0.0075 8.02823e-06 
0.015 8.5531e-06 
0.0125 8.33807e-06 
0.02 9.10794e-06 
0.0175 8.80937e-06 
0.025 9.83722e-06 
0.0225 9.45008e-06 
0.03 1.07532e-05 
0.0275 1.0271e-05 
0.035 1.18713e-05 
0.0325 1.12859e-05 
0.04 1.32101e-05 
0.0375 1.25118e-05 
0.045 1.47918e-05 
0.0425 1.3969e-05 
0.05 1.66426e-05 
0.0475 1.56818e-05 
0.055 1.8793e-05 
0.0525 1.76783e-05 
0.06 2.1278e-05 
0.0575 1.99913e-05 
0.065 2.4138e-05 
0.0625 2.26584e-05 
0.07 2.74192e-05 
0.0675 2.57228e-05 
0.075 3.11741e-05 
0.0725 2.92338e-05 
0.08 3.54625e-05 
0.0775 3.32475e-05 
0.085 4.03522e-05 
0.0825 3.78276e-05 
0.09 4.59201e-05 
0.0875 4.30462e-05 
0.095 5.22529e-05 
0.0925 4.8985e-05 
0.1 5.94487e-05 
0.0975 5.57363e-05 
0.105 6.76182e-05 
0.1025 6.34043e-05 
0.11 7.68861e-05 
0.1075 7.21065e-05 
0.115 8.73932e-05 
0.1125 8.19753e-05 
0.12 9.92975e-05 
0.1175 9.316e-05 
0.125 0.000112777 
0.1225 0.000105829 
0.13 0.000128033 
0.1275 0.00012017 
0.135 0.000145291 
0.1325 0.000136397 
0.14 0.000164803 
0.1375 0.000154748 
0.145 0.000186855 
0.1425 0.000175492 
0.15 0.000211766 
0.1475 0.000198931 
0.155 0.000239895 
0.1525 0.000225404 
0.16 0.000271646 
0.1575 0.000255291 
0.165 0.000307471 
0.1625 0.000289019 
0.17 0.000347877 
0.1675 0.000327067 
0.175 0.000393435 
0.1725 0.000369974 
0.18 0.000444783 
0.1775 0.000418342 
0.185 0.000502637 
0.1825 0.000472848 
0.19 0.000567799 
0.1875 0.00053425 
0.195 0.00064117 
0.1925 0.000603398 
0.2 0.000723757 
0.1975 0.000681243 
0.205 0.000816689 
0.2025 0.000768854 
0.21 0.000921232 
0.2075 0.000867425 
0.215 0.0010388 
0.2125 0.000978294 
0.22 0.00117098 
0.2175 0.00110296 
0.225 0.00131955 
0.2225 0.0012431 
0.23 0.00148649 
0.2275 0.00140059 
0.235 0.00167402 
0.2325 0.00157753 
0.24 0.00188463 
0.2375 0.00177628 
0.245 0.0021211 
0.2425 0.00199945 
0.25 0.00238652 
0.2475 0.00224998 
0.255 0.00268437 
0.2525 0.00253116 
0.26 0.00301853 
0.2575 0.00284665 
0.265 0.00339332 
0.2625 0.00320056 
0.27 0.00381358 
0.2675 0.00359744 
0.275 0.00428469 
0.2725 0.00404241 
0.28 0.00481267 
0.2775 0.00454117 
0.285 0.00540422 
0.2825 0.00510005 
0.29 0.0060668 
0.2875 0.00572613 
0.295 0.00680875 
0.2925 0.0064273 
0.3 0.00763929 
0.2975 0.00721233 
0.305 0.00856874 
0.3025 0.00809097 
0.31 0.0096085 
0.3075 0.00907407 
0.315 0.0107713 
0.3125 0.0101737 
0.32 0.0120711 
0.3175 0.0114031 
0.325 0.0135236 
0.3225 0.0127773 
0.33 0.015146 
0.3275 0.0143125 
0.335 0.0169573 
0.3325 0.0160268 
0.34 0.0189786 
0.3375 0.0179403 
0.345 0.0212328 
0.3425 0.020075 
0.35 0.0237455 
0.3475 0.0224552 
0.355 0.0265443 
0.3525 0.0251073 
0.36 0.0296598 
0.3575 0.0280604 
0.365 0.033125 
0.3625 0.0313465 
0.37 0.036976 
0.3675 0.0349999 
0.375 0.0412517 
0.3725 0.0390582 
0.38 0.0459942 
0.3775 0.0435618 
0.385 0.0512484 
0.3825 0.0485544 
0.39 0.0570625 
0.3875 0.0540823 
0.395 0.0634873 
0.3925 0.0601953 
0.4 0.0705765 
0.3975 0.0669454 
0.405 0.0783858 
0.4025 0.0743875 
0.41 0.0869732 
0.4075 0.0825786 
0.415 0.0963974 
0.4125 0.091577 
0.42 0.106718 
0.4175 0.101442 
0.425 0.117993 
0.4225 0.112233 
0.43 0.13028 
0.4275 0.124007 
0.435 0.143632 
0.4325 0.13682 
0.44 0.158098 
0.4375 0.150723 
0.445 0.17372 
0.4425 0.165762 
0.45 0.19053 
0.4475 0.181974 
0.455 0.208549 
0.4525 0.199387 
0.46 0.227788 
0.4575 0.218016 
0.465 0.24824 
0.4625 0.237864 
0.47 0.269881 
0.4675 0.258914 
0.475 0.292669 
0.4725 0.281135 
0.48 0.316543 
0.4775 0.304475 
0.485 0.34142 
0.4825 0.328862 
0.49 0.367198 
0.4875 0.354204 
0.495 0.393756 
0.4925 0.380388 
0.5 0.420955 
0.4975 0.407285 
0.505 0.448641 
0.5025 0.434747 
0.51 0.476648 
0.5075 0.462615 
0.515 0.504801 
0.5125 0.490717 
0.52 0.532925 
0.5175 0.518878 
0.525 0.560842 
0.5225 0.54692 
0.53 0.588381 
0.5275 0.574669 
0.535 0.615379 
0.5325 0.601957 
0.54 0.641688 
0.5375 0.628629 
0.545 0.667174 
0.5425 0.654542 
0.55 0.691722 
0.5475 0.679572 
0.555 0.715237 
0.5525 0.703614 
0.56 0.737642 
0.5575 0.726582 
0.565 0.758884 
0.5625 0.748411 
0.57 0.778927 
0.5675 0.769057 
0.575 0.797753 
0.5725 0.788493 
0.58 0.815362 
0.5775 0.806709 
0.585 0.831766 
0.5825 0.823713 
0.59 0.846992 
0.5875 0.839525 
0.595 0.861076 
0.5925 0.854175 
0.6 0.874062 
0.5975 0.867703 
0.605 0.886 
0.6025 0.880159 
0.61 0.896946 
0.6075 0.891594 
0.615 0.906956 
0.6125 0.902064 
0.62 0.91609 
0.6175 0.911629 
0.625 0.924407 
0.6225 0.920347 
0.63 0.931966 
0.6275 0.928277 
0.635 0.938823 
0.6325 0.935479 
0.64 0.945035 
0.6375 0.942006 
0.645 0.950653 
0.6425 0.947915 
0.65 0.955728 
0.6475 0.953255 
0.655 0.960306 
0.6525 0.958076 
0.66 0.964433 
0.6575 0.962424 
0.665 0.968148 
0.6625 0.966339 
0.67 0.97149 
0.6675 0.969863 
0.675 0.974493 
0.6725 0.973032 
0.68 0.977191 
0.6775 0.975878 
0.685 0.979611 
0.6825 0.978434 
0.69 0.981783 
0.6875 0.980727 
0.695 0.983729 
0.6925 0.982782 
0.7 0.985472 
0.6975 0.984625 
0.705 0.987034 
0.7025 0.986275 
0.71 0.988431 
0.7075 0.987752 
0.715 0.989681 
0.7125 0.989074 
0.72 0.990799 
0.7175 0.990256 
0.725 0.991799 
0.7225 0.991313 
0.73 0.992692 
0.7275 0.992258 
0.735 0.99349 
0.7325 0.993102 
0.74 0.994202 
0.7375 0.993856 
0.745 0.994838 
0.7425 0.994529 
0.75 0.995406 
0.7475 0.99513 
0.755 0.995912 
0.7525 0.995666 
0.76 0.996364 
0.7575 0.996145 
0.765 0.996767 
0.7625 0.996571 
0.77 0.997126 
0.7675 0.996952 
0.775 0.997446 
0.7725 0.997291 
0.78 0.997731 
0.7775 0.997593 
0.785 0.997985 
0.7825 0.997862 
0.79 0.998211 
0.7875 0.998101 
0.795 0.998412 
0.7925 0.998315 
0.8 0.998592 
0.7975 0.998505 
0.805 0.998751 
0.8025 0.998674 
0.81 0.998893 
0.8075 0.998824 
0.815 0.999019 
0.8125 0.998957 
0.82 0.99913 
0.8175 0.999076 
0.825 0.99923 
0.8225 0.999182 
0.83 0.999318 
0.8275 0.999275 
0.835 0.999397 
0.8325 0.999359 
0.84 0.999466 
0.8375 0.999433 
0.845 0.999528 
0.8425 0.999498 
0.85 0.999583 
0.8475 0.999556 
0.855 0.999632 
0.8525 0.999608 
0.86 0.999675 
0.8575 0.999654 
0.865 0.999713 
0.8625 0.999694 
0.87 0.999747 
0.8675 0.99973 
0.875 0.999776 
0.8725 0.999762 
0.88 0.999803 
0.8775 0.99979 
0.885 0.999826 
0.8825 0.999815 
0.89 0.999847 
0.8875 0.999837 
0.895 0.999865 
0.8925 0.999856 
0.9 0.999881 
0.8975 0.999873 
0.905 0.999895 
0.9025 0.999889 
0.91 0.999908 
0.9075 0.999902 
0.915 0.999919 
0.9125 0.999914 
0.92 0.999929 
0.9175 0.999924 
0.925 0.999937 
0.9225 0.999933 
0.93 0.999944 
0.9275 0.999941 
0.935 0.999951 
0.9325 0.999948 
0.94 0.999957 
0.9375 0.999954 
0.945 0.999961 
0.9425 0.999959 
0.95 0.999966 
0.9475 0.999964 
0.955 0.999969 
0.9525 0.999968 
0.96 0.999972 
0.9575 0.999971 
0.965 0.999975 
0.9625 0.999974 
0.97 0.999977 
0.9675 0.999976 
0.975 0.999979 
0.9725 0.999978 
0.98 0.999981 
0.9775 0.99998 
0.985 0.999982 
0.9825 0.999981 
0.99 0.999982 
0.9875 0.999982 
0.995 0.999983 
0.9925 0.999983 
1 0.999983 
0.9975 0.999983 
1.005 0.999983 
1.0025 0.999983 
1.01 0.999982 
1.0075 0.999983 
1.015 0.999982 
1.0125 0.999982 
1.02 0.999981 
1.0175 0.999981 
1.025 0.99998 
1.0225 0.99998 
1.03 0.999978 
1.0275 0.999979 
1.035 0.999976 
1.0325 0.999977 
1.04 0.999974 
1.0375 0.999975 
1.045 0.999971 
1.0425 0.999973 
1.05 0.999968 
1.0475 0.99997 
1.055 0.999965 
1.0525 0.999966 
1.06 0.999961 
1.0575 0.999963 
1.065 0.999956 
1.0625 0.999959 
1.07 0.999951 
1.0675 0.999954 
1.075 0.999945 
1.0725 0.999948 
1.08 0.999939 
1.0775 0.999942 
1.085 0.999932 
1.0825 0.999936 
1.09 0.999924 
1.0875 0.999928 
1.095 0.999915 
1.0925 0.999919 
1.1 0.999905 
1.0975 0.99991 
1.105 0.999894 
1.1025 0.999899 
1.11 0.999881 
1.1075 0.999888 
1.115 0.999867 
1.1125 0.999874 
1.12 0.999852 
1.1175 0.99986 
1.125 0.999834 
1.1225 0.999843 
1.13 0.999815 
1.1275 0.999825 
1.135 0.999794 
1.1325 0.999805 
1.14 0.99977 
1.1375 0.999782 
1.145 0.999744 
1.1425 0.999757 
1.15 0.999714 
1.1475 0.999729 
1.155 0.999682 
1.1525 0.999699 
1.16 0.999646 
1.1575 0.999664 
1.165 0.999606 
1.1625 0.999626 
1.17 0.999561 
1.1675 0.999584 
1.175 0.999512 
1.1725 0.999537 
1.18 0.999458 
1.1775 0.999486 
1.185 0.999397 
1.1825 0.999428 
1.19 0.99933 
1.1875 0.999365 
1.195 0.999256 
1.1925 0.999294 
1.2 0.999174 
1.1975 0.999216 
1.205 0.999083 
1.2025 0.99913 
1.21 0.998982 
1.2075 0.999034 
1.215 0.998871 
1.2125 0.998928 
1.22 0.998748 
1.2175 0.998811 
1.225 0.998612 
1.2225 0.998682 
1.23 0.998461 
1.2275 0.998538 
1.235 0.998295 
1.2325 0.99838 
1.24 0.998111 
1.2375 0.998205 
1.245 0.997907 
1.2425 0.998011 
1.25 0.997682 
1.2475 0.997797 
1.255 0.997434 
1.2525 0.997561 
1.26 0.99716 
1.2575 0.9973 
1.265 0.996856 
1.2625 0.997012 
1.27 0.996522 
1.2675 0.996693 
1.275 0.996152 
1.2725 0.996342 
1.28 0.995744 
1.2775 0.995953 
1.285 0.995294 
1.2825 0.995525 
1.29 0.994797 
1.2875 0.995052 
1.295 0.994249 
1.2925 0.99453 
1.3 0.993644 
1.2975 0.993954 
1.305 0.992977 
1.3025 0.993319 
1.31 0.992241 
1.3075 0.992618 
1.315 0.99143 
1.3125 0.991845 
1.32 0.990535 
1.3175 0.990993 
1.325 0.989549 
1.3225 0.990054 
1.33 0.988463 
1.3275 0.989019 
1.335 0.987266 
1.3325 0.987879 
1.34 0.985947 
1.3375 0.986623 
1.345 0.984496 
1.3425 0.985239 
1.35 0.982898 
1.3475 0.983716 
1.355 0.98114 
1.3525 0.98204 
1.36 0.979205 
1.3575 0.980196 
1.365 0.977079 
1.3625 0.978167 
1.37 0.974742 
1.3675 0.975938 
1.375 0.972174 
1.3725 0.973488 
1.38 0.969355 
1.3775 0.970797 
1.385 0.966262 
1.3825 0.967844 
1.39 0.96287 
1.3875 0.964605 
1.395 0.959154 
1.3925 0.961054 
1.4 0.955085 
1.3975 0.957165 
1.405 0.950633 
1.4025 0.952909 
1.41 0.945768 
1.4075 0.948254 
1.415 0.940457 
1.4125 0.94317 
1.42 0.934664 
1.4175 0.937623 
1.425 0.928356 
1.4225 0.931577 
1.43 0.921494 
1.4275 0.924996 
1.435 0.914042 
1.4325 0.917844 
1.44 0.905962 
1.4375 0.910083 
1.445 0.897217 
1.4425 0.901675 
1.45 0.88777 
1.4475 0.892583 
1.455 0.877586 
1.4525 0.882772 
1.46 0.866633 
1.4575 0.872208 
1.465 0.85488 
1.4625 0.860858 
1.47 0.842304 
1.4675 0.848697 
1.475 0.828884 
1.4725 0.8357 
1.48 0.814606 
1.4775 0.821852 
1.485 0.799464 
1.4825 0.807143 
1.49 0.783462 
1.4875 0.79157 
1.495 0.766612 
1.4925 0.775142 
1.5 0.748938 
1.4975 0.757876 
1.505 0.730473 
1.5025 0.739801 
1.51 0.711264 
1.5075 0.720958 
1.515 0.691372 
1.5125 0.701399 
1.52 0.670865 
1.5175 0.68119 
1.525 0.649829 
1.5225 0.660408 
1.53 0.628357 
1.5275 0.639141 
1.535 0.606551 
1.5325 0.617489 
1.54 0.584526 
1.5375 0.595559 
1.545 0.562398 
1.5425 0.573467 
1.55 0.540292 
1.5475 0.551335 
1.555 0.518333 
1.5525 0.529287 
1.56 0.496647 
1.5575 0.507448 
1.565 0.475357 
1.5625 0.485945 
1.57 0.454582 
1.5675 0.464898 
1.575 0.434438 
1.5725 0.444424 
1.58 0.415029 
1.5775 0.424635 
1.585 0.396456 
1.5825 0.405633 
1.59 0.378806 
1.5875 0.38751 
1.595 0.362158 
1.5925 0.370352 
1.6 0.346583 
1.5975 0.354233 
1.605 0.332141 
1.6025 0.339217 
1.61 0.318882 
1.6075 0.325361 
1.615 0.306848 
1.6125 0.312709 
1.62 0.296074 
1.6175 0.301302 
1.625 0.286587 
1.6225 0.291169 
1.63 0.278407 
1.6275 0.282333 
1.635 0.271548 
1.6325 0.274812 
1.64 0.266017 
1.6375 0.268616 
1.645 0.261819 
1.6425 0.263752 
1.65 0.258952 
1.6475 0.26022 
1.655 0.257409 
1.6525 0.258015 
1.66 0.257179 
1.6575 0.25713 
1.665 0.258249 
1.6625 0.257552 
1.67 0.260599 
1.6675 0.259265 
1.675 0.264209 
1.6725 0.262248 
1.68 0.269055 
1.6775 0.266479 
1.685 0.275109 
1.6825 0.271932 
1.69 0.282342 
1.6875 0.27858 
1.695 0.290724 
1.6925 0.286392 
1.7 0.300222 
1.6975 0.295336 
1.705 0.3108 
1.7025 0.305378 
1.71 0.322422 
1.7075 0.316483 
1.715 0.335047 
1.7125 0.328612 
1.72 0.348634 
1.7175 0.341723 
1.725 0.363138 
1.7225 0.355775 
1.73 0.378508 
1.7275 0.370718 
1.735 0.394693 
1.7325 0.386502 
1.74 0.411634 
1.7375 0.403073 
1.745 0.42927 
1.7425 0.420369 
1.75 0.447533 
1.7475 0.438328 
1.755 0.466352 
1.7525 0.456878 
1.76 0.485649 
1.7575 0.475945 
1.765 0.505342 
1.7625 0.495451 
1.77 0.525348 
1.7675 0.515312 
1.775 0.545576 
1.7725 0.535439 
1.78 0.565936 
1.7775 0.555745 
1.785 0.586335 
1.7825 0.576136 
1.79 0.606681 
1.7875 0.59652 
1.795 0.626883 
1.7925 0.616806 
1.8 0.646853 
1.7975 0.636903 
1.805 0.666506 
1.8025 0.656724 
1.81 0.685763 
1.8075 0.676188 
1.815 0.70455 
1.8125 0.695219 
1.82 0.722803 
1.8175 0.713747 
1.825 0.740465 
1.8225 0.731711 
1.83 0.757485 
1.8275 0.749058 
1.835 0.773824 
1.8325 0.765742 
1.84 0.789452 
1.8375 0.781729 
1.845 0.804344 
1.8425 0.796991 
1.85 0.818489 
1.8475 0.811511 
1.855 0.831879 
1.8525 0.825278 
1.86 0.844515 
1.8575 0.83829 
1.865 0.856405 
1.8625 0.850552 
1.87 0.867562 
1.8675 0.862074 
1.875 0.878004 
1.8725 0.872871 
1.88 0.887754 
1.8775 0.882964 
1.885 0.896836 
1.8825 0.892377 
1.89 0.905278 
1.8875 0.901135 
1.895 0.913111 
1.8925 0.909269 
1.9 0.920364 
1.8975 0.916808 
1.905 0.927069 
1.9025 0.923783 
1.91 0.933258 
1.9075 0.930226 
1.915 0.938963 
1.9125 0.936169 
1.92 0.944214 
1.9175 0.941643 
1.925 0.949042 
1.9225 0.946679 
1.93 0.953476 
1.9275 0.951307 
1.935 0.957544 
1.9325 0.955554 
1.94 0.961272 
1.9375 0.959449 
1.945 0.964687 
1.9425 0.963017 
1.95 0.967812 
1.9475 0.966284 
1.955 0.97067 
1.9525 0.969273 
1.96 0.973281 
1.9575 0.972005 
1.965 0.975666 
1.9625 0.974501 
1.97 0.977844 
1.9675 0.97678 
1.975 0.979831 
1.9725 0.97886 
1.98 0.981643 
1.9775 0.980758 
1.985 0.983295 
1.9825 0.982488 
1.99 0.984801 
1.9875 0.984065 
1.995 0.986173 
1.9925 0.985503 
2 0.987422 
1.9975 0.986812 
2.005 0.98856 
2.0025 0.988005 
2.01 0.989596 
2.0075 0.989091 
2.015 0.990539 
2.0125 0.990079 
2.02 0.991397 
2.0175 0.990979 
2.025 0.992178 
2.0225 0.991797 
2.03 0.992889 
2.0275 0.992542 
2.035 0.993535 
2.0325 0.993219 
2.04 0.994123 
2.0375 0.993836 
2.045 0.994657 
2.0425 0.994396 
2.05 0.995143 
2.0475 0.994906 
2.055 0.995585 
2.0525 0.995369 
2.06 0.995986 
2.0575 0.99579 
2.065 0.996352 
2.0625 0.996173 
2.07 0.996683 
2.0675 0.996521 
2.075 0.996985 
2.0725 0.996838 
2.08 0.997259 
2.0775 0.997125 
2.085 0.997508 
2.0825 0.997387 
2.09 0.997734 
2.0875 0.997624 
2.095 0.99794 
2.0925 0.99784 
2.1 0.998127 
2.0975 0.998035 
2.105 0.998296 
2.1025 0.998213 
2.11 0.99845 
2.1075 0.998375 
2.115 0.998589 
2.1125 0.998521 
2.12 0.998716 
2.1175 0.998654 
2.125 0.998831 
2.1225 0.998775 
2.13 0.998935 
2.1275 0.998884 
2.135 0.999029 
2.1325 0.998983 
2.14 0.999115 
2.1375 0.999073 
2.145 0.999192 
2.1425 0.999154 
2.15 0.999261 
2.1475 0.999227 
2.155 0.999324 
2.1525 0.999294 
2.16 0.999381 
2.1575 0.999353 
2.165 0.999432 
2.1625 0.999407 
2.17 0.999477 
2.1675 0.999455 
2.175 0.999518 
2.1725 0.999498 
2.18 0.999554 
2.1775 0.999537 
2.185 0.999587 
2.1825 0.999571 
2.19 0.999615 
2.1875 0.999601 
2.195 0.99964 
2.1925 0.999628 
2.2 0.999662 
2.1975 0.999651 
2.205 0.99968 
2.2025 0.999671 
2.21 0.999696 
2.2075 0.999688 
2.215 0.999709 
2.2125 0.999703 
2.22 0.999719 
2.2175 0.999714 
2.225 0.999727 
2.2225 0.999724 
2.23 0.999733 
2.2275 0.999731 
2.235 0.999737 
2.2325 0.999735 
2.24 0.999738 
2.2375 0.999738 
2.245 0.999738 
2.2425 0.999738 
2.25 0.999735 
2.2475 0.999737 
2.255 0.999731 
2.2525 0.999733 
2.26 0.999724 
2.2575 0.999728 
2.265 0.999716 
2.2625 0.99972 
2.27 0.999706 
2.2675 0.999711 
2.275 0.999694 
2.2725 0.9997 
2.28 0.99968 
2.2775 0.999687 
2.285 0.999665 
2.2825 0.999673 
2.29 0.999648 
2.2875 0.999656 
2.295 0.999628 
2.2925 0.999638 
2.3 0.999607 
2.2975 0.999618 
2.305 0.999585 
2.3025 0.999596 
2.31 0.99956 
2.3075 0.999572 
2.315 0.999533 
2.3125 0.999547 
2.32 0.999505 
2.3175 0.999519 
2.325 0.999474 
2.3225 0.999489 
2.33 0.999441 
2.3275 0.999458 
2.335 0.999407 
2.3325 0.999424 
2.34 0.99937 
2.3375 0.999388 
2.345 0.999331 
2.3425 0.99935 
2.35 0.999289 
2.3475 0.99931 
2.355 0.999246 
2.3525 0.999268 
2.36 0.9992 
2.3575 0.999223 
2.365 0.999152 
2.3625 0.999176 
2.37 0.999101 
2.3675 0.999126 
2.375 0.999047 
2.3725 0.999074 
2.38 0.998991 
2.3775 0.99902 
2.385 0.998933 
2.3825 0.998962 
2.39 0.998871 
2.3875 0.998902 
2.395 0.998806 
2.3925 0.998839 
2.4 0.998739 
2.3975 0.998773 
2.405 0.998668 
2.4025 0.998704 
2.41 0.998594 
2.4075 0.998632 
2.415 0.998517 
2.4125 0.998556 
2.42 0.998436 
2.4175 0.998477 
2.425 0.998351 
2.4225 0.998394 
2.43 0.998262 
2.4275 0.998307 
2.435 0.998169 
2.4325 0.998216 
2.44 0.998072 
2.4375 0.998121 
2.445 0.99797 
2.4425 0.998021 
2.45 0.997863 
2.4475 0.997917 
2.455 0.997751 
2.4525 0.997807 
2.46 0.997633 
2.4575 0.997692 
2.465 0.997509 
2.4625 0.997572 
2.47 0.997379 
2.4675 0.997445 
2.475 0.997243 
2.4725 0.997312 
2.48 0.997099 
2.4775 0.997171 
2.485 0.996947 
2.4825 0.997024 
2.49 0.996787 
2.4875 0.996868 
2.495 0.996618 
2.4925 0.996703 
2.5 0.996439 
2.4975 0.99653 
2.505 0.99625 
2.5025 0.996346 
2.51 0.996049 
2.5075 0.996151 
2.515 0.995836 
2.5125 0.995944 
2.52 0.99561 
2.5175 0.995725 
2.525 0.99537 
2.5225 0.995492 
2.53 0.995114 
2.5275 0.995244 
2.535 0.994841 
2.5325 0.99498 
2.54 0.994551 
2.5375 0.994698 
2.545 0.99424 
2.5425 0.994398 
2.55 0.993908 
2.5475 0.994077 
2.555 0.993552 
2.5525 0.993733 
2.56 0.993172 
2.5575 0.993365 
2.565 0.992764 
2.5625 0.992971 
2.57 0.992326 
2.5675 0.992548 
2.575 0.991855 
2.5725 0.992095 
2.58 0.99135 
2.5775 0.991607 
2.585 0.990807 
2.5825 0.991083 
2.59 0.990222 
2.5875 0.99052 
2.595 0.989593 
2.5925 0.989913 
2.6 0.988915 
2.5975 0.98926 
2.605 0.988184 
2.6025 0.988556 
2.61 0.987396 
2.6075 0.987797 
2.615 0.986546 
2.6125 0.986979 
2.62 0.985629 
2.6175 0.986096 
2.625 0.984639 
2.6225 0.985143 
2.63 0.98357 
2.6275 0.984114 
2.635 0.982415 
2.6325 0.983004 
2.64 0.981169 
2.6375 0.981804 
2.645 0.979822 
2.6425 0.980509 
2.65 0.978368 
2.6475 0.979109 
2.655 0.976796 
2.6525 0.977597 
2.66 0.975098 
2.6575 0.975963 
2.665 0.973264 
2.6625 0.974199 
2.67 0.971282 
2.6675 0.972292 
2.675 0.969142 
2.6725 0.970233 
2.68 0.966831 
2.6775 0.968009 
2.685 0.964335 
2.6825 0.965607 
2.69 0.961641 
2.6875 0.963014 
2.695 0.958733 
2.6925 0.960215 
2.7 0.955596 
2.6975 0.957195 
2.705 0.952213 
2.7025 0.953937 
2.71 0.948566 
2.7075 0.950424 
2.715 0.944636 
2.7125 0.946637 
2.72 0.940403 
2.7175 0.942558 
2.725 0.935846 
2.7225 0.938166 
2.73 0.930944 
2.7275 0.93344 
2.735 0.925674 
2.7325 0.928357 
2.74 0.920013 
2.7375 0.922894 
2.745 0.913936 
2.7425 0.917028 
2.75 0.907418 
2.7475 0.910734 
2.755 0.900435 
2.7525 0.903986 
2.76 0.892959 
2.7575 0.89676 
2.765 0.884965 
2.7625 0.889028 
2.77 0.876427 
2.7675 0.880765 
2.775 0.867319 
2.7725 0.871946 
2.78 0.857617 
2.7775 0.862544 
2.785 0.847296 
2.7825 0.852535 
2.79 0.836333 
2.7875 0.841896 
2.795 0.824708 
2.7925 0.830604 
2.8 0.812401 
2.7975 0.81864 
2.805 0.799397 
2.8025 0.805987 
2.81 0.785684 
2.8075 0.79263 
2.815 0.771252 
2.8125 0.778558 
2.82 0.756098 
2.8175 0.763765 
2.825 0.740221 
2.8225 0.748249 
2.83 0.723629 
2.8275 0.732014 
2.835 0.706334 
2.8325 0.715068 
2.84 0.688355 
2.8375 0.697428 
2.845 0.669717 
2.8425 0.679116 
2.85 0.650455 
2.8475 0.660162 
2.855 0.630609 
2.8525 0.640602 
2.86 0.610227 
2.8575 0.620482 
2.865 0.589365 
2.8625 0.599852 
2.87 0.568085 
2.8675 0.578773 
2.875 0.546456 
2.8725 0.55731 
2.88 0.524553 
2.8775 0.535534 
2.885 0.502456 
2.8825 0.513524 
2.89 0.480247 
2.8875 0.49136 
2.895 0.458013 
2.8925 0.469128 
2.9 0.43584 
2.8975 0.446913 
2.905 0.413814 
2.9025 0.424803 
2.91 0.392022 
2.9075 0.402884 
2.915 0.370545 
2.9125 0.381239 
2.92 0.349461 
2.9175 0.359949 
2.925 0.328842 
2.9225 0.339089 
2.93 0.308755 
2.9275 0.318728 
2.935 0.289259 
2.9325 0.29893 
2.94 0.270405 
2.9375 0.279749 
2.945 0.252236 
2.9425 0.261232 
2.95 0.234788 
2.9475 0.24342 
2.955 0.218087 
2.9525 0.226343 
2.96 0.202152 
2.9575 0.210023 
2.965 0.186996 
2.9625 0.194476 
2.97 0.172621 
2.9675 0.179711 
2.975 0.159027 
2.9725 0.165727 
2.98 0.146206 
2.9775 0.152521 
2.985 0.134145 
2.9825 0.140081 
2.99 0.122826 
2.9875 0.128394 
2.995 0.11223 
2.9925 0.117439 
3 0.102333 
2.9975 0.107196 
3.005 0.0931085 
3.0025 0.0976381 
3.01 0.0845301 
3.0075 0.0887403 
3.015 0.0765689 
3.0125 0.0804742 
3.02 0.0691961 
3.0175 0.0728108 
3.025 0.0623822 
3.0225 0.0657211 
3.03 0.0560982 
3.0275 0.0591758 
3.035 0.0503156 
3.0325 0.053146 
3.04 0.0450062 
3.0375 0.0476035 
3.045 0.0401431 
3.0425 0.0425205 
3.05 0.0356999 
3.0475 0.0378706 
3.055 0.0316513 
3.0525 0.0336278 
3.06 0.0279731 
3.0575 0.0297674 
3.065 0.0246418 
3.0625 0.0262655 
3.07 0.0216349 
3.0675 0.0230992 
3.075 0.0189304 
3.0725 0.0202462 
3.08 0.0165074 
3.0775 0.017685 
3.085 0.0143452 
3.0825 0.015395 
3.09 0.0124238 
3.0875 0.0133556 
3.095 0.0107238 
3.0925 0.0115473 
3.1 0.00922612 
3.0975 0.00995079 
3.105 0.00791259 
3.1025 0.00854746 
3.11 0.00676554 
3.1075 0.00731932 
3.115 0.00576811 
3.1125 0.00624914 
3.12 0.00490434 
3.1175 0.00532048 
3.125 0.00415927 
3.1225 0.00451786 
3.13 0.00351894 
3.1275 0.00382684 
3.135 0.00297057 
3.1325 0.00323402 
3.14 0.00250245 
3.1375 0.00272716 
3.145 0.00210404 
3.1425 0.00229514 
3.15 0.00176589 
3.1475 0.00192798 
3.155 0.00147962 
3.1525 0.00161676 
3.16 0.00123783 
3.1575 0.00135359 
3.165 0.00103404 
3.1625 0.00113156 
3.17 0.000862622 
3.1675 0.000944608 
3.175 0.000718687 
3.1725 0.000787497 
3.18 0.000598032 
3.1775 0.000655688 
3.185 0.000497048 
3.1825 0.000545285 
3.19 0.000412649 
3.1875 0.000452949 
3.195 0.000342208 
3.1925 0.000375832 
3.2 0.000283491 
3.1975 0.000311509 
3.205 0.000234606 
3.2025 0.000257926 
3.21 0.000193955 
3.2075 0.000213341 
3.215 0.000160188 
3.2125 0.000176286 
3.22 0.000132169 
3.2175 0.000145523 
3.225 0.000108946 
3.2225 0.000120011 
3.23 8.9716e-05 
3.2275 9.88762e-05 
3.235 7.38095e-05 
3.2325 8.13847e-05 
3.24 6.0665e-05 
3.2375 6.69232e-05 
3.245 4.98137e-05 
3.2425 5.49788e-05 
3.25 4.08642e-05 
3.2475 4.5123e-05 
3.255 3.34905e-05 
3.2525 3.69985e-05 
3.26 2.74209e-05 
3.2575 3.03078e-05 
3.265 2.24298e-05 
3.2625 2.48031e-05 
3.27 1.83293e-05 
3.2675 2.02786e-05 
3.275 1.4964e-05 
3.2725 1.65634e-05 
3.28 1.22046e-05 
3.2775 1.35157e-05 
3.285 9.94428e-06 
3.2825 1.1018e-05 
3.29 8.0946e-06 
3.2875 8.973e-06 
3.295 6.58245e-06 
3.2925 7.30038e-06 
3.3 5.34746e-06 
3.2975 5.93364e-06 
3.305 4.33983e-06 
3.3025 4.81797e-06 
3.31 3.51852e-06 
3.3075 3.90815e-06 
3.315 2.84977e-06 
3.3125 3.16694e-06 
3.32 2.30577e-06 
3.3175 2.5637e-06 
3.325 1.86372e-06 
3.3225 2.07326e-06 
3.33 1.50486e-06 
3.3275 1.67492e-06 
3.335 1.21385e-06 
3.3325 1.35172e-06 
3.34 9.78104e-07 
3.3375 1.08976e-06 
3.345 7.8732e-07 
3.3425 8.77656e-07 
3.35 6.33087e-07 
3.3475 7.06096e-07 
3.355 5.08532e-07 
3.3525 5.67476e-07 
3.36 4.08052e-07 
3.3575 4.5559e-07 
3.365 3.27079e-07 
3.3625 3.65377e-07 
3.37 2.61895e-07 
3.3675 2.92716e-07 
3.375 2.09478e-07 
3.3725 2.34256e-07 
3.38 1.67372e-07 
3.3775 1.8727e-07 
3.385 1.33586e-07 
3.3825 1.49548e-07 
3.39 1.06505e-07 
3.3875 1.19295e-07 
3.395 8.48216e-08 
3.3925 9.50596e-08 
3.4 6.74796e-08 
3.3975 7.56655e-08 
3.405 5.36247e-08 
3.4025 6.01627e-08 
3.41 4.25679e-08 
3.4075 4.7784e-08 
3.415 3.37539e-08 
3.4125 3.79107e-08 
3.42 2.67354e-08 
3.4175 3.00445e-08 
3.425 2.1153e-08 
3.4225 2.37842e-08 
3.43 1.67177e-08 
3.4275 1.88076e-08 
3.435 1.31977e-08 
3.4325 1.48558e-08 
3.44 1.04073e-08 
3.4375 1.17214e-08 
3.445 8.1978e-09 
3.4425 9.23801e-09 
3.45 6.45015e-09 
3.4475 7.27266e-09 
3.455 5.06941e-09 
3.4525 5.71905e-09 
3.46 3.97978e-09 
3.4575 4.49229e-09 
3.465 3.12085e-09 
3.4625 3.52473e-09 
3.47 2.44455e-09 
3.4675 2.76246e-09 
3.475 1.91265e-09 
3.4725 2.1626e-09 
3.48 1.4948e-09 
3.4775 1.6911e-09 
3.485 1.16691e-09 
3.4825 1.3209e-09 
3.49 9.09922e-10 
3.4875 1.03058e-09 
3.495 7.08726e-10 
3.4925 8.0316e-10 
3.5 5.51391e-10 
3.4975 6.25215e-10 
3.505 4.28497e-10 
3.5025 4.86144e-10 
3.51 3.32616e-10 
3.5075 3.77578e-10 
3.515 2.57896e-10 
3.5125 2.92924e-10 
3.52 1.99734e-10 
3.5175 2.26991e-10 
3.525 1.54512e-10 
3.5225 1.75699e-10 
3.53 1.19393e-10 
3.5275 1.35842e-10 
3.535 9.21512e-11 
3.5325 1.04906e-10 
3.54 7.10437e-11 
3.5375 8.09234e-11 
3.545 5.47084e-11 
3.5425 6.23521e-11 
3.55 4.2081e-11 
3.5475 4.79879e-11 
3.555 3.23312e-11 
3.5525 3.68906e-11 
3.56 2.48119e-11 
3.5575 2.83271e-11 
3.565 1.90196e-11 
3.5625 2.17266e-11 
3.57 1.45628e-11 
3.5675 1.6645e-11 
3.575 1.11376e-11 
3.5725 1.27373e-11 
3.58 8.50821e-12 
3.5775 9.73588e-12 
3.585 6.49215e-12 
3.5825 7.43317e-12 
3.59 4.94813e-12 
3.5875 5.6686e-12 
3.595 3.767e-12 
3.5925 4.31796e-12 
3.6 2.86452e-12 
3.5975 3.28537e-12 
3.605 2.17576e-12 
3.6025 2.49685e-12 
3.61 1.65071e-12 
3.6075 1.8954e-12 
3.615 1.25093e-12 
3.6125 1.43719e-12 
3.62 9.4689e-13 
3.6175 1.0885e-12 
3.625 7.15924e-13 
3.6225 8.23463e-13 
3.63 5.40676e-13 
3.6275 6.22247e-13 
3.635 4.07858e-13 
3.6325 4.6966e-13 
3.64 3.07316e-13 
3.6375 3.54085e-13 
3.645 2.31293e-13 
3.6425 2.66646e-13 
3.65 1.73878e-13 
3.6475 2.00569e-13 
3.655 1.30566e-13 
3.6525 1.50695e-13 
3.66 9.79306e-14 
3.6575 1.13093e-13 
3.665 7.33688e-14 
3.6625 8.47765e-14 
3.67 5.49046e-14 
3.6675 6.34776e-14 
3.675 4.10403e-14 
3.6725 4.74755e-14 
3.68 3.0642e-14 
3.6775 3.5467e-14 
3.685 2.28523e-14 
3.6825 2.64657e-14 
3.69 1.70235e-14 
3.6875 1.97265e-14 
3.695 1.2667e-14 
3.6925 1.46866e-14 
3.7 9.41471e-15 
3.6975 1.0922e-14 
3.705 6.98951e-15 
3.7025 8.1131e-15 
3.71 5.18317e-15 
3.7075 6.01978e-15 
3.715 3.83931e-15 
3.7125 4.46153e-15 
3.72 2.84067e-15 
3.7175 3.3029e-15 
3.725 2.09941e-15 
3.7225 2.44241e-15 
3.73 1.54984e-15 
3.7275 1.80406e-15 
3.735 1.14285e-15 
3.7325 1.33106e-15 
3.74 8.41791e-16 
3.7375 9.80969e-16 
3.745 6.19347e-16 
3.7425 7.22151e-16 
3.75 4.55176e-16 
3.7475 5.31025e-16 
3.755 3.34151e-16 
3.7525 3.90049e-16 
3.76 2.45033e-16 
3.7575 2.86181e-16 
3.765 1.79484e-16 
3.7625 2.09741e-16 
3.77 1.31326e-16 
3.7675 1.53548e-16 
3.775 9.59836e-17 
3.7725 1.12287e-16 
3.78 7.00763e-17 
3.7775 8.2024e-17 
3.785 5.11062e-17 
3.7825 5.98521e-17 
3.79 3.72313e-17 
3.7875 4.36262e-17 
3.795 2.70942e-17 
3.7925 3.17649e-17 
3.8 1.96962e-17 
3.7975 2.31038e-17 
3.805 1.43031e-17 
3.8025 1.67865e-17 
3.81 1.03758e-17 
3.8075 1.21837e-17 
3.815 7.51907e-18 
3.8125 8.83377e-18 
3.82 5.44329e-18 
3.8175 6.39831e-18 
3.825 3.93659e-18 
3.8225 4.62959e-18 
3.83 2.84411e-18 
3.8275 3.34645e-18 
3.835 2.0528e-18 
3.8325 2.41655e-18 
3.84 1.48023e-18 
3.8375 1.74336e-18 
3.845 1.06636e-18 
3.8425 1.25651e-18 
3.85 7.67509e-19 
3.8475 9.04776e-19 
3.855 5.5192e-19 
3.8525 6.50916e-19 
3.86 3.96549e-19 
3.8575 4.67874e-19 
3.865 2.84682e-19 
3.8625 3.36023e-19 
3.87 2.04212e-19 
3.8675 2.41134e-19 
3.875 1.4638e-19 
3.8725 1.72909e-19 
3.88 1.04854e-19 
3.8775 1.23899e-19 
3.885 7.50604e-20 
3.8825 8.87213e-20 
3.89 5.37019e-20 
3.8875 6.34931e-20 
3.895 3.84018e-20 
3.8925 4.54143e-20 
3.9 2.74493e-20 
3.8975 3.24683e-20 
3.905 1.96142e-20 
3.9025 2.3204e-20 
3.91 1.40123e-20 
3.9075 1.65785e-20 
3.915 1.00092e-20 
3.9125 1.18428e-20 
3.92 7.14983e-21 
3.9175 8.45941e-21 
3.925 5.10809e-21 
3.9225 6.04313e-21 
3.93 3.65054e-21 
3.9275 4.31801e-21 
3.935 2.61015e-21 
3.9325 3.08658e-21 
3.94 1.86752e-21 
3.9375 2.2076e-21 
3.945 1.33736e-21 
3.9425 1.58016e-21 
3.95 9.58755e-22 
3.9475 1.13216e-21 
3.955 6.88257e-22 
3.9525 8.12169e-22 
3.96 4.94865e-22 
3.9575 5.83475e-22 
3.965 3.56478e-22 
3.9625 4.19902e-22 
3.97 2.57342e-22 
3.9675 3.02792e-22 
3.975 1.86227e-22 
3.9725 2.18844e-22 
3.98 1.35131e-22 
3.9775 1.58577e-22 
3.985 9.83487e-23 
3.9825 1.15236e-22 
3.99 7.18131e-23 
3.9875 8.40037e-23 
3.995 5.26223e-23 
3.9925 6.14449e-23 
4 3.87051e-23 
3.9975 4.51083e-23 
4.005 2.85815e-23 
4.0025 3.32433e-23 
4.01 2.11928e-23 
4.0075 2.45984e-23 
4.015 1.57808e-23 
4.0125 1.82778e-23 
4.02 1.18015e-23 
4.0175 1.36394e-23 
4.025 8.86377e-24 
4.0225 1.02221e-23 
4.03 6.6859e-24 
4.0275 7.69408e-24 
4.035 5.06438e-24 
4.0325 5.81589e-24 
4.04 3.85177e-24 
4.0375 4.41443e-24 
4.045 2.94097e-24 
4.0425 3.36408e-24 
4.05 2.25387e-24 
4.0475 2.57343e-24 
4.055 1.73331e-24 
4.0525 1.97569e-24 
4.06 1.33728e-24 
4.0575 1.52188e-24 
4.065 1.0348e-24 
4.0625 1.17594e-24 
4.07 8.02905e-25 
4.0675 9.11214e-25 
4.075 6.2449e-25 
4.0725 7.07895e-25 
4.08 4.86776e-25 
4.0775 5.51208e-25 
4.085 3.80157e-25 
4.0825 4.30079e-25 
4.09 2.97388e-25 
4.0875 3.36169e-25 
4.095 2.32976e-25 
4.0925 2.63175e-25 
4.1 1.8274e-25 
4.0975 2.06305e-25 
4.105 1.43485e-25 
4.1025 1.61908e-25 
4.11 1.12759e-25 
4.1075 1.27185e-25 
4.115 8.86733e-26 
4.1125 9.99856e-26 
4.12 6.97704e-26 
4.1175 7.86512e-26 
4.125 5.49193e-26 
4.1225 6.18983e-26 
4.13 4.32418e-26 
4.1275 4.87305e-26 
4.135 3.40532e-26 
4.1325 3.83728e-26 
4.14 2.68193e-26 
4.1375 3.02204e-26 
4.145 2.11219e-26 
4.1425 2.38008e-26 
4.15 1.66334e-26 
4.1475 1.8744e-26 
4.155 1.30967e-26 
4.1525 1.47598e-26 
4.16 1.03098e-26 
4.1575 1.16203e-26 
4.165 8.11369e-27 
4.1625 9.14638e-27 
4.17 6.38334e-27 
4.1675 7.197e-27 
4.175 5.02018e-27 
4.1725 5.66114e-27 
4.18 3.94653e-27 
4.1775 4.45133e-27 
4.185 3.10112e-27 
4.1825 3.49857e-27 
4.19 2.43567e-27 
4.1875 2.74849e-27 
4.195 1.91205e-27 
4.1925 2.15817e-27 
4.2 1.50021e-27 
4.1975 1.69377e-27 
4.205 1.17643e-27 
4.2025 1.32858e-27 
4.21 9.21994e-28 
4.2075 1.04154e-27 
4.215 7.2216e-28 
4.2125 8.16042e-28 
4.22 5.65292e-28 
4.2175 6.38978e-28 
4.225 4.42221e-28 
4.2225 5.00023e-28 
4.23 3.4572e-28 
4.2275 3.91036e-28 
4.235 2.70099e-28 
4.2325 3.05604e-28 
4.24 2.10877e-28 
4.2375 2.38678e-28 
4.245 1.64526e-28 
4.2425 1.86281e-28 
4.25 1.28274e-28 
4.2475 1.45286e-28 
4.255 9.99384e-29 
4.2525 1.13233e-28 
4.26 7.78058e-29 
4.2575 8.81883e-29 
4.265 6.05303e-29 
4.2625 6.86328e-29 
4.27 4.70555e-29 
4.2675 5.33742e-29 
4.275 3.65529e-29 
4.2725 4.14769e-29 
4.28 2.83727e-29 
4.2775 3.22071e-29 
4.285 2.20062e-29 
4.2825 2.49898e-29 
4.29 1.70549e-29 
4.2875 1.93748e-29 
4.295 1.32072e-29 
4.2925 1.50097e-29 
4.3 1.02194e-29 
4.2975 1.16188e-29 
4.305 7.90121e-30 
4.3025 8.98677e-30 
4.31 6.1039e-30 
4.3075 6.94535e-30 
4.315 4.71156e-30 
4.3125 5.36327e-30 
4.32 3.63382e-30 
4.3175 4.13817e-30 
4.325 2.80027e-30 
4.3225 3.19026e-30 
4.33 2.15612e-30 
4.3275 2.45743e-30 
4.335 1.65873e-30 
4.3325 1.89134e-30 
4.34 1.275e-30 
4.3375 1.45442e-30 
4.345 9.79199e-31 
4.3425 1.11747e-30 
4.35 7.51374e-31 
4.3475 8.57846e-31 
4.355 5.76054e-31 
4.3525 6.5797e-31 
4.36 4.41255e-31 
4.3575 5.04223e-31 
4.365 3.37702e-31 
4.3625 3.86063e-31 
4.37 2.58221e-31 
4.3675 2.95331e-31 
4.375 1.97271e-31 
4.3725 2.25722e-31 
4.38 1.50572e-31 
4.3775 1.72366e-31 
4.385 1.14824e-31 
4.3825 1.31503e-31 
4.39 8.74844e-32 
4.3875 1.00238e-31 
4.395 6.65934e-32 
4.3925 7.6336e-32 
4.4 5.06448e-32 
4.3975 5.80807e-32 
4.405 3.84803e-32 
4.4025 4.41505e-32 
4.41 2.92106e-32 
4.4075 3.35304e-32 
4.415 2.21534e-32 
4.4125 2.54413e-32 
4.42 1.67856e-32 
4.4175 1.92858e-32 
4.425 1.27065e-32 
4.4225 1.46059e-32 
4.43 9.6096e-33 
4.4275 1.10513e-32 
4.435 7.26067e-33 
4.4325 8.35393e-33 
4.44 5.48072e-33 
4.4375 6.30895e-33 
4.445 4.13319e-33 
4.4425 4.76005e-33 
4.45 3.11401e-33 
4.4475 3.588e-33 
4.455 2.3439e-33 
4.4525 2.70196e-33 
4.46 1.76255e-33 
4.4575 2.03278e-33 
4.465 1.32411e-33 
4.4625 1.52786e-33 
4.47 9.93782e-34 
4.4675 1.14725e-33 
4.475 7.45138e-34 
4.4725 8.60627e-34 
4.48 5.58162e-34 
4.4775 6.44985e-34 
4.485 4.17697e-34 
4.4825 4.82906e-34 
4.49 3.12277e-34 
4.4875 3.61204e-34 
4.495 2.33234e-34 
4.4925 2.69909e-34 
4.5 1.74028e-34 
4.4975 2.01492e-34 
4.505 1.29724e-34 
4.5025 1.5027e-34 
4.51 9.66034e-35 
4.5075 1.11959e-34 
4.515 7.18682e-35 
4.5125 8.33329e-35 
4.52 5.34135e-35 
4.5175 6.19649e-35 
4.525 3.96584e-35 
4.5225 4.60305e-35 
4.53 2.94163e-35 
4.5275 3.41597e-35 
4.535 2.17976e-35 
4.5325 2.53251e-35 
4.54 1.61361e-35 
4.5375 1.87567e-35 
4.545 1.19331e-35 
4.5425 1.3878e-35 
4.55 8.81602e-36 
4.5475 1.02581e-35 
4.555 6.50666e-36 
4.5525 7.57474e-36 
4.56 4.79742e-36 
4.5575 5.58773e-36 
4.565 3.53364e-36 
4.5625 4.11782e-36 
4.57 2.60015e-36 
4.5675 3.03154e-36 
4.575 1.91134e-36 
4.5725 2.22957e-36 
4.58 1.40359e-36 
4.5775 1.6381e-36 
4.585 1.02968e-36 
4.5825 1.20233e-36 
4.59 7.54616e-37 
4.5875 8.81591e-37 
4.595 5.52472e-37 
4.5925 6.4576e-37 
4.6 4.04068e-37 
4.5975 4.72536e-37 
4.605 2.95228e-37 
4.6025 3.45429e-37 
4.61 2.15487e-37 
4.6075 2.52257e-37 
4.615 1.57124e-37 
4.6125 1.84028e-37 
4.62 1.14452e-37 
4.6175 1.34117e-37 
4.625 8.32835e-38 
4.6225 9.76435e-38 
4.63 6.05416e-38 
4.6275 7.10166e-38 
4.635 4.39649e-38 
4.6325 5.1598e-38 
4.64 3.18944e-38 
4.6375 3.7451e-38 
4.645 2.31143e-38 
4.6425 2.71551e-38 
4.65 1.67341e-38 
4.6475 1.96695e-38 
4.655 1.21026e-38 
4.6525 1.42329e-38 
4.66 8.74405e-39 
4.6575 1.02884e-38 
4.665 6.31105e-39 
4.6625 7.42951e-39 
4.67 4.55036e-39 
4.6675 5.35953e-39 
4.675 3.27751e-39 
4.6725 3.86232e-39 
4.68 2.35829e-39 
4.6775 2.78051e-39 
4.685 1.69514e-39 
4.6825 1.99965e-39 
4.69 1.21722e-39 
4.6875 1.43662e-39 
4.695 8.73143e-40 
4.6925 1.03105e-39 
4.7 6.25686e-40 
4.6975 7.39221e-40 
4.705 4.479e-40 
4.7025 5.29446e-40 
4.71 3.20303e-40 
4.7075 3.78812e-40 
4.715 2.28819e-40 
4.7125 2.70757e-40 
4.72 1.63297e-40 
4.7175 1.93325e-40 
4.725 1.16418e-40 
4.7225 1.37896e-40 
4.73 8.2911e-41 
4.7275 9.82581e-41 
4.735 5.89873e-41 
4.7325 6.9942e-41 
4.74 4.19236e-41 
4.7375 4.97349e-41 
4.745 2.97654e-41 
4.7425 3.53295e-41 
4.75 2.11115e-41 
4.7475 2.50708e-41 
4.755 1.49581e-41 
4.7525 1.77726e-41 
4.76 1.05874e-41 
4.7575 1.2586e-41 
4.765 7.48612e-42 
4.7625 8.90382e-42 
4.77 5.28782e-42 
4.7675 6.29244e-42 
4.775 3.7312e-42 
4.7725 4.44238e-42 
4.78 2.63012e-42 
4.7775 3.13303e-42 
4.785 1.85206e-42 
4.7825 2.20733e-42 
4.79 1.30283e-42 
4.7875 1.55354e-42 
4.795 9.15529e-43 
4.7925 1.09227e-42 
4.8 6.42705e-43 
4.7975 7.67175e-43 
4.805 4.50717e-43 
4.8025 5.38283e-43 
4.81 3.15755e-43 
4.8075 3.77294e-43 
4.815 2.20979e-43 
4.8125 2.64182e-43 
4.82 1.54491e-43 
4.8175 1.8479e-43 
4.825 1.07898e-43 
4.8225 1.29125e-43 
4.83 7.52789e-44 
4.8275 9.01352e-44 
4.835 5.24673e-44 
4.8325 6.2854e-44 
4.84 3.65307e-44 
4.8375 4.3785e-44 
4.845 2.54087e-44 
4.8425 3.047e-44 
4.85 1.76547e-44 
4.8475 2.11823e-44 
4.855 1.22544e-44 
4.8525 1.47105e-44 
4.86 8.49729e-45 
4.8575 1.02056e-44 
4.865 5.88603e-45 
4.8625 7.07299e-45 
4.87 4.07305e-45 
4.8675 4.89692e-45 
4.875 2.81561e-45 
4.8725 3.38686e-45 
4.88 1.94437e-45 
4.8775 2.34006e-45 
4.885 1.34135e-45 
4.8825 1.61515e-45 
4.89 9.24403e-46 
4.8875 1.11366e-45 
4.895 6.36408e-46 
4.8925 7.67096e-46 
4.9 4.37689e-46 
4.8975 5.27839e-46 
4.905 3.00713e-46 
4.9025 3.62836e-46 
4.91 2.06393e-46 
4.9075 2.49158e-46 
4.915 1.41513e-46 
4.9125 1.70921e-46 
4.92 9.69287e-47 
4.9175 1.17132e-46 
4.925 6.63235e-47 
4.9225 8.01882e-47 
4.93 4.53358e-47 
4.9275 5.48409e-47 
4.935 3.09583e-47 
4.9325 3.74679e-47 
4.94 2.11194e-47 
4.9375 2.55728e-47 
4.945 1.43934e-47 
4.9425 1.74369e-47 
4.95 9.80061e-48 
4.9475 1.18782e-47 
4.955 6.66816e-48 
4.9525 8.08465e-48 
4.96 4.53471e-48 
4.9575 5.49904e-48 
4.965 3.08434e-48 
4.9625 3.73951e-48 
4.97 2.10114e-48 
4.9675 2.54483e-48 
4.975 1.43796e-48 
4.9725 1.73667e-48 
4.98 9.95073e-49 
4.9775 1.19379e-48 
4.985 7.05539e-49 
4.9825 8.34321e-49 
4.99 5.25424e-49 
4.9875 6.03841e-49 
4.995 4.27297e-49 
4.9925 4.673e-49 
5 3.96174e-49 
4.9975 4.03876e-49 
