0 7.76047e-06 
0.005 7.83621e-06 
0.0025 7.77938e-06 
0.01 8.0647e-06 
0.0075 7.93118e-06 
0.015 8.44983e-06 
0.0125 8.23734e-06 
0.02 8.99809e-06 
0.0175 8.70305e-06 
0.025 9.71873e-06 
0.0225 9.33617e-06 
0.03 1.06239e-05 
0.0275 1.01474e-05 
0.035 1.17287e-05 
0.0325 1.11503e-05 
0.04 1.30517e-05 
0.0375 1.23616e-05 
0.045 1.46147e-05 
0.0425 1.38017e-05 
0.05 1.64437e-05 
0.0475 1.54942e-05 
0.055 1.85687e-05 
0.0525 1.74671e-05 
0.06 2.10244e-05 
0.0575 1.97528e-05 
0.065 2.38508e-05 
0.0625 2.23885e-05 
0.07 2.70933e-05 
0.0675 2.54169e-05 
0.075 3.08041e-05 
0.0725 2.88867e-05 
0.08 3.50422e-05 
0.0775 3.28533e-05 
0.085 3.98746e-05 
0.0825 3.73796e-05 
0.09 4.53773e-05 
0.0875 4.25371e-05 
0.095 5.1636e-05 
0.0925 4.84064e-05 
0.1 5.87478e-05 
0.0975 5.50788e-05 
0.105 6.6822e-05 
0.1025 6.26572e-05 
0.11 7.59819e-05 
0.1075 7.12579e-05 
0.115 8.63665e-05 
0.1125 8.10118e-05 
0.12 9.81325e-05 
0.1175 9.20663e-05 
0.125 0.000111456 
0.1225 0.000104588 
0.13 0.000126535 
0.1275 0.000118762 
0.135 0.000143592 
0.1325 0.000134801 
0.14 0.000162878 
0.1375 0.00015294 
0.145 0.000184675 
0.1425 0.000173444 
0.15 0.000209298 
0.1475 0.000196612 
0.155 0.000237103 
0.1525 0.000222779 
0.16 0.000268487 
0.1575 0.000252321 
0.165 0.0003039 
0.1625 0.00028566 
0.17 0.000343841 
0.1675 0.000323271 
0.175 0.000388875 
0.1725 0.000365684 
0.18 0.000439634 
0.1775 0.000413497 
0.185 0.000496824 
0.1825 0.000467377 
0.19 0.000561239 
0.1875 0.000528075 
0.195 0.00063377 
0.1925 0.000596431 
0.2 0.000715413 
0.1975 0.000673386 
0.205 0.000807284 
0.2025 0.000759995 
0.21 0.000910634 
0.2075 0.00085744 
0.215 0.00102686 
0.2125 0.000967045 
0.22 0.00115754 
0.2175 0.00109029 
0.225 0.00130442 
0.2225 0.00122884 
0.23 0.00146946 
0.2275 0.00138454 
0.235 0.00165486 
0.2325 0.00155947 
0.24 0.00186309 
0.2375 0.00175596 
0.245 0.00209687 
0.2425 0.0019766 
0.25 0.0023593 
0.2475 0.0022243 
0.255 0.00265379 
0.2525 0.0025023 
0.26 0.00298418 
0.2575 0.00281424 
0.265 0.00335475 
0.2625 0.00316415 
0.27 0.00377028 
0.2675 0.00355657 
0.275 0.0042361 
0.2725 0.00399655 
0.28 0.00475816 
0.2775 0.0044897 
0.285 0.0053431 
0.2825 0.00504233 
0.29 0.00599829 
0.2875 0.00566141 
0.295 0.00673196 
0.2925 0.00635476 
0.3 0.00755327 
0.2975 0.00713105 
0.305 0.00847241 
0.3025 0.00799993 
0.31 0.00950067 
0.3075 0.00897214 
0.315 0.0106506 
0.3125 0.0100596 
0.32 0.0119362 
0.3175 0.0112755 
0.325 0.0133727 
0.3225 0.0126346 
0.33 0.0149774 
0.3275 0.0141529 
0.335 0.016769 
0.3325 0.0158486 
0.34 0.0187684 
0.3375 0.0177413 
0.345 0.0209983 
0.3425 0.019853 
0.35 0.023484 
0.3475 0.0222075 
0.355 0.026253 
0.3525 0.0248313 
0.36 0.0293355 
0.3575 0.0277531 
0.365 0.0327643 
0.3625 0.0310044 
0.37 0.0365751 
0.3675 0.0346196 
0.375 0.0408067 
0.3725 0.0386358 
0.38 0.0455006 
0.3775 0.0430931 
0.385 0.0507017 
0.3825 0.0480349 
0.39 0.0564577 
0.3875 0.0535073 
0.395 0.0628193 
0.3925 0.0595596 
0.4 0.0698397 
0.3975 0.0662437 
0.405 0.0775747 
0.4025 0.0736143 
0.41 0.0860818 
0.4075 0.0817281 
0.415 0.0954199 
0.4125 0.0906433 
0.42 0.105648 
0.4175 0.100419 
0.425 0.116826 
0.4225 0.111115 
0.43 0.129009 
0.4275 0.122788 
0.435 0.142253 
0.4325 0.135496 
0.44 0.156606 
0.4375 0.149288 
0.445 0.17211 
0.4425 0.164212 
0.45 0.1888 
0.4475 0.180305 
0.455 0.206699 
0.4525 0.197597 
0.46 0.225816 
0.4575 0.216105 
0.465 0.246147 
0.4625 0.235831 
0.47 0.267671 
0.4675 0.256762 
0.475 0.290347 
0.4725 0.278868 
0.48 0.314116 
0.4775 0.3021 
0.485 0.338897 
0.4825 0.326386 
0.49 0.364591 
0.4875 0.351637 
0.495 0.391077 
0.4925 0.377743 
0.5 0.418219 
0.4975 0.404575 
0.505 0.445863 
0.5025 0.431988 
0.51 0.473845 
0.5075 0.459822 
0.515 0.501992 
0.5125 0.487909 
0.52 0.530127 
0.5175 0.516072 
0.525 0.558072 
0.5225 0.544134 
0.53 0.585656 
0.5275 0.57192 
0.535 0.612716 
0.5325 0.599261 
0.54 0.6391 
0.5375 0.626001 
0.545 0.664673 
0.5425 0.651995 
0.55 0.689319 
0.5475 0.677119 
0.555 0.71294 
0.5525 0.701263 
0.56 0.73546 
0.5575 0.724342 
0.565 0.75682 
0.5625 0.746287 
0.57 0.776983 
0.5675 0.767053 
0.575 0.795931 
0.5725 0.78661 
0.58 0.813661 
0.5775 0.804948 
0.585 0.830184 
0.5825 0.822072 
0.59 0.845527 
0.5875 0.838001 
0.595 0.859723 
0.5925 0.852765 
0.6 0.872816 
0.5975 0.866404 
0.605 0.884856 
0.6025 0.878964 
0.61 0.895898 
0.6075 0.890499 
0.615 0.905999 
0.6125 0.901063 
0.62 0.915218 
0.6175 0.910715 
0.625 0.923614 
0.6225 0.919515 
0.63 0.931246 
0.6275 0.927522 
0.635 0.938171 
0.6325 0.934793 
0.64 0.944444 
0.6375 0.941385 
0.645 0.950119 
0.6425 0.947353 
0.65 0.955246 
0.6475 0.952748 
0.655 0.959872 
0.6525 0.957619 
0.66 0.964042 
0.6575 0.962012 
0.665 0.967796 
0.6625 0.965969 
0.67 0.971174 
0.6675 0.96953 
0.675 0.974209 
0.6725 0.972732 
0.68 0.976936 
0.6775 0.975609 
0.685 0.979383 
0.6825 0.978193 
0.69 0.981578 
0.6875 0.98051 
0.695 0.983546 
0.6925 0.982589 
0.7 0.985308 
0.6975 0.984451 
0.705 0.986887 
0.7025 0.986119 
0.71 0.9883 
0.7075 0.987613 
0.715 0.989564 
0.7125 0.98895 
0.72 0.990695 
0.7175 0.990145 
0.725 0.991705 
0.7225 0.991214 
0.73 0.992608 
0.7275 0.99217 
0.735 0.993415 
0.7325 0.993023 
0.74 0.994136 
0.7375 0.993786 
0.745 0.994779 
0.7425 0.994467 
0.75 0.995353 
0.7475 0.995074 
0.755 0.995865 
0.7525 0.995617 
0.76 0.996322 
0.7575 0.9961 
0.765 0.99673 
0.7625 0.996532 
0.77 0.997093 
0.7675 0.996917 
0.775 0.997417 
0.7725 0.997259 
0.78 0.997705 
0.7775 0.997565 
0.785 0.997962 
0.7825 0.997837 
0.79 0.99819 
0.7875 0.998079 
0.795 0.998394 
0.7925 0.998295 
0.8 0.998575 
0.7975 0.998487 
0.805 0.998736 
0.8025 0.998658 
0.81 0.99888 
0.8075 0.99881 
0.815 0.999007 
0.8125 0.998945 
0.82 0.99912 
0.8175 0.999065 
0.825 0.999221 
0.8225 0.999172 
0.83 0.99931 
0.8275 0.999267 
0.835 0.99939 
0.8325 0.999351 
0.84 0.99946 
0.8375 0.999426 
0.845 0.999523 
0.8425 0.999492 
0.85 0.999578 
0.8475 0.999551 
0.855 0.999627 
0.8525 0.999603 
0.86 0.999671 
0.8575 0.99965 
0.865 0.999709 
0.8625 0.999691 
0.87 0.999744 
0.8675 0.999727 
0.875 0.999774 
0.8725 0.999759 
0.88 0.999801 
0.8775 0.999788 
0.885 0.999824 
0.8825 0.999813 
0.89 0.999845 
0.8875 0.999835 
0.895 0.999864 
0.8925 0.999855 
0.9 0.99988 
0.8975 0.999872 
0.905 0.999894 
0.9025 0.999887 
0.91 0.999907 
0.9075 0.999901 
0.915 0.999918 
0.9125 0.999913 
0.92 0.999928 
0.9175 0.999923 
0.925 0.999936 
0.9225 0.999932 
0.93 0.999944 
0.9275 0.99994 
0.935 0.99995 
0.9325 0.999947 
0.94 0.999956 
0.9375 0.999953 
0.945 0.999961 
0.9425 0.999959 
0.95 0.999965 
0.9475 0.999963 
0.955 0.999969 
0.9525 0.999967 
0.96 0.999972 
0.9575 0.999971 
0.965 0.999975 
0.9625 0.999974 
0.97 0.999977 
0.9675 0.999976 
0.975 0.999979 
0.9725 0.999978 
0.98 0.99998 
0.9775 0.99998 
0.985 0.999982 
0.9825 0.999981 
0.99 0.999982 
0.9875 0.999982 
0.995 0.999983 
0.9925 0.999983 
1 0.999983 
0.9975 0.999983 
1.005 0.999983 
1.0025 0.999983 
1.01 0.999982 
1.0075 0.999983 
1.015 0.999982 
1.0125 0.999982 
1.02 0.999981 
1.0175 0.999981 
1.025 0.99998 
1.0225 0.99998 
1.03 0.999978 
1.0275 0.999979 
1.035 0.999976 
1.0325 0.999977 
1.04 0.999974 
1.0375 0.999975 
1.045 0.999971 
1.0425 0.999973 
1.05 0.999968 
1.0475 0.99997 
1.055 0.999965 
1.0525 0.999967 
1.06 0.999961 
1.0575 0.999963 
1.065 0.999956 
1.0625 0.999959 
1.07 0.999951 
1.0675 0.999954 
1.075 0.999946 
1.0725 0.999949 
1.08 0.999939 
1.0775 0.999943 
1.085 0.999932 
1.0825 0.999936 
1.09 0.999924 
1.0875 0.999928 
1.095 0.999915 
1.0925 0.99992 
1.1 0.999905 
1.0975 0.99991 
1.105 0.999894 
1.1025 0.9999 
1.11 0.999882 
1.1075 0.999888 
1.115 0.999868 
1.1125 0.999875 
1.12 0.999852 
1.1175 0.99986 
1.125 0.999835 
1.1225 0.999844 
1.13 0.999816 
1.1275 0.999826 
1.135 0.999795 
1.1325 0.999806 
1.14 0.999771 
1.1375 0.999783 
1.145 0.999745 
1.1425 0.999758 
1.15 0.999715 
1.1475 0.99973 
1.155 0.999683 
1.1525 0.9997 
1.16 0.999647 
1.1575 0.999666 
1.165 0.999607 
1.1625 0.999628 
1.17 0.999563 
1.1675 0.999586 
1.175 0.999514 
1.1725 0.999539 
1.18 0.99946 
1.1775 0.999488 
1.185 0.999399 
1.1825 0.99943 
1.19 0.999333 
1.1875 0.999367 
1.195 0.999259 
1.1925 0.999297 
1.2 0.999177 
1.1975 0.999219 
1.205 0.999087 
1.2025 0.999133 
1.21 0.998987 
1.2075 0.999038 
1.215 0.998876 
1.2125 0.998933 
1.22 0.998754 
1.2175 0.998816 
1.225 0.998618 
1.2225 0.998688 
1.23 0.998468 
1.2275 0.998545 
1.235 0.998303 
1.2325 0.998388 
1.24 0.99812 
1.2375 0.998214 
1.245 0.997918 
1.2425 0.998022 
1.25 0.997695 
1.2475 0.997809 
1.255 0.997448 
1.2525 0.997575 
1.26 0.997176 
1.2575 0.997316 
1.265 0.996876 
1.2625 0.99703 
1.27 0.996544 
1.2675 0.996714 
1.275 0.996178 
1.2725 0.996365 
1.28 0.995773 
1.2775 0.99598 
1.285 0.995327 
1.2825 0.995556 
1.29 0.994835 
1.2875 0.995087 
1.295 0.994292 
1.2925 0.994571 
1.3 0.993694 
1.2975 0.994 
1.305 0.993034 
1.3025 0.993372 
1.31 0.992306 
1.3075 0.992679 
1.315 0.991504 
1.3125 0.991915 
1.32 0.99062 
1.3175 0.991073 
1.325 0.989646 
1.3225 0.990145 
1.33 0.988573 
1.3275 0.989122 
1.335 0.987391 
1.3325 0.987996 
1.34 0.986091 
1.3375 0.986757 
1.345 0.984659 
1.3425 0.985392 
1.35 0.983083 
1.3475 0.98389 
1.355 0.98135 
1.3525 0.982237 
1.36 0.979444 
1.3575 0.98042 
1.365 0.97735 
1.3625 0.978422 
1.37 0.975048 
1.3675 0.976226 
1.375 0.972521 
1.3725 0.973814 
1.38 0.969748 
1.3775 0.971167 
1.385 0.966706 
1.3825 0.968262 
1.39 0.963371 
1.3875 0.965077 
1.395 0.959719 
1.3925 0.961586 
1.4 0.955721 
1.3975 0.957765 
1.405 0.951348 
1.4025 0.953583 
1.41 0.946571 
1.4075 0.949012 
1.415 0.941357 
1.4125 0.944021 
1.42 0.935673 
1.4175 0.938576 
1.425 0.929484 
1.4225 0.932644 
1.43 0.922753 
1.4275 0.926188 
1.435 0.915445 
1.4325 0.919173 
1.44 0.907522 
1.4375 0.911562 
1.445 0.898948 
1.4425 0.903319 
1.45 0.889687 
1.4475 0.894406 
1.455 0.879705 
1.4525 0.884789 
1.46 0.868969 
1.4575 0.874433 
1.465 0.857449 
1.4625 0.863308 
1.47 0.84512 
1.4675 0.851387 
1.475 0.831963 
1.4725 0.838646 
1.48 0.817963 
1.4775 0.825069 
1.485 0.803112 
1.4825 0.810644 
1.49 0.787414 
1.4875 0.795369 
1.495 0.770877 
1.4925 0.779249 
1.5 0.753524 
1.4975 0.762301 
1.505 0.735387 
1.5025 0.744551 
1.51 0.71651 
1.5075 0.726038 
1.515 0.696948 
1.5125 0.70681 
1.52 0.67677 
1.5175 0.686931 
1.525 0.656055 
1.5225 0.666474 
1.53 0.634894 
1.5275 0.645524 
1.535 0.613387 
1.5325 0.624177 
1.54 0.591644 
1.5375 0.602538 
1.545 0.569779 
1.5425 0.580719 
1.55 0.547916 
1.5475 0.55884 
1.555 0.526175 
1.5525 0.537022 
1.56 0.504683 
1.5575 0.51539 
1.565 0.483562 
1.5625 0.494068 
1.57 0.462931 
1.5675 0.473178 
1.575 0.442905 
1.5725 0.452836 
1.58 0.423592 
1.5775 0.433153 
1.585 0.405091 
1.5825 0.414234 
1.59 0.387493 
1.5875 0.396174 
1.595 0.370881 
1.5925 0.379059 
1.6 0.355325 
1.5975 0.362967 
1.605 0.340891 
1.6025 0.347965 
1.61 0.32763 
1.6075 0.334111 
1.615 0.31559 
1.6125 0.321455 
1.62 0.304805 
1.6175 0.310038 
1.625 0.295308 
1.6225 0.299894 
1.63 0.287119 
1.6275 0.291048 
1.635 0.280256 
1.6325 0.283521 
1.64 0.274729 
1.6375 0.277325 
1.645 0.270543 
1.6425 0.272468 
1.65 0.267698 
1.6475 0.268953 
1.655 0.266188 
1.6525 0.266776 
1.66 0.266005 
1.6575 0.265931 
1.665 0.267133 
1.6625 0.266406 
1.67 0.269556 
1.6675 0.268184 
1.675 0.273251 
1.6725 0.271246 
1.68 0.278195 
1.6775 0.275569 
1.685 0.284359 
1.6825 0.281126 
1.69 0.291713 
1.6875 0.287889 
1.695 0.300226 
1.6925 0.295827 
1.7 0.309862 
1.6975 0.304906 
1.705 0.320584 
1.7025 0.31509 
1.71 0.332354 
1.7075 0.32634 
1.715 0.345128 
1.7125 0.338618 
1.72 0.358863 
1.7175 0.351878 
1.725 0.373509 
1.7225 0.366075 
1.73 0.389016 
1.7275 0.381159 
1.735 0.405327 
1.7325 0.397075 
1.74 0.42238 
1.7375 0.413765 
1.745 0.440112 
1.7425 0.431166 
1.75 0.458451 
1.7475 0.44921 
1.755 0.477323 
1.7525 0.467826 
1.76 0.496648 
1.7575 0.486935 
1.765 0.516342 
1.7625 0.506455 
1.77 0.536318 
1.7675 0.526301 
1.775 0.556485 
1.7725 0.546383 
1.78 0.57675 
1.7775 0.566611 
1.785 0.597021 
1.7825 0.586891 
1.79 0.617206 
1.7875 0.60713 
1.795 0.637214 
1.7925 0.627238 
1.8 0.656958 
1.7975 0.647124 
1.805 0.676355 
1.8025 0.666705 
1.81 0.695328 
1.8075 0.685899 
1.815 0.713808 
1.8125 0.704634 
1.82 0.731732 
1.8175 0.722843 
1.825 0.749045 
1.8225 0.740468 
1.83 0.765704 
1.8275 0.757459 
1.835 0.78167 
1.8325 0.773775 
1.84 0.796918 
1.8375 0.789385 
1.845 0.811427 
1.8425 0.804266 
1.85 0.825188 
1.8475 0.818402 
1.855 0.838197 
1.8525 0.831787 
1.86 0.850459 
1.8575 0.844421 
1.865 0.861982 
1.8625 0.856312 
1.87 0.872782 
1.8675 0.867471 
1.875 0.88288 
1.8725 0.877918 
1.88 0.892298 
1.8775 0.887672 
1.885 0.901062 
1.8825 0.89676 
1.89 0.909202 
1.8875 0.905208 
1.895 0.916747 
1.8925 0.913047 
1.9 0.923729 
1.8975 0.920307 
1.905 0.930179 
1.9025 0.927019 
1.91 0.936128 
1.9075 0.933214 
1.915 0.941608 
1.9125 0.938925 
1.92 0.94665 
1.9175 0.944182 
1.925 0.951283 
1.9225 0.949016 
1.93 0.955535 
1.9275 0.953454 
1.935 0.959434 
1.9325 0.957527 
1.94 0.963007 
1.9375 0.96126 
1.945 0.966277 
1.9425 0.964678 
1.95 0.969269 
1.9475 0.967806 
1.955 0.972004 
1.9525 0.970667 
1.96 0.974502 
1.9575 0.973281 
1.965 0.976783 
1.9625 0.975669 
1.97 0.978865 
1.9675 0.977848 
1.975 0.980765 
1.9725 0.979837 
1.98 0.982496 
1.9775 0.981651 
1.985 0.984075 
1.9825 0.983304 
1.99 0.985513 
1.9875 0.984811 
1.995 0.986823 
1.9925 0.986183 
2 0.988016 
1.9975 0.987434 
2.005 0.989102 
2.0025 0.988572 
2.01 0.990091 
2.0075 0.989608 
2.015 0.990991 
2.0125 0.990551 
2.02 0.991809 
2.0175 0.99141 
2.025 0.992554 
2.0225 0.99219 
2.03 0.993231 
2.0275 0.992901 
2.035 0.993847 
2.0325 0.993547 
2.04 0.994407 
2.0375 0.994134 
2.045 0.994917 
2.0425 0.994668 
2.05 0.99538 
2.0475 0.995154 
2.055 0.995801 
2.0525 0.995595 
2.06 0.996183 
2.0575 0.995997 
2.065 0.996531 
2.0625 0.996361 
2.07 0.996847 
2.0675 0.996693 
2.075 0.997134 
2.0725 0.996994 
2.08 0.997395 
2.0775 0.997268 
2.085 0.997632 
2.0825 0.997516 
2.09 0.997847 
2.0875 0.997742 
2.095 0.998043 
2.0925 0.997947 
2.1 0.99822 
2.0975 0.998134 
2.105 0.998382 
2.1025 0.998303 
2.11 0.998528 
2.1075 0.998456 
2.115 0.99866 
2.1125 0.998596 
2.12 0.998781 
2.1175 0.998722 
2.125 0.99889 
2.1225 0.998837 
2.13 0.998989 
2.1275 0.99894 
2.135 0.999078 
2.1325 0.999034 
2.14 0.999159 
2.1375 0.99912 
2.145 0.999232 
2.1425 0.999196 
2.15 0.999298 
2.1475 0.999266 
2.155 0.999358 
2.1525 0.999329 
2.16 0.999411 
2.1575 0.999385 
2.165 0.999459 
2.1625 0.999436 
2.17 0.999502 
2.1675 0.999481 
2.175 0.999541 
2.1725 0.999522 
2.18 0.999575 
2.1775 0.999558 
2.185 0.999605 
2.1825 0.99959 
2.19 0.999632 
2.1875 0.999619 
2.195 0.999655 
2.1925 0.999644 
2.2 0.999675 
2.1975 0.999665 
2.205 0.999692 
2.2025 0.999684 
2.21 0.999707 
2.2075 0.9997 
2.215 0.999718 
2.2125 0.999713 
2.22 0.999728 
2.2175 0.999723 
2.225 0.999735 
2.2225 0.999731 
2.23 0.999739 
2.2275 0.999737 
2.235 0.999742 
2.2325 0.999741 
2.24 0.999742 
2.2375 0.999742 
2.245 0.999741 
2.2425 0.999742 
2.25 0.999738 
2.2475 0.99974 
2.255 0.999732 
2.2525 0.999735 
2.26 0.999725 
2.2575 0.999729 
2.265 0.999716 
2.2625 0.999721 
2.27 0.999705 
2.2675 0.999711 
2.275 0.999693 
2.2725 0.999699 
2.28 0.999678 
2.2775 0.999686 
2.285 0.999662 
2.2825 0.99967 
2.29 0.999644 
2.2875 0.999653 
2.295 0.999624 
2.2925 0.999634 
2.3 0.999602 
2.2975 0.999613 
2.305 0.999578 
2.3025 0.999591 
2.31 0.999553 
2.3075 0.999566 
2.315 0.999525 
2.3125 0.999539 
2.32 0.999495 
2.3175 0.999511 
2.325 0.999464 
2.3225 0.99948 
2.33 0.99943 
2.3275 0.999447 
2.335 0.999394 
2.3325 0.999412 
2.34 0.999356 
2.3375 0.999375 
2.345 0.999316 
2.3425 0.999336 
2.35 0.999273 
2.3475 0.999294 
2.355 0.999228 
2.3525 0.999251 
2.36 0.99918 
2.3575 0.999204 
2.365 0.99913 
2.3625 0.999155 
2.37 0.999077 
2.3675 0.999104 
2.375 0.999022 
2.3725 0.99905 
2.38 0.998964 
2.3775 0.998993 
2.385 0.998902 
2.3825 0.998933 
2.39 0.998838 
2.3875 0.998871 
2.395 0.998771 
2.3925 0.998805 
2.4 0.998701 
2.3975 0.998736 
2.405 0.998627 
2.4025 0.998664 
2.41 0.998549 
2.4075 0.998589 
2.415 0.998468 
2.4125 0.998509 
2.42 0.998383 
2.4175 0.998426 
2.425 0.998294 
2.4225 0.998339 
2.43 0.998201 
2.4275 0.998248 
2.435 0.998103 
2.4325 0.998153 
2.44 0.998001 
2.4375 0.998053 
2.445 0.997893 
2.4425 0.997948 
2.45 0.99778 
2.4475 0.997838 
2.455 0.997662 
2.4525 0.997722 
2.46 0.997537 
2.4575 0.9976 
2.465 0.997406 
2.4625 0.997473 
2.47 0.997269 
2.4675 0.997338 
2.475 0.997124 
2.4725 0.997197 
2.48 0.996971 
2.4775 0.997048 
2.485 0.996809 
2.4825 0.996891 
2.49 0.996639 
2.4875 0.996725 
2.495 0.996458 
2.4925 0.99655 
2.5 0.996268 
2.4975 0.996364 
2.505 0.996065 
2.5025 0.996168 
2.51 0.995851 
2.5075 0.99596 
2.515 0.995623 
2.5125 0.995739 
2.52 0.995381 
2.5175 0.995504 
2.525 0.995124 
2.5225 0.995255 
2.53 0.99485 
2.5275 0.994989 
2.535 0.994557 
2.5325 0.994706 
2.54 0.994245 
2.5375 0.994404 
2.545 0.993911 
2.5425 0.994081 
2.55 0.993555 
2.5475 0.993736 
2.555 0.993173 
2.5525 0.993367 
2.56 0.992763 
2.5575 0.992972 
2.565 0.992325 
2.5625 0.992548 
2.57 0.991854 
2.5675 0.992093 
2.575 0.991348 
2.5725 0.991605 
2.58 0.990804 
2.5775 0.991081 
2.585 0.99022 
2.5825 0.990518 
2.59 0.989591 
2.5875 0.989911 
2.595 0.988914 
2.5925 0.989259 
2.6 0.988184 
2.5975 0.988556 
2.605 0.987398 
2.6025 0.987798 
2.61 0.98655 
2.6075 0.986982 
2.615 0.985636 
2.6125 0.986102 
2.62 0.984649 
2.6175 0.985152 
2.625 0.983585 
2.6225 0.984127 
2.63 0.982436 
2.6275 0.983021 
2.635 0.981195 
2.6325 0.981827 
2.64 0.979855 
2.6375 0.980538 
2.645 0.978408 
2.6425 0.979146 
2.65 0.976846 
2.6475 0.977642 
2.655 0.975158 
2.6525 0.976018 
2.66 0.973336 
2.6575 0.974264 
2.665 0.971367 
2.6625 0.97237 
2.67 0.969242 
2.6675 0.970325 
2.675 0.966947 
2.6725 0.968116 
2.68 0.96447 
2.6775 0.965732 
2.685 0.961796 
2.6825 0.963158 
2.69 0.958911 
2.6875 0.960381 
2.695 0.955799 
2.6925 0.957384 
2.7 0.952443 
2.6975 0.954152 
2.705 0.948826 
2.7025 0.950668 
2.71 0.944929 
2.7075 0.946914 
2.715 0.940733 
2.7125 0.94287 
2.72 0.936216 
2.7175 0.938516 
2.725 0.931358 
2.7225 0.933831 
2.73 0.926136 
2.7275 0.928794 
2.735 0.920527 
2.7325 0.923381 
2.74 0.914506 
2.7375 0.917569 
2.745 0.908049 
2.7425 0.911334 
2.75 0.901132 
2.7475 0.90465 
2.755 0.893727 
2.7525 0.897492 
2.76 0.88581 
2.7575 0.889834 
2.765 0.877355 
2.7625 0.881651 
2.77 0.868336 
2.7675 0.872917 
2.775 0.858728 
2.7725 0.863607 
2.78 0.848508 
2.7775 0.853696 
2.785 0.837652 
2.7825 0.84316 
2.79 0.82614 
2.7875 0.831979 
2.795 0.813953 
2.7925 0.820132 
2.8 0.801075 
2.7975 0.807601 
2.805 0.787493 
2.8025 0.794373 
2.81 0.773198 
2.8075 0.780435 
2.815 0.758185 
2.8125 0.765782 
2.82 0.742454 
2.8175 0.750409 
2.825 0.726011 
2.8225 0.734321 
2.83 0.708866 
2.8275 0.717525 
2.835 0.691038 
2.8325 0.700036 
2.84 0.672551 
2.8375 0.681875 
2.845 0.653438 
2.8425 0.663071 
2.85 0.633736 
2.8475 0.643658 
2.855 0.613493 
2.8525 0.623679 
2.86 0.592762 
2.8575 0.603185 
2.865 0.571603 
2.8625 0.582232 
2.87 0.550084 
2.8675 0.560884 
2.875 0.528278 
2.8725 0.539212 
2.88 0.506261 
2.8775 0.517291 
2.885 0.484117 
2.8825 0.4952 
2.89 0.461928 
2.8875 0.473023 
2.895 0.439782 
2.8925 0.450845 
2.9 0.417765 
2.8975 0.428752 
2.905 0.39596 
2.9025 0.40683 
2.91 0.37445 
2.9075 0.385163 
2.915 0.353314 
2.9125 0.363831 
2.92 0.332625 
2.9175 0.34291 
2.925 0.31245 
2.9225 0.32247 
2.93 0.29285 
2.9275 0.302575 
2.935 0.273878 
2.9325 0.283283 
2.94 0.255578 
2.9375 0.264641 
2.945 0.237988 
2.9425 0.246692 
2.95 0.221136 
2.9475 0.229468 
2.955 0.205044 
2.9525 0.212994 
2.96 0.189725 
2.9575 0.197287 
2.965 0.175185 
2.9625 0.182357 
2.97 0.161424 
2.9675 0.168207 
2.975 0.148435 
2.9725 0.154833 
2.98 0.136209 
2.9775 0.142228 
2.985 0.124729 
2.9825 0.130377 
2.99 0.113975 
2.9875 0.119262 
2.995 0.103925 
2.9925 0.108863 
3 0.0945535 
2.9975 0.0991558 
3.005 0.0858348 
3.0025 0.0901143 
3.01 0.0777404 
3.0075 0.0817113 
3.015 0.0702418 
3.0125 0.0739184 
3.02 0.0633099 
3.0175 0.0667068 
3.025 0.0569159 
3.0225 0.0600474 
3.03 0.0510312 
3.0275 0.0539116 
3.035 0.0456279 
3.0325 0.0482711 
3.04 0.0406788 
3.0375 0.0430982 
3.045 0.0361575 
3.0425 0.0383663 
3.05 0.0320386 
3.0475 0.0340493 
3.055 0.0282975 
3.0525 0.0301223 
3.06 0.0249106 
3.0575 0.0265612 
3.065 0.0218548 
3.0625 0.0233427 
3.07 0.0191081 
3.0675 0.0204442 
3.075 0.0166487 
3.0725 0.0178438 
3.08 0.0144558 
3.0775 0.0155203 
3.085 0.0125086 
3.0825 0.0134527 
3.09 0.0107873 
3.0875 0.011621 
3.095 0.00927242 
3.0925 0.0100053 
3.1 0.00794507 
3.0975 0.00858645 
3.105 0.00678713 
3.1025 0.00734603 
3.11 0.0057813 
3.1075 0.00626625 
3.115 0.00491118 
3.1125 0.00533026 
3.12 0.00416141 
3.1175 0.00452217 
3.125 0.00351773 
3.1225 0.00382715 
3.13 0.00296704 
3.1275 0.00323153 
3.135 0.00249742 
3.1325 0.00272279 
3.14 0.00209812 
3.1375 0.00228961 
3.145 0.00175955 
3.1425 0.0019218 
3.15 0.00147318 
3.1475 0.00161033 
3.155 0.00123152 
3.1525 0.00134719 
3.16 0.00102802 
3.1575 0.00112537 
3.165 0.000856981 
3.1625 0.000938765 
3.17 0.000713487 
3.1675 0.000782071 
3.175 0.000593297 
3.1725 0.000650719 
3.18 0.00049278 
3.1775 0.000540785 
3.185 0.000408835 
3.1825 0.000448911 
3.19 0.000338824 
3.1875 0.000372236 
3.195 0.000280507 
3.1925 0.00030833 
3.2 0.000231991 
3.1975 0.00025513 
3.205 0.000191673 
3.2025 0.000210896 
3.21 0.000158206 
3.2075 0.000174158 
3.215 0.000130455 
3.2125 0.000143679 
3.22 0.000107468 
3.2175 0.000118419 
3.225 8.84473e-05 
3.2225 9.75067e-05 
3.23 7.27234e-05 
3.2275 8.02104e-05 
3.235 5.9738e-05 
3.2325 6.59195e-05 
3.24 4.90247e-05 
3.2375 5.41233e-05 
3.245 4.01944e-05 
3.2425 4.43958e-05 
3.25 3.29234e-05 
3.2475 3.6382e-05 
3.255 2.69419e-05 
3.2525 2.97864e-05 
3.26 2.20261e-05 
3.2575 2.43632e-05 
3.265 1.79899e-05 
3.2625 1.99083e-05 
3.27 1.46792e-05 
3.2675 1.62524e-05 
3.275 1.19662e-05 
3.2725 1.3255e-05 
3.28 9.74506e-06 
3.2775 1.08e-05 
3.285 7.92848e-06 
3.2825 8.79104e-06 
3.29 6.44419e-06 
3.2875 7.14879e-06 
3.295 5.23261e-06 
3.2925 5.8076e-06 
3.3 4.2446e-06 
3.2975 4.71337e-06 
3.305 3.43971e-06 
3.3025 3.8215e-06 
3.31 2.78466e-06 
3.3075 3.09529e-06 
3.315 2.25208e-06 
3.3125 2.50456e-06 
3.32 1.81951e-06 
3.3175 2.02453e-06 
3.325 1.46854e-06 
3.3225 1.63484e-06 
3.33 1.18405e-06 
3.3275 1.31881e-06 
3.335 9.53692e-07 
3.3325 1.06278e-06 
3.34 7.67359e-07 
3.3375 8.55577e-07 
3.345 6.16791e-07 
3.3425 6.88057e-07 
3.35 4.95251e-07 
3.3475 5.52762e-07 
3.355 3.97245e-07 
3.3525 4.43607e-07 
3.36 3.18299e-07 
3.3575 3.55634e-07 
3.365 2.54773e-07 
3.3625 2.84807e-07 
3.37 2.0371e-07 
3.3675 2.27845e-07 
3.375 1.62709e-07 
3.3725 1.82083e-07 
3.38 1.29821e-07 
3.3775 1.45357e-07 
3.385 1.0347e-07 
3.3825 1.15914e-07 
3.39 8.23792e-08 
3.3875 9.23366e-08 
3.395 6.55169e-08 
3.3925 7.34757e-08 
3.4 5.20499e-08 
3.3975 5.84043e-08 
3.405 4.13062e-08 
3.4025 4.63742e-08 
3.41 3.27446e-08 
3.4075 3.67821e-08 
3.415 2.59293e-08 
3.4125 2.91423e-08 
3.42 2.05101e-08 
3.4175 2.30641e-08 
3.425 1.62057e-08 
3.4225 1.82338e-08 
3.43 1.27906e-08 
3.4275 1.43992e-08 
3.435 1.00841e-08 
3.4325 1.13586e-08 
3.44 7.94154e-09 
3.4375 8.95015e-09 
3.445 6.24729e-09 
3.4425 7.04462e-09 
3.45 4.90906e-09 
3.4475 5.53866e-09 
3.455 3.85321e-09 
3.4525 4.34981e-09 
3.46 3.0211e-09 
3.4575 3.41235e-09 
3.465 2.36604e-09 
3.4625 2.67395e-09 
3.47 1.85096e-09 
3.4675 2.093e-09 
3.475 1.44639e-09 
3.4725 1.63644e-09 
3.48 1.12899e-09 
3.4775 1.27805e-09 
3.485 8.80248e-10 
3.4825 9.97027e-10 
3.49 6.85542e-10 
3.4875 7.76926e-10 
3.495 5.33305e-10 
3.4925 6.04735e-10 
3.5 4.14409e-10 
3.4975 4.70179e-10 
3.505 3.21658e-10 
3.5025 3.6515e-10 
3.51 2.49384e-10 
3.5075 2.83264e-10 
3.515 1.93132e-10 
3.5125 2.19494e-10 
3.52 1.494e-10 
3.5175 1.69888e-10 
3.525 1.15439e-10 
3.5225 1.31344e-10 
3.53 8.90978e-11 
3.5275 1.01431e-10 
3.535 6.86892e-11 
3.5325 7.82417e-11 
3.54 5.28955e-11 
3.5375 6.02857e-11 
3.545 4.06871e-11 
3.5425 4.63979e-11 
3.55 3.1261e-11 
3.5475 3.5669e-11 
3.555 2.39914e-11 
3.5525 2.73899e-11 
3.56 1.83915e-11 
3.5575 2.10086e-11 
3.565 1.40827e-11 
3.5625 1.60957e-11 
3.57 1.07711e-11 
3.5675 1.23178e-11 
3.575 8.22888e-12 
3.5725 9.41587e-12 
3.58 6.27956e-12 
3.5775 7.18945e-12 
3.585 4.78656e-12 
3.5825 5.48324e-12 
3.59 3.6444e-12 
3.5875 4.1772e-12 
3.595 2.77162e-12 
3.5925 3.17863e-12 
3.6 2.10547e-12 
3.5975 2.41603e-12 
3.605 1.59761e-12 
3.6025 1.8343e-12 
3.61 1.21087e-12 
3.6075 1.39105e-12 
3.615 9.16711e-13 
3.6125 1.05372e-12 
3.62 6.93225e-13 
3.6175 7.97285e-13 
3.625 5.23628e-13 
3.6225 6.02572e-13 
3.63 3.95074e-13 
3.6275 4.54895e-13 
3.635 2.97743e-13 
3.6325 3.4302e-13 
3.64 2.24136e-13 
3.6375 2.58367e-13 
3.645 1.68535e-13 
3.6425 1.94384e-13 
3.65 1.26583e-13 
3.6475 1.46081e-13 
3.655 9.49665e-14 
3.6525 1.09656e-13 
3.66 7.11662e-14 
3.6575 8.22209e-14 
3.665 5.32704e-14 
3.6625 6.158e-14 
3.67 3.98297e-14 
3.6675 4.60687e-14 
3.675 2.97467e-14 
3.6725 3.44257e-14 
3.68 2.21911e-14 
3.6775 2.56962e-14 
3.685 1.65361e-14 
3.6825 1.91587e-14 
3.69 1.23082e-14 
3.6875 1.42683e-14 
3.695 9.15104e-15 
3.6925 1.06143e-14 
3.7 6.79608e-15 
3.6975 7.88722e-15 
3.705 5.0415e-15 
3.7025 5.85421e-15 
3.71 3.73572e-15 
3.7075 4.34036e-15 
3.715 2.76506e-15 
3.7125 3.21439e-15 
3.72 2.04433e-15 
3.7175 2.37786e-15 
3.725 1.50978e-15 
3.7225 1.75707e-15 
3.73 1.11376e-15 
3.7275 1.29691e-15 
3.735 8.20715e-16 
3.7325 9.56204e-16 
3.74 6.04104e-16 
3.7375 7.04223e-16 
3.745 4.44174e-16 
3.7425 5.18072e-16 
3.75 3.26225e-16 
3.7475 3.80709e-16 
3.755 2.39336e-16 
3.7525 2.7946e-16 
3.76 1.75398e-16 
3.7575 2.04915e-16 
3.765 1.28401e-16 
3.7625 1.50091e-16 
3.77 9.3896e-17 
3.7675 1.09816e-16 
3.775 6.85896e-17 
3.7725 8.02617e-17 
3.78 5.00502e-17 
3.7775 5.85986e-17 
3.785 3.64833e-17 
3.7825 4.27371e-17 
3.79 2.65659e-17 
3.7875 3.11361e-17 
3.795 1.93243e-17 
3.7925 2.26605e-17 
3.8 1.40422e-17 
3.7975 1.64749e-17 
3.805 1.01935e-17 
3.8025 1.19655e-17 
3.81 7.39219e-18 
3.8075 8.68161e-18 
3.815 5.3554e-18 
3.8125 6.29265e-18 
3.82 3.87603e-18 
3.8175 4.55659e-18 
3.825 2.80262e-18 
3.8225 3.29629e-18 
3.83 2.02458e-18 
3.8275 2.38231e-18 
3.835 1.46119e-18 
3.8325 1.72016e-18 
3.84 1.05364e-18 
3.8375 1.24092e-18 
3.845 7.59111e-19 
3.8425 8.94422e-19 
3.85 5.46458e-19 
3.8475 6.44129e-19 
3.855 3.93066e-19 
3.8525 4.63501e-19 
3.86 2.82519e-19 
3.8575 3.33268e-19 
3.865 2.0292e-19 
3.8625 2.39453e-19 
3.87 1.45653e-19 
3.8675 1.7193e-19 
3.875 1.04486e-19 
3.8725 1.23372e-19 
3.88 7.49147e-20 
3.8775 8.84781e-20 
3.885 5.36886e-20 
3.8825 6.34226e-20 
3.89 3.84626e-20 
3.8875 4.54438e-20 
3.895 2.75473e-20 
3.8925 3.25513e-20 
3.9 1.97264e-20 
3.8975 2.33113e-20 
3.905 1.41253e-20 
3.9025 1.66924e-20 
3.91 1.01154e-20 
3.9075 1.1953e-20 
3.915 7.2455e-21 
3.9125 8.56063e-21 
3.92 5.19188e-21 
3.9175 6.13293e-21 
3.925 3.72244e-21 
3.9225 4.3958e-21 
3.93 2.67092e-21 
3.9275 3.15279e-21 
3.935 1.9183e-21 
3.9325 2.26322e-21 
3.94 1.3794e-21 
3.9375 1.62641e-21 
3.945 9.93312e-22 
3.9425 1.17031e-21 
3.95 7.16498e-22 
3.9475 8.43429e-22 
3.955 5.17836e-22 
3.9525 6.08958e-22 
3.96 3.7509e-22 
3.9575 4.40588e-22 
3.965 2.72374e-22 
3.9625 3.19525e-22 
3.97 1.98336e-22 
3.9675 2.3234e-22 
3.975 1.44865e-22 
3.9725 1.69437e-22 
3.98 1.06159e-22 
3.9775 1.23957e-22 
3.985 7.80706e-23 
3.9825 9.09958e-23 
3.99 5.76297e-23 
3.9875 6.70434e-23 
3.995 4.2708e-23 
3.9925 4.95859e-23 
4 3.17786e-23 
3.9975 3.68211e-23 
4.005 2.37446e-23 
4.0025 2.7455e-23 
4.01 1.78164e-23 
4.0075 2.05571e-23 
4.015 1.34245e-23 
4.0125 1.54571e-23 
4.02 1.01572e-23 
4.0175 1.16711e-23 
4.025 7.71641e-24 
4.0225 8.84865e-24 
4.03 5.88512e-24 
4.0275 6.73558e-24 
4.035 4.50528e-24 
4.0325 5.14682e-24 
4.04 3.46119e-24 
4.0375 3.94717e-24 
4.045 2.6679e-24 
4.0425 3.03754e-24 
4.05 2.06275e-24 
4.0475 2.34502e-24 
4.055 1.59937e-24 
4.0525 1.81573e-24 
4.06 1.24326e-24 
4.0575 1.40969e-24 
4.065 9.68677e-25 
4.0625 1.09711e-24 
4.07 7.56288e-25 
4.0675 8.55711e-25 
4.075 5.9154e-25 
4.0725 6.68717e-25 
4.08 4.63414e-25 
4.0775 5.23474e-25 
4.085 3.63537e-25 
4.0825 4.10383e-25 
4.09 2.85519e-25 
4.0875 3.22131e-25 
4.095 2.24465e-25 
4.0925 2.53129e-25 
4.1 1.76609e-25 
4.0975 1.99086e-25 
4.105 1.39048e-25 
4.1025 1.56696e-25 
4.11 1.09531e-25 
4.1075 1.23403e-25 
4.115 8.63137e-26 
4.1125 9.72277e-26 
4.12 6.8036e-26 
4.1175 7.66296e-26 
4.125 5.36379e-26 
4.1225 6.04085e-26 
4.13 4.229e-26 
4.1275 4.76269e-26 
4.135 3.33426e-26 
4.1325 3.75509e-26 
4.14 2.62861e-26 
4.1375 2.96052e-26 
4.145 2.072e-26 
4.1425 2.33382e-26 
4.15 1.63291e-26 
4.1475 1.83945e-26 
4.155 1.28654e-26 
4.1525 1.44946e-26 
4.16 1.01333e-26 
4.1575 1.14183e-26 
4.165 7.97853e-27 
4.1625 8.99198e-27 
4.17 6.27955e-27 
4.1675 7.07859e-27 
4.175 4.94026e-27 
4.1725 5.57009e-27 
4.18 3.88484e-27 
4.1775 4.38113e-27 
4.185 3.05342e-27 
4.1825 3.44434e-27 
4.19 2.39872e-27 
4.1875 2.70651e-27 
4.195 1.88339e-27 
4.1925 2.12563e-27 
4.2 1.47795e-27 
4.1975 1.66851e-27 
4.205 1.15912e-27 
4.2025 1.30896e-27 
4.21 9.08535e-28 
4.2075 1.02628e-27 
4.215 7.11686e-28 
4.2125 8.0417e-28 
4.22 5.57138e-28 
4.2175 6.29737e-28 
4.225 4.35871e-28 
4.2225 4.92828e-28 
4.23 3.40776e-28 
4.2275 3.85433e-28 
4.235 2.6625e-28 
4.2325 3.01242e-28 
4.24 2.0788e-28 
4.2375 2.35281e-28 
4.245 1.62194e-28 
4.2425 1.83637e-28 
4.25 1.26459e-28 
4.2475 1.43229e-28 
4.255 9.85267e-29 
4.2525 1.11632e-28 
4.26 7.67082e-29 
4.2575 8.69434e-29 
4.265 5.96774e-29 
4.2625 6.76652e-29 
4.27 4.63932e-29 
4.2675 5.26226e-29 
4.275 3.60387e-29 
4.2725 4.08933e-29 
4.28 2.79739e-29 
4.2775 3.17543e-29 
4.285 2.1697e-29 
4.2825 2.46387e-29 
4.29 1.68154e-29 
4.2875 1.91027e-29 
4.295 1.30218e-29 
4.2925 1.4799e-29 
4.3 1.0076e-29 
4.2975 1.14557e-29 
4.305 7.79034e-30 
4.3025 8.86065e-30 
4.31 6.01826e-30 
4.3075 6.84789e-30 
4.315 4.64546e-30 
4.3125 5.28802e-30 
4.32 3.58284e-30 
4.3175 4.08012e-30 
4.325 2.76099e-30 
4.3225 3.14551e-30 
4.33 2.12587e-30 
4.3275 2.42295e-30 
4.335 1.63546e-30 
4.3325 1.8648e-30 
4.34 1.25711e-30 
4.3375 1.43401e-30 
4.345 9.65458e-31 
4.3425 1.10179e-30 
4.35 7.40828e-31 
4.3475 8.45808e-31 
4.355 5.67968e-31 
4.3525 6.48735e-31 
4.36 4.3506e-31 
4.3575 4.97145e-31 
4.365 3.3296e-31 
4.3625 3.80643e-31 
4.37 2.54595e-31 
4.3675 2.91184e-31 
4.375 1.945e-31 
4.3725 2.22552e-31 
4.38 1.48457e-31 
4.3775 1.69945e-31 
4.385 1.13211e-31 
4.3825 1.29656e-31 
4.39 8.62551e-32 
4.3875 9.88292e-32 
4.395 6.56575e-32 
4.3925 7.52632e-32 
4.4 4.99328e-32 
4.3975 5.72643e-32 
4.405 3.79393e-32 
4.4025 4.35298e-32 
4.41 2.87999e-32 
4.4075 3.30589e-32 
4.415 2.18418e-32 
4.4125 2.50835e-32 
4.42 1.65494e-32 
4.4175 1.90145e-32 
4.425 1.25277e-32 
4.4225 1.44004e-32 
4.43 9.47436e-33 
4.4275 1.08958e-32 
4.435 7.15846e-33 
4.4325 8.23635e-33 
4.44 5.40355e-33 
4.4375 6.22013e-33 
4.445 4.07498e-33 
4.4425 4.69302e-33 
4.45 3.07014e-33 
4.4475 3.53747e-33 
4.455 2.31087e-33 
4.4525 2.6639e-33 
4.46 1.73771e-33 
4.4575 2.00414e-33 
4.465 1.30545e-33 
4.4625 1.50633e-33 
4.47 9.79772e-34 
4.4675 1.13108e-33 
4.475 7.3463e-34 
4.4725 8.48492e-34 
4.48 5.50289e-34 
4.4775 6.35889e-34 
4.485 4.11804e-34 
4.4825 4.76094e-34 
4.49 3.0787e-34 
4.4875 3.56107e-34 
4.495 2.29942e-34 
4.4925 2.661e-34 
4.5 1.71571e-34 
4.4975 1.98648e-34 
4.505 1.27892e-34 
4.5025 1.48148e-34 
4.51 9.52389e-35 
4.5075 1.10378e-34 
4.515 7.08528e-35 
4.5125 8.21557e-35 
4.52 5.26587e-35 
4.5175 6.10894e-35 
4.525 3.90979e-35 
4.5225 4.53799e-35 
4.53 2.90004e-35 
4.5275 3.36768e-35 
4.535 2.14894e-35 
4.5325 2.4967e-35 
4.54 1.59078e-35 
4.5375 1.84914e-35 
4.545 1.17642e-35 
4.5425 1.36817e-35 
4.55 8.69126e-36 
4.5475 1.01129e-35 
4.555 6.41456e-36 
4.5525 7.46753e-36 
4.56 4.7295e-36 
4.5575 5.50863e-36 
4.565 3.48359e-36 
4.5625 4.05951e-36 
4.57 2.56332e-36 
4.5675 2.9886e-36 
4.575 1.88426e-36 
4.5725 2.19798e-36 
4.58 1.38369e-36 
4.5775 1.61489e-36 
4.585 1.01508e-36 
4.5825 1.18529e-36 
4.59 7.43915e-37 
4.5875 8.69091e-37 
4.595 5.44636e-37 
4.5925 6.36602e-37 
4.6 3.98335e-37 
4.5975 4.65833e-37 
4.605 2.91039e-37 
4.6025 3.40528e-37 
4.61 2.12428e-37 
4.6075 2.48676e-37 
4.615 1.54893e-37 
4.6125 1.81416e-37 
4.62 1.12826e-37 
4.6175 1.32213e-37 
4.625 8.21004e-38 
4.6225 9.62566e-38 
4.63 5.96813e-38 
4.6275 7.00076e-38 
4.635 4.334e-38 
4.6325 5.08647e-38 
4.64 3.1441e-38 
4.6375 3.69186e-38 
4.645 2.27856e-38 
4.6425 2.67689e-38 
4.65 1.6496e-38 
4.6475 1.93898e-38 
4.655 1.19304e-38 
4.6525 1.40304e-38 
4.66 8.6196e-39 
4.6575 1.0142e-38 
4.665 6.2212e-39 
4.6625 7.32375e-39 
4.67 4.48555e-39 
4.6675 5.28321e-39 
4.675 3.23082e-39 
4.6725 3.80731e-39 
4.68 2.32469e-39 
4.6775 2.74089e-39 
4.685 1.67098e-39 
4.6825 1.97116e-39 
4.69 1.19987e-39 
4.6875 1.41614e-39 
4.695 8.60692e-40 
4.6925 1.01635e-39 
4.7 6.16761e-40 
4.6975 7.28677e-40 
4.705 4.41509e-40 
4.7025 5.21893e-40 
4.71 3.15731e-40 
4.7075 3.73406e-40 
4.715 2.25553e-40 
4.7125 2.66892e-40 
4.72 1.60965e-40 
4.7175 1.90565e-40 
4.725 1.14755e-40 
4.7225 1.35926e-40 
4.73 8.17262e-41 
4.7275 9.68542e-41 
4.735 5.81442e-41 
4.7325 6.89424e-41 
4.74 4.13242e-41 
4.7375 4.90239e-41 
4.745 2.93397e-41 
4.7425 3.48243e-41 
4.75 2.08094e-41 
4.7475 2.47122e-41 
4.755 1.47441e-41 
4.7525 1.75183e-41 
4.76 1.04359e-41 
4.7575 1.24058e-41 
4.765 7.37893e-42 
4.7625 8.77635e-42 
4.77 5.21208e-42 
4.7675 6.20233e-42 
4.775 3.67775e-42 
4.7725 4.37874e-42 
4.78 2.59242e-42 
4.7775 3.08814e-42 
4.785 1.82551e-42 
4.7825 2.17569e-42 
4.79 1.28414e-42 
4.7875 1.53127e-42 
4.795 9.02397e-43 
4.7925 1.07661e-42 
4.8 6.33483e-43 
4.7975 7.56169e-43 
4.805 4.44248e-43 
4.8025 5.30558e-43 
4.81 3.11222e-43 
4.8075 3.71878e-43 
4.815 2.17805e-43 
4.8125 2.60388e-43 
4.82 1.52272e-43 
4.8175 1.82136e-43 
4.825 1.06347e-43 
4.8225 1.2727e-43 
4.83 7.41968e-44 
4.8275 8.88398e-44 
4.835 5.17129e-44 
4.8325 6.19504e-44 
4.84 3.60053e-44 
4.8375 4.31553e-44 
4.845 2.50431e-44 
4.8425 3.00316e-44 
4.85 1.74006e-44 
4.8475 2.08775e-44 
4.855 1.2078e-44 
4.8525 1.44988e-44 
4.86 8.37492e-45 
4.8575 1.00586e-44 
4.865 5.80124e-45 
4.8625 6.97111e-45 
4.87 4.01436e-45 
4.8675 4.82636e-45 
4.875 2.77502e-45 
4.8725 3.33805e-45 
4.88 1.91634e-45 
4.8775 2.30632e-45 
4.885 1.322e-45 
4.8825 1.59185e-45 
4.89 9.11065e-46 
4.8875 1.0976e-45 
4.895 6.27223e-46 
4.8925 7.56026e-46 
4.9 4.3137e-46 
4.8975 5.2022e-46 
4.905 2.9637e-46 
4.9025 3.57597e-46 
4.91 2.03412e-46 
4.9075 2.45559e-46 
4.915 1.39468e-46 
4.9125 1.68452e-46 
4.92 9.55275e-47 
4.9175 1.15439e-46 
4.925 6.53644e-47 
4.9225 7.90288e-47 
4.93 4.468e-47 
4.9275 5.40477e-47 
4.935 3.05103e-47 
4.9325 3.69258e-47 
4.94 2.08137e-47 
4.9375 2.52027e-47 
4.945 1.4185e-47 
4.9425 1.71844e-47 
4.95 9.65865e-48 
4.9475 1.17062e-47 
4.955 6.57154e-48 
4.9525 7.96752e-48 
4.96 4.46898e-48 
4.9575 5.41934e-48 
4.965 3.03962e-48 
4.9625 3.6853e-48 
4.97 2.07066e-48 
4.9675 2.50793e-48 
4.975 1.4171e-48 
4.9725 1.71148e-48 
4.98 9.80629e-49 
4.9775 1.17646e-48 
4.985 6.95294e-49 
4.9825 8.22209e-49 
4.99 5.17792e-49 
4.9875 5.95071e-49 
4.995 4.21088e-49 
4.9925 4.60511e-49 
5 3.90416e-49 
4.9975 3.98007e-49 
