0 7.1311e-06 
0.005 7.2008e-06 
0.0025 7.14851e-06 
0.01 7.41107e-06 
0.0075 7.2882e-06 
0.015 7.76549e-06 
0.0125 7.56994e-06 
0.02 8.27004e-06 
0.0175 7.99852e-06 
0.025 8.93326e-06 
0.0225 8.58118e-06 
0.03 9.76632e-06 
0.0275 9.32775e-06 
0.035 1.07832e-05 
0.0325 1.02508e-05 
0.04 1.20009e-05 
0.0375 1.13658e-05 
0.045 1.34397e-05 
0.0425 1.26912e-05 
0.05 1.51233e-05 
0.0475 1.42493e-05 
0.055 1.70796e-05 
0.0525 1.60655e-05 
0.06 1.93406e-05 
0.0575 1.81698e-05 
0.065 2.19429e-05 
0.0625 2.05965e-05 
0.07 2.49287e-05 
0.0675 2.3385e-05 
0.075 2.83459e-05 
0.0725 2.65801e-05 
0.08 3.2249e-05 
0.0775 3.0233e-05 
0.085 3.66997e-05 
0.0825 3.44017e-05 
0.09 4.17682e-05 
0.0875 3.9152e-05 
0.095 4.75336e-05 
0.0925 4.45584e-05 
0.1 5.40852e-05 
0.0975 5.07051e-05 
0.105 6.15241e-05 
0.1025 5.7687e-05 
0.11 6.99639e-05 
0.1075 6.56112e-05 
0.115 7.9533e-05 
0.1125 7.45987e-05 
0.12 9.03758e-05 
0.1175 8.47855e-05 
0.125 0.000102655 
0.1225 9.63248e-05 
0.13 0.000116553 
0.1275 0.000109389 
0.135 0.000132275 
0.1325 0.000124172 
0.14 0.000150054 
0.1375 0.000140892 
0.145 0.000170148 
0.1425 0.000159794 
0.15 0.00019285 
0.1475 0.000181153 
0.155 0.000218487 
0.1525 0.000205279 
0.16 0.000247427 
0.1575 0.000232519 
0.165 0.000280083 
0.1625 0.000263263 
0.17 0.000316919 
0.1675 0.000297948 
0.175 0.000358455 
0.1725 0.000337065 
0.18 0.000405274 
0.1775 0.000381165 
0.185 0.000458029 
0.1825 0.000430865 
0.19 0.000517454 
0.1875 0.000486859 
0.195 0.000584371 
0.1925 0.000549921 
0.2 0.0006597 
0.1975 0.000620922 
0.205 0.000744472 
0.2025 0.000700836 
0.21 0.000839844 
0.2075 0.000790756 
0.215 0.00094711 
0.2125 0.000891903 
0.22 0.00106772 
0.2175 0.00100565 
0.225 0.00120329 
0.2225 0.00113352 
0.23 0.00135564 
0.2275 0.00127725 
0.235 0.0015268 
0.2325 0.00143873 
0.24 0.00171904 
0.2375 0.00162013 
0.245 0.00193491 
0.2425 0.00182385 
0.25 0.00217724 
0.2475 0.00205257 
0.255 0.0024492 
0.2525 0.0023093 
0.26 0.00275435 
0.2575 0.00259739 
0.265 0.00309665 
0.2625 0.00292059 
0.27 0.00348051 
0.2675 0.00328309 
0.275 0.00391089 
0.2725 0.00368956 
0.28 0.00439329 
0.2775 0.00414522 
0.285 0.00493385 
0.2825 0.00465589 
0.29 0.00553943 
0.2875 0.00522806 
0.295 0.00621765 
0.2925 0.00586895 
0.3 0.00697701 
0.2975 0.00658662 
0.305 0.00782696 
0.3025 0.00739003 
0.31 0.008778 
0.3075 0.00828914 
0.315 0.00984181 
0.3125 0.00929503 
0.32 0.0110313 
0.3175 0.01042 
0.325 0.0123609 
0.3225 0.0116777 
0.33 0.0138465 
0.3275 0.0130832 
0.335 0.0155057 
0.3325 0.0146532 
0.34 0.0173577 
0.3375 0.0164063 
0.345 0.0194242 
0.3425 0.0183628 
0.35 0.0217286 
0.3475 0.0205451 
0.355 0.0242967 
0.3525 0.022978 
0.36 0.0271569 
0.3575 0.0256884 
0.365 0.0303401 
0.3625 0.0287061 
0.37 0.0338801 
0.3675 0.0320633 
0.375 0.0378134 
0.3725 0.0357952 
0.38 0.0421795 
0.3775 0.0399398 
0.385 0.0470212 
0.3825 0.0445382 
0.39 0.052384 
0.3875 0.0496345 
0.395 0.0583167 
0.3925 0.055276 
0.4 0.0648705 
0.3975 0.0615126 
0.405 0.0720997 
0.4025 0.0683972 
0.41 0.0800606 
0.4075 0.0759851 
0.415 0.0888111 
0.4125 0.0843335 
0.42 0.0984104 
0.4175 0.093501 
0.425 0.108918 
0.4225 0.103547 
0.43 0.120391 
0.4275 0.11453 
0.435 0.132888 
0.4325 0.126508 
0.44 0.14646 
0.4375 0.139536 
0.445 0.161154 
0.4425 0.153664 
0.45 0.177011 
0.4475 0.168935 
0.455 0.194062 
0.4525 0.185386 
0.46 0.212326 
0.4575 0.203042 
0.465 0.231809 
0.4625 0.221915 
0.47 0.252501 
0.4675 0.242005 
0.475 0.274376 
0.4725 0.263293 
0.48 0.297387 
0.4775 0.285743 
0.485 0.321469 
0.4825 0.309299 
0.49 0.346535 
0.4875 0.333885 
0.495 0.372479 
0.4925 0.359405 
0.5 0.399177 
0.4975 0.385743 
0.505 0.426486 
0.5025 0.412765 
0.51 0.454249 
0.5075 0.440321 
0.515 0.482299 
0.5125 0.468249 
0.52 0.510461 
0.5175 0.496377 
0.525 0.538557 
0.5225 0.524528 
0.53 0.566411 
0.5275 0.552525 
0.535 0.593854 
0.5325 0.580194 
0.54 0.620725 
0.5375 0.607371 
0.545 0.646879 
0.5425 0.6339 
0.55 0.672186 
0.5475 0.659646 
0.555 0.696533 
0.5525 0.684485 
0.56 0.719831 
0.5575 0.708318 
0.565 0.742007 
0.5625 0.731063 
0.57 0.763011 
0.5675 0.752658 
0.575 0.782811 
0.5725 0.773063 
0.58 0.801393 
0.5775 0.792254 
0.585 0.818759 
0.5825 0.810227 
0.59 0.834925 
0.5875 0.82699 
0.595 0.849919 
0.5925 0.842566 
0.6 0.863779 
0.5975 0.856988 
0.605 0.876551 
0.6025 0.870298 
0.61 0.888286 
0.6075 0.882545 
0.615 0.89904 
0.6125 0.893782 
0.62 0.90887 
0.6175 0.904066 
0.625 0.917835 
0.6225 0.913457 
0.63 0.925996 
0.6275 0.922013 
0.635 0.93341 
0.6325 0.929793 
0.64 0.940133 
0.6375 0.936854 
0.645 0.946222 
0.6425 0.943254 
0.65 0.951727 
0.6475 0.949044 
0.655 0.956699 
0.6525 0.954277 
0.66 0.961184 
0.6575 0.958999 
0.665 0.965224 
0.6625 0.963257 
0.67 0.968861 
0.6675 0.967091 
0.675 0.972132 
0.6725 0.97054 
0.68 0.975072 
0.6775 0.973641 
0.685 0.977711 
0.6825 0.976427 
0.69 0.980079 
0.6875 0.978927 
0.695 0.982203 
0.6925 0.98117 
0.7 0.984107 
0.6975 0.983181 
0.705 0.985812 
0.7025 0.984983 
0.71 0.987339 
0.7075 0.986596 
0.715 0.988705 
0.7125 0.988041 
0.72 0.989927 
0.7175 0.989333 
0.725 0.99102 
0.7225 0.990489 
0.73 0.991996 
0.7275 0.991522 
0.735 0.992869 
0.7325 0.992445 
0.74 0.993649 
0.7375 0.99327 
0.745 0.994345 
0.7425 0.994007 
0.75 0.994966 
0.7475 0.994664 
0.755 0.995521 
0.7525 0.995251 
0.76 0.996015 
0.7575 0.995775 
0.765 0.996456 
0.7625 0.996242 
0.77 0.99685 
0.7675 0.996659 
0.775 0.9972 
0.7725 0.99703 
0.78 0.997512 
0.7775 0.997361 
0.785 0.997791 
0.7825 0.997655 
0.79 0.998038 
0.7875 0.997918 
0.795 0.998259 
0.7925 0.998152 
0.8 0.998455 
0.7975 0.99836 
0.805 0.99863 
0.8025 0.998545 
0.81 0.998785 
0.8075 0.99871 
0.815 0.998923 
0.8125 0.998856 
0.82 0.999046 
0.8175 0.998986 
0.825 0.999155 
0.8225 0.999102 
0.83 0.999252 
0.8275 0.999205 
0.835 0.999338 
0.8325 0.999296 
0.84 0.999414 
0.8375 0.999377 
0.845 0.999482 
0.8425 0.999449 
0.85 0.999542 
0.8475 0.999513 
0.855 0.999596 
0.8525 0.99957 
0.86 0.999643 
0.8575 0.99962 
0.865 0.999685 
0.8625 0.999664 
0.87 0.999722 
0.8675 0.999704 
0.875 0.999755 
0.8725 0.999739 
0.88 0.999784 
0.8775 0.999769 
0.885 0.999809 
0.8825 0.999797 
0.89 0.999832 
0.8875 0.999821 
0.895 0.999852 
0.8925 0.999842 
0.9 0.99987 
0.8975 0.999861 
0.905 0.999885 
0.9025 0.999878 
0.91 0.999899 
0.9075 0.999892 
0.915 0.999911 
0.9125 0.999905 
0.92 0.999922 
0.9175 0.999917 
0.925 0.999931 
0.9225 0.999926 
0.93 0.999939 
0.9275 0.999935 
0.935 0.999946 
0.9325 0.999943 
0.94 0.999953 
0.9375 0.99995 
0.945 0.999958 
0.9425 0.999955 
0.95 0.999963 
0.9475 0.99996 
0.955 0.999967 
0.9525 0.999965 
0.96 0.99997 
0.9575 0.999969 
0.965 0.999973 
0.9625 0.999972 
0.97 0.999976 
0.9675 0.999975 
0.975 0.999978 
0.9725 0.999977 
0.98 0.99998 
0.9775 0.999979 
0.985 0.999981 
0.9825 0.99998 
0.99 0.999982 
0.9875 0.999981 
0.995 0.999982 
0.9925 0.999982 
1 0.999983 
0.9975 0.999983 
1.005 0.999983 
1.0025 0.999983 
1.01 0.999982 
1.0075 0.999983 
1.015 0.999982 
1.0125 0.999982 
1.02 0.999981 
1.0175 0.999982 
1.025 0.99998 
1.0225 0.999981 
1.03 0.999978 
1.0275 0.999979 
1.035 0.999977 
1.0325 0.999978 
1.04 0.999975 
1.0375 0.999976 
1.045 0.999972 
1.0425 0.999973 
1.05 0.999969 
1.0475 0.999971 
1.055 0.999966 
1.0525 0.999967 
1.06 0.999962 
1.0575 0.999964 
1.065 0.999957 
1.0625 0.99996 
1.07 0.999952 
1.0675 0.999955 
1.075 0.999947 
1.0725 0.99995 
1.08 0.999941 
1.0775 0.999944 
1.085 0.999934 
1.0825 0.999937 
1.09 0.999926 
1.0875 0.99993 
1.095 0.999917 
1.0925 0.999921 
1.1 0.999907 
1.0975 0.999912 
1.105 0.999896 
1.1025 0.999902 
1.11 0.999884 
1.1075 0.99989 
1.115 0.99987 
1.1125 0.999877 
1.12 0.999855 
1.1175 0.999862 
1.125 0.999838 
1.1225 0.999846 
1.13 0.999819 
1.1275 0.999828 
1.135 0.999798 
1.1325 0.999808 
1.14 0.999774 
1.1375 0.999786 
1.145 0.999748 
1.1425 0.999762 
1.15 0.99972 
1.1475 0.999734 
1.155 0.999688 
1.1525 0.999704 
1.16 0.999652 
1.1575 0.99967 
1.165 0.999613 
1.1625 0.999633 
1.17 0.999569 
1.1675 0.999592 
1.175 0.999521 
1.1725 0.999546 
1.18 0.999468 
1.1775 0.999495 
1.185 0.999409 
1.1825 0.999439 
1.19 0.999344 
1.1875 0.999377 
1.195 0.999271 
1.1925 0.999308 
1.2 0.999191 
1.1975 0.999232 
1.205 0.999103 
1.2025 0.999148 
1.21 0.999006 
1.2075 0.999056 
1.215 0.998898 
1.2125 0.998953 
1.22 0.998779 
1.2175 0.99884 
1.225 0.998648 
1.2225 0.998715 
1.23 0.998503 
1.2275 0.998577 
1.235 0.998343 
1.2325 0.998425 
1.24 0.998167 
1.2375 0.998257 
1.245 0.997972 
1.2425 0.998072 
1.25 0.997758 
1.2475 0.997868 
1.255 0.997521 
1.2525 0.997642 
1.26 0.997261 
1.2575 0.997394 
1.265 0.996974 
1.2625 0.997121 
1.27 0.996658 
1.2675 0.99682 
1.275 0.99631 
1.2725 0.996488 
1.28 0.995927 
1.2775 0.996123 
1.285 0.995505 
1.2825 0.995721 
1.29 0.995041 
1.2875 0.995278 
1.295 0.99453 
1.2925 0.994791 
1.3 0.993968 
1.2975 0.994255 
1.305 0.99335 
1.3025 0.993666 
1.31 0.99267 
1.3075 0.993018 
1.315 0.991923 
1.3125 0.992305 
1.32 0.991102 
1.3175 0.991522 
1.325 0.990199 
1.3225 0.990661 
1.33 0.989208 
1.3275 0.989715 
1.335 0.98812 
1.3325 0.988677 
1.34 0.986925 
1.3375 0.987536 
1.345 0.985613 
1.3425 0.986284 
1.35 0.984174 
1.3475 0.98491 
1.355 0.982595 
1.3525 0.983403 
1.36 0.980864 
1.3575 0.98175 
1.365 0.978968 
1.3625 0.979938 
1.37 0.97689 
1.3675 0.977952 
1.375 0.974615 
1.3725 0.975778 
1.38 0.972125 
1.3775 0.973398 
1.385 0.969401 
1.3825 0.970793 
1.39 0.966425 
1.3875 0.967946 
1.395 0.963173 
1.3925 0.964834 
1.4 0.959623 
1.3975 0.961437 
1.405 0.955751 
1.4025 0.957729 
1.41 0.951532 
1.4075 0.953687 
1.415 0.946939 
1.4125 0.949284 
1.42 0.941942 
1.4175 0.944493 
1.425 0.936515 
1.4225 0.939284 
1.43 0.930625 
1.4275 0.933629 
1.435 0.924243 
1.4325 0.927497 
1.44 0.917336 
1.4375 0.920857 
1.445 0.909874 
1.4425 0.913677 
1.45 0.901826 
1.4475 0.905926 
1.455 0.893161 
1.4525 0.897573 
1.46 0.883851 
1.4575 0.888588 
1.465 0.873868 
1.4625 0.878945 
1.47 0.863188 
1.4675 0.868616 
1.475 0.851791 
1.4725 0.85758 
1.48 0.83966 
1.4775 0.845818 
1.485 0.826785 
1.4825 0.833316 
1.49 0.81316 
1.4875 0.820066 
1.495 0.798788 
1.4925 0.806067 
1.5 0.783679 
1.4975 0.791325 
1.505 0.767852 
1.5025 0.775854 
1.51 0.751335 
1.5075 0.759678 
1.515 0.734165 
1.5125 0.742829 
1.52 0.716392 
1.5175 0.725351 
1.525 0.698074 
1.5225 0.707297 
1.53 0.679279 
1.5275 0.688731 
1.535 0.660086 
1.5325 0.669727 
1.54 0.640582 
1.5375 0.650367 
1.545 0.620862 
1.5425 0.630742 
1.55 0.601028 
1.5475 0.610953 
1.555 0.581189 
1.5525 0.591103 
1.56 0.561455 
1.5575 0.571302 
1.565 0.541938 
1.5625 0.551662 
1.57 0.522754 
1.5675 0.532298 
1.575 0.504014 
1.5725 0.513322 
1.58 0.485828 
1.5775 0.494845 
1.585 0.468302 
1.5825 0.476977 
1.59 0.451536 
1.5875 0.459818 
1.595 0.435625 
1.5925 0.443468 
1.6 0.420655 
1.5975 0.428017 
1.605 0.406705 
1.6025 0.413548 
1.61 0.39385 
1.6075 0.400137 
1.615 0.382151 
1.6125 0.387852 
1.62 0.371666 
1.6175 0.376754 
1.625 0.362443 
1.6225 0.366894 
1.63 0.354523 
1.6275 0.358318 
1.635 0.347939 
1.6325 0.351062 
1.64 0.342715 
1.6375 0.345155 
1.645 0.338871 
1.6425 0.34062 
1.65 0.336416 
1.6475 0.337469 
1.655 0.335356 
1.6525 0.335712 
1.66 0.335685 
1.6575 0.335347 
1.665 0.337395 
1.6625 0.336368 
1.67 0.340468 
1.6675 0.338762 
1.675 0.344882 
1.6725 0.342509 
1.68 0.35061 
1.6775 0.347584 
1.685 0.357616 
1.6825 0.353955 
1.69 0.365863 
1.6875 0.361587 
1.695 0.375307 
1.6925 0.370438 
1.7 0.3859 
1.6975 0.380463 
1.705 0.397589 
1.7025 0.391611 
1.71 0.410318 
1.7075 0.403827 
1.715 0.424027 
1.7125 0.417054 
1.72 0.438649 
1.7175 0.431228 
1.725 0.454115 
1.7225 0.446281 
1.73 0.470351 
1.7275 0.462142 
1.735 0.487277 
1.7325 0.478733 
1.74 0.504811 
1.7375 0.495973 
1.745 0.522864 
1.7425 0.513778 
1.75 0.541347 
1.7475 0.532058 
1.755 0.560166 
1.7525 0.550721 
1.76 0.579224 
1.7575 0.569671 
1.765 0.598424 
1.7625 0.588812 
1.77 0.617669 
1.7675 0.608047 
1.775 0.636863 
1.7725 0.627278 
1.78 0.655913 
1.7775 0.646412 
1.785 0.674729 
1.7825 0.665356 
1.79 0.693227 
1.7875 0.684023 
1.795 0.711328 
1.7925 0.702332 
1.8 0.728962 
1.7975 0.720208 
1.805 0.746067 
1.8025 0.737584 
1.81 0.762587 
1.8075 0.754403 
1.815 0.778478 
1.8125 0.770614 
1.82 0.793704 
1.8175 0.786176 
1.825 0.808238 
1.8225 0.801059 
1.83 0.822062 
1.8275 0.81524 
1.835 0.835164 
1.8325 0.828703 
1.84 0.847544 
1.8375 0.841444 
1.845 0.859203 
1.8425 0.853463 
1.85 0.870154 
1.8475 0.864766 
1.855 0.88041 
1.8525 0.875368 
1.86 0.889992 
1.8575 0.885284 
1.865 0.898921 
1.8625 0.894536 
1.87 0.907225 
1.8675 0.90315 
1.875 0.914931 
1.8725 0.911151 
1.88 0.922069 
1.8775 0.918569 
1.885 0.928668 
1.8825 0.925434 
1.89 0.934759 
1.8875 0.931775 
1.895 0.940373 
1.8925 0.937624 
1.9 0.94554 
1.8975 0.943011 
1.905 0.95029 
1.9025 0.947966 
1.91 0.954651 
1.9075 0.952517 
1.915 0.95865 
1.9125 0.956694 
1.92 0.962314 
1.9175 0.960522 
1.925 0.965668 
1.9225 0.964028 
1.93 0.968735 
1.9275 0.967236 
1.935 0.971539 
1.9325 0.970169 
1.94 0.974099 
1.9375 0.972848 
1.945 0.976436 
1.9425 0.975294 
1.95 0.978568 
1.9475 0.977527 
1.955 0.980512 
1.9525 0.979562 
1.96 0.982283 
1.9575 0.981418 
1.965 0.983897 
1.9625 0.983109 
1.97 0.985366 
1.9675 0.984648 
1.975 0.986703 
1.9725 0.98605 
1.98 0.98792 
1.9775 0.987326 
1.985 0.989027 
1.9825 0.988486 
1.99 0.990033 
1.9875 0.989542 
1.995 0.990949 
1.9925 0.990502 
2 0.991781 
1.9975 0.991375 
2.005 0.992537 
2.0025 0.992168 
2.01 0.993224 
2.0075 0.992889 
2.015 0.993848 
2.0125 0.993544 
2.02 0.994415 
2.0175 0.994139 
2.025 0.994931 
2.0225 0.994679 
2.03 0.995398 
2.0275 0.99517 
2.035 0.995823 
2.0325 0.995616 
2.04 0.996209 
2.0375 0.99602 
2.045 0.996559 
2.0425 0.996388 
2.05 0.996876 
2.0475 0.996721 
2.055 0.997165 
2.0525 0.997024 
2.06 0.997427 
2.0575 0.997299 
2.065 0.997664 
2.0625 0.997548 
2.07 0.997879 
2.0675 0.997774 
2.075 0.998075 
2.0725 0.99798 
2.08 0.998252 
2.0775 0.998166 
2.085 0.998413 
2.0825 0.998335 
2.09 0.998559 
2.0875 0.998488 
2.095 0.998691 
2.0925 0.998626 
2.1 0.99881 
2.0975 0.998752 
2.105 0.998919 
2.1025 0.998866 
2.11 0.999017 
2.1075 0.998969 
2.115 0.999106 
2.1125 0.999062 
2.12 0.999186 
2.1175 0.999147 
2.125 0.999258 
2.1225 0.999223 
2.13 0.999324 
2.1275 0.999292 
2.135 0.999383 
2.1325 0.999354 
2.14 0.999436 
2.1375 0.99941 
2.145 0.999484 
2.1425 0.99946 
2.15 0.999526 
2.1475 0.999506 
2.155 0.999565 
2.1525 0.999546 
2.16 0.999599 
2.1575 0.999582 
2.165 0.999629 
2.1625 0.999614 
2.17 0.999656 
2.1675 0.999643 
2.175 0.999679 
2.1725 0.999668 
2.18 0.999699 
2.1775 0.999689 
2.185 0.999717 
2.1825 0.999708 
2.19 0.999732 
2.1875 0.999725 
2.195 0.999744 
2.1925 0.999738 
2.2 0.999754 
2.1975 0.999749 
2.205 0.999762 
2.2025 0.999758 
2.21 0.999767 
2.2075 0.999765 
2.215 0.999771 
2.2125 0.999769 
2.22 0.999772 
2.2175 0.999772 
2.225 0.999772 
2.2225 0.999772 
2.23 0.99977 
2.2275 0.999771 
2.235 0.999766 
2.2325 0.999768 
2.24 0.99976 
2.2375 0.999763 
2.245 0.999752 
2.2425 0.999756 
2.25 0.999743 
2.2475 0.999748 
2.255 0.999731 
2.2525 0.999737 
2.26 0.999718 
2.2575 0.999725 
2.265 0.999703 
2.2625 0.999711 
2.27 0.999686 
2.2675 0.999695 
2.275 0.999668 
2.2725 0.999677 
2.28 0.999647 
2.2775 0.999658 
2.285 0.999624 
2.2825 0.999636 
2.29 0.999599 
2.2875 0.999612 
2.295 0.999573 
2.2925 0.999586 
2.3 0.999543 
2.2975 0.999558 
2.305 0.999512 
2.3025 0.999528 
2.31 0.999478 
2.3075 0.999496 
2.315 0.999442 
2.3125 0.999461 
2.32 0.999404 
2.3175 0.999423 
2.325 0.999362 
2.3225 0.999383 
2.33 0.999318 
2.3275 0.999341 
2.335 0.999272 
2.3325 0.999295 
2.34 0.999222 
2.3375 0.999247 
2.345 0.999169 
2.3425 0.999196 
2.35 0.999113 
2.3475 0.999141 
2.355 0.999054 
2.3525 0.999084 
2.36 0.998991 
2.3575 0.999023 
2.365 0.998924 
2.3625 0.998958 
2.37 0.998854 
2.3675 0.998889 
2.375 0.998779 
2.3725 0.998817 
2.38 0.998701 
2.3775 0.998741 
2.385 0.998618 
2.3825 0.99866 
2.39 0.99853 
2.3875 0.998575 
2.395 0.998438 
2.3925 0.998485 
2.4 0.99834 
2.3975 0.998389 
2.405 0.998237 
2.4025 0.998289 
2.41 0.998128 
2.4075 0.998183 
2.415 0.998014 
2.4125 0.998072 
2.42 0.997892 
2.4175 0.997954 
2.425 0.997765 
2.4225 0.997829 
2.43 0.99763 
2.4275 0.997698 
2.435 0.997487 
2.4325 0.997559 
2.44 0.997337 
2.4375 0.997413 
2.445 0.997177 
2.4425 0.997258 
2.45 0.997009 
2.4475 0.997094 
2.455 0.996831 
2.4525 0.996921 
2.46 0.996643 
2.4575 0.996738 
2.465 0.996443 
2.4625 0.996544 
2.47 0.996231 
2.4675 0.996339 
2.475 0.996007 
2.4725 0.996121 
2.48 0.995769 
2.4775 0.99589 
2.485 0.995516 
2.4825 0.995644 
2.49 0.995247 
2.4875 0.995384 
2.495 0.994962 
2.4925 0.995107 
2.5 0.994658 
2.4975 0.994812 
2.505 0.994334 
2.5025 0.994498 
2.51 0.993988 
2.5075 0.994164 
2.515 0.99362 
2.5125 0.993807 
2.52 0.993227 
2.5175 0.993427 
2.525 0.992807 
2.5225 0.993021 
2.53 0.992358 
2.5275 0.992587 
2.535 0.991878 
2.5325 0.992122 
2.54 0.991364 
2.5375 0.991626 
2.545 0.990813 
2.5425 0.991094 
2.55 0.990223 
2.5475 0.990523 
2.555 0.98959 
2.5525 0.989912 
2.56 0.988911 
2.5575 0.989256 
2.565 0.988181 
2.5625 0.988553 
2.57 0.987398 
2.5675 0.987797 
2.575 0.986556 
2.5725 0.986984 
2.58 0.98565 
2.5775 0.986111 
2.585 0.984676 
2.5825 0.985172 
2.59 0.983628 
2.5875 0.984162 
2.595 0.9825 
2.5925 0.983075 
2.6 0.981286 
2.5975 0.981904 
2.605 0.979978 
2.6025 0.980644 
2.61 0.978569 
2.6075 0.979286 
2.615 0.977051 
2.6125 0.977824 
2.62 0.975415 
2.6175 0.976248 
2.625 0.973653 
2.6225 0.974551 
2.63 0.971754 
2.6275 0.972721 
2.635 0.969708 
2.6325 0.97075 
2.64 0.967503 
2.6375 0.968626 
2.645 0.965127 
2.6425 0.966337 
2.65 0.962568 
2.6475 0.963871 
2.655 0.959812 
2.6525 0.961215 
2.66 0.956843 
2.6575 0.958355 
2.665 0.953648 
2.6625 0.955275 
2.67 0.950208 
2.6675 0.951959 
2.675 0.946508 
2.6725 0.948392 
2.68 0.94253 
2.6775 0.944555 
2.685 0.938253 
2.6825 0.94043 
2.69 0.933659 
2.6875 0.935997 
2.695 0.928727 
2.6925 0.931237 
2.7 0.923435 
2.6975 0.926127 
2.705 0.91776 
2.7025 0.920647 
2.71 0.911682 
2.7075 0.914773 
2.715 0.905175 
2.7125 0.908483 
2.72 0.898216 
2.7175 0.901753 
2.725 0.890781 
2.7225 0.894559 
2.73 0.882846 
2.7275 0.886877 
2.735 0.874387 
2.7325 0.878683 
2.74 0.865381 
2.7375 0.869954 
2.745 0.855804 
2.7425 0.860665 
2.75 0.845635 
2.7475 0.850795 
2.755 0.834853 
2.7525 0.840322 
2.76 0.823439 
2.7575 0.829226 
2.765 0.811377 
2.7625 0.81749 
2.77 0.798651 
2.7675 0.805098 
2.775 0.785251 
2.7725 0.792036 
2.78 0.771169 
2.7775 0.778296 
2.785 0.756401 
2.7825 0.763871 
2.79 0.740947 
2.7875 0.748759 
2.795 0.724811 
2.7925 0.732964 
2.8 0.708006 
2.7975 0.716491 
2.805 0.690545 
2.8025 0.699356 
2.81 0.672452 
2.8075 0.681576 
2.815 0.653754 
2.8125 0.663177 
2.82 0.634487 
2.8175 0.64419 
2.825 0.614691 
2.8225 0.624652 
2.83 0.594413 
2.8275 0.604609 
2.835 0.573708 
2.8325 0.584111 
2.84 0.552636 
2.8375 0.563214 
2.845 0.53126 
2.8425 0.541982 
2.85 0.509653 
2.8475 0.520481 
2.855 0.487887 
2.8525 0.498785 
2.86 0.46604 
2.8575 0.476969 
2.865 0.444192 
2.8625 0.455111 
2.87 0.422422 
2.8675 0.433292 
2.875 0.400812 
2.8725 0.411592 
2.88 0.37944 
2.8775 0.390091 
2.885 0.358382 
2.8825 0.368867 
2.89 0.337712 
2.8875 0.347995 
2.895 0.317497 
2.8925 0.327544 
2.9 0.2978 
2.8975 0.30758 
2.905 0.278676 
2.9025 0.288163 
2.91 0.260176 
2.9075 0.269345 
2.915 0.24234 
2.9125 0.251172 
2.92 0.225204 
2.9175 0.233682 
2.925 0.208794 
2.9225 0.216906 
2.93 0.19313 
2.9275 0.200867 
2.935 0.178225 
2.9325 0.185582 
2.94 0.164084 
2.9375 0.171059 
2.945 0.150709 
2.9425 0.157301 
2.95 0.138092 
2.9475 0.144306 
2.955 0.126225 
2.9525 0.132066 
2.96 0.115092 
2.9575 0.120568 
2.965 0.104675 
2.9625 0.109795 
2.97 0.0949543 
2.9675 0.0997294 
2.975 0.0859056 
2.9725 0.0903474 
2.98 0.0775043 
2.9775 0.0816256 
2.985 0.0697246 
2.9825 0.0735384 
2.99 0.0625396 
2.9875 0.0660594 
2.995 0.0559223 
2.9925 0.0591617 
3 0.0498455 
2.9975 0.052818 
3.005 0.044282 
3.0025 0.0470013 
3.01 0.039205 
3.0075 0.0416844 
3.015 0.034588 
3.0125 0.0368406 
3.02 0.0304047 
3.0175 0.0324437 
3.025 0.0266293 
3.0225 0.0284676 
3.03 0.0232362 
3.0275 0.0248866 
3.035 0.0202 
3.0325 0.021675 
3.04 0.0174955 
3.0375 0.0188078 
3.045 0.0150977 
3.0425 0.0162598 
3.05 0.0129822 
3.0475 0.0140062 
3.055 0.0111246 
3.0525 0.0120226 
3.06 0.00950121 
3.0575 0.010285 
3.065 0.00808921 
3.0625 0.00877018 
3.07 0.00686662 
3.0675 0.00745557 
3.075 0.00581259 
3.0725 0.00631978 
3.08 0.00490762 
3.0775 0.00534264 
3.085 0.00413358 
3.0825 0.0045053 
3.09 0.0034739 
3.0875 0.00379042 
3.095 0.00291352 
3.0925 0.00318218 
3.1 0.00243892 
3.0975 0.00266628 
3.105 0.00203807 
3.1025 0.00222997 
3.11 0.00170036 
3.1075 0.00186194 
3.115 0.00141649 
3.1125 0.00155223 
3.12 0.00117838 
3.1175 0.00129218 
3.125 0.000979012 
3.1225 0.00107425 
3.13 0.000812383 
3.1275 0.000891946 
3.135 0.000673334 
3.1325 0.000739702 
3.14 0.000557471 
3.1375 0.000612752 
3.145 0.000461058 
3.1425 0.000507043 
3.15 0.000380934 
3.1475 0.000419137 
3.155 0.000314424 
3.1525 0.000346127 
3.16 0.000259279 
3.1575 0.000285557 
3.165 0.000213606 
3.1625 0.000235365 
3.17 0.000175818 
3.1675 0.000193815 
3.175 0.000144583 
3.1725 0.000159455 
3.18 0.000118792 
3.1775 0.000131069 
3.185 9.75148e-05 
3.1825 0.000107641 
3.19 7.99783e-05 
3.1875 8.8322e-05 
3.195 6.5538e-05 
3.1925 7.24069e-05 
3.2 5.3658e-05 
3.1975 5.93077e-05 
3.205 4.38931e-05 
3.2025 4.85358e-05 
3.21 3.58738e-05 
3.2075 3.96857e-05 
3.215 2.92941e-05 
3.2125 3.2421e-05 
3.22 2.39001e-05 
3.2175 2.64629e-05 
3.225 1.94822e-05 
3.2225 2.15808e-05 
3.23 1.58669e-05 
3.2275 1.75838e-05 
3.235 1.2911e-05 
3.2325 1.43145e-05 
3.24 1.04965e-05 
3.2375 1.16426e-05 
3.245 8.52583e-06 
3.2425 9.46103e-06 
3.25 6.91894e-06 
3.2475 7.68133e-06 
3.255 5.60983e-06 
3.2525 6.23079e-06 
3.26 4.54428e-06 
3.2575 5.0496e-06 
3.265 3.67777e-06 
3.2625 4.0886e-06 
3.27 2.97376e-06 
3.2675 3.30746e-06 
3.275 2.4023e-06 
3.2725 2.6731e-06 
3.28 1.93885e-06 
3.2775 2.15842e-06 
3.285 1.56336e-06 
3.2825 1.74121e-06 
3.29 1.25941e-06 
3.2875 1.40334e-06 
3.295 1.0136e-06 
3.2925 1.12997e-06 
3.3 8.14997e-07 
3.2975 9.08996e-07 
3.305 6.54687e-07 
3.3025 7.30543e-07 
3.31 5.25409e-07 
3.3075 5.86566e-07 
3.315 4.21256e-07 
3.3125 4.70515e-07 
3.32 3.37425e-07 
3.3175 3.77063e-07 
3.325 2.70016e-07 
3.3225 3.01881e-07 
3.33 2.15865e-07 
3.3275 2.41456e-07 
3.335 1.72405e-07 
3.3325 1.92938e-07 
3.34 1.37561e-07 
3.3375 1.5402e-07 
3.345 1.09652e-07 
3.3425 1.22831e-07 
3.35 8.7319e-08 
3.3475 9.78622e-08 
3.355 6.94661e-08 
3.3525 7.78922e-08 
3.36 5.52087e-08 
3.3575 6.19361e-08 
3.365 4.38339e-08 
3.3625 4.91997e-08 
3.37 3.47681e-08 
3.3675 3.90435e-08 
3.375 2.75497e-08 
3.3725 3.0953e-08 
3.38 2.18081e-08 
3.3775 2.45144e-08 
3.385 1.72458e-08 
3.3825 1.93956e-08 
3.39 1.36241e-08 
3.3875 1.53303e-08 
3.395 1.07522e-08 
3.3925 1.21048e-08 
3.4 8.47704e-09 
3.3975 9.54827e-09 
3.405 6.67652e-09 
3.4025 7.52405e-09 
3.41 5.25308e-09 
3.4075 5.92293e-09 
3.415 4.1289e-09 
3.4125 4.65778e-09 
3.42 3.24198e-09 
3.4175 3.65913e-09 
3.425 2.54297e-09 
3.4225 2.87165e-09 
3.43 1.99263e-09 
3.4275 2.25133e-09 
3.435 1.55978e-09 
3.4325 1.76319e-09 
3.44 1.2197e-09 
3.4375 1.37948e-09 
3.445 9.52783e-10 
3.4425 1.07815e-09 
3.45 7.43507e-10 
3.4475 8.41773e-10 
3.455 5.79596e-10 
3.4525 6.56539e-10 
3.46 4.51351e-10 
3.4575 5.11536e-10 
3.465 3.51117e-10 
3.4625 3.98143e-10 
3.47 2.72858e-10 
3.4675 3.09564e-10 
3.475 2.11821e-10 
3.4725 2.40441e-10 
3.48 1.64266e-10 
3.4775 1.86558e-10 
3.485 1.27254e-10 
3.4825 1.44599e-10 
3.49 9.8478e-11 
3.4875 1.1196e-10 
3.495 7.61294e-11 
3.4925 8.65968e-11 
3.5 5.87908e-11 
3.4975 6.69094e-11 
3.505 4.53535e-11 
3.5025 5.16436e-11 
3.51 3.49506e-11 
3.5075 3.98188e-11 
3.515 2.69055e-11 
3.5125 3.06693e-11 
3.52 2.06904e-11 
3.5175 2.35973e-11 
3.525 1.58943e-11 
3.5225 1.81368e-11 
3.53 1.2197e-11 
3.5275 1.39253e-11 
3.535 9.34991e-12 
3.5325 1.06804e-11 
3.54 7.15983e-12 
3.5375 8.18298e-12 
3.545 5.47695e-12 
3.5425 6.26292e-12 
3.55 4.18519e-12 
3.5475 4.78832e-12 
3.555 3.19472e-12 
3.5525 3.65705e-12 
3.56 2.43608e-12 
3.5575 2.79009e-12 
3.565 1.85562e-12 
3.5625 2.12641e-12 
3.57 1.41198e-12 
3.5675 1.61888e-12 
3.575 1.07327e-12 
3.5725 1.23119e-12 
3.58 8.14944e-13 
3.5775 9.3535e-13 
3.585 6.18142e-13 
3.5825 7.09846e-13 
3.59 4.6837e-13 
3.5875 5.38139e-13 
3.595 3.54512e-13 
3.5925 4.07536e-13 
3.6 2.68049e-13 
3.5975 3.08304e-13 
3.605 2.0246e-13 
3.6025 2.32988e-13 
3.61 1.52759e-13 
3.6075 1.75885e-13 
3.615 1.15137e-13 
3.6125 1.32638e-13 
3.62 8.66896e-14 
3.6175 9.99187e-14 
3.625 6.52022e-14 
3.6225 7.51918e-14 
3.63 4.89894e-14 
3.6275 5.65246e-14 
3.635 3.67694e-14 
3.6325 4.24472e-14 
3.64 2.75687e-14 
3.6375 3.18425e-14 
3.645 2.06488e-14 
3.6425 2.38622e-14 
3.65 1.54497e-14 
3.6475 1.78633e-14 
3.655 1.15477e-14 
3.6525 1.33586e-14 
3.66 8.62221e-15 
3.6575 9.97954e-15 
3.665 6.43126e-15 
3.6625 7.44752e-15 
3.67 4.79212e-15 
3.6675 5.55221e-15 
3.675 3.5671e-15 
3.6725 4.135e-15 
3.68 2.65253e-15 
3.6775 3.07639e-15 
3.685 1.97046e-15 
3.6825 2.28648e-15 
3.69 1.4623e-15 
3.6875 1.69768e-15 
3.695 1.08411e-15 
3.6925 1.25924e-15 
3.7 8.02934e-16 
3.6975 9.33101e-16 
3.705 5.94101e-16 
3.7025 6.90751e-16 
3.71 4.39155e-16 
3.7075 5.10846e-16 
3.715 3.24309e-16 
3.7125 3.77432e-16 
3.72 2.39269e-16 
3.7175 2.78594e-16 
3.725 1.76363e-16 
3.7225 2.05445e-16 
3.73 1.29876e-16 
3.7275 1.51362e-16 
3.735 9.55563e-17 
3.7325 1.11414e-16 
3.74 7.02431e-17 
3.7375 8.19364e-17 
3.745 5.15908e-17 
3.7425 6.0205e-17 
3.75 3.78595e-17 
3.7475 4.41994e-17 
3.755 2.77602e-17 
3.7525 3.24221e-17 
3.76 2.0339e-17 
3.7575 2.37638e-17 
3.765 1.48904e-17 
3.7625 1.74043e-17 
3.77 1.08936e-17 
3.7675 1.27372e-17 
3.775 7.96413e-18 
3.7725 9.31512e-18 
3.78 5.81875e-18 
3.7775 6.80793e-18 
3.785 4.24878e-18 
3.7825 4.97251e-18 
3.79 3.10075e-18 
3.7875 3.62987e-18 
3.795 2.26184e-18 
3.7925 2.64842e-18 
3.8 1.64923e-18 
3.7975 1.93148e-18 
3.805 1.20213e-18 
3.8025 1.40809e-18 
3.81 8.76022e-19 
3.8075 1.02623e-18 
3.815 6.38271e-19 
3.8125 7.47763e-19 
3.82 4.65014e-19 
3.8175 5.44796e-19 
3.825 3.38801e-19 
3.8225 3.96915e-19 
3.83 2.46884e-19 
3.8275 2.89204e-19 
3.835 1.79956e-19 
3.8325 2.1077e-19 
3.84 1.31227e-19 
3.8375 1.53661e-19 
3.845 9.57482e-20 
3.8425 1.12083e-19 
3.85 6.9913e-20 
3.8475 8.18083e-20 
3.855 5.10951e-20 
3.8525 5.97602e-20 
3.86 3.73829e-20 
3.8575 4.36978e-20 
3.865 2.73855e-20 
3.8625 3.19904e-20 
3.87 2.00914e-20 
3.8675 2.34519e-20 
3.875 1.47648e-20 
3.8725 1.72195e-20 
3.88 1.08709e-20 
3.8775 1.26659e-20 
3.885 8.02061e-21 
3.8825 9.335e-21 
3.89 5.93125e-21 
3.8875 6.89517e-21 
3.895 4.3971e-21 
3.8925 5.10521e-21 
3.9 3.26849e-21 
3.8975 3.7897e-21 
3.905 2.43649e-21 
3.9025 2.82095e-21 
3.91 1.82173e-21 
3.9075 2.10599e-21 
3.915 1.36635e-21 
3.9125 1.57706e-21 
3.92 1.02812e-21 
3.9175 1.18474e-21 
3.925 7.76179e-22 
3.9225 8.92936e-22 
3.93 5.87943e-22 
3.9275 6.7525e-22 
3.935 4.46859e-22 
3.9325 5.12352e-22 
3.94 3.40767e-22 
3.9375 3.9006e-22 
3.945 2.60722e-22 
3.9425 2.97947e-22 
3.95 2.00122e-22 
3.9475 2.2833e-22 
3.955 1.54087e-22 
3.9525 1.75535e-22 
3.96 1.18996e-22 
3.9575 1.3536e-22 
3.965 9.2158e-23 
3.9625 1.04684e-22 
3.97 7.15645e-23 
3.9675 8.11845e-23 
3.975 5.57123e-23 
3.9725 6.31236e-23 
3.98 4.34726e-23 
3.9775 4.91995e-23 
3.985 3.39947e-23 
3.9825 3.84327e-23 
3.99 2.66353e-23 
3.9875 3.00838e-23 
3.995 2.09063e-23 
3.9925 2.35926e-23 
4 1.64359e-23 
3.9975 1.85333e-23 
4.005 1.29399e-23 
4.0025 1.4581e-23 
4.01 1.02005e-23 
4.0075 1.14871e-23 
4.015 8.04996e-24 
4.0125 9.06044e-24 
4.02 6.35902e-24 
4.0175 7.15389e-24 
4.025 5.02748e-24 
4.0225 5.65363e-24 
4.03 3.9776e-24 
4.0275 4.47146e-24 
4.035 3.14885e-24 
4.0325 3.5388e-24 
4.04 2.494e-24 
4.0375 2.8022e-24 
4.045 1.97612e-24 
4.0425 2.21991e-24 
4.05 1.56627e-24 
4.0475 1.75924e-24 
4.055 1.2417e-24 
4.0525 1.39454e-24 
4.06 9.84544e-25 
4.0575 1.10565e-24 
4.065 7.80714e-25 
4.0625 8.76718e-25 
4.07 6.19101e-25 
4.0675 6.95226e-25 
4.075 4.9093e-25 
4.0725 5.51306e-25 
4.08 3.89264e-25 
4.0775 4.37156e-25 
4.085 3.08614e-25 
4.0825 3.46607e-25 
4.09 2.44634e-25 
4.0875 2.74774e-25 
4.095 1.93879e-25 
4.0925 2.17788e-25 
4.1 1.53617e-25 
4.0975 1.72583e-25 
4.105 1.21684e-25 
4.1025 1.36726e-25 
4.11 9.63604e-26 
4.1075 1.08289e-25 
4.115 7.62819e-26 
4.1125 8.57389e-26 
4.12 6.0366e-26 
4.1175 6.78619e-26 
4.125 4.7753e-26 
4.1225 5.36929e-26 
4.13 3.77604e-26 
4.1275 4.24659e-26 
4.135 2.98464e-26 
4.1325 3.35727e-26 
4.14 2.35807e-26 
4.1375 2.65307e-26 
4.145 1.8622e-26 
4.1425 2.09564e-26 
4.15 1.4699e-26 
4.1475 1.65456e-26 
4.155 1.15968e-26 
4.1525 1.30569e-26 
4.16 9.1447e-27 
4.1575 1.02987e-26 
4.165 7.20733e-27 
4.1625 8.11895e-27 
4.17 5.67737e-27 
4.1675 6.3972e-27 
4.175 4.46974e-27 
4.1725 5.03784e-27 
4.18 3.517e-27 
4.1775 3.96513e-27 
4.185 2.76575e-27 
4.1825 3.11906e-27 
4.19 2.17369e-27 
4.1875 2.45209e-27 
4.195 1.70735e-27 
4.1925 1.9266e-27 
4.2 1.34023e-27 
4.1975 1.51281e-27 
4.205 1.05139e-27 
4.2025 1.18715e-27 
4.21 8.24283e-28 
4.2075 9.31011e-28 
4.215 6.45811e-28 
4.2125 7.29668e-28 
4.22 5.05649e-28 
4.2175 5.71495e-28 
4.225 3.95643e-28 
4.2225 4.47314e-28 
4.23 3.09359e-28 
4.2275 3.4988e-28 
4.235 2.41725e-28 
4.2325 2.73482e-28 
4.24 1.88746e-28 
4.2375 2.13618e-28 
4.245 1.47274e-28 
4.2425 1.6674e-28 
4.25 1.14832e-28 
4.2475 1.30057e-28 
4.255 8.94718e-29 
4.2525 1.01371e-28 
4.26 6.96608e-29 
4.2575 7.89545e-29 
4.265 5.4196e-29 
4.2625 6.14494e-29 
4.27 4.21327e-29 
4.2675 4.77896e-29 
4.275 3.27296e-29 
4.2725 3.71382e-29 
4.28 2.54055e-29 
4.2775 2.88386e-29 
4.285 1.9705e-29 
4.2825 2.23765e-29 
4.29 1.52716e-29 
4.2875 1.73489e-29 
4.295 1.18263e-29 
4.2925 1.34403e-29 
4.3 9.15089e-30 
4.2975 1.0404e-29 
4.305 7.07503e-30 
4.3025 8.04709e-30 
4.31 5.46562e-30 
4.3075 6.2191e-30 
4.315 4.21885e-30 
4.3125 4.80242e-30 
4.32 3.25378e-30 
4.3175 3.7054e-30 
4.325 2.50738e-30 
4.3225 2.85659e-30 
4.33 1.93057e-30 
4.3275 2.20038e-30 
4.335 1.4852e-30 
4.3325 1.69348e-30 
4.34 1.14159e-30 
4.3375 1.30225e-30 
4.345 8.76727e-31 
4.3425 1.00054e-30 
4.35 6.72732e-31 
4.3475 7.68067e-31 
4.355 5.15752e-31 
4.3525 5.89099e-31 
4.36 3.95057e-31 
4.3575 4.51437e-31 
4.365 3.02339e-31 
4.3625 3.4564e-31 
4.37 2.31177e-31 
4.3675 2.64403e-31 
4.375 1.76607e-31 
4.3725 2.0208e-31 
4.38 1.34797e-31 
4.3775 1.54309e-31 
4.385 1.02792e-31 
4.3825 1.17725e-31 
4.39 7.83155e-32 
4.3875 8.97331e-32 
4.395 5.96128e-32 
4.3925 6.83348e-32 
4.4 4.53349e-32 
4.3975 5.19918e-32 
4.405 3.44451e-32 
4.4025 3.95211e-32 
4.41 2.61469e-32 
4.4075 3.00139e-32 
4.415 1.98294e-32 
4.4125 2.27727e-32 
4.42 1.50243e-32 
4.4175 1.72624e-32 
4.425 1.1373e-32 
4.4225 1.30733e-32 
4.43 8.60091e-33 
4.4275 9.89142e-33 
4.435 6.49838e-33 
4.4325 7.47695e-33 
4.44 4.90519e-33 
4.4375 5.64652e-33 
4.445 3.69907e-33 
4.4425 4.26015e-33 
4.45 2.78687e-33 
4.4475 3.21111e-33 
4.455 2.09761e-33 
4.4525 2.41808e-33 
4.46 1.57731e-33 
4.4575 1.81916e-33 
4.465 1.18492e-33 
4.4625 1.36727e-33 
4.47 8.89294e-34 
4.4675 1.02664e-33 
4.475 6.66776e-34 
4.4725 7.70129e-34 
4.48 4.99451e-34 
4.4775 5.77148e-34 
4.485 3.73751e-34 
4.4825 4.32105e-34 
4.49 2.79415e-34 
4.4875 3.23197e-34 
4.495 2.08685e-34 
4.4925 2.41502e-34 
4.5 1.55706e-34 
4.4975 1.80281e-34 
4.505 1.16063e-34 
4.5025 1.34448e-34 
4.51 8.64284e-35 
4.5075 1.00168e-34 
4.515 6.42968e-35 
4.5125 7.45547e-35 
4.52 4.77851e-35 
4.5175 5.54361e-35 
4.525 3.54785e-35 
4.5225 4.11795e-35 
4.53 2.63152e-35 
4.5275 3.05589e-35 
4.535 1.94991e-35 
4.5325 2.26549e-35 
4.54 1.44342e-35 
4.5375 1.67786e-35 
4.545 1.06742e-35 
4.5425 1.24141e-35 
4.55 7.88574e-36 
4.5475 9.17573e-36 
4.555 5.81991e-36 
4.5525 6.77535e-36 
4.56 4.29095e-36 
4.5575 4.9979e-36 
4.565 3.1605e-36 
4.5625 3.68305e-36 
4.57 2.32552e-36 
4.5675 2.71138e-36 
4.575 1.70941e-36 
4.5725 1.99405e-36 
4.58 1.25527e-36 
4.5775 1.46502e-36 
4.585 9.20844e-37 
4.5825 1.07526e-36 
4.59 6.74835e-37 
4.5875 7.88396e-37 
4.595 4.94048e-37 
4.5925 5.77479e-37 
4.6 3.61327e-37 
4.5975 4.22559e-37 
4.605 2.63992e-37 
4.6025 3.08886e-37 
4.61 1.92682e-37 
4.6075 2.25564e-37 
4.615 1.40491e-37 
4.6125 1.6455e-37 
4.62 1.02333e-37 
4.6175 1.19918e-37 
4.625 7.44631e-38 
4.6225 8.73035e-38 
4.63 5.41281e-38 
4.6275 6.34943e-38 
4.635 3.93063e-38 
4.6325 4.61313e-38 
4.64 2.8514e-38 
4.6375 3.34821e-38 
4.645 2.06638e-38 
4.6425 2.42765e-38 
4.65 1.49595e-38 
4.6475 1.7584e-38 
4.655 1.08189e-38 
4.6525 1.27234e-38 
4.66 7.81631e-39 
4.6575 9.19698e-39 
4.665 5.64127e-39 
4.6625 6.64114e-39 
4.67 4.06731e-39 
4.6675 4.79066e-39 
4.675 2.9295e-39 
4.6725 3.45226e-39 
4.68 2.10782e-39 
4.6775 2.48523e-39 
4.685 1.51505e-39 
4.6825 1.78724e-39 
4.69 1.08787e-39 
4.6875 1.28397e-39 
4.695 7.80332e-40 
4.6925 9.21469e-40 
4.7 5.59161e-40 
4.6975 6.60634e-40 
4.705 4.00265e-40 
4.7025 4.73146e-40 
4.71 2.86228e-40 
4.7075 3.38519e-40 
4.715 2.04471e-40 
4.7125 2.41949e-40 
4.72 1.45916e-40 
4.7175 1.72751e-40 
4.725 1.04023e-40 
4.7225 1.23216e-40 
4.73 7.40811e-41 
4.7275 8.77952e-41 
4.735 5.27036e-41 
4.7325 6.24923e-41 
4.74 3.74564e-41 
4.7375 4.44361e-41 
4.745 2.65928e-41 
4.7425 3.15644e-41 
4.75 1.88606e-41 
4.7475 2.23982e-41 
4.755 1.33629e-41 
4.7525 1.58775e-41 
4.76 9.45802e-42 
4.7575 1.12436e-41 
4.765 6.68732e-42 
4.7625 7.95387e-42 
4.77 4.72342e-42 
4.7675 5.62091e-42 
4.775 3.33284e-42 
4.7725 3.96815e-42 
4.78 2.34923e-42 
4.7775 2.79848e-42 
4.785 1.65421e-42 
4.7825 1.97156e-42 
4.79 1.16361e-42 
4.7875 1.38756e-42 
4.795 8.17672e-43 
4.7925 9.75542e-43 
4.8 5.73989e-43 
4.7975 6.85162e-43 
4.805 4.02514e-43 
4.8025 4.80722e-43 
4.81 2.81976e-43 
4.8075 3.36937e-43 
4.815 1.97332e-43 
4.8125 2.35916e-43 
4.82 1.37954e-43 
4.8175 1.65013e-43 
4.825 9.63448e-44 
4.8225 1.15301e-43 
4.83 6.72163e-44 
4.8275 8.04828e-44 
4.835 4.68462e-44 
4.8325 5.61211e-44 
4.84 3.26159e-44 
4.8375 3.90934e-44 
4.845 2.26849e-44 
4.8425 2.72041e-44 
4.85 1.57616e-44 
4.8475 1.89113e-44 
4.855 1.094e-44 
4.8525 1.31329e-44 
4.86 7.58559e-45 
4.8575 9.11077e-45 
4.865 5.25431e-45 
4.8625 6.31399e-45 
4.87 3.63578e-45 
4.8675 4.37128e-45 
4.875 2.51324e-45 
4.8725 3.0232e-45 
4.88 1.73551e-45 
4.8775 2.08873e-45 
4.885 1.19722e-45 
4.8825 1.44162e-45 
4.89 8.25042e-46 
4.8875 9.93976e-46 
4.895 5.67982e-46 
4.8925 6.84631e-46 
4.9 3.90615e-46 
4.8975 4.71078e-46 
4.905 2.68361e-46 
4.9025 3.23806e-46 
4.91 1.84182e-46 
4.9075 2.22349e-46 
4.915 1.26279e-46 
4.9125 1.52524e-46 
4.92 8.64911e-47 
4.9175 1.04521e-46 
4.925 5.91794e-47 
4.9225 7.1552e-47 
4.93 4.04509e-47 
4.9275 4.89327e-47 
4.935 2.76216e-47 
4.9325 3.34301e-47 
4.94 1.88424e-47 
4.9375 2.2816e-47 
4.945 1.28411e-47 
4.9425 1.55566e-47 
4.95 8.74329e-48 
4.9475 1.05969e-47 
4.955 5.94855e-48 
4.9525 7.21231e-48 
4.96 4.04518e-48 
4.9575 4.9055e-48 
4.965 2.75128e-48 
4.9625 3.33576e-48 
4.97 1.87417e-48 
4.9675 2.26998e-48 
4.975 1.28258e-48 
4.9725 1.54904e-48 
4.98 8.87507e-49 
4.9775 1.06476e-48 
4.985 6.29243e-49 
4.9825 7.44116e-49 
4.99 4.68585e-49 
4.9875 5.3853e-49 
4.995 3.81058e-49 
4.9925 4.1674e-49 
5 3.53298e-49 
4.9975 3.60169e-49 
