0 7.45856e-06 
0.005 7.5314e-06 
0.0025 7.47675e-06 
0.01 7.75117e-06 
0.0075 7.62274e-06 
0.015 8.12158e-06 
0.0125 7.91721e-06 
0.02 8.6489e-06 
0.0175 8.36513e-06 
0.025 9.34203e-06 
0.0225 8.97408e-06 
0.03 1.02126e-05 
0.0275 9.75431e-06 
0.035 1.12753e-05 
0.0325 1.0719e-05 
0.04 1.25479e-05 
0.0375 1.18841e-05 
0.045 1.40514e-05 
0.0425 1.32693e-05 
0.05 1.58108e-05 
0.0475 1.48974e-05 
0.055 1.7855e-05 
0.0525 1.67953e-05 
0.06 2.02174e-05 
0.0575 1.89941e-05 
0.065 2.29365e-05 
0.0625 2.15298e-05 
0.07 2.60561e-05 
0.0675 2.44433e-05 
0.075 2.96263e-05 
0.0725 2.77815e-05 
0.08 3.3704e-05 
0.0775 3.15979e-05 
0.085 3.83538e-05 
0.0825 3.5953e-05 
0.09 4.36486e-05 
0.0875 4.09156e-05 
0.095 4.96712e-05 
0.0925 4.65633e-05 
0.1 5.65148e-05 
0.0975 5.29841e-05 
0.105 6.42849e-05 
0.1025 6.0277e-05 
0.11 7.31003e-05 
0.1075 6.8554e-05 
0.115 8.30947e-05 
0.1125 7.79411e-05 
0.12 9.44189e-05 
0.1175 8.85804e-05 
0.125 0.000107243 
0.1225 0.000100632 
0.13 0.000121756 
0.1275 0.000114275 
0.135 0.000138175 
0.1325 0.000129713 
0.14 0.00015674 
0.1375 0.000147173 
0.145 0.000177723 
0.1425 0.000166911 
0.15 0.000201427 
0.1475 0.000189214 
0.155 0.000228195 
0.1525 0.000214405 
0.16 0.000258411 
0.1575 0.000242846 
0.165 0.000292505 
0.1625 0.000274944 
0.17 0.000330962 
0.1675 0.000311156 
0.175 0.000374324 
0.1725 0.000351993 
0.18 0.000423199 
0.1775 0.000398031 
0.185 0.000478269 
0.1825 0.000449913 
0.19 0.000540299 
0.1875 0.000508363 
0.195 0.000610147 
0.1925 0.000574188 
0.2 0.000688772 
0.1975 0.000648297 
0.205 0.000777251 
0.2025 0.000731707 
0.21 0.000876788 
0.2075 0.000825556 
0.215 0.000988735 
0.2125 0.00093112 
0.22 0.0011146 
0.2175 0.00104983 
0.225 0.00125608 
0.2225 0.00118327 
0.23 0.00141506 
0.2275 0.00133325 
0.235 0.00159366 
0.2325 0.00150176 
0.24 0.00179425 
0.2375 0.00169104 
0.245 0.00201947 
0.2425 0.0019036 
0.25 0.0022723 
0.2475 0.00214224 
0.255 0.00255603 
0.2525 0.00241008 
0.26 0.00287437 
0.2575 0.00271063 
0.265 0.00323144 
0.2625 0.00304778 
0.27 0.00363185 
0.2675 0.00342592 
0.275 0.00408075 
0.2725 0.0038499 
0.28 0.00458388 
0.2775 0.00432515 
0.285 0.00514763 
0.2825 0.00485775 
0.29 0.00577914 
0.2875 0.00545444 
0.295 0.00648635 
0.2925 0.00612275 
0.3 0.0072781 
0.2975 0.00687107 
0.305 0.00816422 
0.3025 0.00770871 
0.31 0.00915564 
0.3075 0.00864604 
0.315 0.0102645 
0.3125 0.00969458 
0.32 0.0115042 
0.3175 0.0108671 
0.325 0.0128898 
0.3225 0.0121778 
0.33 0.0144377 
0.3275 0.0136424 
0.335 0.0161661 
0.3325 0.0152781 
0.34 0.0180953 
0.3375 0.0171043 
0.345 0.0202473 
0.3425 0.019142 
0.35 0.0226466 
0.3475 0.0214144 
0.355 0.0253199 
0.3525 0.0239472 
0.36 0.0282965 
0.3575 0.0267684 
0.365 0.0316084 
0.3625 0.0299084 
0.37 0.0352903 
0.3675 0.0334008 
0.375 0.0393799 
0.3725 0.0372817 
0.38 0.043918 
0.3775 0.0415902 
0.385 0.0489482 
0.3825 0.0463687 
0.39 0.0545174 
0.3875 0.0516624 
0.395 0.0606752 
0.3925 0.0575195 
0.4 0.0674741 
0.3975 0.0639911 
0.405 0.0749692 
0.4025 0.0711311 
0.41 0.0832174 
0.4075 0.0789955 
0.415 0.0922772 
0.4125 0.0876421 
0.42 0.102208 
0.4175 0.0971299 
0.425 0.113068 
0.4225 0.107518 
0.43 0.124917 
0.4275 0.118866 
0.435 0.137808 
0.4325 0.131229 
0.44 0.151793 
0.4375 0.144661 
0.445 0.166917 
0.4425 0.15921 
0.45 0.183216 
0.4475 0.174917 
0.455 0.200717 
0.4525 0.191815 
0.46 0.219435 
0.4575 0.209923 
0.465 0.239371 
0.4625 0.229251 
0.47 0.260508 
0.4675 0.249791 
0.475 0.282812 
0.4725 0.271517 
0.48 0.306231 
0.4775 0.294387 
0.485 0.330691 
0.4825 0.318337 
0.49 0.356099 
0.4875 0.343283 
0.495 0.38234 
0.4925 0.369123 
0.5 0.409283 
0.4975 0.395732 
0.505 0.43678 
0.5025 0.422972 
0.51 0.46467 
0.5075 0.450687 
0.515 0.492783 
0.5125 0.47871 
0.52 0.520941 
0.5175 0.506867 
0.525 0.548967 
0.5225 0.534982 
0.53 0.576688 
0.5275 0.562876 
0.535 0.603936 
0.5325 0.590381 
0.54 0.630556 
0.5375 0.617334 
0.545 0.656409 
0.5425 0.643587 
0.55 0.68137 
0.5475 0.669008 
0.555 0.705336 
0.5525 0.693483 
0.56 0.728223 
0.5575 0.716919 
0.565 0.749967 
0.5625 0.739241 
0.57 0.770525 
0.5675 0.760396 
0.575 0.789872 
0.5725 0.780351 
0.58 0.808 
0.5775 0.799088 
0.585 0.824916 
0.5825 0.816608 
0.59 0.840641 
0.5875 0.832925 
0.595 0.855208 
0.5925 0.848067 
0.6 0.868656 
0.5975 0.862069 
0.605 0.881036 
0.6025 0.874977 
0.61 0.892398 
0.6075 0.88684 
0.615 0.902801 
0.6125 0.897716 
0.62 0.912301 
0.6175 0.90766 
0.625 0.92096 
0.6225 0.916732 
0.63 0.928835 
0.6275 0.924992 
0.635 0.935986 
0.6325 0.932498 
0.64 0.942466 
0.6375 0.939306 
0.645 0.948332 
0.6425 0.945473 
0.65 0.953632 
0.6475 0.951049 
0.655 0.958417 
0.6525 0.956086 
0.66 0.962732 
0.6575 0.960631 
0.665 0.966617 
0.6625 0.964725 
0.67 0.970114 
0.6675 0.968412 
0.675 0.973258 
0.6725 0.971728 
0.68 0.976082 
0.6775 0.974708 
0.685 0.978617 
0.6825 0.977384 
0.69 0.980891 
0.6875 0.979785 
0.695 0.982931 
0.6925 0.981939 
0.7 0.984758 
0.6975 0.983869 
0.705 0.986395 
0.7025 0.985599 
0.71 0.98786 
0.7075 0.987147 
0.715 0.989171 
0.7125 0.988533 
0.72 0.990343 
0.7175 0.989773 
0.725 0.991391 
0.7225 0.990882 
0.73 0.992328 
0.7275 0.991873 
0.735 0.993165 
0.7325 0.992759 
0.74 0.993913 
0.7375 0.99355 
0.745 0.99458 
0.7425 0.994256 
0.75 0.995176 
0.7475 0.994887 
0.755 0.995708 
0.7525 0.995449 
0.76 0.996182 
0.7575 0.995951 
0.765 0.996604 
0.7625 0.996399 
0.77 0.996981 
0.7675 0.996798 
0.775 0.997317 
0.7725 0.997154 
0.78 0.997617 
0.7775 0.997471 
0.785 0.997883 
0.7825 0.997754 
0.79 0.998121 
0.7875 0.998005 
0.795 0.998332 
0.7925 0.998229 
0.8 0.99852 
0.7975 0.998429 
0.805 0.998687 
0.8025 0.998606 
0.81 0.998836 
0.8075 0.998764 
0.815 0.998969 
0.8125 0.998904 
0.82 0.999086 
0.8175 0.999029 
0.825 0.999191 
0.8225 0.99914 
0.83 0.999284 
0.8275 0.999239 
0.835 0.999366 
0.8325 0.999326 
0.84 0.999439 
0.8375 0.999404 
0.845 0.999504 
0.8425 0.999473 
0.85 0.999562 
0.8475 0.999534 
0.855 0.999613 
0.8525 0.999588 
0.86 0.999658 
0.8575 0.999636 
0.865 0.999698 
0.8625 0.999679 
0.87 0.999734 
0.8675 0.999716 
0.875 0.999765 
0.8725 0.99975 
0.88 0.999793 
0.8775 0.999779 
0.885 0.999817 
0.8825 0.999805 
0.89 0.999839 
0.8875 0.999829 
0.895 0.999858 
0.8925 0.999849 
0.9 0.999875 
0.8975 0.999867 
0.905 0.99989 
0.9025 0.999883 
0.91 0.999903 
0.9075 0.999897 
0.915 0.999915 
0.9125 0.999909 
0.92 0.999925 
0.9175 0.99992 
0.925 0.999934 
0.9225 0.99993 
0.93 0.999942 
0.9275 0.999938 
0.935 0.999949 
0.9325 0.999945 
0.94 0.999954 
0.9375 0.999952 
0.945 0.99996 
0.9425 0.999957 
0.95 0.999964 
0.9475 0.999962 
0.955 0.999968 
0.9525 0.999966 
0.96 0.999971 
0.9575 0.99997 
0.965 0.999974 
0.9625 0.999973 
0.97 0.999977 
0.9675 0.999975 
0.975 0.999978 
0.9725 0.999978 
0.98 0.99998 
0.9775 0.999979 
0.985 0.999981 
0.9825 0.999981 
0.99 0.999982 
0.9875 0.999982 
0.995 0.999983 
0.9925 0.999982 
1 0.999983 
0.9975 0.999983 
1.005 0.999983 
1.0025 0.999983 
1.01 0.999983 
1.0075 0.999983 
1.015 0.999982 
1.0125 0.999982 
1.02 0.999981 
1.0175 0.999981 
1.025 0.99998 
1.0225 0.99998 
1.03 0.999978 
1.0275 0.999979 
1.035 0.999976 
1.0325 0.999977 
1.04 0.999974 
1.0375 0.999975 
1.045 0.999972 
1.0425 0.999973 
1.05 0.999969 
1.0475 0.99997 
1.055 0.999965 
1.0525 0.999967 
1.06 0.999961 
1.0575 0.999963 
1.065 0.999957 
1.0625 0.999959 
1.07 0.999952 
1.0675 0.999955 
1.075 0.999946 
1.0725 0.999949 
1.08 0.99994 
1.0775 0.999943 
1.085 0.999933 
1.0825 0.999937 
1.09 0.999925 
1.0875 0.999929 
1.095 0.999916 
1.0925 0.999921 
1.1 0.999906 
1.0975 0.999911 
1.105 0.999895 
1.1025 0.999901 
1.11 0.999883 
1.1075 0.999889 
1.115 0.999869 
1.1125 0.999876 
1.12 0.999854 
1.1175 0.999862 
1.125 0.999837 
1.1225 0.999845 
1.13 0.999818 
1.1275 0.999827 
1.135 0.999796 
1.1325 0.999807 
1.14 0.999773 
1.1375 0.999785 
1.145 0.999747 
1.1425 0.99976 
1.15 0.999718 
1.1475 0.999733 
1.155 0.999686 
1.1525 0.999702 
1.16 0.99965 
1.1575 0.999669 
1.165 0.999611 
1.1625 0.999631 
1.17 0.999567 
1.1675 0.999589 
1.175 0.999518 
1.1725 0.999543 
1.18 0.999465 
1.1775 0.999492 
1.185 0.999405 
1.1825 0.999436 
1.19 0.999339 
1.1875 0.999373 
1.195 0.999266 
1.1925 0.999304 
1.2 0.999186 
1.1975 0.999227 
1.205 0.999096 
1.2025 0.999142 
1.21 0.998998 
1.2075 0.999048 
1.215 0.998889 
1.2125 0.998945 
1.22 0.998768 
1.2175 0.99883 
1.225 0.998635 
1.2225 0.998703 
1.23 0.998488 
1.2275 0.998563 
1.235 0.998325 
1.2325 0.998409 
1.24 0.998146 
1.2375 0.998238 
1.245 0.997948 
1.2425 0.998049 
1.25 0.997729 
1.2475 0.997841 
1.255 0.997488 
1.2525 0.997612 
1.26 0.997222 
1.2575 0.997358 
1.265 0.996929 
1.2625 0.997079 
1.27 0.996605 
1.2675 0.996771 
1.275 0.996248 
1.2725 0.996431 
1.28 0.995855 
1.2775 0.996056 
1.285 0.995421 
1.2825 0.995643 
1.29 0.994943 
1.2875 0.995188 
1.295 0.994416 
1.2925 0.994686 
1.3 0.993836 
1.2975 0.994133 
1.305 0.993197 
1.3025 0.993525 
1.31 0.992494 
1.3075 0.992854 
1.315 0.991719 
1.3125 0.992116 
1.32 0.990867 
1.3175 0.991303 
1.325 0.989929 
1.3225 0.990409 
1.33 0.988897 
1.3275 0.989425 
1.335 0.987761 
1.3325 0.988342 
1.34 0.986513 
1.3375 0.987152 
1.345 0.985141 
1.3425 0.985843 
1.35 0.983633 
1.3475 0.984405 
1.355 0.981976 
1.3525 0.982824 
1.36 0.980157 
1.3575 0.981088 
1.365 0.97816 
1.3625 0.979182 
1.37 0.975969 
1.3675 0.97709 
1.375 0.973566 
1.3725 0.974795 
1.38 0.970932 
1.3775 0.972279 
1.385 0.968046 
1.3825 0.969522 
1.39 0.964887 
1.3875 0.966502 
1.395 0.96143 
1.3925 0.963197 
1.4 0.957652 
1.3975 0.959583 
1.405 0.953524 
1.4025 0.955633 
1.41 0.949019 
1.4075 0.95132 
1.415 0.944107 
1.4125 0.946616 
1.42 0.938758 
1.4175 0.941489 
1.425 0.932938 
1.4225 0.935909 
1.43 0.926616 
1.4275 0.929842 
1.435 0.919756 
1.4325 0.923255 
1.44 0.912325 
1.4375 0.916114 
1.445 0.904288 
1.4425 0.908384 
1.45 0.895612 
1.4475 0.900032 
1.455 0.886263 
1.4525 0.891023 
1.46 0.876211 
1.4575 0.881327 
1.465 0.865427 
1.4625 0.870912 
1.47 0.853886 
1.4675 0.859753 
1.475 0.841568 
1.4725 0.847825 
1.48 0.828456 
1.4775 0.835112 
1.485 0.814541 
1.4825 0.821599 
1.49 0.799821 
1.4875 0.807281 
1.495 0.784301 
1.4925 0.79216 
1.5 0.767999 
1.4975 0.776247 
1.505 0.750937 
1.5025 0.759561 
1.51 0.733153 
1.5075 0.742133 
1.515 0.714693 
1.5125 0.724004 
1.52 0.695616 
1.5175 0.705228 
1.525 0.67599 
1.5225 0.685867 
1.53 0.655896 
1.5275 0.665996 
1.535 0.635423 
1.5325 0.6457 
1.54 0.61467 
1.5375 0.625075 
1.545 0.593744 
1.5425 0.604222 
1.55 0.572757 
1.5475 0.583251 
1.555 0.551825 
1.5525 0.562277 
1.56 0.531069 
1.5575 0.541418 
1.565 0.510606 
1.5625 0.520793 
1.57 0.490554 
1.5675 0.500521 
1.575 0.471029 
1.5725 0.480719 
1.58 0.45214 
1.5775 0.461499 
1.585 0.433991 
1.5825 0.442967 
1.59 0.416678 
1.5875 0.425225 
1.595 0.40029 
1.5925 0.408364 
1.6 0.384907 
1.5975 0.392469 
1.605 0.370601 
1.6025 0.377616 
1.61 0.357435 
1.6075 0.363872 
1.615 0.345463 
1.6125 0.351296 
1.62 0.334731 
1.6175 0.339939 
1.625 0.32528 
1.6225 0.329843 
1.63 0.317139 
1.6275 0.321044 
1.635 0.310333 
1.6325 0.313568 
1.64 0.304881 
1.6375 0.307437 
1.645 0.300792 
1.6425 0.302665 
1.65 0.298072 
1.6475 0.299261 
1.655 0.296719 
1.6525 0.297225 
1.66 0.296728 
1.6575 0.296554 
1.665 0.298086 
1.6625 0.29724 
1.67 0.300776 
1.6675 0.299266 
1.675 0.304776 
1.6725 0.302614 
1.68 0.310061 
1.6775 0.30726 
1.685 0.316599 
1.6825 0.313175 
1.69 0.324357 
1.6875 0.320328 
1.695 0.333298 
1.6925 0.328682 
1.7 0.343382 
1.6975 0.3382 
1.705 0.354564 
1.7025 0.348839 
1.71 0.366799 
1.7075 0.360553 
1.715 0.380035 
1.7125 0.373295 
1.72 0.394218 
1.7175 0.387011 
1.725 0.409291 
1.7225 0.401647 
1.73 0.425191 
1.7275 0.417141 
1.735 0.441852 
1.7325 0.43343 
1.74 0.459202 
1.7375 0.450445 
1.745 0.477167 
1.7425 0.468113 
1.75 0.495666 
1.7475 0.486355 
1.755 0.514614 
1.7525 0.505089 
1.76 0.533923 
1.7575 0.524229 
1.765 0.553503 
1.7625 0.543685 
1.77 0.57326 
1.7675 0.563365 
1.775 0.593098 
1.7725 0.583174 
1.78 0.612924 
1.7775 0.603019 
1.785 0.632645 
1.7825 0.622804 
1.79 0.65217 
1.7875 0.642437 
1.795 0.671412 
1.7925 0.661831 
1.8 0.69029 
1.7975 0.680901 
1.805 0.708729 
1.8025 0.699569 
1.81 0.726662 
1.8075 0.717763 
1.815 0.744029 
1.8125 0.735419 
1.82 0.760779 
1.8175 0.752484 
1.825 0.776871 
1.8225 0.768909 
1.83 0.792271 
1.8275 0.784659 
1.835 0.806955 
1.8325 0.799704 
1.84 0.820908 
1.8375 0.814024 
1.845 0.834123 
1.8425 0.827608 
1.85 0.846598 
1.8475 0.840452 
1.855 0.85834 
1.8525 0.85256 
1.86 0.869361 
1.8575 0.86394 
1.865 0.879678 
1.8625 0.874606 
1.87 0.889312 
1.8675 0.884579 
1.875 0.898287 
1.8725 0.89388 
1.88 0.906631 
1.8775 0.902536 
1.885 0.914372 
1.8825 0.910575 
1.89 0.92154 
1.8875 0.918026 
1.895 0.928167 
1.8925 0.92492 
1.9 0.934284 
1.8975 0.931287 
1.905 0.939921 
1.9025 0.93716 
1.91 0.945109 
1.9075 0.942569 
1.915 0.949878 
1.9125 0.947544 
1.92 0.954257 
1.9175 0.952115 
1.925 0.958274 
1.9225 0.956309 
1.93 0.961955 
1.9275 0.960155 
1.935 0.965325 
1.9325 0.963677 
1.94 0.968408 
1.9375 0.966901 
1.945 0.971226 
1.9425 0.969849 
1.95 0.973801 
1.9475 0.972543 
1.955 0.976152 
1.9525 0.975004 
1.96 0.978298 
1.9575 0.97725 
1.965 0.980255 
1.9625 0.979299 
1.97 0.982039 
1.9675 0.981167 
1.975 0.983665 
1.9725 0.982871 
1.98 0.985146 
1.9775 0.984422 
1.985 0.986495 
1.9825 0.985836 
1.99 0.987722 
1.9875 0.987123 
1.995 0.98884 
1.9925 0.988294 
2 0.989857 
1.9975 0.989361 
2.005 0.990782 
2.0025 0.990331 
2.01 0.991624 
2.0075 0.991213 
2.015 0.992389 
2.0125 0.992016 
2.02 0.993085 
2.0175 0.992745 
2.025 0.993717 
2.0225 0.993409 
2.03 0.994292 
2.0275 0.994012 
2.035 0.994815 
2.0325 0.99456 
2.04 0.99529 
2.0375 0.995058 
2.045 0.995721 
2.0425 0.995511 
2.05 0.996113 
2.0475 0.995922 
2.055 0.996469 
2.0525 0.996296 
2.06 0.996793 
2.0575 0.996635 
2.065 0.997087 
2.0625 0.996943 
2.07 0.997354 
2.0675 0.997223 
2.075 0.997596 
2.0725 0.997478 
2.08 0.997816 
2.0775 0.997708 
2.085 0.998015 
2.0825 0.997918 
2.09 0.998197 
2.0875 0.998108 
2.095 0.998361 
2.0925 0.998281 
2.1 0.99851 
2.0975 0.998438 
2.105 0.998646 
2.1025 0.99858 
2.11 0.998768 
2.1075 0.998708 
2.115 0.998879 
2.1125 0.998825 
2.12 0.99898 
2.1175 0.998931 
2.125 0.999071 
2.1225 0.999027 
2.13 0.999154 
2.1275 0.999114 
2.135 0.999228 
2.1325 0.999192 
2.14 0.999296 
2.1375 0.999263 
2.145 0.999356 
2.1425 0.999327 
2.15 0.999411 
2.1475 0.999384 
2.155 0.99946 
2.1525 0.999436 
2.16 0.999504 
2.1575 0.999483 
2.165 0.999543 
2.1625 0.999524 
2.17 0.999578 
2.1675 0.999561 
2.175 0.99961 
2.1725 0.999594 
2.18 0.999637 
2.1775 0.999624 
2.185 0.999661 
2.1825 0.999649 
2.19 0.999682 
2.1875 0.999672 
2.195 0.9997 
2.1925 0.999691 
2.2 0.999715 
2.1975 0.999708 
2.205 0.999728 
2.2025 0.999722 
2.21 0.999738 
2.2075 0.999733 
2.215 0.999746 
2.2125 0.999742 
2.22 0.999751 
2.2175 0.999749 
2.225 0.999755 
2.2225 0.999753 
2.23 0.999756 
2.2275 0.999756 
2.235 0.999756 
2.2325 0.999756 
2.24 0.999753 
2.2375 0.999755 
2.245 0.999749 
2.2425 0.999752 
2.25 0.999743 
2.2475 0.999746 
2.255 0.999735 
2.2525 0.999739 
2.26 0.999725 
2.2575 0.99973 
2.265 0.999714 
2.2625 0.99972 
2.27 0.9997 
2.2675 0.999707 
2.275 0.999685 
2.2725 0.999693 
2.28 0.999668 
2.2775 0.999676 
2.285 0.999649 
2.2825 0.999658 
2.29 0.999628 
2.2875 0.999638 
2.295 0.999605 
2.2925 0.999616 
2.3 0.99958 
2.2975 0.999592 
2.305 0.999553 
2.3025 0.999567 
2.31 0.999524 
2.3075 0.999539 
2.315 0.999493 
2.3125 0.999508 
2.32 0.999459 
2.3175 0.999476 
2.325 0.999424 
2.3225 0.999442 
2.33 0.999386 
2.3275 0.999405 
2.335 0.999345 
2.3325 0.999366 
2.34 0.999302 
2.3375 0.999324 
2.345 0.999257 
2.3425 0.99928 
2.35 0.999208 
2.3475 0.999233 
2.355 0.999157 
2.3525 0.999183 
2.36 0.999104 
2.3575 0.999131 
2.365 0.999047 
2.3625 0.999076 
2.37 0.998987 
2.3675 0.999017 
2.375 0.998924 
2.3725 0.998956 
2.38 0.998857 
2.3775 0.998891 
2.385 0.998787 
2.3825 0.998822 
2.39 0.998713 
2.3875 0.998751 
2.395 0.998636 
2.3925 0.998675 
2.4 0.998554 
2.3975 0.998596 
2.405 0.998468 
2.4025 0.998512 
2.41 0.998378 
2.4075 0.998424 
2.415 0.998284 
2.4125 0.998332 
2.42 0.998184 
2.4175 0.998234 
2.425 0.998079 
2.4225 0.998132 
2.43 0.997969 
2.4275 0.998025 
2.435 0.997853 
2.4325 0.997912 
2.44 0.997731 
2.4375 0.997793 
2.445 0.997603 
2.4425 0.997668 
2.45 0.997467 
2.4475 0.997536 
2.455 0.997325 
2.4525 0.997397 
2.46 0.997174 
2.4575 0.99725 
2.465 0.997015 
2.4625 0.997096 
2.47 0.996848 
2.4675 0.996933 
2.475 0.996671 
2.4725 0.99676 
2.48 0.996483 
2.4775 0.996578 
2.485 0.996285 
2.4825 0.996385 
2.49 0.996075 
2.4875 0.996181 
2.495 0.995852 
2.4925 0.995965 
2.5 0.995615 
2.4975 0.995735 
2.505 0.995364 
2.5025 0.995492 
2.51 0.995097 
2.5075 0.995232 
2.515 0.994812 
2.5125 0.994957 
2.52 0.99451 
2.5175 0.994663 
2.525 0.994187 
2.5225 0.994351 
2.53 0.993842 
2.5275 0.994017 
2.535 0.993474 
2.5325 0.993661 
2.54 0.99308 
2.5375 0.99328 
2.545 0.992659 
2.5425 0.992873 
2.55 0.992208 
2.5475 0.992438 
2.555 0.991725 
2.5525 0.991971 
2.56 0.991207 
2.5575 0.991471 
2.565 0.990651 
2.5625 0.990934 
2.57 0.990054 
2.5675 0.990358 
2.575 0.989413 
2.5725 0.98974 
2.58 0.988724 
2.5775 0.989075 
2.585 0.987982 
2.5825 0.98836 
2.59 0.987184 
2.5875 0.98759 
2.595 0.986325 
2.5925 0.986762 
2.6 0.985399 
2.5975 0.98587 
2.605 0.984402 
2.6025 0.98491 
2.61 0.983327 
2.6075 0.983875 
2.615 0.982168 
2.6125 0.982759 
2.62 0.980919 
2.6175 0.981555 
2.625 0.979571 
2.6225 0.980258 
2.63 0.978118 
2.6275 0.978858 
2.635 0.97655 
2.6325 0.977349 
2.64 0.974858 
2.6375 0.97572 
2.645 0.973032 
2.6425 0.973962 
2.65 0.971063 
2.6475 0.972066 
2.655 0.968939 
2.6525 0.970021 
2.66 0.966647 
2.6575 0.967814 
2.665 0.964175 
2.6625 0.965434 
2.67 0.961509 
2.6675 0.962867 
2.675 0.958636 
2.6725 0.960099 
2.68 0.955538 
2.6775 0.957116 
2.685 0.952201 
2.6825 0.953901 
2.69 0.948607 
2.6875 0.950437 
2.695 0.944737 
2.6925 0.946708 
2.7 0.940573 
2.6975 0.942693 
2.705 0.936094 
2.7025 0.938374 
2.71 0.93128 
2.7075 0.933731 
2.715 0.926109 
2.7125 0.928741 
2.72 0.920558 
2.7175 0.923383 
2.725 0.914604 
2.7225 0.917633 
2.73 0.908223 
2.7275 0.911468 
2.735 0.90139 
2.7325 0.904864 
2.74 0.89408 
2.7375 0.897796 
2.745 0.88627 
2.7425 0.890239 
2.75 0.877933 
2.7475 0.882169 
2.755 0.869045 
2.7525 0.873559 
2.76 0.859581 
2.7575 0.864386 
2.765 0.84952 
2.7625 0.854627 
2.77 0.838838 
2.7675 0.844258 
2.775 0.827515 
2.7725 0.833258 
2.78 0.815533 
2.7775 0.821607 
2.785 0.802876 
2.7825 0.80929 
2.79 0.789531 
2.7875 0.79629 
2.795 0.775488 
2.7925 0.782597 
2.8 0.760743 
2.7975 0.768204 
2.805 0.745295 
2.8025 0.753107 
2.81 0.729147 
2.8075 0.737308 
2.815 0.712309 
2.8125 0.720813 
2.82 0.694796 
2.8175 0.703636 
2.825 0.676632 
2.8225 0.685794 
2.83 0.657844 
2.8275 0.667314 
2.835 0.638467 
2.8325 0.648227 
2.84 0.618545 
2.8375 0.628572 
2.845 0.598126 
2.8425 0.608395 
2.85 0.577267 
2.8475 0.587748 
2.855 0.55603 
2.8525 0.566691 
2.86 0.534482 
2.8575 0.54529 
2.865 0.512697 
2.8625 0.523614 
2.87 0.490753 
2.8675 0.50174 
2.875 0.46873 
2.8725 0.479746 
2.88 0.44671 
2.8775 0.457714 
2.885 0.424778 
2.8825 0.435728 
2.89 0.403016 
2.8875 0.413871 
2.895 0.381505 
2.8925 0.392224 
2.9 0.360325 
2.8975 0.370869 
2.905 0.339548 
2.9025 0.349881 
2.91 0.319243 
2.9075 0.329332 
2.915 0.299475 
2.9125 0.309288 
2.92 0.280298 
2.9175 0.289809 
2.925 0.261761 
2.9225 0.270947 
2.93 0.243905 
2.9275 0.252746 
2.935 0.226764 
2.9325 0.235244 
2.94 0.210363 
2.9375 0.21847 
2.945 0.194719 
2.9425 0.202445 
2.95 0.179843 
2.9475 0.187185 
2.955 0.16574 
2.9525 0.172695 
2.96 0.152407 
2.9575 0.158978 
2.965 0.139837 
2.9625 0.146027 
2.97 0.128016 
2.9675 0.133834 
2.975 0.11693 
2.9725 0.122383 
2.98 0.106558 
2.9775 0.111656 
2.985 0.0968765 
2.9825 0.101632 
2.99 0.0878619 
2.9875 0.0922875 
2.995 0.0794875 
2.9925 0.0835964 
3 0.0717261 
2.9975 0.0755319 
3.005 0.0645497 
3.0025 0.0680665 
3.01 0.0579303 
3.0075 0.0611721 
3.015 0.0518398 
3.0125 0.0548206 
3.02 0.0462506 
3.0175 0.0489842 
3.025 0.0411356 
3.0225 0.0436355 
3.03 0.0364684 
3.0275 0.0387477 
3.035 0.0322231 
3.0325 0.0342946 
3.04 0.0283746 
3.0375 0.0302508 
3.045 0.0248983 
3.0425 0.0265914 
3.05 0.0217704 
3.0475 0.0232923 
3.055 0.0189673 
3.0525 0.0203297 
3.06 0.0164659 
3.0575 0.0176803 
3.065 0.0142438 
3.0625 0.0153213 
3.07 0.0122786 
3.0675 0.0132304 
3.075 0.0105486 
3.0725 0.0113855 
3.08 0.0090328 
3.0775 0.00976525 
3.085 0.00771058 
3.0825 0.00834873 
3.09 0.00656237 
3.0875 0.00711592 
3.095 0.00556953 
3.0925 0.00604765 
3.1 0.00471451 
3.0975 0.00512584 
3.105 0.003981 
3.1025 0.00433353 
3.11 0.003354 
3.1075 0.00365507 
3.115 0.00281981 
3.1125 0.0030761 
3.12 0.00236609 
3.1175 0.00258361 
3.125 0.0019818 
3.1225 0.0021659 
3.13 0.00165715 
3.1275 0.00181258 
3.135 0.00138353 
3.1325 0.00151446 
3.14 0.00115342 
3.1375 0.00126347 
3.145 0.000960274 
3.1425 0.0010526 
3.15 0.000798449 
3.1475 0.000875767 
3.155 0.000663091 
3.1525 0.000727736 
3.16 0.000550043 
3.1575 0.000604013 
3.165 0.000455765 
3.1625 0.000500758 
3.17 0.000377244 
3.1675 0.000414704 
3.175 0.000311929 
3.1725 0.000343079 
3.18 0.000257663 
3.1775 0.000283536 
3.185 0.00021263 
3.1825 0.000234094 
3.19 0.000175298 
3.1875 0.000193086 
3.195 0.000144383 
3.1925 0.00015911 
3.2 0.000118809 
3.1975 0.000130988 
3.205 9.76733e-05 
3.2025 0.000107736 
3.21 8.02234e-05 
3.2075 8.85295e-05 
3.215 6.58303e-05 
3.2125 7.26797e-05 
3.22 5.39699e-05 
3.2175 5.96126e-05 
3.225 4.42056e-05 
3.2225 4.88499e-05 
3.23 3.61745e-05 
3.2275 3.99935e-05 
3.235 2.95753e-05 
3.2325 3.27126e-05 
3.24 2.41575e-05 
3.2375 2.67326e-05 
3.245 1.9714e-05 
3.2425 2.18255e-05 
3.25 1.60728e-05 
3.2475 1.78026e-05 
3.255 1.30919e-05 
3.2525 1.45077e-05 
3.26 1.06538e-05 
3.2575 1.18115e-05 
3.265 8.66165e-06 
3.2625 9.60737e-06 
3.27 7.03531e-06 
3.2675 7.80716e-06 
3.275 5.7089e-06 
3.2725 6.33825e-06 
3.28 4.62813e-06 
3.2775 5.1408e-06 
3.285 3.74836e-06 
3.2825 4.16558e-06 
3.29 3.0329e-06 
3.2875 3.37211e-06 
3.295 2.45161e-06 
3.2925 2.72714e-06 
3.3 1.9798e-06 
3.2975 2.20338e-06 
3.305 1.59723e-06 
3.3025 1.77847e-06 
3.31 1.28731e-06 
3.3075 1.4341e-06 
3.315 1.0365e-06 
3.3125 1.15526e-06 
3.32 8.33727e-07 
3.3175 9.29716e-07 
3.325 6.69953e-07 
3.3225 7.4746e-07 
3.33 5.3781e-07 
3.3275 6.00331e-07 
3.335 4.31297e-07 
3.3325 4.81678e-07 
3.34 3.45529e-07 
3.3375 3.86087e-07 
3.345 2.76536e-07 
3.3425 3.09152e-07 
3.35 2.21093e-07 
3.3475 2.47296e-07 
3.355 1.76585e-07 
3.3525 1.97615e-07 
3.36 1.40892e-07 
3.3575 1.57753e-07 
3.365 1.12298e-07 
3.3625 1.25802e-07 
3.37 8.9415e-08 
3.3675 1.00218e-07 
3.375 7.11208e-08 
3.3725 7.97552e-08 
3.38 5.65107e-08 
3.3775 6.34044e-08 
3.385 4.4855e-08 
3.3825 5.03532e-08 
3.39 3.55662e-08 
3.3875 3.99466e-08 
3.395 2.81713e-08 
3.3925 3.16576e-08 
3.4 2.22905e-08 
3.3975 2.50622e-08 
3.405 1.76187e-08 
3.4025 1.982e-08 
3.41 1.39113e-08 
3.4075 1.56577e-08 
3.415 1.09724e-08 
3.4125 1.23564e-08 
3.42 8.64518e-09 
3.4175 9.74081e-09 
3.425 6.8043e-09 
3.4225 7.67072e-09 
3.43 5.34969e-09 
3.4275 6.03411e-09 
3.435 4.20155e-09 
3.4325 4.74162e-09 
3.44 3.29628e-09 
3.4375 3.72198e-09 
3.445 2.58329e-09 
3.4425 2.91848e-09 
3.45 2.02234e-09 
3.4475 2.28597e-09 
3.455 1.58149e-09 
3.4525 1.78862e-09 
3.46 1.23541e-09 
3.4575 1.39797e-09 
3.465 9.64018e-10 
3.4625 1.09146e-09 
3.47 7.51431e-10 
3.4675 8.51227e-10 
3.475 5.85089e-10 
3.4725 6.63153e-10 
3.48 4.55076e-10 
3.4775 5.16073e-10 
3.485 3.53568e-10 
3.4825 4.01177e-10 
3.49 2.74403e-10 
3.4875 3.11522e-10 
3.495 2.12731e-10 
3.4925 2.4164e-10 
3.5 1.64741e-10 
3.4975 1.8723e-10 
3.505 1.27437e-10 
3.5025 1.44913e-10 
3.51 9.84726e-11 
3.5075 1.12038e-10 
3.515 7.60082e-11 
3.5125 8.6526e-11 
3.52 5.86043e-11 
3.5175 6.67504e-11 
3.525 4.5136e-11 
3.5225 5.14381e-11 
3.53 3.47249e-11 
3.5275 3.9595e-11 
3.535 2.66859e-11 
3.5325 3.04452e-11 
3.54 2.04854e-11 
3.5375 2.33842e-11 
3.545 1.57084e-11 
3.5425 1.7941e-11 
3.55 1.20321e-11 
3.5475 1.37498e-11 
3.555 9.20606e-12 
3.5525 1.05261e-11 
3.56 7.03605e-12 
3.5575 8.04933e-12 
3.565 5.37162e-12 
3.5625 6.14859e-12 
3.57 4.09642e-12 
3.5675 4.69152e-12 
3.575 3.12051e-12 
3.5725 3.57581e-12 
3.58 2.37448e-12 
3.5775 2.72243e-12 
3.585 1.80482e-12 
3.5825 2.07043e-12 
3.59 1.37032e-12 
3.5875 1.57285e-12 
3.595 1.03928e-12 
3.5925 1.19353e-12 
3.6 7.87341e-13 
3.5975 9.04702e-13 
3.605 5.95822e-13 
3.6025 6.85012e-13 
3.61 4.50394e-13 
3.6075 5.18099e-13 
3.615 3.40088e-13 
3.6125 3.91427e-13 
3.62 2.56515e-13 
3.6175 2.954e-13 
3.625 1.93267e-13 
3.6225 2.22686e-13 
3.63 1.45454e-13 
3.6275 1.67687e-13 
3.635 1.09349e-13 
3.6325 1.26133e-13 
3.64 8.21167e-14 
3.6375 9.47724e-14 
3.645 6.15986e-14 
3.6425 7.11311e-14 
3.65 4.61568e-14 
3.6475 5.33287e-14 
3.655 3.45482e-14 
3.6525 3.99382e-14 
3.66 2.5831e-14 
3.6575 2.98773e-14 
3.665 1.92923e-14 
3.6625 2.23264e-14 
3.67 1.4393e-14 
3.6675 1.66658e-14 
3.675 1.07263e-14 
3.6725 1.24268e-14 
3.68 7.98503e-15 
3.6775 9.25594e-15 
3.685 5.9379e-15 
3.6825 6.88671e-15 
3.69 4.41083e-15 
3.6875 5.11839e-15 
3.695 3.27296e-15 
3.6925 3.80003e-15 
3.7 2.42601e-15 
3.6975 2.81821e-15 
3.705 1.79631e-15 
3.7025 2.08782e-15 
3.71 1.32864e-15 
3.7075 1.54508e-15 
3.715 9.81678e-16 
3.7125 1.1422e-15 
3.72 7.24557e-16 
3.7175 8.43483e-16 
3.725 5.34217e-16 
3.7225 6.22229e-16 
3.73 3.93467e-16 
3.7275 4.5853e-16 
3.735 2.89499e-16 
3.7325 3.37546e-16 
3.74 2.12783e-16 
3.7375 2.48225e-16 
3.745 1.56235e-16 
3.7425 1.82352e-16 
3.75 1.14599e-16 
3.7475 1.33823e-16 
3.755 8.39735e-17 
3.7525 9.811e-17 
3.76 6.14711e-17 
3.7575 7.18552e-17 
3.765 4.49543e-17 
3.7625 5.25741e-17 
3.77 3.28435e-17 
3.7675 3.84291e-17 
3.775 2.39724e-17 
3.7725 2.80627e-17 
3.78 1.74809e-17 
3.7775 2.04732e-17 
3.785 1.27355e-17 
3.7825 1.49223e-17 
3.79 9.26989e-18 
3.7875 1.08665e-17 
3.795 6.74144e-18 
3.7925 7.90603e-18 
3.8 4.89847e-18 
3.7975 5.74711e-18 
3.805 3.5564e-18 
3.8025 4.17423e-18 
3.81 2.57998e-18 
3.8075 3.02937e-18 
3.815 1.87023e-18 
3.8125 2.19681e-18 
3.82 1.35477e-18 
3.8175 1.5919e-18 
3.825 9.80717e-19 
3.8225 1.15275e-18 
3.83 7.09506e-19 
3.8275 8.34218e-19 
3.835 5.13011e-19 
3.8325 6.03348e-19 
3.84 3.70752e-19 
3.8375 4.36141e-19 
3.845 2.67829e-19 
3.8425 3.15129e-19 
3.85 1.93412e-19 
3.8475 2.27606e-19 
3.855 1.39638e-19 
3.8525 1.64343e-19 
3.86 1.00799e-19 
3.8575 1.1864e-19 
3.865 7.27597e-20 
3.8625 8.56386e-20 
3.87 5.25245e-20 
3.8675 6.18181e-20 
3.875 3.79251e-20 
3.8725 4.463e-20 
3.88 2.73937e-20 
3.8775 3.22301e-20 
3.885 1.9797e-20 
3.8825 2.32857e-20 
3.89 1.4317e-20 
3.8875 1.68338e-20 
3.895 1.03631e-20 
3.8925 1.21791e-20 
3.9 7.50931e-21 
3.8975 8.82019e-21 
3.905 5.44846e-21 
3.9025 6.39525e-21 
3.91 3.95922e-21 
3.9075 4.64355e-21 
3.915 2.88209e-21 
3.9125 3.37718e-21 
3.92 2.1022e-21 
3.9175 2.46078e-21 
3.925 1.53679e-21 
3.9225 1.79686e-21 
3.93 1.12624e-21 
3.9275 1.31516e-21 
3.935 8.27623e-22 
3.9325 9.65108e-22 
3.94 6.09976e-22 
3.9375 7.10239e-22 
3.945 4.50989e-22 
3.9425 5.24276e-22 
3.95 3.3456e-22 
3.9475 3.88268e-22 
3.955 2.49062e-22 
3.9525 2.88532e-22 
3.96 1.86091e-22 
3.9575 2.15186e-22 
3.965 1.39563e-22 
3.9625 1.6108e-22 
3.97 1.05067e-22 
3.9675 1.21034e-22 
3.975 7.93999e-23 
3.9725 9.12921e-23 
3.98 6.02318e-23 
3.9775 6.9122e-23 
3.985 4.58624e-23 
3.9825 5.25338e-23 
3.99 3.50486e-23 
3.9875 4.00744e-23 
3.995 2.68789e-23 
3.9925 3.06798e-23 
4 2.06828e-23 
3.9975 2.35685e-23 
4.005 1.59657e-23 
4.0025 1.81648e-23 
4.01 1.23611e-23 
4.0075 1.40432e-23 
4.015 9.59685e-24 
4.0125 1.0888e-23 
4.02 7.46973e-24 
4.0175 8.46415e-24 
4.025 5.82761e-24 
4.0225 6.59594e-24 
4.03 4.55605e-24 
4.0275 5.15146e-24 
4.035 3.56866e-24 
4.0325 4.03134e-24 
4.04 2.79995e-24 
4.0375 3.16039e-24 
4.045 2.20007e-24 
4.0425 2.48152e-24 
4.05 1.73094e-24 
4.0475 1.95116e-24 
4.055 1.36337e-24 
4.0525 1.536e-24 
4.06 1.07487e-24 
4.0575 1.21042e-24 
4.065 8.48091e-25 
4.0625 9.54681e-25 
4.07 6.69603e-25 
4.0675 7.53524e-25 
4.075 5.2896e-25 
4.0725 5.95105e-25 
4.08 4.18033e-25 
4.0775 4.70215e-25 
4.085 3.30471e-25 
4.0825 3.71669e-25 
4.09 2.61307e-25 
4.0875 2.93854e-25 
4.095 2.06646e-25 
4.0925 2.32372e-25 
4.1 1.63428e-25 
4.0975 1.8377e-25 
4.105 1.29247e-25 
4.1025 1.45337e-25 
4.11 1.02207e-25 
4.1075 1.14936e-25 
4.115 8.08136e-26 
4.1125 9.08847e-26 
4.12 6.38864e-26 
4.1175 7.1855e-26 
4.125 5.04932e-26 
4.1225 5.6798e-26 
4.13 3.98969e-26 
4.1275 4.4885e-26 
4.135 3.15146e-26 
4.1325 3.54603e-26 
4.14 2.48848e-26 
4.1375 2.80054e-26 
4.145 1.96425e-26 
4.1425 2.21098e-26 
4.15 1.54982e-26 
4.1475 1.74486e-26 
4.155 1.22231e-26 
4.1525 1.37643e-26 
4.16 9.6357e-27 
4.1575 1.08532e-26 
4.165 7.5924e-27 
4.1625 8.55375e-27 
4.17 5.97941e-27 
4.1675 6.73823e-27 
4.175 4.70667e-27 
4.1725 5.30535e-27 
4.18 3.70286e-27 
4.1775 4.17498e-27 
4.185 2.91153e-27 
4.1825 3.28366e-27 
4.19 2.28801e-27 
4.1875 2.58119e-27 
4.195 1.79697e-27 
4.1925 2.02783e-27 
4.2 1.41047e-27 
4.1975 1.59215e-27 
4.205 1.10643e-27 
4.2025 1.24933e-27 
4.21 8.67381e-28 
4.2075 9.79715e-28 
4.215 6.79547e-28 
4.2125 7.67801e-28 
4.22 5.32044e-28 
4.2175 6.01337e-28 
4.225 4.16282e-28 
4.2225 4.70655e-28 
4.23 3.25488e-28 
4.2275 3.68127e-28 
4.235 2.54324e-28 
4.2325 2.87738e-28 
4.24 1.9858e-28 
4.2375 2.2475e-28 
4.245 1.54946e-28 
4.2425 1.75427e-28 
4.25 1.20813e-28 
4.2475 1.36831e-28 
4.255 9.41309e-29 
4.2525 1.0665e-28 
4.26 7.3288e-29 
4.2575 8.30657e-29 
4.265 5.70178e-29 
4.2625 6.46489e-29 
4.27 4.43263e-29 
4.2675 5.02778e-29 
4.275 3.44337e-29 
4.2725 3.90718e-29 
4.28 2.67283e-29 
4.2775 3.03402e-29 
4.285 2.07311e-29 
4.2825 2.35417e-29 
4.29 1.60669e-29 
4.2875 1.82523e-29 
4.295 1.24422e-29 
4.2925 1.41402e-29 
4.3 9.62753e-30 
4.2975 1.09458e-29 
4.305 7.44359e-30 
4.3025 8.46626e-30 
4.31 5.75038e-30 
4.3075 6.54309e-30 
4.315 4.43868e-30 
4.3125 5.05264e-30 
4.32 3.42335e-30 
4.3175 3.89849e-30 
4.325 2.63807e-30 
4.3225 3.00547e-30 
4.33 2.03121e-30 
4.3275 2.31508e-30 
4.335 1.56263e-30 
4.3325 1.78177e-30 
4.34 1.20112e-30 
4.3375 1.37015e-30 
4.345 9.22454e-31 
4.3425 1.05272e-30 
4.35 7.07826e-31 
4.3475 8.08131e-31 
4.355 5.42662e-31 
4.3525 6.19832e-31 
4.36 4.15673e-31 
4.3575 4.74993e-31 
4.365 3.1812e-31 
4.3625 3.63679e-31 
4.37 2.43246e-31 
4.3675 2.78205e-31 
4.375 1.85828e-31 
4.3725 2.12631e-31 
4.38 1.41837e-31 
4.3775 1.62367e-31 
4.385 1.08162e-31 
4.3825 1.23874e-31 
4.39 8.24072e-32 
4.3875 9.44208e-32 
4.395 6.2728e-32 
4.3925 7.19054e-32 
4.4 4.77045e-32 
4.3975 5.4709e-32 
4.405 3.62458e-32 
4.4025 4.1587e-32 
4.41 2.75141e-32 
4.4075 3.15832e-32 
4.415 2.08665e-32 
4.4125 2.39636e-32 
4.42 1.58103e-32 
4.4175 1.81654e-32 
4.425 1.1968e-32 
4.4225 1.37572e-32 
4.43 9.05104e-33 
4.4275 1.0409e-32 
4.435 6.83855e-33 
4.4325 7.8683e-33 
4.44 5.16201e-33 
4.4375 5.94212e-33 
4.445 3.89279e-33 
4.4425 4.48322e-33 
4.45 2.93285e-33 
4.4475 3.3793e-33 
4.455 2.20751e-33 
4.4525 2.54476e-33 
4.46 1.65997e-33 
4.4575 1.91449e-33 
4.465 1.24704e-33 
4.4625 1.43893e-33 
4.47 9.35919e-34 
4.4675 1.08046e-33 
4.475 7.01743e-34 
4.4725 8.10512e-34 
4.48 5.25649e-34 
4.4775 6.07419e-34 
4.485 3.93361e-34 
4.4825 4.54773e-34 
4.49 2.94078e-34 
4.4875 3.40156e-34 
4.495 2.19639e-34 
4.4925 2.54178e-34 
4.5 1.63882e-34 
4.4975 1.89746e-34 
4.505 1.22159e-34 
4.5025 1.41507e-34 
4.51 9.09685e-35 
4.5075 1.05429e-34 
4.515 6.76751e-35 
4.5125 7.84715e-35 
4.52 5.02964e-35 
4.5175 5.83492e-35 
4.525 3.73435e-35 
4.5225 4.33439e-35 
4.53 2.76989e-35 
4.5275 3.21655e-35 
4.535 2.05247e-35 
4.5325 2.38463e-35 
4.54 1.51935e-35 
4.5375 1.76612e-35 
4.545 1.12359e-35 
4.5425 1.30673e-35 
4.55 8.30081e-36 
4.5475 9.65864e-36 
4.555 6.12632e-36 
4.5525 7.13202e-36 
4.56 4.51692e-36 
4.5575 5.26107e-36 
4.565 3.32698e-36 
4.5625 3.87703e-36 
4.57 2.44805e-36 
4.5675 2.85422e-36 
4.575 1.7995e-36 
4.5725 2.09913e-36 
4.58 1.32144e-36 
4.5775 1.54224e-36 
4.585 9.69401e-37 
4.5825 1.13195e-36 
4.59 7.10429e-37 
4.5875 8.29975e-37 
4.595 5.20113e-37 
4.5925 6.07942e-37 
4.6 3.80395e-37 
4.5975 4.44856e-37 
4.605 2.77928e-37 
4.6025 3.2519e-37 
4.61 2.02856e-37 
4.6075 2.37472e-37 
4.615 1.47912e-37 
4.6125 1.7324e-37 
4.62 1.07739e-37 
4.6175 1.26253e-37 
4.625 7.83981e-38 
4.6225 9.19164e-38 
4.63 5.69893e-38 
4.6275 6.68501e-38 
4.635 4.13845e-38 
4.6325 4.85701e-38 
4.64 3.0022e-38 
4.6375 3.52527e-38 
4.645 2.1757e-38 
4.6425 2.55607e-38 
4.65 1.57512e-38 
4.6475 1.85144e-38 
4.655 1.13916e-38 
4.6525 1.33968e-38 
4.66 8.23018e-39 
4.6575 9.68388e-39 
4.665 5.94006e-39 
4.6625 6.99283e-39 
4.67 4.28279e-39 
4.6675 5.04443e-39 
4.675 3.08474e-39 
4.6725 3.63518e-39 
4.68 2.21955e-39 
4.6775 2.61695e-39 
4.685 1.59539e-39 
4.6825 1.88199e-39 
4.69 1.14557e-39 
4.6875 1.35206e-39 
4.695 8.21732e-40 
4.6925 9.70351e-40 
4.7 5.88835e-40 
4.6975 6.95689e-40 
4.705 4.21513e-40 
4.7025 4.98259e-40 
4.71 3.01427e-40 
4.7075 3.56492e-40 
4.715 2.15331e-40 
4.7125 2.54799e-40 
4.72 1.53669e-40 
4.7175 1.81928e-40 
4.725 1.09551e-40 
4.7225 1.29764e-40 
4.73 7.80196e-41 
4.7275 9.24621e-41 
4.735 5.55063e-41 
4.7325 6.58152e-41 
4.74 3.94489e-41 
4.7375 4.67995e-41 
4.745 2.80079e-41 
4.7425 3.32438e-41 
4.75 1.98646e-41 
4.7475 2.35902e-41 
4.755 1.40744e-41 
4.7525 1.67227e-41 
4.76 9.96176e-42 
4.7575 1.18423e-41 
4.765 7.04359e-42 
4.7625 8.37757e-42 
4.77 4.97515e-42 
4.7675 5.92042e-42 
4.775 3.51051e-42 
4.7725 4.17966e-42 
4.78 2.47451e-42 
4.7775 2.94769e-42 
4.785 1.74245e-42 
4.7825 2.07671e-42 
4.79 1.2257e-42 
4.7875 1.46159e-42 
4.795 8.61315e-43 
4.7925 1.0276e-42 
4.8 6.04635e-43 
4.7975 7.21739e-43 
4.805 4.24012e-43 
4.8025 5.06393e-43 
4.81 2.97041e-43 
4.8075 3.54935e-43 
4.815 2.07878e-43 
4.8125 2.48522e-43 
4.82 1.45329e-43 
4.8175 1.73833e-43 
4.825 1.01497e-43 
4.8225 1.21466e-43 
4.83 7.08119e-44 
4.8275 8.47874e-44 
4.835 4.9353e-44 
4.8325 5.91237e-44 
4.84 3.43617e-44 
4.8375 4.11856e-44 
4.845 2.38996e-44 
4.8425 2.86605e-44 
4.85 1.66058e-44 
4.8475 1.9924e-44 
4.855 1.15262e-44 
4.8525 1.38364e-44 
4.86 7.99215e-45 
4.8575 9.59899e-45 
4.865 5.53601e-45 
4.8625 6.65245e-45 
4.87 3.83077e-45 
4.8675 4.60567e-45 
4.875 2.64807e-45 
4.8725 3.18537e-45 
4.88 1.82864e-45 
4.8775 2.2008e-45 
4.885 1.26149e-45 
4.8825 1.519e-45 
4.89 8.69347e-46 
4.8875 1.04734e-45 
4.895 5.98493e-46 
4.8925 7.21402e-46 
4.9 4.11605e-46 
4.8975 4.96388e-46 
4.905 2.82787e-46 
4.9025 3.41209e-46 
4.91 1.94086e-46 
4.9075 2.34303e-46 
4.915 1.33071e-46 
4.9125 1.60727e-46 
4.92 9.1145e-47 
4.9175 1.10144e-46 
4.925 6.23647e-47 
4.9225 7.54026e-47 
4.93 4.26289e-47 
4.9275 5.1567e-47 
4.935 2.91093e-47 
4.9325 3.52304e-47 
4.94 1.98576e-47 
4.9375 2.40452e-47 
4.945 1.35332e-47 
4.9425 1.6395e-47 
4.95 9.2147e-48 
4.9475 1.11682e-47 
4.955 6.26939e-48 
4.9525 7.60124e-48 
4.96 4.26343e-48 
4.9575 5.17012e-48 
4.965 2.89977e-48 
4.9625 3.51577e-48 
4.97 1.97536e-48 
4.9675 2.39252e-48 
4.975 1.35185e-48 
4.9725 1.63269e-48 
4.98 9.35462e-49 
4.9775 1.12228e-48 
4.985 6.63257e-49 
4.9825 7.84331e-49 
4.99 4.93924e-49 
4.9875 5.67646e-49 
4.995 4.01672e-49 
4.9925 4.3928e-49 
5 3.72412e-49 
4.9975 3.79654e-49 
