0 8.01437e-06 
0.005 8.09293e-06 
0.0025 8.03399e-06 
0.01 8.32996e-06 
0.0075 8.19145e-06 
0.015 8.72949e-06 
0.0125 8.50905e-06 
0.02 9.2983e-06 
0.0175 8.9922e-06 
0.025 1.0046e-05 
0.0225 9.64908e-06 
0.03 1.09853e-05 
0.0275 1.04908e-05 
0.035 1.2132e-05 
0.0325 1.15316e-05 
0.04 1.35052e-05 
0.0375 1.27889e-05 
0.045 1.5128e-05 
0.0425 1.42838e-05 
0.05 1.70272e-05 
0.0475 1.60411e-05 
0.055 1.92341e-05 
0.0525 1.809e-05 
0.06 2.17852e-05 
0.0575 2.04642e-05 
0.065 2.47218e-05 
0.0625 2.32024e-05 
0.07 2.80916e-05 
0.0675 2.63493e-05 
0.075 3.19489e-05 
0.0725 2.99557e-05 
0.08 3.63553e-05 
0.0775 3.40793e-05 
0.085 4.13808e-05 
0.0825 3.87859e-05 
0.09 4.71045e-05 
0.0875 4.415e-05 
0.095 5.36161e-05 
0.0925 5.02558e-05 
0.1 6.10168e-05 
0.0975 5.71985e-05 
0.105 6.94208e-05 
0.1025 6.50857e-05 
0.11 7.89569e-05 
0.1075 7.40386e-05 
0.115 8.97703e-05 
0.1125 8.41942e-05 
0.12 0.000102024 
0.1175 9.57063e-05 
0.125 0.000115903 
0.1225 0.000108748 
0.13 0.000131614 
0.1275 0.000123516 
0.135 0.000149389 
0.1325 0.000140228 
0.14 0.000169491 
0.1375 0.000159132 
0.145 0.000192213 
0.1425 0.000180504 
0.15 0.000217885 
0.1475 0.000204658 
0.155 0.000246879 
0.1525 0.000231942 
0.16 0.000279612 
0.1575 0.00026275 
0.165 0.00031655 
0.1625 0.000297524 
0.17 0.000358219 
0.1675 0.000336758 
0.175 0.000405207 
0.1725 0.000381008 
0.18 0.000458173 
0.1775 0.000430898 
0.185 0.000517858 
0.1825 0.000487126 
0.19 0.000585091 
0.1875 0.000550475 
0.195 0.000660802 
0.1925 0.000621824 
0.2 0.000746033 
0.1975 0.000702158 
0.205 0.00084195 
0.2025 0.000792577 
0.21 0.00094986 
0.2075 0.000894318 
0.215 0.00107123 
0.2125 0.00100876 
0.22 0.00120769 
0.2175 0.00113746 
0.225 0.00136108 
0.2225 0.00128214 
0.23 0.00153345 
0.2275 0.00144475 
0.235 0.00172709 
0.2325 0.00162746 
0.24 0.00194457 
0.2375 0.00183268 
0.245 0.00218877 
0.2425 0.00206314 
0.25 0.00246288 
0.2475 0.00232187 
0.255 0.00277049 
0.2525 0.00261226 
0.26 0.00311561 
0.2575 0.00293809 
0.265 0.0035027 
0.2625 0.00330361 
0.27 0.00393675 
0.2675 0.00371352 
0.275 0.00442333 
0.2725 0.0041731 
0.28 0.00496864 
0.2775 0.00468822 
0.285 0.0055796 
0.2825 0.00526545 
0.29 0.00626393 
0.2875 0.00591208 
0.295 0.00703019 
0.2925 0.00663624 
0.3 0.00788793 
0.2975 0.00744699 
0.305 0.00884776 
0.3025 0.00835438 
0.31 0.00992147 
0.3075 0.0093696 
0.315 0.0111221 
0.3125 0.0105051 
0.32 0.0124642 
0.3175 0.0117745 
0.325 0.0139638 
0.3225 0.0131933 
0.33 0.0156387 
0.3275 0.0147782 
0.335 0.0175083 
0.3325 0.0165478 
0.34 0.0195944 
0.3375 0.0185229 
0.345 0.0219206 
0.3425 0.0207259 
0.35 0.0245131 
0.3475 0.0231818 
0.355 0.0274003 
0.3525 0.0259179 
0.36 0.0306135 
0.3575 0.0289641 
0.365 0.0341867 
0.3625 0.0323529 
0.37 0.0381567 
0.3675 0.0361197 
0.375 0.0425634 
0.3725 0.0403028 
0.38 0.0474495 
0.3775 0.0449437 
0.385 0.0528612 
0.3825 0.0500867 
0.39 0.0588473 
0.3875 0.0557793 
0.395 0.0654594 
0.3925 0.0620717 
0.4 0.072752 
0.3975 0.0690171 
0.405 0.0807814 
0.4025 0.076671 
0.41 0.0896059 
0.4075 0.0850906 
0.415 0.0992846 
0.4125 0.0943348 
0.42 0.109877 
0.4175 0.104463 
0.425 0.121441 
0.4225 0.115534 
0.43 0.134032 
0.4275 0.127604 
0.435 0.147704 
0.4325 0.14073 
0.44 0.162502 
0.4375 0.154959 
0.445 0.178466 
0.4425 0.170336 
0.45 0.195626 
0.4475 0.186895 
0.455 0.214001 
0.4525 0.204661 
0.46 0.233594 
0.4575 0.223645 
0.465 0.254395 
0.4625 0.243845 
0.47 0.276375 
0.4675 0.26524 
0.475 0.299487 
0.4725 0.287793 
0.48 0.323662 
0.4775 0.311446 
0.485 0.348813 
0.4825 0.336122 
0.49 0.374832 
0.4875 0.361722 
0.495 0.401592 
0.4925 0.388128 
0.5 0.428949 
0.4975 0.415206 
0.505 0.456746 
0.5025 0.442803 
0.51 0.484814 
0.5075 0.470757 
0.515 0.512978 
0.5125 0.498895 
0.52 0.54106 
0.5175 0.52704 
0.525 0.568885 
0.5225 0.555015 
0.53 0.596283 
0.5275 0.582647 
0.535 0.623095 
0.5325 0.609772 
0.54 0.649178 
0.5375 0.636236 
0.545 0.674402 
0.5425 0.661905 
0.55 0.698658 
0.5475 0.686657 
0.555 0.721857 
0.5525 0.710395 
0.56 0.743929 
0.5575 0.733037 
0.565 0.764825 
0.5625 0.754526 
0.57 0.784515 
0.5675 0.774822 
0.575 0.802986 
0.5725 0.793903 
0.58 0.820242 
0.5775 0.811765 
0.585 0.836301 
0.5825 0.82842 
0.59 0.85119 
0.5875 0.843889 
0.595 0.86495 
0.5925 0.858209 
0.6 0.877625 
0.5975 0.87142 
0.605 0.889269 
0.6025 0.883573 
0.61 0.899936 
0.6075 0.894721 
0.615 0.909685 
0.6125 0.904922 
0.62 0.918576 
0.6175 0.914234 
0.625 0.926666 
0.6225 0.922717 
0.63 0.934015 
0.6275 0.93043 
0.635 0.940679 
0.6325 0.937429 
0.64 0.946713 
0.6375 0.943771 
0.645 0.952168 
0.6425 0.94951 
0.65 0.957094 
0.6475 0.954694 
0.655 0.961537 
0.6525 0.959373 
0.66 0.96554 
0.6575 0.963591 
0.665 0.969143 
0.6625 0.967389 
0.67 0.972383 
0.6675 0.970806 
0.675 0.975294 
0.6725 0.973878 
0.68 0.977909 
0.6775 0.976637 
0.685 0.980254 
0.6825 0.979113 
0.69 0.982358 
0.6875 0.981335 
0.695 0.984243 
0.6925 0.983327 
0.7 0.985932 
0.6975 0.985111 
0.705 0.987445 
0.7025 0.986709 
0.71 0.988798 
0.7075 0.98814 
0.715 0.990008 
0.7125 0.98942 
0.72 0.991091 
0.7175 0.990565 
0.725 0.992059 
0.7225 0.991588 
0.73 0.992923 
0.7275 0.992503 
0.735 0.993696 
0.7325 0.993321 
0.74 0.994386 
0.7375 0.994051 
0.745 0.995001 
0.7425 0.994702 
0.75 0.995551 
0.7475 0.995284 
0.755 0.996041 
0.7525 0.995803 
0.76 0.996479 
0.7575 0.996266 
0.765 0.996868 
0.7625 0.996679 
0.77 0.997216 
0.7675 0.997047 
0.775 0.997526 
0.7725 0.997375 
0.78 0.997802 
0.7775 0.997668 
0.785 0.998048 
0.7825 0.997928 
0.79 0.998267 
0.7875 0.99816 
0.795 0.998462 
0.7925 0.998367 
0.8 0.998635 
0.7975 0.998551 
0.805 0.998789 
0.8025 0.998714 
0.81 0.998926 
0.8075 0.99886 
0.815 0.999048 
0.8125 0.998989 
0.82 0.999157 
0.8175 0.999104 
0.825 0.999253 
0.8225 0.999207 
0.83 0.999339 
0.8275 0.999297 
0.835 0.999415 
0.8325 0.999378 
0.84 0.999482 
0.8375 0.99945 
0.845 0.999542 
0.8425 0.999513 
0.85 0.999595 
0.8475 0.99957 
0.855 0.999643 
0.8525 0.99962 
0.86 0.999684 
0.8575 0.999664 
0.865 0.999721 
0.8625 0.999703 
0.87 0.999754 
0.8675 0.999738 
0.875 0.999783 
0.8725 0.999769 
0.88 0.999809 
0.8775 0.999796 
0.885 0.999832 
0.8825 0.999821 
0.89 0.999852 
0.8875 0.999842 
0.895 0.999869 
0.8925 0.999861 
0.9 0.999885 
0.8975 0.999877 
0.905 0.999899 
0.9025 0.999892 
0.91 0.999911 
0.9075 0.999905 
0.915 0.999922 
0.9125 0.999917 
0.92 0.999931 
0.9175 0.999927 
0.925 0.99994 
0.9225 0.999936 
0.93 0.999947 
0.9275 0.999943 
0.935 0.999953 
0.9325 0.99995 
0.94 0.999959 
0.9375 0.999956 
0.945 0.999964 
0.9425 0.999962 
0.95 0.999968 
0.9475 0.999966 
0.955 0.999972 
0.9525 0.99997 
0.96 0.999975 
0.9575 0.999974 
0.965 0.999978 
0.9625 0.999977 
0.97 0.99998 
0.9675 0.999979 
0.975 0.999983 
0.9725 0.999982 
0.98 0.999984 
0.9775 0.999983 
0.985 0.999986 
0.9825 0.999985 
0.99 0.999987 
0.9875 0.999986 
0.995 0.999988 
0.9925 0.999987 
1 0.999988 
0.9975 0.999988 
1.005 0.999989 
1.0025 0.999988 
1.01 0.999989 
1.0075 0.999989 
1.015 0.999989 
1.0125 0.999989 
1.02 0.999988 
1.0175 0.999989 
1.025 0.999988 
1.0225 0.999988 
1.03 0.999987 
1.0275 0.999987 
1.035 0.999986 
1.0325 0.999987 
1.04 0.999985 
1.0375 0.999985 
1.045 0.999983 
1.0425 0.999984 
1.05 0.999981 
1.0475 0.999982 
1.055 0.999979 
1.0525 0.99998 
1.06 0.999977 
1.0575 0.999978 
1.065 0.999974 
1.0625 0.999975 
1.07 0.99997 
1.0675 0.999972 
1.075 0.999966 
1.0725 0.999968 
1.08 0.999962 
1.0775 0.999964 
1.085 0.999957 
1.0825 0.99996 
1.09 0.999951 
1.0875 0.999954 
1.095 0.999945 
1.0925 0.999948 
1.1 0.999938 
1.0975 0.999941 
1.105 0.99993 
1.1025 0.999934 
1.11 0.99992 
1.1075 0.999925 
1.115 0.99991 
1.1125 0.999915 
1.12 0.999899 
1.1175 0.999905 
1.125 0.999886 
1.1225 0.999893 
1.13 0.999872 
1.1275 0.999879 
1.135 0.999856 
1.1325 0.999864 
1.14 0.999838 
1.1375 0.999847 
1.145 0.999818 
1.1425 0.999828 
1.15 0.999796 
1.1475 0.999807 
1.155 0.999771 
1.1525 0.999784 
1.16 0.999744 
1.1575 0.999758 
1.165 0.999714 
1.1625 0.999729 
1.17 0.99968 
1.1675 0.999697 
1.175 0.999642 
1.1725 0.999662 
1.18 0.999601 
1.1775 0.999622 
1.185 0.999555 
1.1825 0.999579 
1.19 0.999504 
1.1875 0.99953 
1.195 0.999448 
1.1925 0.999477 
1.2 0.999386 
1.1975 0.999418 
1.205 0.999318 
1.2025 0.999353 
1.21 0.999242 
1.2075 0.999281 
1.215 0.999159 
1.2125 0.999202 
1.22 0.999067 
1.2175 0.999114 
1.225 0.998966 
1.2225 0.999018 
1.23 0.998855 
1.2275 0.998912 
1.235 0.998733 
1.2325 0.998796 
1.24 0.998599 
1.2375 0.998668 
1.245 0.998452 
1.2425 0.998527 
1.25 0.99829 
1.2475 0.998373 
1.255 0.998113 
1.2525 0.998203 
1.26 0.997918 
1.2575 0.998018 
1.265 0.997706 
1.2625 0.997815 
1.27 0.997473 
1.2675 0.997592 
1.275 0.997218 
1.2725 0.997349 
1.28 0.99694 
1.2775 0.997082 
1.285 0.996636 
1.2825 0.996792 
1.29 0.996305 
1.2875 0.996474 
1.295 0.995943 
1.2925 0.996128 
1.3 0.995549 
1.2975 0.99575 
1.305 0.99512 
1.3025 0.995339 
1.31 0.994653 
1.3075 0.994891 
1.315 0.994145 
1.3125 0.994404 
1.32 0.993593 
1.3175 0.993874 
1.325 0.992993 
1.3225 0.993299 
1.33 0.992343 
1.3275 0.992675 
1.335 0.991638 
1.3325 0.991998 
1.34 0.990875 
1.3375 0.991264 
1.345 0.990049 
1.3425 0.99047 
1.35 0.989156 
1.3475 0.989611 
1.355 0.988192 
1.3525 0.988683 
1.36 0.987152 
1.3575 0.987682 
1.365 0.98603 
1.3625 0.986601 
1.37 0.984823 
1.3675 0.985438 
1.375 0.983525 
1.3725 0.984186 
1.38 0.982132 
1.3775 0.982841 
1.385 0.980637 
1.3825 0.981397 
1.39 0.979036 
1.3875 0.97985 
1.395 0.977324 
1.3925 0.978194 
1.4 0.975497 
1.3975 0.976425 
1.405 0.973548 
1.4025 0.974538 
1.41 0.971476 
1.4075 0.972528 
1.415 0.969274 
1.4125 0.970391 
1.42 0.966941 
1.4175 0.968125 
1.425 0.964475 
1.4225 0.965725 
1.43 0.961872 
1.4275 0.963191 
1.435 0.959134 
1.4325 0.96052 
1.44 0.956261 
1.4375 0.957714 
1.445 0.953254 
1.4425 0.954774 
1.45 0.950118 
1.4475 0.951702 
1.455 0.946859 
1.4525 0.948504 
1.46 0.943485 
1.4575 0.945186 
1.465 0.940005 
1.4625 0.941757 
1.47 0.936432 
1.4675 0.938229 
1.475 0.932782 
1.4725 0.934616 
1.48 0.929073 
1.4775 0.930934 
1.485 0.925325 
1.4825 0.927202 
1.49 0.921563 
1.4875 0.923444 
1.495 0.917813 
1.4925 0.919685 
1.5 0.914106 
1.4975 0.915953 
1.505 0.910473 
1.5025 0.912278 
1.51 0.906949 
1.5075 0.908695 
1.515 0.90357 
1.5125 0.905239 
1.52 0.900374 
1.5175 0.901947 
1.525 0.897398 
1.5225 0.898856 
1.53 0.89468 
1.5275 0.896004 
1.535 0.892256 
1.5325 0.893429 
1.54 0.890161 
1.5375 0.891165 
1.545 0.888426 
1.5425 0.889247 
1.55 0.887078 
1.5475 0.887702 
1.555 0.886139 
1.5525 0.886556 
1.56 0.885627 
1.5575 0.885829 
1.565 0.885551 
1.5625 0.885534 
1.57 0.885915 
1.5675 0.885678 
1.575 0.886717 
1.5725 0.886262 
1.58 0.887947 
1.5775 0.887279 
1.585 0.889588 
1.5825 0.888717 
1.59 0.891618 
1.5875 0.890556 
1.595 0.89401 
1.5925 0.892771 
1.6 0.896732 
1.5975 0.895332 
1.605 0.899749 
1.6025 0.898206 
1.61 0.903022 
1.6075 0.901356 
1.615 0.906512 
1.6125 0.904742 
1.62 0.910178 
1.6175 0.908325 
1.625 0.913981 
1.6225 0.912065 
1.63 0.917882 
1.6275 0.915922 
1.635 0.921843 
1.6325 0.919857 
1.64 0.92583 
1.6375 0.923836 
1.645 0.92981 
1.6425 0.927823 
1.65 0.933755 
1.6475 0.931789 
1.655 0.937639 
1.6525 0.935706 
1.66 0.941438 
1.6575 0.93955 
1.665 0.945135 
1.6625 0.943301 
1.67 0.948712 
1.6675 0.946939 
1.675 0.952158 
1.6725 0.950453 
1.68 0.955462 
1.6775 0.953828 
1.685 0.958617 
1.6825 0.957059 
1.69 0.961618 
1.6875 0.960137 
1.695 0.964462 
1.6925 0.96306 
1.7 0.967149 
1.6975 0.965826 
1.705 0.96968 
1.7025 0.968434 
1.71 0.972056 
1.7075 0.970887 
1.715 0.974281 
1.7125 0.973187 
1.72 0.97636 
1.7175 0.975339 
1.725 0.978298 
1.7225 0.977346 
1.73 0.9801 
1.7275 0.979215 
1.735 0.981772 
1.7325 0.980951 
1.74 0.983321 
1.7375 0.982561 
1.745 0.984753 
1.7425 0.984051 
1.75 0.986075 
1.7475 0.985427 
1.755 0.987293 
1.7525 0.986696 
1.76 0.988415 
1.7575 0.987866 
1.765 0.989445 
1.7625 0.988941 
1.77 0.990391 
1.7675 0.989928 
1.775 0.991258 
1.7725 0.990834 
1.78 0.992052 
1.7775 0.991664 
1.785 0.992779 
1.7825 0.992424 
1.79 0.993443 
1.7875 0.993118 
1.795 0.994049 
1.7925 0.993753 
1.8 0.994602 
1.7975 0.994332 
1.805 0.995106 
1.8025 0.99486 
1.81 0.995565 
1.8075 0.995341 
1.815 0.995983 
1.8125 0.995779 
1.82 0.996362 
1.8175 0.996177 
1.825 0.996708 
1.8225 0.996539 
1.83 0.997021 
1.8275 0.996868 
1.835 0.997306 
1.8325 0.997167 
1.84 0.997564 
1.8375 0.997438 
1.845 0.997799 
1.8425 0.997684 
1.85 0.998011 
1.8475 0.997907 
1.855 0.998203 
1.8525 0.99811 
1.86 0.998378 
1.8575 0.998293 
1.865 0.998535 
1.8625 0.998458 
1.87 0.998678 
1.8675 0.998608 
1.875 0.998807 
1.8725 0.998744 
1.88 0.998924 
1.8775 0.998867 
1.885 0.999029 
1.8825 0.998978 
1.89 0.999125 
1.8875 0.999078 
1.895 0.999211 
1.8925 0.999169 
1.9 0.999288 
1.8975 0.99925 
1.905 0.999359 
1.9025 0.999324 
1.91 0.999422 
1.9075 0.999391 
1.915 0.999479 
1.9125 0.999451 
1.92 0.999531 
1.9175 0.999505 
1.925 0.999577 
1.9225 0.999554 
1.93 0.999619 
1.9275 0.999599 
1.935 0.999657 
1.9325 0.999638 
1.94 0.999691 
1.9375 0.999674 
1.945 0.999721 
1.9425 0.999706 
1.95 0.999749 
1.9475 0.999735 
1.955 0.999774 
1.9525 0.999762 
1.96 0.999796 
1.9575 0.999785 
1.965 0.999816 
1.9625 0.999806 
1.97 0.999834 
1.9675 0.999825 
1.975 0.99985 
1.9725 0.999842 
1.98 0.999864 
1.9775 0.999857 
1.985 0.999877 
1.9825 0.999871 
1.99 0.999889 
1.9875 0.999883 
1.995 0.999899 
1.9925 0.999894 
2 0.999908 
1.9975 0.999904 
2.005 0.999917 
2.0025 0.999913 
2.01 0.999924 
2.0075 0.99992 
2.015 0.99993 
2.0125 0.999927 
2.02 0.999936 
2.0175 0.999933 
2.025 0.99994 
2.0225 0.999938 
2.03 0.999944 
2.0275 0.999942 
2.035 0.999948 
2.0325 0.999946 
2.04 0.999951 
2.0375 0.999949 
2.045 0.999953 
2.0425 0.999952 
2.05 0.999955 
2.0475 0.999954 
2.055 0.999956 
2.0525 0.999956 
2.06 0.999957 
2.0575 0.999957 
2.065 0.999957 
2.0625 0.999957 
2.07 0.999957 
2.0675 0.999957 
2.075 0.999956 
2.0725 0.999957 
2.08 0.999955 
2.0775 0.999956 
2.085 0.999953 
2.0825 0.999954 
2.09 0.999951 
2.0875 0.999952 
2.095 0.999948 
2.0925 0.99995 
2.1 0.999945 
2.0975 0.999946 
2.105 0.999941 
2.1025 0.999943 
2.11 0.999936 
2.1075 0.999938 
2.115 0.999931 
2.1125 0.999933 
2.12 0.999925 
2.1175 0.999928 
2.125 0.999918 
2.1225 0.999921 
2.13 0.99991 
2.1275 0.999914 
2.135 0.999901 
2.1325 0.999906 
2.14 0.999891 
2.1375 0.999896 
2.145 0.99988 
2.1425 0.999886 
2.15 0.999868 
2.1475 0.999874 
2.155 0.999855 
2.1525 0.999862 
2.16 0.999839 
2.1575 0.999847 
2.165 0.999823 
2.1625 0.999831 
2.17 0.999804 
2.1675 0.999814 
2.175 0.999784 
2.1725 0.999794 
2.18 0.999761 
2.1775 0.999773 
2.185 0.999736 
2.1825 0.999749 
2.19 0.999708 
2.1875 0.999722 
2.195 0.999677 
2.1925 0.999693 
2.2 0.999644 
2.1975 0.999661 
2.205 0.999606 
2.2025 0.999625 
2.21 0.999565 
2.2075 0.999586 
2.215 0.999519 
2.2125 0.999543 
2.22 0.999469 
2.2175 0.999495 
2.225 0.999414 
2.2225 0.999442 
2.23 0.999353 
2.2275 0.999384 
2.235 0.999286 
2.2325 0.99932 
2.24 0.999212 
2.2375 0.99925 
2.245 0.999131 
2.2425 0.999173 
2.25 0.999041 
2.2475 0.999087 
2.255 0.998943 
2.2525 0.998993 
2.26 0.998834 
2.2575 0.99889 
2.265 0.998715 
2.2625 0.998776 
2.27 0.998584 
2.2675 0.998651 
2.275 0.998439 
2.2725 0.998513 
2.28 0.998281 
2.2775 0.998362 
2.285 0.998106 
2.2825 0.998195 
2.29 0.997914 
2.2875 0.998012 
2.295 0.997703 
2.2925 0.997811 
2.3 0.997472 
2.2975 0.99759 
2.305 0.997217 
2.3025 0.997347 
2.31 0.996937 
2.3075 0.99708 
2.315 0.99663 
2.3125 0.996787 
2.32 0.996292 
2.3175 0.996465 
2.325 0.995921 
2.3225 0.996111 
2.33 0.995514 
2.3275 0.995722 
2.335 0.995067 
2.3325 0.995295 
2.34 0.994576 
2.3375 0.994827 
2.345 0.994037 
2.3425 0.994313 
2.35 0.993445 
2.3475 0.993748 
2.355 0.992796 
2.3525 0.993128 
2.36 0.992084 
2.3575 0.992449 
2.365 0.991303 
2.3625 0.991703 
2.37 0.990446 
2.3675 0.990885 
2.375 0.989507 
2.3725 0.989987 
2.38 0.988476 
2.3775 0.989003 
2.385 0.987347 
2.3825 0.987925 
2.39 0.986109 
2.3875 0.986742 
2.395 0.984753 
2.3925 0.985446 
2.4 0.983267 
2.3975 0.984027 
2.405 0.98164 
2.4025 0.982472 
2.41 0.979858 
2.4075 0.980769 
2.415 0.977909 
2.4125 0.978905 
2.42 0.975775 
2.4175 0.976866 
2.425 0.973442 
2.4225 0.974635 
2.43 0.970892 
2.4275 0.972196 
2.435 0.968105 
2.4325 0.96953 
2.44 0.965062 
2.4375 0.966617 
2.445 0.96174 
2.4425 0.963437 
2.45 0.958116 
2.4475 0.959967 
2.455 0.954166 
2.4525 0.956183 
2.46 0.949862 
2.4575 0.95206 
2.465 0.945178 
2.4625 0.947569 
2.47 0.940083 
2.4675 0.942684 
2.475 0.934547 
2.4725 0.937372 
2.48 0.928539 
2.4775 0.931604 
2.485 0.922023 
2.4825 0.925346 
2.49 0.914967 
2.4875 0.918565 
2.495 0.907336 
2.4925 0.911226 
2.5 0.899092 
2.4975 0.903293 
2.505 0.890202 
2.5025 0.89473 
2.51 0.880629 
2.5075 0.885503 
2.515 0.87034 
2.5125 0.875576 
2.52 0.8593 
2.5175 0.864915 
2.525 0.847478 
2.5225 0.853488 
2.53 0.834847 
2.5275 0.841265 
2.535 0.821381 
2.5325 0.828219 
2.54 0.807058 
2.5375 0.814327 
2.545 0.791864 
2.5425 0.799571 
2.55 0.775789 
2.5475 0.783937 
2.555 0.758829 
2.5525 0.767419 
2.56 0.740988 
2.5575 0.750018 
2.565 0.72228 
2.5625 0.731742 
2.57 0.702726 
2.5675 0.712607 
2.575 0.682356 
2.5725 0.692641 
2.58 0.661211 
2.5775 0.671878 
2.585 0.639341 
2.5825 0.650364 
2.59 0.616807 
2.5875 0.628153 
2.595 0.593676 
2.5925 0.605311 
2.6 0.570027 
2.5975 0.581911 
2.605 0.545947 
2.6025 0.558036 
2.61 0.521529 
2.6075 0.533775 
2.615 0.496873 
2.6125 0.509225 
2.62 0.472082 
2.6175 0.484488 
2.625 0.447265 
2.6225 0.45967 
2.63 0.422529 
2.6275 0.43488 
2.635 0.397986 
2.6325 0.410227 
2.64 0.373742 
2.6375 0.38582 
2.645 0.349902 
2.6425 0.361765 
2.65 0.326566 
2.6475 0.338165 
2.655 0.303829 
2.6525 0.315118 
2.66 0.281778 
2.6575 0.292713 
2.665 0.26049 
2.6625 0.271034 
2.67 0.240035 
2.6675 0.250155 
2.675 0.220473 
2.6725 0.230139 
2.68 0.201851 
2.6775 0.211042 
2.685 0.184207 
2.6825 0.192905 
2.69 0.167569 
2.6875 0.175761 
2.695 0.151952 
2.6925 0.159632 
2.7 0.137361 
2.6975 0.144528 
2.705 0.123792 
2.7025 0.130449 
2.71 0.111231 
2.7075 0.117386 
2.715 0.0996547 
2.7125 0.105321 
2.72 0.0890339 
2.7175 0.0942271 
2.725 0.0793314 
2.7225 0.0840704 
2.73 0.070505 
2.7275 0.0748115 
2.735 0.062508 
2.7325 0.0664059 
2.74 0.0552907 
2.7375 0.0588051 
2.745 0.0488011 
2.7425 0.0519582 
2.75 0.0429863 
2.7475 0.0458127 
2.755 0.0377935 
2.7525 0.0403155 
2.76 0.0331704 
2.7575 0.035414 
2.765 0.0290665 
2.7625 0.0310567 
2.77 0.025433 
2.7675 0.0271938 
2.775 0.0222239 
2.7725 0.0237782 
2.78 0.0193961 
2.7775 0.0207649 
2.785 0.0169092 
2.7825 0.0181124 
2.79 0.0147263 
2.7875 0.015782 
2.795 0.0128134 
2.7925 0.0137381 
2.8 0.0111397 
2.7975 0.0119485 
2.805 0.00967721 
2.8025 0.0103837 
2.81 0.00840087 
2.8075 0.00901724 
2.815 0.00728822 
2.8125 0.00782539 
2.82 0.00631921 
2.8175 0.00678692 
2.825 0.00547607 
2.8225 0.00588294 
2.83 0.00474304 
2.8275 0.0050967 
2.835 0.00410619 
2.8325 0.00441339 
2.84 0.00355327 
2.8375 0.00381994 
2.845 0.00307351 
2.8425 0.00330486 
2.85 0.00265746 
2.8475 0.00285806 
2.855 0.00229683 
2.8525 0.00247069 
2.86 0.0019844 
2.8575 0.00213501 
2.865 0.00171385 
2.8625 0.00184425 
2.87 0.00147964 
2.8675 0.00159252 
2.875 0.00127699 
2.8725 0.00137465 
2.88 0.0011017 
2.8775 0.00118617 
2.885 0.000950143 
2.8825 0.00102317 
2.89 0.000819141 
2.8875 0.000882252 
2.895 0.000705949 
2.8925 0.000760476 
2.9 0.000608179 
2.8975 0.000655272 
2.905 0.000523758 
2.9025 0.000564418 
2.91 0.000450887 
2.9075 0.000485981 
2.915 0.000388009 
2.9125 0.000418288 
2.92 0.00033377 
2.9175 0.000359886 
2.925 0.000287 
2.9225 0.000309518 
2.93 0.000246685 
2.9275 0.000266094 
2.935 0.000211946 
2.9325 0.000228669 
2.94 0.000182023 
2.9375 0.000196426 
2.945 0.000156257 
2.9425 0.000168657 
2.95 0.000134079 
2.9475 0.000144752 
2.955 0.000114998 
2.9525 0.00012418 
2.96 9.85866e-05 
2.9575 0.000106483 
2.965 8.44778e-05 
2.9625 9.12653e-05 
2.97 7.23533e-05 
2.9675 7.81856e-05 
2.975 6.19387e-05 
2.9725 6.69479e-05 
2.98 5.29966e-05 
2.9775 5.7297e-05 
2.985 4.53223e-05 
2.9825 4.90126e-05 
2.99 3.87391e-05 
2.9875 4.19043e-05 
2.995 3.30945e-05 
2.9925 3.58081e-05 
3 2.8257e-05 
2.9975 3.05823e-05 
3.005 2.41134e-05 
3.0025 2.61049e-05 
3.01 2.05658e-05 
3.0075 2.22706e-05 
3.015 1.75301e-05 
3.0125 1.89887e-05 
3.02 1.49338e-05 
3.0175 1.61811e-05 
3.025 1.27144e-05 
3.0225 1.37805e-05 
3.03 1.08184e-05 
3.0275 1.17291e-05 
3.035 9.19955e-06 
3.0325 9.97697e-06 
3.04 7.81806e-06 
3.0375 8.48138e-06 
3.045 6.63984e-06 
3.0425 7.20548e-06 
3.05 5.63559e-06 
3.0475 6.11764e-06 
3.055 4.78014e-06 
3.0525 5.19069e-06 
3.06 4.05188e-06 
3.0575 4.40134e-06 
3.065 3.4323e-06 
3.0625 3.72955e-06 
3.07 2.9055e-06 
3.0675 3.1582e-06 
3.075 2.45789e-06 
3.0725 2.67256e-06 
3.08 2.0778e-06 
3.0775 2.26006e-06 
3.085 1.75527e-06 
3.0825 1.90991e-06 
3.09 1.48177e-06 
3.0875 1.61287e-06 
3.095 1.24999e-06 
3.0925 1.36108e-06 
3.1 1.05372e-06 
3.0975 1.14777e-06 
3.105 8.8762e-07 
3.1025 9.67196e-07 
3.11 7.47159e-07 
3.1075 8.14441e-07 
3.115 6.28464e-07 
3.1125 6.85309e-07 
3.12 5.28233e-07 
3.1175 5.76226e-07 
3.125 4.43657e-07 
3.1225 4.84147e-07 
3.13 3.72342e-07 
3.1275 4.06476e-07 
3.135 3.12254e-07 
3.1325 3.41009e-07 
3.14 2.61664e-07 
3.1375 2.85869e-07 
3.145 2.19102e-07 
3.1425 2.39462e-07 
3.15 1.83322e-07 
3.1475 2.00434e-07 
3.155 1.53266e-07 
3.1525 1.67638e-07 
3.16 1.28038e-07 
3.1575 1.40099e-07 
3.165 1.06879e-07 
3.1625 1.16992e-07 
3.17 8.91466e-08 
3.1675 9.76205e-08 
3.175 7.42976e-08 
3.1725 8.13921e-08 
3.18 6.18729e-08 
3.1775 6.78079e-08 
3.185 5.14851e-08 
3.1825 5.64461e-08 
3.19 4.28072e-08 
3.1875 4.69507e-08 
3.195 3.55636e-08 
3.1925 3.90215e-08 
3.2 2.9522e-08 
3.1975 3.24055e-08 
3.205 2.44871e-08 
3.2025 2.68897e-08 
3.21 2.02946e-08 
3.2075 2.22948e-08 
3.215 1.68064e-08 
3.2125 1.84702e-08 
3.22 1.39066e-08 
3.2175 1.52894e-08 
3.225 1.14978e-08 
3.2225 1.26462e-08 
3.23 9.49859e-09 
3.2275 1.04515e-08 
3.235 7.84068e-09 
3.2325 8.63077e-09 
3.24 6.46693e-09 
3.2375 7.12147e-09 
3.245 5.32959e-09 
3.2425 5.87137e-09 
3.25 4.38874e-09 
3.2475 4.83682e-09 
3.255 3.61108e-09 
3.2525 3.98136e-09 
3.26 2.96884e-09 
3.2575 3.27458e-09 
3.265 2.43887e-09 
3.2625 2.69111e-09 
3.27 2.00191e-09 
3.2675 2.20983e-09 
3.275 1.64193e-09 
3.2725 1.81319e-09 
3.28 1.34562e-09 
3.2775 1.48656e-09 
3.285 1.10191e-09 
3.2825 1.2178e-09 
3.29 9.01631e-10 
3.2875 9.9685e-10 
3.295 7.37177e-10 
3.2925 8.15347e-10 
3.3 6.0225e-10 
3.2975 6.66371e-10 
3.305 4.91638e-10 
3.3025 5.44193e-10 
3.31 4.01033e-10 
3.3075 4.44073e-10 
3.315 3.26876e-10 
3.3125 3.62095e-10 
3.32 2.6623e-10 
3.3175 2.95026e-10 
3.325 2.16672e-10 
3.3225 2.40199e-10 
3.33 1.76208e-10 
3.3275 1.95413e-10 
3.335 1.43194e-10 
3.3325 1.5886e-10 
3.34 1.16281e-10 
3.3375 1.29049e-10 
3.345 9.4357e-11 
3.3425 1.04756e-10 
3.35 7.65118e-11 
3.3475 8.49747e-11 
3.355 6.19974e-11 
3.3525 6.88793e-11 
3.36 5.02012e-11 
3.3575 5.57932e-11 
3.365 4.06212e-11 
3.3625 4.51617e-11 
3.37 3.28469e-11 
3.3675 3.65309e-11 
3.375 2.65426e-11 
3.3725 2.95294e-11 
3.38 2.1434e-11 
3.3775 2.38539e-11 
3.385 1.72973e-11 
3.3825 1.92564e-11 
3.39 1.395e-11 
3.3875 1.5535e-11 
3.395 1.12434e-11 
3.3925 1.25248e-11 
3.4 9.05625e-12 
3.3975 1.00915e-11 
3.405 7.29014e-12 
3.4025 8.12595e-12 
3.41 5.86494e-12 
3.4075 6.5393e-12 
3.415 4.71562e-12 
3.4125 5.25935e-12 
3.42 3.78936e-12 
3.4175 4.22749e-12 
3.425 3.04335e-12 
3.4225 3.39616e-12 
3.43 2.44288e-12 
3.4275 2.72681e-12 
3.435 1.95985e-12 
3.4325 2.18822e-12 
3.44 1.57152e-12 
3.4375 1.75509e-12 
3.445 1.25951e-12 
3.4425 1.40698e-12 
3.45 1.00896e-12 
3.4475 1.12737e-12 
3.455 8.07878e-13 
3.4525 9.0289e-13 
3.46 6.46577e-13 
3.4575 7.2278e-13 
3.465 5.17257e-13 
3.4625 5.78344e-13 
3.47 4.1363e-13 
3.4675 4.62574e-13 
3.475 3.30632e-13 
3.4725 3.69827e-13 
3.48 2.64186e-13 
3.4775 2.95561e-13 
3.485 2.11018e-13 
3.4825 2.3612e-13 
3.49 1.68491e-13 
3.4875 1.88567e-13 
3.495 1.3449e-13 
3.4925 1.50539e-13 
3.5 1.07318e-13 
3.4975 1.20142e-13 
3.505 8.56098e-14 
3.5025 9.58544e-14 
3.51 6.82743e-14 
3.5075 7.64547e-14 
3.515 5.44353e-14 
3.5125 6.09652e-14 
3.52 4.33911e-14 
3.5175 4.86018e-14 
3.525 3.458e-14 
3.5225 3.87368e-14 
3.53 2.75526e-14 
3.5275 3.08676e-14 
3.535 2.19493e-14 
3.5325 2.45923e-14 
3.54 1.74826e-14 
3.5375 1.95894e-14 
3.545 1.39228e-14 
3.5425 1.56018e-14 
3.55 1.10865e-14 
3.5475 1.24241e-14 
3.555 8.82692e-15 
3.5525 9.89251e-15 
3.56 7.02722e-15 
3.5575 7.87591e-15 
3.565 5.594e-15 
3.5625 6.26984e-15 
3.57 4.45281e-15 
3.5675 4.99092e-15 
3.575 3.54425e-15 
3.5725 3.97265e-15 
3.58 2.82097e-15 
3.5775 3.162e-15 
3.585 2.24525e-15 
3.5825 2.51671e-15 
3.59 1.78702e-15 
3.5875 2.00307e-15 
3.595 1.42232e-15 
3.5925 1.59427e-15 
3.6 1.13207e-15 
3.5975 1.26891e-15 
3.605 9.01074e-16 
3.6025 1.00998e-15 
3.61 7.17245e-16 
3.6075 8.03917e-16 
3.615 5.7095e-16 
3.6125 6.39925e-16 
3.62 4.54523e-16 
3.6175 5.09416e-16 
3.625 3.61863e-16 
3.6225 4.05551e-16 
3.63 2.88116e-16 
3.6275 3.22887e-16 
3.635 2.29418e-16 
3.6325 2.57094e-16 
3.64 1.82696e-16 
3.6375 2.04726e-16 
3.645 1.45504e-16 
3.6425 1.63041e-16 
3.65 1.15895e-16 
3.6475 1.29857e-16 
3.655 9.23219e-17 
3.6525 1.03438e-16 
3.66 7.35517e-17 
3.6575 8.24028e-17 
3.665 5.86046e-17 
3.6625 6.56531e-17 
3.67 4.67006e-17 
3.6675 5.23143e-17 
3.675 3.72192e-17 
3.6725 4.16905e-17 
3.68 2.96663e-17 
3.6775 3.32283e-17 
3.685 2.36491e-17 
3.6825 2.64869e-17 
3.69 1.88547e-17 
3.6875 2.11159e-17 
3.695 1.50341e-17 
3.6925 1.68361e-17 
3.7 1.19892e-17 
3.6975 1.34254e-17 
3.705 9.5621e-18 
3.7025 1.07069e-17 
3.71 7.62728e-18 
3.7075 8.53993e-18 
3.715 6.08467e-18 
3.7125 6.81234e-18 
3.72 4.85462e-18 
3.7175 5.43487e-18 
3.725 3.87366e-18 
3.7225 4.33642e-18 
3.73 3.09126e-18 
3.7275 3.46037e-18 
3.735 2.46716e-18 
3.7325 2.7616e-18 
3.74 1.96926e-18 
3.7375 2.20416e-18 
3.745 1.572e-18 
3.7425 1.75943e-18 
3.75 1.255e-18 
3.7475 1.40456e-18 
3.755 1.00201e-18 
3.7525 1.12138e-18 
3.76 8.00095e-19 
3.7575 8.95369e-19 
3.765 6.38921e-19 
3.7625 7.14972e-19 
3.77 5.10254e-19 
3.7675 5.70968e-19 
3.775 4.0753e-19 
3.7725 4.56004e-19 
3.78 3.25509e-19 
3.7775 3.64214e-19 
3.785 2.60013e-19 
3.7825 2.90921e-19 
3.79 2.07709e-19 
3.7875 2.32392e-19 
3.795 1.65936e-19 
3.7925 1.8565e-19 
3.8 1.32571e-19 
3.7975 1.48317e-19 
3.805 1.0592e-19 
3.8025 1.18498e-19 
3.81 8.46307e-20 
3.8075 9.46782e-20 
3.815 6.76231e-20 
3.8125 7.565e-20 
3.82 5.40355e-20 
3.8175 6.04484e-20 
3.825 4.31794e-20 
3.8225 4.83031e-20 
3.83 3.45053e-20 
3.8275 3.85993e-20 
3.835 2.75744e-20 
3.8325 3.08457e-20 
3.84 2.20361e-20 
3.8375 2.46502e-20 
3.845 1.76105e-20 
3.8425 1.96994e-20 
3.85 1.40738e-20 
3.8475 1.57431e-20 
3.855 1.12475e-20 
3.8525 1.25815e-20 
3.86 8.98879e-21 
3.8575 1.00549e-20 
3.865 7.18366e-21 
3.8625 8.03569e-21 
3.87 5.74101e-21 
3.8675 6.42195e-21 
3.875 4.58803e-21 
3.8725 5.13224e-21 
3.88 3.66655e-21 
3.8775 4.10149e-21 
3.885 2.93009e-21 
3.8825 3.2777e-21 
3.89 2.34149e-21 
3.8875 2.61931e-21 
3.895 1.87108e-21 
3.8925 2.09312e-21 
3.9 1.49513e-21 
3.8975 1.67258e-21 
3.905 1.19467e-21 
3.9025 1.33649e-21 
3.91 9.5455e-22 
3.9075 1.06789e-21 
3.915 7.62654e-22 
3.9125 8.53228e-22 
3.92 6.09302e-22 
3.9175 6.81683e-22 
3.925 4.86757e-22 
3.9225 5.44597e-22 
3.93 3.88833e-22 
3.9275 4.35052e-22 
3.935 3.10587e-22 
3.9325 3.47517e-22 
3.94 2.48067e-22 
3.9375 2.77575e-22 
3.945 1.98115e-22 
3.9425 2.21691e-22 
3.95 1.58208e-22 
3.9475 1.77043e-22 
3.955 1.26327e-22 
3.9525 1.41373e-22 
3.96 1.0086e-22 
3.9575 1.12879e-22 
3.965 8.05178e-23 
3.9625 9.01178e-23 
3.97 6.42708e-23 
3.9675 7.19381e-23 
3.975 5.12956e-23 
3.9725 5.74187e-23 
3.98 4.09344e-23 
3.9775 4.58238e-23 
3.985 3.26614e-23 
3.9825 3.65653e-23 
3.99 2.60564e-23 
3.9875 2.91731e-23 
3.995 2.07838e-23 
3.9925 2.32717e-23 
4 1.65753e-23 
3.9975 1.8561e-23 
4.005 1.32166e-23 
4.0025 1.48013e-23 
4.01 1.05366e-23 
4.0075 1.1801e-23 
4.015 8.39829e-24 
4.0125 9.40709e-24 
4.02 6.69257e-24 
4.0175 7.49727e-24 
4.025 5.33214e-24 
4.0225 5.97391e-24 
4.03 4.24728e-24 
4.0275 4.75902e-24 
4.035 3.38233e-24 
4.0325 3.79032e-24 
4.04 2.69287e-24 
4.0375 3.01807e-24 
4.045 2.14339e-24 
4.0425 2.40254e-24 
4.05 1.70557e-24 
4.0475 1.91205e-24 
4.055 1.3568e-24 
4.0525 1.52127e-24 
4.06 1.07903e-24 
4.0575 1.21001e-24 
4.065 8.57871e-25 
4.0625 9.62154e-25 
4.07 6.81825e-25 
4.0675 7.64829e-25 
4.075 5.41728e-25 
4.0725 6.07777e-25 
4.08 4.30272e-25 
4.0775 4.82814e-25 
4.085 3.41627e-25 
4.0825 3.83412e-25 
4.09 2.71146e-25 
4.0875 3.04367e-25 
4.095 2.15126e-25 
4.0925 2.41529e-25 
4.1 1.70614e-25 
4.0975 1.91591e-25 
4.105 1.35258e-25 
4.1025 1.51918e-25 
4.11 1.07185e-25 
4.1075 1.20412e-25 
4.115 8.49025e-26 
4.1125 9.54003e-26 
4.12 6.72231e-26 
4.1175 7.55515e-26 
4.125 5.32014e-26 
4.1225 5.9806e-26 
4.13 4.2085e-26 
4.1275 4.73205e-26 
4.135 3.32758e-26 
4.1325 3.74242e-26 
4.14 2.62978e-26 
4.1375 2.95835e-26 
4.145 2.07728e-26 
4.1425 2.3374e-26 
4.15 1.64003e-26 
4.1475 1.84586e-26 
4.155 1.29414e-26 
4.1525 1.45695e-26 
4.16 1.02066e-26 
4.1575 1.14937e-26 
4.165 8.0454e-27 
4.1625 9.06241e-27 
4.17 6.3383e-27 
4.1675 7.14151e-27 
4.175 4.9906e-27 
4.1725 5.62462e-27 
4.18 3.9272e-27 
4.1775 4.4274e-27 
4.185 3.08857e-27 
4.1825 3.48299e-27 
4.19 2.42758e-27 
4.1875 2.7384e-27 
4.195 1.90688e-27 
4.1925 2.1517e-27 
4.2 1.49694e-27 
4.1975 1.68965e-27 
4.205 1.17439e-27 
4.2025 1.326e-27 
4.21 9.20752e-28 
4.2075 1.03995e-27 
4.215 7.21422e-28 
4.2125 8.15081e-28 
4.22 5.6487e-28 
4.2175 6.38417e-28 
4.225 4.41994e-28 
4.2225 4.99711e-28 
4.23 3.45612e-28 
4.2275 3.90876e-28 
4.235 2.7006e-28 
4.2325 3.05536e-28 
4.24 2.10877e-28 
4.2375 2.38662e-28 
4.245 1.64547e-28 
4.2425 1.86293e-28 
4.25 1.28303e-28 
4.2475 1.45312e-28 
4.255 9.99696e-29 
4.2525 1.13264e-28 
4.26 7.78359e-29 
4.2575 8.82193e-29 
4.265 6.05575e-29 
4.2625 6.86616e-29 
4.27 4.70792e-29 
4.2675 5.33997e-29 
4.275 3.65729e-29 
4.2725 4.14987e-29 
4.28 2.83893e-29 
4.2775 3.22254e-29 
4.285 2.20198e-29 
4.2825 2.50049e-29 
4.29 1.70659e-29 
4.2875 1.93871e-29 
4.295 1.3216e-29 
4.2925 1.50196e-29 
4.3 1.02265e-29 
4.2975 1.16267e-29 
4.305 7.90678e-30 
4.3025 8.99302e-30 
4.31 6.10828e-30 
4.3075 6.95029e-30 
4.315 4.715e-30 
4.3125 5.36716e-30 
4.32 3.63651e-30 
4.3175 4.14121e-30 
4.325 2.80237e-30 
4.3225 3.19264e-30 
4.33 2.15775e-30 
4.3275 2.45928e-30 
4.335 1.66e-30 
4.3325 1.89277e-30 
4.34 1.27598e-30 
4.3375 1.45553e-30 
4.345 9.79954e-31 
4.3425 1.11833e-30 
4.35 7.51956e-31 
4.3475 8.58509e-31 
4.355 5.76502e-31 
4.3525 6.5848e-31 
4.36 4.41599e-31 
4.3575 5.04616e-31 
4.365 3.37966e-31 
4.3625 3.86365e-31 
4.37 2.58424e-31 
4.3675 2.95563e-31 
4.375 1.97426e-31 
4.3725 2.259e-31 
4.38 1.50691e-31 
4.3775 1.72501e-31 
4.385 1.14915e-31 
4.3825 1.31607e-31 
4.39 8.75535e-32 
4.3875 1.00317e-31 
4.395 6.66461e-32 
4.3925 7.63963e-32 
4.4 5.06849e-32 
4.3975 5.81266e-32 
4.405 3.85108e-32 
4.4025 4.41854e-32 
4.41 2.92338e-32 
4.4075 3.3557e-32 
4.415 2.2171e-32 
4.4125 2.54615e-32 
4.42 1.67989e-32 
4.4175 1.93011e-32 
4.425 1.27166e-32 
4.4225 1.46176e-32 
4.43 9.61724e-33 
4.4275 1.10601e-32 
4.435 7.26645e-33 
4.4325 8.36058e-33 
4.44 5.48508e-33 
4.4375 6.31397e-33 
4.445 4.13648e-33 
4.4425 4.76384e-33 
4.45 3.11649e-33 
4.4475 3.59086e-33 
4.455 2.34576e-33 
4.4525 2.70412e-33 
4.46 1.76395e-33 
4.4575 2.0344e-33 
4.465 1.32517e-33 
4.4625 1.52908e-33 
4.47 9.94575e-34 
4.4675 1.14817e-33 
4.475 7.45732e-34 
4.4725 8.61313e-34 
4.48 5.58607e-34 
4.4775 6.455e-34 
4.485 4.18031e-34 
4.4825 4.83291e-34 
4.49 3.12526e-34 
4.4875 3.61492e-34 
4.495 2.3342e-34 
4.4925 2.70124e-34 
4.5 1.74167e-34 
4.4975 2.01653e-34 
4.505 1.29827e-34 
4.5025 1.5039e-34 
4.51 9.66806e-35 
4.5075 1.12048e-34 
4.515 7.19256e-35 
4.5125 8.33995e-35 
4.52 5.34562e-35 
4.5175 6.20144e-35 
4.525 3.96901e-35 
4.5225 4.60673e-35 
4.53 2.94398e-35 
4.5275 3.4187e-35 
4.535 2.18151e-35 
4.5325 2.53453e-35 
4.54 1.6149e-35 
4.5375 1.87717e-35 
4.545 1.19426e-35 
4.5425 1.38891e-35 
4.55 8.82308e-36 
4.5475 1.02663e-35 
4.555 6.51187e-36 
4.5525 7.58081e-36 
4.56 4.80127e-36 
4.5575 5.59221e-36 
4.565 3.53647e-36 
4.5625 4.12112e-36 
4.57 2.60223e-36 
4.5675 3.03397e-36 
4.575 1.91287e-36 
4.5725 2.23136e-36 
4.58 1.40471e-36 
4.5775 1.63942e-36 
4.585 1.03051e-36 
4.5825 1.20329e-36 
4.59 7.55221e-37 
4.5875 8.82298e-37 
4.595 5.52915e-37 
4.5925 6.46278e-37 
4.6 4.04392e-37 
4.5975 4.72916e-37 
4.605 2.95465e-37 
4.6025 3.45707e-37 
4.61 2.1566e-37 
4.6075 2.52459e-37 
4.615 1.5725e-37 
4.6125 1.84176e-37 
4.62 1.14544e-37 
4.6175 1.34225e-37 
4.625 8.33505e-38 
4.6225 9.7722e-38 
4.63 6.05903e-38 
4.6275 7.10736e-38 
4.635 4.40003e-38 
4.6325 5.16395e-38 
4.64 3.19201e-38 
4.6375 3.74811e-38 
4.645 2.31329e-38 
4.6425 2.71769e-38 
4.65 1.67476e-38 
4.6475 1.96854e-38 
4.655 1.21124e-38 
4.6525 1.42444e-38 
4.66 8.75109e-39 
4.6575 1.02967e-38 
4.665 6.31613e-39 
4.6625 7.43549e-39 
4.67 4.55402e-39 
4.6675 5.36384e-39 
4.675 3.28015e-39 
4.6725 3.86543e-39 
4.68 2.36019e-39 
4.6775 2.78275e-39 
4.685 1.69651e-39 
4.6825 2.00127e-39 
4.69 1.2182e-39 
4.6875 1.43777e-39 
4.695 8.73848e-40 
4.6925 1.03188e-39 
4.7 6.26191e-40 
4.6975 7.39817e-40 
4.705 4.48262e-40 
4.7025 5.29874e-40 
4.71 3.20561e-40 
4.7075 3.79118e-40 
4.715 2.29004e-40 
4.7125 2.70976e-40 
4.72 1.63429e-40 
4.7175 1.93482e-40 
4.725 1.16512e-40 
4.7225 1.38007e-40 
4.73 8.2978e-41 
4.7275 9.83375e-41 
4.735 5.9035e-41 
4.7325 6.99985e-41 
4.74 4.19575e-41 
4.7375 4.97751e-41 
4.745 2.97895e-41 
4.7425 3.53581e-41 
4.75 2.11285e-41 
4.7475 2.5091e-41 
4.755 1.49703e-41 
4.7525 1.7787e-41 
4.76 1.0596e-41 
4.7575 1.25962e-41 
4.765 7.49218e-42 
4.7625 8.91103e-42 
4.77 5.2921e-42 
4.7675 6.29754e-42 
4.775 3.73423e-42 
4.7725 4.44597e-42 
4.78 2.63225e-42 
4.7775 3.13557e-42 
4.785 1.85356e-42 
4.7825 2.20912e-42 
4.79 1.30388e-42 
4.7875 1.5548e-42 
4.795 9.16272e-43 
4.7925 1.09316e-42 
4.8 6.43226e-43 
4.7975 7.67797e-43 
4.805 4.51083e-43 
4.8025 5.38719e-43 
4.81 3.16012e-43 
4.8075 3.776e-43 
4.815 2.21158e-43 
4.8125 2.64396e-43 
4.82 1.54617e-43 
4.8175 1.84941e-43 
4.825 1.07985e-43 
4.8225 1.2923e-43 
4.83 7.53401e-44 
4.8275 9.02085e-44 
4.835 5.251e-44 
4.8325 6.29051e-44 
4.84 3.65604e-44 
4.8375 4.38206e-44 
4.845 2.54294e-44 
4.8425 3.04948e-44 
4.85 1.76691e-44 
4.8475 2.11995e-44 
4.855 1.22644e-44 
4.8525 1.47225e-44 
4.86 8.50421e-45 
4.8575 1.02139e-44 
4.865 5.89083e-45 
4.8625 7.07875e-45 
4.87 4.07637e-45 
4.8675 4.90091e-45 
4.875 2.8179e-45 
4.8725 3.38962e-45 
4.88 1.94596e-45 
4.8775 2.34197e-45 
4.885 1.34245e-45 
4.8825 1.61647e-45 
4.89 9.25157e-46 
4.8875 1.11457e-45 
4.895 6.36927e-46 
4.8925 7.67722e-46 
4.9 4.38047e-46 
4.8975 5.2827e-46 
4.905 3.00959e-46 
4.9025 3.63132e-46 
4.91 2.06562e-46 
4.9075 2.49362e-46 
4.915 1.41628e-46 
4.9125 1.71061e-46 
4.92 9.70079e-47 
4.9175 1.17227e-46 
4.925 6.63777e-47 
4.9225 8.02538e-47 
4.93 4.53729e-47 
4.9275 5.48858e-47 
4.935 3.09837e-47 
4.9325 3.74985e-47 
4.94 2.11367e-47 
4.9375 2.55937e-47 
4.945 1.44052e-47 
4.9425 1.74512e-47 
4.95 9.80864e-48 
4.9475 1.18879e-47 
4.955 6.67362e-48 
4.9525 8.09127e-48 
4.96 4.53843e-48 
4.9575 5.50354e-48 
4.965 3.08687e-48 
4.9625 3.74258e-48 
4.97 2.10286e-48 
4.9675 2.54692e-48 
4.975 1.43914e-48 
4.9725 1.7381e-48 
4.98 9.95889e-49 
4.9775 1.19477e-48 
4.985 7.06118e-49 
4.9825 8.35006e-49 
4.99 5.25856e-49 
4.9875 6.04336e-49 
4.995 4.27648e-49 
4.9925 4.67684e-49 
5 3.96499e-49 
4.9975 4.04208e-49 
