0 8.36836e-06 
0.005 8.4499e-06 
0.0025 8.38872e-06 
0.01 8.69589e-06 
0.0075 8.55214e-06 
0.015 9.11049e-06 
0.0125 8.88174e-06 
0.02 9.70069e-06 
0.0175 9.38309e-06 
0.025 1.04765e-05 
0.0225 1.00646e-05 
0.03 1.14508e-05 
0.0275 1.09379e-05 
0.035 1.264e-05 
0.0325 1.20174e-05 
0.04 1.40639e-05 
0.0375 1.33212e-05 
0.045 1.57461e-05 
0.0425 1.48711e-05 
0.05 1.77144e-05 
0.0475 1.66926e-05 
0.055 2.00011e-05 
0.0525 1.88157e-05 
0.06 2.26434e-05 
0.0575 2.12752e-05 
0.065 2.56843e-05 
0.0625 2.41111e-05 
0.07 2.91728e-05 
0.0675 2.73693e-05 
0.075 3.31646e-05 
0.0725 3.1102e-05 
0.08 3.77232e-05 
0.0775 3.53688e-05 
0.085 4.29207e-05 
0.0825 4.02373e-05 
0.09 4.88386e-05 
0.0875 4.57841e-05 
0.095 5.55689e-05 
0.0925 5.20959e-05 
0.1 6.32158e-05 
0.0975 5.92708e-05 
0.105 7.18968e-05 
0.1025 6.74191e-05 
0.11 8.17443e-05 
0.1075 7.66658e-05 
0.115 9.29074e-05 
0.1125 8.71514e-05 
0.12 0.000105554 
0.1175 9.90341e-05 
0.125 0.000119874 
0.1225 0.000112492 
0.13 0.000136079 
0.1275 0.000127726 
0.135 0.000154408 
0.1325 0.000144962 
0.14 0.000175131 
0.1375 0.000164453 
0.145 0.00019855 
0.1425 0.000186483 
0.15 0.000225002 
0.1475 0.000211374 
0.155 0.000254871 
0.1525 0.000239484 
0.16 0.000288582 
0.1575 0.000271217 
0.165 0.000326616 
0.1625 0.000307026 
0.17 0.000369511 
0.1675 0.00034742 
0.175 0.000417871 
0.1725 0.000392968 
0.18 0.000472374 
0.1775 0.00044431 
0.185 0.000533778 
0.1825 0.000502162 
0.19 0.000602934 
0.1875 0.00056733 
0.195 0.000680797 
0.1925 0.000640713 
0.2 0.000768434 
0.1975 0.000723322 
0.205 0.000867042 
0.2025 0.000816287 
0.21 0.000977963 
0.2075 0.000920874 
0.215 0.00110269 
0.2125 0.0010385 
0.22 0.00124292 
0.2175 0.00117076 
0.225 0.00140052 
0.2225 0.00131942 
0.23 0.00157759 
0.2275 0.00148648 
0.235 0.00177649 
0.2325 0.00167415 
0.24 0.00199985 
0.2375 0.00188493 
0.245 0.00225061 
0.2425 0.00212161 
0.25 0.00253206 
0.2475 0.00238728 
0.255 0.00284787 
0.2525 0.00268542 
0.26 0.00320214 
0.2575 0.00301992 
0.265 0.00359946 
0.2625 0.00339511 
0.27 0.00404493 
0.2675 0.00381583 
0.275 0.00454426 
0.2725 0.00428748 
0.28 0.00510381 
0.2775 0.00481609 
0.285 0.00573067 
0.2825 0.00540835 
0.29 0.00643272 
0.2875 0.00607176 
0.295 0.00721875 
0.2925 0.00681465 
0.3 0.00809854 
0.2975 0.00764627 
0.305 0.00908295 
0.3025 0.00857694 
0.31 0.010184 
0.3075 0.0096181 
0.315 0.0114152 
0.3125 0.0107825 
0.32 0.0127912 
0.3175 0.0120841 
0.325 0.0143285 
0.3225 0.0135386 
0.33 0.0160453 
0.3275 0.0151633 
0.335 0.0179615 
0.3325 0.0169772 
0.34 0.0200993 
0.3375 0.0190012 
0.345 0.0224828 
0.3425 0.0212587 
0.35 0.0251387 
0.3475 0.0237749 
0.355 0.0280961 
0.3525 0.0265778 
0.36 0.0313868 
0.3575 0.0296977 
0.365 0.0350455 
0.3625 0.0331679 
0.37 0.0391095 
0.3675 0.0370244 
0.375 0.0436196 
0.3725 0.0413062 
0.38 0.0486191 
0.3775 0.0460553 
0.385 0.0541548 
0.3825 0.0513169 
0.39 0.0602762 
0.3875 0.0571391 
0.395 0.0670355 
0.3925 0.0635727 
0.4 0.0744877 
0.3975 0.0706715 
0.405 0.0826896 
0.4025 0.0784913 
0.41 0.0916997 
0.4075 0.0870899 
0.415 0.101577 
0.4125 0.0965263 
0.42 0.112381 
0.4175 0.10686 
0.425 0.12417 
0.4225 0.118149 
0.43 0.136998 
0.4275 0.130451 
0.435 0.150917 
0.4325 0.143818 
0.44 0.165972 
0.4375 0.1583 
0.445 0.182201 
0.4425 0.173938 
0.45 0.199631 
0.4475 0.190765 
0.455 0.218277 
0.4525 0.208802 
0.46 0.238142 
0.4575 0.228058 
0.465 0.259209 
0.4625 0.248527 
0.47 0.281446 
0.4675 0.270184 
0.475 0.304802 
0.4725 0.292988 
0.48 0.329203 
0.4775 0.316877 
0.485 0.354558 
0.4825 0.341768 
0.49 0.380753 
0.4875 0.367558 
0.495 0.40766 
0.4925 0.394127 
0.5 0.435129 
0.4975 0.421334 
0.505 0.463001 
0.5025 0.449025 
0.51 0.491106 
0.5075 0.477035 
0.515 0.519266 
0.5125 0.50519 
0.52 0.547306 
0.5175 0.533312 
0.525 0.57505 
0.5225 0.561225 
0.53 0.60233 
0.5275 0.588758 
0.535 0.628992 
0.5325 0.615748 
0.54 0.654894 
0.5375 0.642046 
0.545 0.679911 
0.5425 0.66752 
0.55 0.703938 
0.5475 0.692054 
0.555 0.72689 
0.5525 0.715553 
0.56 0.748704 
0.5575 0.737943 
0.565 0.769332 
0.5625 0.759168 
0.57 0.788751 
0.5675 0.779194 
0.575 0.80695 
0.5725 0.798003 
0.58 0.823937 
0.5775 0.815594 
0.585 0.839732 
0.5825 0.831982 
0.59 0.854365 
0.5875 0.847191 
0.595 0.867879 
0.5925 0.861259 
0.6 0.880319 
0.5975 0.87423 
0.605 0.89174 
0.6025 0.886153 
0.61 0.902197 
0.6075 0.897085 
0.615 0.911749 
0.6125 0.907083 
0.62 0.920456 
0.6175 0.916205 
0.625 0.928376 
0.6225 0.92451 
0.63 0.935567 
0.6275 0.932059 
0.635 0.942086 
0.6325 0.938907 
0.64 0.947986 
0.6375 0.94511 
0.645 0.953319 
0.6425 0.95072 
0.65 0.958133 
0.6475 0.955788 
0.655 0.962474 
0.6525 0.96036 
0.66 0.966384 
0.6575 0.96448 
0.665 0.969902 
0.6625 0.96819 
0.67 0.973066 
0.6675 0.971526 
0.675 0.975909 
0.6725 0.974526 
0.68 0.97846 
0.6775 0.977219 
0.685 0.98075 
0.6825 0.979636 
0.69 0.982803 
0.6875 0.981804 
0.695 0.984642 
0.6925 0.983748 
0.7 0.98629 
0.6975 0.985489 
0.705 0.987765 
0.7025 0.987048 
0.71 0.989085 
0.7075 0.988443 
0.715 0.990266 
0.7125 0.989692 
0.72 0.991321 
0.7175 0.990808 
0.725 0.992265 
0.7225 0.991806 
0.73 0.993108 
0.7275 0.992698 
0.735 0.993861 
0.7325 0.993495 
0.74 0.994533 
0.7375 0.994207 
0.745 0.995133 
0.7425 0.994842 
0.75 0.995669 
0.7475 0.995409 
0.755 0.996147 
0.7525 0.995915 
0.76 0.996573 
0.7575 0.996366 
0.765 0.996953 
0.7625 0.996768 
0.77 0.997292 
0.7675 0.997127 
0.775 0.997593 
0.7725 0.997447 
0.78 0.997862 
0.7775 0.997732 
0.785 0.998102 
0.7825 0.997985 
0.79 0.998315 
0.7875 0.998211 
0.795 0.998504 
0.7925 0.998412 
0.8 0.998673 
0.7975 0.998591 
0.805 0.998823 
0.8025 0.99875 
0.81 0.998957 
0.8075 0.998892 
0.815 0.999076 
0.8125 0.999018 
0.82 0.999181 
0.8175 0.99913 
0.825 0.999275 
0.8225 0.999229 
0.83 0.999358 
0.8275 0.999318 
0.835 0.999432 
0.8325 0.999396 
0.84 0.999498 
0.8375 0.999466 
0.845 0.999556 
0.8425 0.999528 
0.85 0.999607 
0.8475 0.999582 
0.855 0.999653 
0.8525 0.999631 
0.86 0.999694 
0.8575 0.999674 
0.865 0.99973 
0.8625 0.999712 
0.87 0.999761 
0.8675 0.999746 
0.875 0.99979 
0.8725 0.999776 
0.88 0.999814 
0.8775 0.999802 
0.885 0.999836 
0.8825 0.999826 
0.89 0.999856 
0.8875 0.999846 
0.895 0.999873 
0.8925 0.999865 
0.9 0.999888 
0.8975 0.999881 
0.905 0.999901 
0.9025 0.999895 
0.91 0.999913 
0.9075 0.999908 
0.915 0.999924 
0.9125 0.999919 
0.92 0.999933 
0.9175 0.999928 
0.925 0.999941 
0.9225 0.999937 
0.93 0.999948 
0.9275 0.999944 
0.935 0.999954 
0.9325 0.999951 
0.94 0.999959 
0.9375 0.999956 
0.945 0.999963 
0.9425 0.999961 
0.95 0.999967 
0.9475 0.999965 
0.955 0.999971 
0.9525 0.999969 
0.96 0.999974 
0.9575 0.999972 
0.965 0.999976 
0.9625 0.999975 
0.97 0.999978 
0.9675 0.999977 
0.975 0.99998 
0.9725 0.999979 
0.98 0.999981 
0.9775 0.99998 
0.985 0.999982 
0.9825 0.999982 
0.99 0.999983 
0.9875 0.999982 
0.995 0.999983 
0.9925 0.999983 
1 0.999983 
0.9975 0.999983 
1.005 0.999983 
1.0025 0.999983 
1.01 0.999982 
1.0075 0.999983 
1.015 0.999981 
1.0125 0.999982 
1.02 0.99998 
1.0175 0.999981 
1.025 0.999979 
1.0225 0.99998 
1.03 0.999977 
1.0275 0.999978 
1.035 0.999975 
1.0325 0.999976 
1.04 0.999973 
1.0375 0.999974 
1.045 0.99997 
1.0425 0.999972 
1.05 0.999967 
1.0475 0.999969 
1.055 0.999963 
1.0525 0.999965 
1.06 0.999959 
1.0575 0.999961 
1.065 0.999955 
1.0625 0.999957 
1.07 0.99995 
1.0675 0.999952 
1.075 0.999944 
1.0725 0.999947 
1.08 0.999937 
1.0775 0.99994 
1.085 0.99993 
1.0825 0.999934 
1.09 0.999921 
1.0875 0.999926 
1.095 0.999912 
1.0925 0.999917 
1.1 0.999902 
1.0975 0.999907 
1.105 0.999891 
1.1025 0.999896 
1.11 0.999878 
1.1075 0.999884 
1.115 0.999863 
1.1125 0.999871 
1.12 0.999848 
1.1175 0.999856 
1.125 0.99983 
1.1225 0.999839 
1.13 0.99981 
1.1275 0.99982 
1.135 0.999788 
1.1325 0.9998 
1.14 0.999764 
1.1375 0.999776 
1.145 0.999737 
1.1425 0.999751 
1.15 0.999707 
1.1475 0.999722 
1.155 0.999674 
1.1525 0.999691 
1.16 0.999636 
1.1575 0.999656 
1.165 0.999595 
1.1625 0.999616 
1.17 0.99955 
1.1675 0.999573 
1.175 0.999499 
1.1725 0.999525 
1.18 0.999443 
1.1775 0.999472 
1.185 0.999381 
1.1825 0.999413 
1.19 0.999311 
1.1875 0.999347 
1.195 0.999235 
1.1925 0.999274 
1.2 0.99915 
1.1975 0.999194 
1.205 0.999056 
1.2025 0.999104 
1.21 0.998952 
1.2075 0.999005 
1.215 0.998836 
1.2125 0.998895 
1.22 0.998708 
1.2175 0.998774 
1.225 0.998567 
1.2225 0.998639 
1.23 0.99841 
1.2275 0.99849 
1.235 0.998237 
1.2325 0.998326 
1.24 0.998044 
1.2375 0.998143 
1.245 0.997832 
1.2425 0.997941 
1.25 0.997597 
1.2475 0.997717 
1.255 0.997336 
1.2525 0.99747 
1.26 0.997048 
1.2575 0.997196 
1.265 0.99673 
1.2625 0.996893 
1.27 0.996378 
1.2675 0.996558 
1.275 0.995988 
1.2725 0.996188 
1.28 0.995557 
1.2775 0.995778 
1.285 0.995081 
1.2825 0.995325 
1.29 0.994555 
1.2875 0.994824 
1.295 0.993973 
1.2925 0.994271 
1.3 0.993329 
1.2975 0.993659 
1.305 0.992619 
1.3025 0.992983 
1.31 0.991834 
1.3075 0.992236 
1.315 0.990966 
1.3125 0.991411 
1.32 0.990009 
1.3175 0.990499 
1.325 0.988951 
1.3225 0.989493 
1.33 0.987783 
1.3275 0.988382 
1.335 0.986495 
1.3325 0.987155 
1.34 0.985073 
1.3375 0.985801 
1.345 0.983504 
1.3425 0.984308 
1.35 0.981774 
1.3475 0.98266 
1.355 0.979867 
1.3525 0.980844 
1.36 0.977766 
1.3575 0.978842 
1.365 0.975452 
1.3625 0.976637 
1.37 0.972904 
1.3675 0.974208 
1.375 0.9701 
1.3725 0.971535 
1.38 0.967016 
1.3775 0.968594 
1.385 0.963627 
1.3825 0.965361 
1.39 0.959904 
1.3875 0.961809 
1.395 0.955819 
1.3925 0.957909 
1.4 0.95134 
1.3975 0.953631 
1.405 0.946433 
1.4025 0.948942 
1.41 0.941064 
1.4075 0.943809 
1.415 0.935194 
1.4125 0.938194 
1.42 0.928787 
1.4175 0.93206 
1.425 0.921801 
1.4225 0.925369 
1.43 0.914197 
1.4275 0.918079 
1.435 0.905933 
1.4325 0.91015 
1.44 0.896968 
1.4375 0.901541 
1.445 0.887262 
1.4425 0.89221 
1.45 0.876776 
1.4475 0.882119 
1.455 0.865473 
1.4525 0.871228 
1.46 0.853319 
1.4575 0.859504 
1.465 0.840287 
1.4625 0.846915 
1.47 0.826353 
1.4675 0.833434 
1.475 0.811501 
1.4725 0.819043 
1.48 0.795722 
1.4775 0.803727 
1.485 0.779018 
1.4825 0.787485 
1.49 0.761401 
1.4875 0.770322 
1.495 0.742895 
1.4925 0.752257 
1.5 0.723536 
1.4975 0.733319 
1.505 0.703373 
1.5025 0.713551 
1.51 0.682471 
1.5075 0.69301 
1.515 0.660905 
1.5125 0.671765 
1.52 0.638764 
1.5175 0.6499 
1.525 0.616151 
1.5225 0.62751 
1.53 0.593176 
1.5275 0.604701 
1.535 0.569961 
1.5325 0.581591 
1.54 0.546633 
1.5375 0.558303 
1.545 0.523323 
1.5425 0.534968 
1.55 0.500166 
1.5475 0.511717 
1.555 0.477293 
1.5525 0.488686 
1.56 0.454834 
1.5575 0.466004 
1.565 0.432914 
1.5625 0.443799 
1.57 0.411648 
1.5675 0.422192 
1.575 0.391145 
1.5725 0.401295 
1.58 0.371503 
1.5775 0.381211 
1.585 0.352808 
1.5825 0.362032 
1.59 0.335134 
1.5875 0.343839 
1.595 0.318547 
1.5925 0.326701 
1.6 0.303101 
1.5975 0.310679 
1.605 0.288837 
1.6025 0.295818 
1.61 0.27579 
1.6075 0.28216 
1.615 0.263987 
1.6125 0.269732 
1.62 0.253445 
1.6175 0.258557 
1.625 0.244177 
1.6225 0.248651 
1.63 0.23619 
1.6275 0.240023 
1.635 0.229485 
1.6325 0.232677 
1.64 0.22406 
1.6375 0.226612 
1.645 0.219909 
1.6425 0.221825 
1.65 0.217023 
1.6475 0.218308 
1.655 0.21539 
1.6525 0.216051 
1.66 0.214995 
1.6575 0.215039 
1.665 0.215821 
1.6625 0.215256 
1.67 0.217848 
1.6675 0.216685 
1.675 0.221056 
1.6725 0.219306 
1.68 0.225423 
1.6775 0.223096 
1.685 0.230925 
1.6825 0.228033 
1.69 0.237539 
1.6875 0.234094 
1.695 0.24524 
1.6925 0.241255 
1.7 0.254003 
1.6975 0.24949 
1.705 0.263803 
1.7025 0.258775 
1.71 0.274614 
1.7075 0.269084 
1.715 0.286407 
1.7125 0.280389 
1.72 0.299154 
1.7175 0.292663 
1.725 0.312822 
1.7225 0.305875 
1.73 0.327378 
1.7275 0.319991 
1.735 0.342784 
1.7325 0.334977 
1.74 0.358998 
1.7375 0.350792 
1.745 0.375974 
1.7425 0.367393 
1.75 0.393661 
1.7475 0.384732 
1.755 0.412003 
1.7525 0.402754 
1.76 0.430938 
1.7575 0.421401 
1.765 0.450399 
1.7625 0.440607 
1.77 0.470313 
1.7675 0.460304 
1.775 0.490602 
1.7725 0.480416 
1.78 0.511185 
1.7775 0.500862 
1.785 0.531975 
1.7825 0.52156 
1.79 0.552884 
1.7875 0.54242 
1.795 0.573821 
1.7925 0.563355 
1.8 0.594696 
1.7975 0.584272 
1.805 0.615418 
1.8025 0.605082 
1.81 0.6359 
1.8075 0.625694 
1.815 0.656058 
1.8125 0.646024 
1.82 0.675812 
1.8175 0.66599 
1.825 0.695089 
1.8225 0.685514 
1.83 0.713823 
1.8275 0.704528 
1.835 0.731956 
1.8325 0.722968 
1.84 0.749438 
1.8375 0.740781 
1.845 0.766228 
1.8425 0.757922 
1.85 0.782294 
1.8475 0.774353 
1.855 0.797612 
1.8525 0.790048 
1.86 0.812168 
1.8575 0.804986 
1.865 0.825954 
1.8625 0.819157 
1.87 0.83897 
1.8675 0.832558 
1.875 0.851225 
1.8725 0.845192 
1.88 0.862729 
1.8775 0.85707 
1.885 0.873502 
1.8825 0.868206 
1.89 0.883565 
1.8875 0.87862 
1.895 0.892943 
1.8925 0.888337 
1.9 0.901664 
1.8975 0.897384 
1.905 0.909759 
1.9025 0.905788 
1.91 0.917258 
1.9075 0.913581 
1.915 0.924194 
1.9125 0.920794 
1.92 0.930599 
1.9175 0.927461 
1.925 0.936504 
1.9225 0.933612 
1.93 0.941943 
1.9275 0.93928 
1.935 0.946945 
1.9325 0.944497 
1.94 0.95154 
1.9375 0.949292 
1.945 0.955758 
1.9425 0.953695 
1.95 0.959626 
1.9475 0.957734 
1.955 0.963169 
1.9525 0.961436 
1.96 0.966413 
1.9575 0.964827 
1.965 0.96938 
1.9625 0.967929 
1.97 0.972093 
1.9675 0.970767 
1.975 0.974572 
1.9725 0.973361 
1.98 0.976836 
1.9775 0.97573 
1.985 0.978903 
1.9825 0.977893 
1.99 0.980788 
1.9875 0.979867 
1.995 0.982508 
1.9925 0.981668 
2 0.984076 
1.9975 0.98331 
2.005 0.985506 
2.0025 0.984808 
2.01 0.986809 
2.0075 0.986172 
2.015 0.987995 
2.0125 0.987416 
2.02 0.989076 
2.0175 0.988548 
2.025 0.990061 
2.0225 0.98958 
2.03 0.990957 
2.0275 0.990519 
2.035 0.991773 
2.0325 0.991374 
2.04 0.992515 
2.0375 0.992153 
2.045 0.993191 
2.0425 0.992861 
2.05 0.993806 
2.0475 0.993506 
2.055 0.994366 
2.0525 0.994093 
2.06 0.994875 
2.0575 0.994627 
2.065 0.995338 
2.0625 0.995112 
2.07 0.99576 
2.0675 0.995554 
2.075 0.996143 
2.0725 0.995956 
2.08 0.996491 
2.0775 0.996321 
2.085 0.996808 
2.0825 0.996653 
2.09 0.997096 
2.0875 0.996956 
2.095 0.997358 
2.0925 0.99723 
2.1 0.997596 
2.0975 0.99748 
2.105 0.997813 
2.1025 0.997707 
2.11 0.998009 
2.1075 0.997913 
2.115 0.998188 
2.1125 0.998101 
2.12 0.99835 
2.1175 0.998271 
2.125 0.998498 
2.1225 0.998426 
2.13 0.998631 
2.1275 0.998566 
2.135 0.998753 
2.1325 0.998694 
2.14 0.998863 
2.1375 0.998809 
2.145 0.998962 
2.1425 0.998914 
2.15 0.999053 
2.1475 0.999009 
2.155 0.999134 
2.1525 0.999094 
2.16 0.999208 
2.1575 0.999172 
2.165 0.999275 
2.1625 0.999242 
2.17 0.999335 
2.1675 0.999305 
2.175 0.999388 
2.1725 0.999362 
2.18 0.999437 
2.1775 0.999413 
2.185 0.99948 
2.1825 0.999459 
2.19 0.999518 
2.1875 0.9995 
2.195 0.999553 
2.1925 0.999536 
2.2 0.999583 
2.1975 0.999568 
2.205 0.999609 
2.2025 0.999596 
2.21 0.999632 
2.2075 0.999621 
2.215 0.999652 
2.2125 0.999642 
2.22 0.999668 
2.2175 0.99966 
2.225 0.999682 
2.2225 0.999676 
2.23 0.999693 
2.2275 0.999688 
2.235 0.999702 
2.2325 0.999698 
2.24 0.999708 
2.2375 0.999705 
2.245 0.999712 
2.2425 0.99971 
2.25 0.999714 
2.2475 0.999713 
2.255 0.999713 
2.2525 0.999714 
2.26 0.999711 
2.2575 0.999712 
2.265 0.999706 
2.2625 0.999709 
2.27 0.9997 
2.2675 0.999703 
2.275 0.999692 
2.2725 0.999696 
2.28 0.999682 
2.2775 0.999687 
2.285 0.99967 
2.2825 0.999676 
2.29 0.999656 
2.2875 0.999663 
2.295 0.999641 
2.2925 0.999649 
2.3 0.999624 
2.2975 0.999632 
2.305 0.999605 
2.3025 0.999614 
2.31 0.999584 
2.3075 0.999594 
2.315 0.999561 
2.3125 0.999573 
2.32 0.999537 
2.3175 0.999549 
2.325 0.999511 
2.3225 0.999524 
2.33 0.999483 
2.3275 0.999497 
2.335 0.999454 
2.3325 0.999469 
2.34 0.999422 
2.3375 0.999438 
2.345 0.999389 
2.3425 0.999406 
2.35 0.999354 
2.3475 0.999372 
2.355 0.999317 
2.3525 0.999336 
2.36 0.999278 
2.3575 0.999298 
2.365 0.999237 
2.3625 0.999258 
2.37 0.999195 
2.3675 0.999216 
2.375 0.99915 
2.3725 0.999173 
2.38 0.999103 
2.3775 0.999127 
2.385 0.999054 
2.3825 0.999079 
2.39 0.999004 
2.3875 0.999029 
2.395 0.998951 
2.3925 0.998977 
2.4 0.998895 
2.3975 0.998923 
2.405 0.998838 
2.4025 0.998867 
2.41 0.998778 
2.4075 0.998808 
2.415 0.998716 
2.4125 0.998747 
2.42 0.998651 
2.4175 0.998684 
2.425 0.998584 
2.4225 0.998618 
2.43 0.998514 
2.4275 0.998549 
2.435 0.998441 
2.4325 0.998478 
2.44 0.998366 
2.4375 0.998404 
2.445 0.998287 
2.4425 0.998327 
2.45 0.998205 
2.4475 0.998247 
2.455 0.99812 
2.4525 0.998163 
2.46 0.998031 
2.4575 0.998076 
2.465 0.997939 
2.4625 0.997985 
2.47 0.997842 
2.4675 0.997891 
2.475 0.997741 
2.4725 0.997792 
2.48 0.997635 
2.4775 0.997689 
2.485 0.997524 
2.4825 0.99758 
2.49 0.997408 
2.4875 0.997467 
2.495 0.997287 
2.4925 0.997348 
2.5 0.997159 
2.4975 0.997223 
2.505 0.997024 
2.5025 0.997092 
2.51 0.996882 
2.5075 0.996954 
2.515 0.996732 
2.5125 0.996808 
2.52 0.996573 
2.5175 0.996654 
2.525 0.996406 
2.5225 0.996491 
2.53 0.996228 
2.5275 0.996318 
2.535 0.996039 
2.5325 0.996135 
2.54 0.995838 
2.5375 0.99594 
2.545 0.995624 
2.5425 0.995733 
2.55 0.995396 
2.5475 0.995512 
2.555 0.995153 
2.5525 0.995277 
2.56 0.994893 
2.5575 0.995025 
2.565 0.994615 
2.5625 0.994756 
2.57 0.994316 
2.5675 0.994468 
2.575 0.993997 
2.5725 0.994159 
2.58 0.993653 
2.5775 0.993828 
2.585 0.993285 
2.5825 0.993472 
2.59 0.992888 
2.5875 0.99309 
2.595 0.992461 
2.5925 0.992678 
2.6 0.992001 
2.5975 0.992235 
2.605 0.991505 
2.6025 0.991758 
2.61 0.990971 
2.6075 0.991243 
2.615 0.990394 
2.6125 0.990688 
2.62 0.989772 
2.6175 0.990089 
2.625 0.989099 
2.6225 0.989442 
2.63 0.988373 
2.6275 0.988743 
2.635 0.987588 
2.6325 0.987988 
2.64 0.986739 
2.6375 0.987171 
2.645 0.985821 
2.6425 0.986289 
2.65 0.984828 
2.6475 0.985334 
2.655 0.983755 
2.6525 0.984302 
2.66 0.982593 
2.6575 0.983185 
2.665 0.981337 
2.6625 0.981977 
2.67 0.979977 
2.6675 0.98067 
2.675 0.978506 
2.6725 0.979256 
2.68 0.976915 
2.6775 0.977726 
2.685 0.975193 
2.6825 0.976071 
2.69 0.973331 
2.6875 0.974281 
2.695 0.971318 
2.6925 0.972344 
2.7 0.96914 
2.6975 0.97025 
2.705 0.966786 
2.7025 0.967986 
2.71 0.964241 
2.7075 0.965538 
2.715 0.961492 
2.7125 0.962893 
2.72 0.958521 
2.7175 0.960035 
2.725 0.955314 
2.7225 0.956948 
2.73 0.951852 
2.7275 0.953616 
2.735 0.948117 
2.7325 0.95002 
2.74 0.944089 
2.7375 0.946141 
2.745 0.939747 
2.7425 0.941958 
2.75 0.93507 
2.7475 0.937452 
2.755 0.930035 
2.7525 0.932598 
2.76 0.924618 
2.7575 0.927376 
2.765 0.918795 
2.7625 0.921759 
2.77 0.91254 
2.7675 0.915723 
2.775 0.905828 
2.7725 0.909243 
2.78 0.898631 
2.7775 0.902291 
2.785 0.890922 
2.7825 0.894842 
2.79 0.882675 
2.7875 0.886867 
2.795 0.873861 
2.7925 0.878341 
2.8 0.864455 
2.7975 0.869234 
2.805 0.85443 
2.8025 0.859522 
2.81 0.843761 
2.8075 0.849178 
2.815 0.832424 
2.8125 0.838178 
2.82 0.820399 
2.8175 0.826499 
2.825 0.807666 
2.8225 0.814122 
2.83 0.794209 
2.8275 0.801029 
2.835 0.780017 
2.8325 0.787206 
2.84 0.765082 
2.8375 0.772643 
2.845 0.749401 
2.8425 0.757335 
2.85 0.732978 
2.8475 0.741282 
2.855 0.715823 
2.8525 0.724491 
2.86 0.697951 
2.8575 0.706975 
2.865 0.679387 
2.8625 0.688754 
2.87 0.660163 
2.8675 0.669855 
2.875 0.640318 
2.8725 0.650315 
2.88 0.619899 
2.8775 0.630177 
2.885 0.598964 
2.8825 0.609492 
2.89 0.577575 
2.8875 0.588322 
2.895 0.555803 
2.8925 0.566732 
2.9 0.533726 
2.8975 0.544798 
2.905 0.511426 
2.9025 0.522599 
2.91 0.48899 
2.9075 0.500219 
2.915 0.466507 
2.9125 0.477748 
2.92 0.444069 
2.9175 0.455276 
2.925 0.421766 
2.9225 0.432895 
2.93 0.39969 
2.9275 0.410694 
2.935 0.377924 
2.9325 0.388763 
2.94 0.356552 
2.9375 0.367184 
2.945 0.33565 
2.9425 0.346038 
2.95 0.315286 
2.9475 0.325397 
2.955 0.295523 
2.9525 0.305326 
2.96 0.276414 
2.9575 0.285884 
2.965 0.258004 
2.9625 0.267119 
2.97 0.240328 
2.9675 0.249072 
2.975 0.223415 
2.9725 0.231775 
2.98 0.207283 
2.9775 0.215251 
2.985 0.191944 
2.9825 0.199514 
2.99 0.177402 
2.9875 0.184574 
2.995 0.163653 
2.9925 0.170429 
3 0.150689 
2.9975 0.157074 
3.005 0.138496 
3.0025 0.144497 
3.01 0.127056 
3.0075 0.132683 
3.015 0.116347 
3.0125 0.121611 
3.02 0.106343 
3.0175 0.111258 
3.025 0.0970178 
3.0225 0.101597 
3.03 0.0883425 
3.0275 0.0926008 
3.035 0.080287 
3.0325 0.0842391 
3.04 0.0728209 
3.0375 0.0764822 
3.045 0.0659137 
3.0425 0.0692993 
3.05 0.0595349 
3.0475 0.0626601 
3.055 0.0536547 
3.0525 0.0565343 
3.06 0.0482441 
3.0575 0.0508925 
3.065 0.0432749 
3.0625 0.045706 
3.07 0.0387202 
3.0675 0.0409474 
3.075 0.034554 
3.0725 0.0365901 
3.08 0.0307518 
3.0775 0.0326089 
3.085 0.0272901 
3.0825 0.0289798 
3.09 0.0241466 
3.0875 0.0256799 
3.095 0.0213 
3.0925 0.0226874 
3.1 0.0187302 
3.0975 0.0199818 
3.105 0.0164179 
3.1025 0.0175431 
3.11 0.0143445 
3.1075 0.0153525 
3.115 0.0124922 
3.1125 0.0133918 
3.12 0.0108439 
3.1175 0.0116436 
3.125 0.0093829 
3.1225 0.010091 
3.13 0.00809331 
3.1275 0.00871766 
3.135 0.0069597 
3.1325 0.00750794 
3.14 0.00596732 
3.1375 0.00644676 
3.145 0.0051021 
3.1425 0.00551967 
3.15 0.00435071 
3.1475 0.00471297 
3.155 0.00370065 
3.1525 0.00401376 
3.16 0.00314029 
3.1575 0.00340995 
3.165 0.00265889 
3.1625 0.00289035 
3.17 0.00224663 
3.1675 0.00244469 
3.175 0.00189465 
3.1725 0.00206363 
3.18 0.00159494 
3.1775 0.00173872 
3.185 0.00134039 
3.1825 0.00146243 
3.19 0.00112469 
3.1875 0.00122805 
3.195 0.000942319 
3.1925 0.00102966 
3.2 0.00078842 
3.1975 0.000862087 
3.205 0.000658788 
3.2025 0.000720811 
3.21 0.00054978 
3.2075 0.000601913 
3.215 0.00045826 
3.2125 0.000502012 
3.22 0.000381534 
3.2175 0.0004182 
3.225 0.000317301 
3.2225 0.000347986 
3.23 0.000263596 
3.2275 0.000289243 
3.235 0.000218749 
3.2325 0.000240159 
3.24 0.000181344 
3.2375 0.000199196 
3.245 0.000150182 
3.2425 0.00016505 
3.25 0.00012425 
3.2475 0.000136619 
3.255 0.000102693 
3.2525 0.000112972 
3.26 8.47914e-05 
3.2575 9.33252e-05 
3.265 6.99416e-05 
3.2625 7.70189e-05 
3.27 5.76358e-05 
3.2675 6.3499e-05 
3.275 4.74483e-05 
3.2725 5.23009e-05 
3.28 3.90231e-05 
3.2775 4.30352e-05 
3.285 3.20622e-05 
3.2825 3.53762e-05 
3.29 2.63169e-05 
3.2875 2.90515e-05 
3.295 2.15797e-05 
3.2925 2.38339e-05 
3.3 1.76776e-05 
3.2975 1.95339e-05 
3.305 1.44666e-05 
3.3025 1.59937e-05 
3.31 1.18269e-05 
3.3075 1.30819e-05 
3.315 9.65905e-06 
3.3125 1.06895e-05 
3.32 7.88055e-06 
3.3175 8.72571e-06 
3.325 6.42295e-06 
3.3225 7.11543e-06 
3.33 5.22955e-06 
3.3275 5.79636e-06 
3.335 4.25348e-06 
3.3325 4.71694e-06 
3.34 3.45599e-06 
3.3375 3.83456e-06 
3.345 2.80508e-06 
3.3425 3.11398e-06 
3.35 2.27437e-06 
3.3475 2.52616e-06 
3.355 1.84211e-06 
3.3525 2.04713e-06 
3.36 1.49042e-06 
3.3575 1.65718e-06 
3.365 1.20458e-06 
3.3625 1.34008e-06 
3.37 9.72516e-07 
3.3675 1.08249e-06 
3.375 7.8431e-07 
3.3725 8.73476e-07 
3.38 6.31839e-07 
3.3775 7.04054e-07 
3.385 5.08453e-07 
3.3825 5.66875e-07 
3.39 4.08714e-07 
3.3875 4.55926e-07 
3.395 3.28177e-07 
3.3925 3.66289e-07 
3.4 2.63219e-07 
3.3975 2.9395e-07 
3.405 2.10884e-07 
3.4025 2.35636e-07 
3.41 1.68767e-07 
3.4075 1.8868e-07 
3.415 1.34909e-07 
3.4125 1.50912e-07 
3.42 1.07723e-07 
3.4175 1.20569e-07 
3.425 8.59188e-08 
3.4225 9.62188e-08 
3.43 6.84502e-08 
3.4275 7.66995e-08 
3.435 5.44713e-08 
3.4325 6.10706e-08 
3.44 4.32978e-08 
3.4375 4.85712e-08 
3.445 3.43771e-08 
3.4425 3.85859e-08 
3.45 2.7263e-08 
3.4475 3.06184e-08 
3.455 2.15963e-08 
3.4525 2.42682e-08 
3.46 1.70877e-08 
3.4575 1.92129e-08 
3.465 1.35048e-08 
3.4625 1.51932e-08 
3.47 1.06608e-08 
3.4675 1.20005e-08 
3.475 8.40593e-09 
3.4725 9.46781e-09 
3.48 6.62029e-09 
3.4775 7.46095e-09 
3.485 5.2079e-09 
3.4825 5.87263e-09 
3.49 4.09205e-09 
3.4875 4.61705e-09 
3.495 3.21152e-09 
3.4925 3.62568e-09 
3.5 2.51752e-09 
3.4975 2.84384e-09 
3.505 1.97117e-09 
3.5025 2.22798e-09 
3.51 1.54157e-09 
3.5075 1.74344e-09 
3.515 1.20418e-09 
3.5125 1.36267e-09 
3.52 9.39526e-10 
3.5175 1.06381e-09 
3.525 7.32171e-10 
3.5225 8.29514e-10 
3.53 5.69905e-10 
3.5275 6.46057e-10 
3.535 4.43075e-10 
3.5325 5.02578e-10 
3.54 3.44063e-10 
3.5375 3.905e-10 
3.545 2.6686e-10 
3.5425 3.03057e-10 
3.55 2.06735e-10 
3.5475 2.34916e-10 
3.555 1.59966e-10 
3.5525 1.81879e-10 
3.56 1.2363e-10 
3.5575 1.4065e-10 
3.565 9.54338e-11 
3.5625 1.08637e-10 
3.57 7.35807e-11 
3.5675 8.38102e-11 
3.575 5.66641e-11 
3.5725 6.45802e-11 
3.58 4.35847e-11 
3.5775 4.97032e-11 
3.585 3.34843e-11 
3.5825 3.82077e-11 
3.59 2.56939e-11 
3.5875 2.93359e-11 
3.595 1.96925e-11 
3.5925 2.24972e-11 
3.6 1.50748e-11 
3.5975 1.72321e-11 
3.605 1.15261e-11 
3.6025 1.31835e-11 
3.61 8.80229e-12 
3.6075 1.0074e-11 
3.615 6.71412e-12 
3.6125 7.68876e-12 
3.62 5.1152e-12 
3.6175 5.86124e-12 
3.625 3.8924e-12 
3.6225 4.46277e-12 
3.63 2.95837e-12 
3.6275 3.3939e-12 
3.635 2.24579e-12 
3.6325 2.57795e-12 
3.64 1.7028e-12 
3.6375 1.95583e-12 
3.645 1.28956e-12 
3.6425 1.48206e-12 
3.65 9.75437e-13 
3.6475 1.12172e-12 
3.655 7.36949e-13 
3.6525 8.47973e-13 
3.66 5.56105e-13 
3.6575 6.40266e-13 
3.665 4.19138e-13 
3.6625 4.82859e-13 
3.67 3.15529e-13 
3.6675 3.63716e-13 
3.675 2.37248e-13 
3.6725 2.73643e-13 
3.68 1.78175e-13 
3.6775 2.05631e-13 
3.685 1.33652e-13 
3.6825 1.54339e-13 
3.69 1.00134e-13 
3.6875 1.15702e-13 
3.695 7.49333e-14 
3.6925 8.66348e-14 
3.7 5.60079e-14 
3.6975 6.47926e-14 
3.705 4.18125e-14 
3.7025 4.83995e-14 
3.71 3.11779e-14 
3.7075 3.6111e-14 
3.715 2.32205e-14 
3.7125 2.69105e-14 
3.72 1.72735e-14 
3.7175 2.00303e-14 
3.725 1.28343e-14 
3.7225 1.48915e-14 
3.73 9.52468e-15 
3.7275 1.10579e-14 
3.735 7.06014e-15 
3.7325 8.20152e-15 
3.74 5.22712e-15 
3.7375 6.07575e-15 
3.745 3.86543e-15 
3.7425 4.49565e-15 
3.75 2.85509e-15 
3.7475 3.32254e-15 
3.755 2.10634e-15 
3.7525 2.45265e-15 
3.76 1.55212e-15 
3.7575 1.80838e-15 
3.765 1.14238e-15 
3.7625 1.33177e-15 
3.77 8.3982e-16 
3.7675 9.79627e-16 
3.775 6.16667e-16 
3.7725 7.19747e-16 
3.78 4.52278e-16 
3.7775 5.2819e-16 
3.785 3.31323e-16 
3.7825 3.8716e-16 
3.79 2.42432e-16 
3.7875 2.83454e-16 
3.795 1.77183e-16 
3.7925 2.07285e-16 
3.8 1.29344e-16 
3.7975 1.51407e-16 
3.805 9.43119e-17 
3.8025 1.10463e-16 
3.81 6.86882e-17 
3.8075 8.0498e-17 
3.815 4.99683e-17 
3.8125 5.85935e-17 
3.82 3.63083e-17 
3.8175 4.26001e-17 
3.825 2.63521e-17 
3.8225 3.09365e-17 
3.83 1.91041e-17 
3.8275 2.24404e-17 
3.835 1.38337e-17 
3.8325 1.6259e-17 
3.84 1.00059e-17 
3.8375 1.17668e-17 
3.845 7.22904e-18 
3.8425 8.50605e-18 
3.85 5.21689e-18 
3.8475 6.14193e-18 
3.855 3.76057e-18 
3.8525 4.42987e-18 
3.86 2.70774e-18 
3.8575 3.19145e-18 
3.865 1.9475e-18 
3.8625 2.29668e-18 
3.87 1.39915e-18 
3.8675 1.65093e-18 
3.875 1.0041e-18 
3.8725 1.18543e-18 
3.88 7.19798e-19 
3.8775 8.50255e-19 
3.885 5.15438e-19 
3.8825 6.09185e-19 
3.89 3.68703e-19 
3.8875 4.35995e-19 
3.895 2.63462e-19 
3.8925 3.11711e-19 
3.9 1.88064e-19 
3.8975 2.22621e-19 
3.905 1.34106e-19 
3.9025 1.58829e-19 
3.91 9.5532e-20 
3.9075 1.13201e-19 
3.915 6.79863e-20 
3.9125 8.06e-20 
3.92 4.83364e-20 
3.9175 5.73319e-20 
3.925 3.43336e-20 
3.9225 4.07421e-20 
3.93 2.43651e-20 
3.9275 2.89261e-20 
3.935 1.72758e-20 
3.9325 2.05186e-20 
3.94 1.2239e-20 
3.9375 1.45423e-20 
3.945 8.66378e-21 
3.9425 1.02983e-20 
3.95 6.12842e-21 
3.9475 7.28725e-21 
3.955 4.33205e-21 
3.9525 5.15291e-21 
3.96 3.06034e-21 
3.9575 3.64133e-21 
3.965 2.16078e-21 
3.9625 2.57166e-21 
3.97 1.52494e-21 
3.9675 1.81531e-21 
3.975 1.07582e-21 
3.9725 1.28088e-21 
3.98 7.5878e-22 
3.9775 9.03513e-22 
3.985 5.35103e-22 
3.9825 6.37201e-22 
3.99 3.77367e-22 
3.9875 4.49358e-22 
3.995 2.66173e-22 
3.9925 3.16918e-22 
4 1.87807e-22 
3.9975 2.23569e-22 
4.005 1.32585e-22 
4.0025 1.57785e-22 
4.01 9.36703e-23 
4.0075 1.11429e-22 
4.015 6.62429e-23 
4.0125 7.87602e-23 
4.02 4.69048e-23 
4.0175 5.57314e-23 
4.025 3.32627e-23 
4.0225 3.94906e-23 
4.03 2.36313e-23 
4.0275 2.80293e-23 
4.035 1.68247e-23 
4.0325 1.99338e-23 
4.04 1.20081e-23 
4.0375 1.4209e-23 
4.045 8.59441e-24 
4.0425 1.0155e-23 
4.05 6.17048e-24 
4.0475 7.27922e-24 
4.055 4.44554e-24 
4.0525 5.23506e-24 
4.06 3.21491e-24 
4.0575 3.7786e-24 
4.065 2.33442e-24 
4.0625 2.73806e-24 
4.07 1.70242e-24 
4.0675 1.99241e-24 
4.075 1.24715e-24 
4.0725 1.45626e-24 
4.08 9.1793e-25 
4.0775 1.06931e-24 
4.085 6.78859e-25 
4.0825 7.88915e-25 
4.09 5.04484e-25 
4.0875 5.84856e-25 
4.095 3.76705e-25 
4.0925 4.35675e-25 
4.1 2.8262e-25 
4.0975 3.26097e-25 
4.105 2.13006e-25 
4.1025 2.45218e-25 
4.11 1.61243e-25 
4.1075 1.85226e-25 
4.115 1.22565e-25 
4.1125 1.40509e-25 
4.12 9.3525e-26 
4.1175 1.07015e-25 
4.125 7.16207e-26 
4.1225 8.18081e-26 
4.13 5.50252e-26 
4.1275 6.27525e-26 
4.135 4.23993e-26 
4.1325 4.82845e-26 
4.14 3.27559e-26 
4.1375 3.72554e-26 
4.145 2.53642e-26 
4.1425 2.88163e-26 
4.15 1.968e-26 
4.1475 2.23368e-26 
4.155 1.52959e-26 
4.1525 1.73465e-26 
4.16 1.19058e-26 
4.1575 1.34925e-26 
4.165 9.27832e-27 
4.1625 1.05088e-26 
4.17 7.23788e-27 
4.1675 8.19391e-27 
4.175 5.65061e-27 
4.1725 6.39462e-27 
4.18 4.41411e-27 
4.1775 4.9939e-27 
4.185 3.4497e-27 
4.1825 3.90204e-27 
4.19 2.6968e-27 
4.1875 3.05001e-27 
4.195 2.10856e-27 
4.1925 2.38457e-27 
4.2 1.64871e-27 
4.1975 1.86451e-27 
4.205 1.28908e-27 
4.2025 1.45786e-27 
4.21 1.00774e-27 
4.2075 1.13979e-27 
4.215 7.87632e-28 
4.2125 8.90943e-28 
4.22 6.15415e-28 
4.2175 6.96246e-28 
4.225 4.80681e-28 
4.2225 5.43917e-28 
4.23 3.75289e-28 
4.2275 4.24751e-28 
4.235 2.9287e-28 
4.2325 3.31548e-28 
4.24 2.28436e-28 
4.2375 2.58671e-28 
4.245 1.78082e-28 
4.2425 2.01707e-28 
4.25 1.38747e-28 
4.2475 1.572e-28 
4.255 1.08035e-28 
4.2525 1.22441e-28 
4.26 8.40676e-29 
4.2575 9.53082e-29 
4.265 6.53745e-29 
4.2625 7.41403e-29 
4.27 5.08035e-29 
4.2675 5.76352e-29 
4.275 3.94526e-29 
4.2725 4.47736e-29 
4.28 3.06159e-29 
4.2775 3.47576e-29 
4.285 2.37411e-29 
4.2825 2.69627e-29 
4.29 1.83962e-29 
4.2875 2.09004e-29 
4.295 1.42439e-29 
4.2925 1.6189e-29 
4.3 1.10202e-29 
4.2975 1.253e-29 
4.305 8.51949e-30 
4.3025 9.69045e-30 
4.31 6.58099e-30 
4.3075 7.4885e-30 
4.315 5.07948e-30 
4.3125 5.78227e-30 
4.32 3.91736e-30 
4.3175 4.46118e-30 
4.325 3.01864e-30 
4.3225 3.43911e-30 
4.33 2.32417e-30 
4.3275 2.64901e-30 
4.335 1.78797e-30 
4.3325 2.03872e-30 
4.34 1.37431e-30 
4.3375 1.56771e-30 
4.345 1.05545e-30 
4.3425 1.2045e-30 
4.35 8.09875e-31 
4.3475 9.24643e-31 
4.355 6.20901e-31 
4.3525 7.09196e-31 
4.36 4.75606e-31 
4.3575 5.43477e-31 
4.365 3.63991e-31 
4.3625 4.16117e-31 
4.37 2.78323e-31 
4.3675 3.18322e-31 
4.375 2.12629e-31 
4.3725 2.43295e-31 
4.38 1.62296e-31 
4.3775 1.85786e-31 
4.385 1.23766e-31 
4.3825 1.41743e-31 
4.39 9.42975e-32 
4.3875 1.08043e-31 
4.395 7.17803e-32 
4.3925 8.22812e-32 
4.4 5.459e-32 
4.3975 6.26048e-32 
4.405 4.14784e-32 
4.4025 4.759e-32 
4.41 3.14869e-32 
4.4075 3.6143e-32 
4.415 2.388e-32 
4.4125 2.7424e-32 
4.42 1.80941e-32 
4.4175 2.07891e-32 
4.425 1.36972e-32 
4.4225 1.57446e-32 
4.43 1.0359e-32 
4.4275 1.19131e-32 
4.435 7.82701e-33 
4.4325 9.00548e-33 
4.44 5.9083e-33 
4.4375 6.8011e-33 
4.445 4.45572e-33 
4.4425 5.13145e-33 
4.45 3.35706e-33 
4.4475 3.86802e-33 
4.455 2.52688e-33 
4.4525 2.91288e-33 
4.46 1.90018e-33 
4.4575 2.19149e-33 
4.465 1.42753e-33 
4.4625 1.64718e-33 
4.47 1.07142e-33 
4.4675 1.23687e-33 
4.475 8.03362e-34 
4.4725 9.27868e-34 
4.48 6.01786e-34 
4.4775 6.95389e-34 
4.485 4.50351e-34 
4.4825 5.20653e-34 
4.49 3.36695e-34 
4.4875 3.89444e-34 
4.495 2.51476e-34 
4.4925 2.91017e-34 
4.5 1.87643e-34 
4.4975 2.17253e-34 
4.505 1.39875e-34 
4.5025 1.62027e-34 
4.51 1.04165e-34 
4.5075 1.20721e-34 
4.515 7.74947e-35 
4.5125 8.98562e-35 
4.52 5.75962e-35 
4.5175 6.68167e-35 
4.525 4.27648e-35 
4.5225 4.96355e-35 
4.53 3.1721e-35 
4.5275 3.68357e-35 
4.535 2.35059e-35 
4.5325 2.73095e-35 
4.54 1.74009e-35 
4.5375 2.02268e-35 
4.545 1.28687e-35 
4.5425 1.4966e-35 
4.55 9.50744e-36 
4.5475 1.10625e-35 
4.555 7.0171e-36 
4.5525 8.16889e-36 
4.56 5.17387e-36 
4.5575 6.02614e-36 
4.565 3.81099e-36 
4.5625 4.44098e-36 
4.57 2.80429e-36 
4.5675 3.26951e-36 
4.575 2.06144e-36 
4.5725 2.40464e-36 
4.58 1.51384e-36 
4.5775 1.76676e-36 
4.585 1.11058e-36 
4.5825 1.29679e-36 
4.59 8.13924e-37 
4.5875 9.50869e-37 
4.595 5.95905e-37 
4.5925 6.96519e-37 
4.6 4.35842e-37 
4.5975 5.0969e-37 
4.605 3.1845e-37 
4.6025 3.72596e-37 
4.61 2.32441e-37 
4.6075 2.72101e-37 
4.615 1.6949e-37 
4.6125 1.98509e-37 
4.62 1.23461e-37 
4.6175 1.44674e-37 
4.625 8.98416e-38 
4.6225 1.05331e-37 
4.63 6.53103e-38 
4.6275 7.66095e-38 
4.635 4.74288e-38 
4.6325 5.56628e-38 
4.64 3.44081e-38 
4.6375 4.04021e-38 
4.645 2.49364e-38 
4.6425 2.92955e-38 
4.65 1.80537e-38 
4.6475 2.12204e-38 
4.655 1.30572e-38 
4.6525 1.53554e-38 
4.66 9.43396e-39 
4.6575 1.11001e-38 
4.665 6.80913e-39 
4.6625 8.01578e-39 
4.67 4.90958e-39 
4.6675 5.78258e-39 
4.675 3.53633e-39 
4.6725 4.16727e-39 
4.68 2.54458e-39 
4.6775 3.00011e-39 
4.685 1.82908e-39 
4.6825 2.15763e-39 
4.69 1.31342e-39 
4.6875 1.55014e-39 
4.695 9.42174e-40 
4.6925 1.11255e-39 
4.7 6.75168e-40 
4.6975 7.97672e-40 
4.705 4.83332e-40 
4.7025 5.71323e-40 
4.71 3.45648e-40 
4.7075 4.08783e-40 
4.715 2.46931e-40 
4.7125 2.92185e-40 
4.72 1.76227e-40 
4.7175 2.0863e-40 
4.725 1.25638e-40 
4.7225 1.48816e-40 
4.73 8.94796e-41 
4.7275 1.06041e-40 
4.735 6.3662e-41 
4.7325 7.5484e-41 
4.74 4.5247e-41 
4.7375 5.36769e-41 
4.745 3.21257e-41 
4.7425 3.81306e-41 
4.75 2.2786e-41 
4.7475 2.70591e-41 
4.755 1.6145e-41 
4.7525 1.91826e-41 
4.76 1.14278e-41 
4.7575 1.35848e-41 
4.765 8.08048e-42 
4.7625 9.61063e-42 
4.77 5.70777e-42 
4.7675 6.79211e-42 
4.775 4.02762e-42 
4.7725 4.79524e-42 
4.78 2.83913e-42 
4.7775 3.38197e-42 
4.785 1.99928e-42 
4.7825 2.38277e-42 
4.79 1.40642e-42 
4.7875 1.67706e-42 
4.795 9.88354e-43 
4.7925 1.17914e-42 
4.8 6.93844e-43 
4.7975 8.28208e-43 
4.805 4.86592e-43 
4.8025 5.81119e-43 
4.81 3.40895e-43 
4.8075 4.07329e-43 
4.815 2.38578e-43 
4.8125 2.85219e-43 
4.82 1.668e-43 
4.8175 1.9951e-43 
4.825 1.16497e-43 
4.8225 1.39414e-43 
4.83 8.12802e-44 
4.8275 9.73197e-44 
4.835 5.66514e-44 
4.8325 6.78656e-44 
4.84 3.94448e-44 
4.8375 4.72773e-44 
4.845 2.74362e-44 
4.8425 3.2901e-44 
4.85 1.9064e-44 
4.8475 2.28729e-44 
4.855 1.32329e-44 
4.8525 1.5885e-44 
4.86 9.17602e-45 
4.8575 1.10206e-44 
4.865 6.35634e-45 
4.8625 7.63804e-45 
4.87 4.3986e-45 
4.8675 5.28825e-45 
4.875 3.04073e-45 
4.8725 3.65761e-45 
4.88 2.09989e-45 
4.8775 2.52719e-45 
4.885 1.44867e-45 
4.8825 1.74435e-45 
4.89 9.98386e-46 
4.8875 1.20278e-45 
4.895 6.87359e-46 
4.8925 8.285e-46 
4.9 4.72743e-46 
4.8975 5.70106e-46 
4.905 3.24805e-46 
4.9025 3.91899e-46 
4.91 2.22934e-46 
4.9075 2.69123e-46 
4.915 1.52858e-46 
4.9125 1.84622e-46 
4.92 1.04702e-46 
4.9175 1.26524e-46 
4.925 7.16441e-47 
4.9225 8.662e-47 
4.93 4.8974e-47 
4.9275 5.92411e-47 
4.935 3.34436e-47 
4.9325 4.04752e-47 
4.94 2.28153e-47 
4.9375 2.7626e-47 
4.945 1.55497e-47 
4.9425 1.88374e-47 
4.95 1.05882e-47 
4.9475 1.28326e-47 
4.955 7.20419e-48 
4.9525 8.73443e-48 
4.96 4.89937e-48 
4.9575 5.94116e-48 
4.965 3.33246e-48 
4.9625 4.04028e-48 
4.97 2.27022e-48 
4.9675 2.74959e-48 
4.975 1.55372e-48 
4.9725 1.87645e-48 
4.98 1.07521e-48 
4.9775 1.28991e-48 
4.985 7.62383e-49 
4.9825 9.01527e-49 
4.99 5.67774e-49 
4.9875 6.52501e-49 
4.995 4.61749e-49 
4.9925 5.04972e-49 
5 4.28121e-49 
4.9975 4.36443e-49 
