0 8.48988e-06 
0.005 8.57292e-06 
0.0025 8.51062e-06 
0.01 8.82345e-06 
0.0075 8.67705e-06 
0.015 9.24571e-06 
0.0125 9.01273e-06 
0.02 9.84687e-06 
0.0175 9.52337e-06 
0.025 1.06371e-05 
0.0225 1.02176e-05 
0.03 1.16297e-05 
0.0275 1.11071e-05 
0.035 1.28414e-05 
0.0325 1.2207e-05 
0.04 1.42924e-05 
0.0375 1.35356e-05 
0.045 1.6007e-05 
0.0425 1.51151e-05 
0.05 1.80135e-05 
0.0475 1.69718e-05 
0.055 2.0345e-05 
0.0525 1.91363e-05 
0.06 2.30396e-05 
0.0575 2.16443e-05 
0.065 2.61414e-05 
0.0625 2.45366e-05 
0.07 2.97004e-05 
0.0675 2.78603e-05 
0.075 3.37738e-05 
0.0725 3.16689e-05 
0.08 3.84267e-05 
0.0775 3.60234e-05 
0.085 4.37327e-05 
0.0825 4.09931e-05 
0.09 4.97755e-05 
0.0875 4.66564e-05 
0.095 5.66495e-05 
0.0925 5.31023e-05 
0.1 6.44614e-05 
0.0975 6.0431e-05 
0.105 7.33316e-05 
0.1025 6.87561e-05 
0.11 8.33958e-05 
0.1075 7.82053e-05 
0.115 9.48071e-05 
0.1125 8.89228e-05 
0.12 0.000107738 
0.1175 0.000101071 
0.125 0.000122382 
0.1225 0.000114833 
0.13 0.000138957 
0.1275 0.000130413 
0.135 0.000157709 
0.1325 0.000148045 
0.14 0.000178914 
0.1375 0.000167987 
0.145 0.000202882 
0.1425 0.000190532 
0.15 0.00022996 
0.1475 0.000216009 
0.155 0.000260539 
0.1525 0.000244786 
0.16 0.00029506 
0.1575 0.000277278 
0.165 0.000334013 
0.1625 0.000313949 
0.17 0.000377952 
0.1675 0.000355322 
0.175 0.000427496 
0.1725 0.000401982 
0.18 0.000483342 
0.1775 0.000454585 
0.185 0.000546267 
0.1825 0.000513867 
0.19 0.000617148 
0.1875 0.000580655 
0.195 0.000696961 
0.1925 0.000655872 
0.2 0.000786805 
0.1975 0.000740556 
0.205 0.000887909 
0.2025 0.000835867 
0.21 0.00100165 
0.2075 0.000943107 
0.215 0.00112957 
0.2125 0.00106373 
0.22 0.00127338 
0.2175 0.00119937 
0.225 0.00143504 
0.2225 0.00135185 
0.23 0.00161668 
0.2275 0.00152321 
0.235 0.00182073 
0.2325 0.00171574 
0.24 0.00204989 
0.2375 0.00193199 
0.245 0.00230718 
0.2425 0.00217482 
0.25 0.00259598 
0.2475 0.00244741 
0.255 0.00292005 
0.2525 0.00275335 
0.26 0.00328361 
0.2575 0.00309661 
0.265 0.00369136 
0.2625 0.00348164 
0.27 0.00414854 
0.2675 0.00391342 
0.275 0.00466101 
0.2725 0.00439747 
0.28 0.0052353 
0.2775 0.00493999 
0.285 0.00587867 
0.2825 0.00554786 
0.29 0.00659923 
0.2875 0.00622876 
0.295 0.00740598 
0.2925 0.00699122 
0.3 0.00830894 
0.2975 0.00784476 
0.305 0.00931926 
0.3025 0.00879994 
0.31 0.0104493 
0.3075 0.00986849 
0.315 0.0117128 
0.3125 0.0110634 
0.32 0.0131249 
0.3175 0.0123992 
0.325 0.0147024 
0.3225 0.0138918 
0.33 0.0164639 
0.3275 0.0155589 
0.335 0.01843 
0.3325 0.01742 
0.34 0.0206231 
0.3375 0.0194967 
0.345 0.0230681 
0.3425 0.0218124 
0.35 0.0257921 
0.3475 0.0243934 
0.355 0.028825 
0.3525 0.027268 
0.36 0.0321991 
0.3575 0.0304672 
0.365 0.0359498 
0.3625 0.034025 
0.37 0.0401152 
0.3675 0.0379782 
0.375 0.0447368 
0.3725 0.0423663 
0.38 0.0498586 
0.3775 0.0472322 
0.385 0.0555281 
0.3825 0.0526218 
0.39 0.0617954 
0.3875 0.0585838 
0.395 0.0687136 
0.3925 0.0651698 
0.4 0.076338 
0.3975 0.072434 
0.405 0.0847259 
0.4025 0.0804328 
0.41 0.093936 
0.4075 0.0892244 
0.415 0.104028 
0.4125 0.0988679 
0.42 0.11506 
0.4175 0.109422 
0.425 0.12709 
0.4225 0.120947 
0.43 0.140172 
0.4275 0.133496 
0.435 0.154357 
0.4325 0.147124 
0.44 0.169687 
0.4375 0.161877 
0.445 0.186199 
0.4425 0.177794 
0.45 0.203917 
0.4475 0.194906 
0.455 0.222853 
0.4525 0.213232 
0.46 0.243005 
0.4575 0.232778 
0.465 0.264354 
0.4625 0.253531 
0.47 0.286862 
0.4675 0.275466 
0.475 0.310473 
0.4725 0.298534 
0.48 0.335111 
0.4775 0.322669 
0.485 0.360676 
0.4825 0.347784 
0.49 0.387054 
0.4875 0.373772 
0.495 0.414108 
0.4925 0.400505 
0.5 0.441689 
0.4975 0.427843 
0.505 0.469633 
0.5025 0.455626 
0.51 0.497767 
0.5075 0.483687 
0.515 0.525916 
0.5125 0.511851 
0.52 0.553902 
0.5175 0.53994 
0.525 0.581551 
0.5225 0.567779 
0.53 0.608699 
0.5275 0.595198 
0.535 0.635194 
0.5325 0.622037 
0.54 0.660896 
0.5375 0.648152 
0.545 0.685688 
0.5425 0.673413 
0.55 0.709468 
0.5475 0.69771 
0.555 0.732155 
0.5525 0.720952 
0.56 0.753691 
0.5575 0.74307 
0.565 0.774035 
0.5625 0.764014 
0.57 0.793164 
0.5675 0.783752 
0.575 0.811075 
0.5725 0.802271 
0.58 0.827776 
0.5775 0.819575 
0.585 0.843292 
0.5825 0.835681 
0.59 0.857656 
0.5875 0.850616 
0.595 0.87091 
0.5925 0.864419 
0.6 0.883104 
0.5975 0.877136 
0.605 0.894291 
0.6025 0.88882 
0.61 0.904528 
0.6075 0.899524 
0.615 0.913874 
0.6125 0.909309 
0.62 0.922388 
0.6175 0.918231 
0.625 0.93013 
0.6225 0.926352 
0.63 0.937157 
0.6275 0.933729 
0.635 0.943524 
0.6325 0.940419 
0.64 0.949285 
0.6375 0.946477 
0.645 0.954491 
0.6425 0.951954 
0.65 0.959188 
0.6475 0.9569 
0.655 0.963424 
0.6525 0.961361 
0.66 0.967237 
0.6575 0.965381 
0.665 0.970669 
0.6625 0.968999 
0.67 0.973754 
0.6675 0.972253 
0.675 0.976525 
0.6725 0.975177 
0.68 0.979012 
0.6775 0.977802 
0.685 0.981244 
0.6825 0.980158 
0.69 0.983244 
0.6875 0.982271 
0.695 0.985037 
0.6925 0.984165 
0.7 0.986642 
0.6975 0.985861 
0.705 0.988079 
0.7025 0.987381 
0.71 0.989365 
0.7075 0.98874 
0.715 0.990515 
0.7125 0.989956 
0.72 0.991544 
0.7175 0.991044 
0.725 0.992463 
0.7225 0.992016 
0.73 0.993284 
0.7275 0.992885 
0.735 0.994018 
0.7325 0.993661 
0.74 0.994672 
0.7375 0.994354 
0.745 0.995257 
0.7425 0.994973 
0.75 0.995779 
0.7475 0.995525 
0.755 0.996244 
0.7525 0.996018 
0.76 0.996659 
0.7575 0.996458 
0.765 0.997029 
0.7625 0.99685 
0.77 0.997359 
0.7675 0.997199 
0.775 0.997653 
0.7725 0.997511 
0.78 0.997915 
0.7775 0.997788 
0.785 0.998149 
0.7825 0.998035 
0.79 0.998356 
0.7875 0.998255 
0.795 0.998541 
0.7925 0.998451 
0.8 0.998706 
0.7975 0.998626 
0.805 0.998852 
0.8025 0.998781 
0.81 0.998982 
0.8075 0.998919 
0.815 0.999098 
0.8125 0.999042 
0.82 0.999201 
0.8175 0.999151 
0.825 0.999292 
0.8225 0.999248 
0.83 0.999373 
0.8275 0.999334 
0.835 0.999446 
0.8325 0.999411 
0.84 0.99951 
0.8375 0.999479 
0.845 0.999566 
0.8425 0.999539 
0.85 0.999617 
0.8475 0.999592 
0.855 0.999661 
0.8525 0.99964 
0.86 0.999701 
0.8575 0.999682 
0.865 0.999736 
0.8625 0.999719 
0.87 0.999767 
0.8675 0.999752 
0.875 0.999795 
0.8725 0.999781 
0.88 0.999819 
0.8775 0.999807 
0.885 0.999841 
0.8825 0.99983 
0.89 0.99986 
0.8875 0.999851 
0.895 0.999877 
0.8925 0.999869 
0.9 0.999892 
0.8975 0.999884 
0.905 0.999905 
0.9025 0.999898 
0.91 0.999916 
0.9075 0.999911 
0.915 0.999927 
0.9125 0.999922 
0.92 0.999936 
0.9175 0.999931 
0.925 0.999944 
0.9225 0.99994 
0.93 0.999951 
0.9275 0.999947 
0.935 0.999957 
0.9325 0.999954 
0.94 0.999962 
0.9375 0.99996 
0.945 0.999967 
0.9425 0.999965 
0.95 0.999971 
0.9475 0.999969 
0.955 0.999975 
0.9525 0.999973 
0.96 0.999978 
0.9575 0.999977 
0.965 0.999981 
0.9625 0.99998 
0.97 0.999984 
0.9675 0.999982 
0.975 0.999986 
0.9725 0.999985 
0.98 0.999988 
0.9775 0.999987 
0.985 0.999989 
0.9825 0.999988 
0.99 0.99999 
0.9875 0.99999 
0.995 0.999992 
0.9925 0.999991 
1 0.999993 
0.9975 0.999992 
1.005 0.999993 
1.0025 0.999993 
1.01 0.999994 
1.0075 0.999994 
1.015 0.999994 
1.0125 0.999994 
1.02 0.999994 
1.0175 0.999994 
1.025 0.999995 
1.0225 0.999995 
1.03 0.999994 
1.0275 0.999995 
1.035 0.999994 
1.0325 0.999994 
1.04 0.999994 
1.0375 0.999994 
1.045 0.999993 
1.0425 0.999993 
1.05 0.999992 
1.0475 0.999993 
1.055 0.999991 
1.0525 0.999992 
1.06 0.99999 
1.0575 0.999991 
1.065 0.999988 
1.0625 0.999989 
1.07 0.999986 
1.0675 0.999987 
1.075 0.999984 
1.0725 0.999985 
1.08 0.999981 
1.0775 0.999983 
1.085 0.999978 
1.0825 0.99998 
1.09 0.999975 
1.0875 0.999977 
1.095 0.999971 
1.0925 0.999973 
1.1 0.999966 
1.0975 0.999969 
1.105 0.999961 
1.1025 0.999964 
1.11 0.999955 
1.1075 0.999958 
1.115 0.999948 
1.1125 0.999952 
1.12 0.999941 
1.1175 0.999945 
1.125 0.999932 
1.1225 0.999936 
1.13 0.999922 
1.1275 0.999927 
1.135 0.999911 
1.1325 0.999917 
1.14 0.999898 
1.1375 0.999905 
1.145 0.999884 
1.1425 0.999891 
1.15 0.999868 
1.1475 0.999876 
1.155 0.99985 
1.1525 0.99986 
1.16 0.999831 
1.1575 0.999841 
1.165 0.999808 
1.1625 0.99982 
1.17 0.999783 
1.1675 0.999796 
1.175 0.999755 
1.1725 0.99977 
1.18 0.999724 
1.1775 0.99974 
1.185 0.99969 
1.1825 0.999708 
1.19 0.999651 
1.1875 0.999671 
1.195 0.999609 
1.1925 0.999631 
1.2 0.999561 
1.1975 0.999586 
1.205 0.999509 
1.2025 0.999536 
1.21 0.99945 
1.2075 0.99948 
1.215 0.999386 
1.2125 0.999419 
1.22 0.999314 
1.2175 0.999351 
1.225 0.999235 
1.2225 0.999276 
1.23 0.999148 
1.2275 0.999193 
1.235 0.999052 
1.2325 0.999101 
1.24 0.998946 
1.2375 0.999 
1.245 0.998829 
1.2425 0.998889 
1.25 0.998701 
1.2475 0.998766 
1.255 0.99856 
1.2525 0.998632 
1.26 0.998405 
1.2575 0.998484 
1.265 0.998235 
1.2625 0.998322 
1.27 0.998049 
1.2675 0.998144 
1.275 0.997845 
1.2725 0.997949 
1.28 0.997622 
1.2775 0.997736 
1.285 0.997379 
1.2825 0.997503 
1.29 0.997113 
1.2875 0.997249 
1.295 0.996823 
1.2925 0.996971 
1.3 0.996508 
1.2975 0.996669 
1.305 0.996164 
1.3025 0.99634 
1.31 0.995791 
1.3075 0.995982 
1.315 0.995386 
1.3125 0.995593 
1.32 0.994947 
1.3175 0.995171 
1.325 0.994471 
1.3225 0.994713 
1.33 0.993956 
1.3275 0.994218 
1.335 0.9934 
1.3325 0.993683 
1.34 0.9928 
1.3375 0.993106 
1.345 0.992154 
1.3425 0.992483 
1.35 0.99146 
1.3475 0.991813 
1.355 0.990713 
1.3525 0.991093 
1.36 0.989914 
1.3575 0.99032 
1.365 0.989058 
1.3625 0.989493 
1.37 0.988144 
1.3675 0.988608 
1.375 0.98717 
1.3725 0.987665 
1.38 0.986134 
1.3775 0.98666 
1.385 0.985035 
1.3825 0.985592 
1.39 0.983871 
1.3875 0.984461 
1.395 0.982643 
1.3925 0.983265 
1.4 0.98135 
1.3975 0.982004 
1.405 0.979993 
1.4025 0.980679 
1.41 0.978573 
1.4075 0.979291 
1.415 0.977093 
1.4125 0.977841 
1.42 0.975557 
1.4175 0.976332 
1.425 0.973968 
1.4225 0.974768 
1.43 0.972332 
1.4275 0.973155 
1.435 0.970656 
1.4325 0.971498 
1.44 0.968948 
1.4375 0.969805 
1.445 0.967217 
1.4425 0.968085 
1.45 0.965476 
1.4475 0.966347 
1.455 0.963735 
1.4525 0.964605 
1.46 0.962009 
1.4575 0.96287 
1.465 0.960313 
1.4625 0.961156 
1.47 0.958662 
1.4675 0.959481 
1.475 0.957073 
1.4725 0.957858 
1.48 0.955563 
1.4775 0.956307 
1.485 0.954151 
1.4825 0.954844 
1.49 0.952853 
1.4875 0.953486 
1.495 0.951686 
1.4925 0.952252 
1.5 0.950666 
1.4975 0.951157 
1.505 0.949808 
1.5025 0.950216 
1.51 0.949124 
1.5075 0.949444 
1.515 0.948625 
1.5125 0.948851 
1.52 0.948318 
1.5175 0.948447 
1.525 0.948209 
1.5225 0.948239 
1.53 0.948298 
1.5275 0.948229 
1.535 0.948586 
1.5325 0.948418 
1.54 0.949068 
1.5375 0.948803 
1.545 0.949737 
1.5425 0.949379 
1.55 0.950583 
1.5475 0.950138 
1.555 0.951594 
1.5525 0.951068 
1.56 0.952756 
1.5575 0.952157 
1.565 0.954053 
1.5625 0.953389 
1.57 0.955469 
1.5675 0.954748 
1.575 0.956987 
1.5725 0.956216 
1.58 0.958587 
1.5775 0.957778 
1.585 0.960254 
1.5825 0.959414 
1.59 0.961969 
1.5875 0.961107 
1.595 0.963717 
1.5925 0.96284 
1.6 0.965481 
1.5975 0.964598 
1.605 0.967247 
1.6025 0.966365 
1.61 0.969003 
1.6075 0.968128 
1.615 0.970737 
1.6125 0.969874 
1.62 0.972439 
1.6175 0.971593 
1.625 0.9741 
1.6225 0.973275 
1.63 0.975712 
1.6275 0.974913 
1.635 0.977271 
1.6325 0.976499 
1.64 0.978769 
1.6375 0.978028 
1.645 0.980206 
1.6425 0.979496 
1.65 0.981577 
1.6475 0.9809 
1.655 0.982881 
1.6525 0.982237 
1.66 0.984118 
1.6575 0.983508 
1.665 0.985286 
1.6625 0.98471 
1.67 0.986388 
1.6675 0.985846 
1.675 0.987424 
1.6725 0.986914 
1.68 0.988396 
1.6775 0.987918 
1.685 0.989305 
1.6825 0.988858 
1.69 0.990154 
1.6875 0.989737 
1.695 0.990945 
1.6925 0.990556 
1.7 0.99168 
1.6975 0.991319 
1.705 0.992363 
1.7025 0.992028 
1.71 0.992997 
1.7075 0.992686 
1.715 0.993583 
1.7125 0.993295 
1.72 0.994124 
1.7175 0.993859 
1.725 0.994624 
1.7225 0.994379 
1.73 0.995085 
1.7275 0.994859 
1.735 0.995509 
1.7325 0.995301 
1.74 0.995899 
1.7375 0.995708 
1.745 0.996258 
1.7425 0.996082 
1.75 0.996587 
1.7475 0.996426 
1.755 0.996888 
1.7525 0.996741 
1.76 0.997165 
1.7575 0.99703 
1.765 0.997418 
1.7625 0.997294 
1.77 0.997649 
1.7675 0.997536 
1.775 0.997861 
1.7725 0.997758 
1.78 0.998054 
1.7775 0.99796 
1.785 0.998231 
1.7825 0.998144 
1.79 0.998392 
1.7875 0.998313 
1.795 0.998538 
1.7925 0.998467 
1.8 0.998672 
1.7975 0.998607 
1.805 0.998794 
1.8025 0.998735 
1.81 0.998905 
1.8075 0.998851 
1.815 0.999006 
1.8125 0.998957 
1.82 0.999098 
1.8175 0.999053 
1.825 0.999182 
1.8225 0.999141 
1.83 0.999258 
1.8275 0.999221 
1.835 0.999327 
1.8325 0.999293 
1.84 0.999389 
1.8375 0.999359 
1.845 0.999446 
1.8425 0.999419 
1.85 0.999498 
1.8475 0.999473 
1.855 0.999545 
1.8525 0.999522 
1.86 0.999588 
1.8575 0.999567 
1.865 0.999626 
1.8625 0.999607 
1.87 0.999661 
1.8675 0.999644 
1.875 0.999693 
1.8725 0.999678 
1.88 0.999722 
1.8775 0.999708 
1.885 0.999748 
1.8825 0.999735 
1.89 0.999772 
1.8875 0.99976 
1.895 0.999793 
1.8925 0.999783 
1.9 0.999813 
1.8975 0.999803 
1.905 0.99983 
1.9025 0.999822 
1.91 0.999846 
1.9075 0.999838 
1.915 0.999861 
1.9125 0.999854 
1.92 0.999874 
1.9175 0.999867 
1.925 0.999885 
1.9225 0.99988 
1.93 0.999896 
1.9275 0.999891 
1.935 0.999905 
1.9325 0.999901 
1.94 0.999914 
1.9375 0.99991 
1.945 0.999922 
1.9425 0.999918 
1.95 0.999929 
1.9475 0.999925 
1.955 0.999935 
1.9525 0.999932 
1.96 0.99994 
1.9575 0.999938 
1.965 0.999945 
1.9625 0.999943 
1.97 0.99995 
1.9675 0.999947 
1.975 0.999953 
1.9725 0.999952 
1.98 0.999957 
1.9775 0.999955 
1.985 0.99996 
1.9825 0.999958 
1.99 0.999962 
1.9875 0.999961 
1.995 0.999964 
1.9925 0.999963 
2 0.999966 
1.9975 0.999965 
2.005 0.999967 
2.0025 0.999967 
2.01 0.999968 
2.0075 0.999968 
2.015 0.999969 
2.0125 0.999968 
2.02 0.999969 
2.0175 0.999969 
2.025 0.999969 
2.0225 0.999969 
2.03 0.999969 
2.0275 0.999969 
2.035 0.999968 
2.0325 0.999968 
2.04 0.999967 
2.0375 0.999967 
2.045 0.999965 
2.0425 0.999966 
2.05 0.999963 
2.0475 0.999964 
2.055 0.999961 
2.0525 0.999962 
2.06 0.999958 
2.0575 0.99996 
2.065 0.999955 
2.0625 0.999957 
2.07 0.999951 
2.0675 0.999953 
2.075 0.999947 
2.0725 0.999949 
2.08 0.999942 
2.0775 0.999945 
2.085 0.999937 
2.0825 0.999939 
2.09 0.99993 
2.0875 0.999933 
2.095 0.999923 
2.0925 0.999927 
2.1 0.999915 
2.0975 0.999919 
2.105 0.999907 
2.1025 0.999911 
2.11 0.999897 
2.1075 0.999902 
2.115 0.999886 
2.1125 0.999891 
2.12 0.999873 
2.1175 0.99988 
2.125 0.99986 
2.1225 0.999867 
2.13 0.999844 
2.1275 0.999852 
2.135 0.999827 
2.1325 0.999836 
2.14 0.999809 
2.1375 0.999818 
2.145 0.999788 
2.1425 0.999798 
2.15 0.999764 
2.1475 0.999776 
2.155 0.999739 
2.1525 0.999752 
2.16 0.99971 
2.1575 0.999725 
2.165 0.999678 
2.1625 0.999694 
2.17 0.999643 
2.1675 0.999661 
2.175 0.999604 
2.1725 0.999624 
2.18 0.99956 
2.1775 0.999582 
2.185 0.999512 
2.1825 0.999537 
2.19 0.999459 
2.1875 0.999486 
2.195 0.999399 
2.1925 0.99943 
2.2 0.999334 
2.1975 0.999367 
2.205 0.999261 
2.2025 0.999298 
2.21 0.99918 
2.2075 0.999222 
2.215 0.999091 
2.2125 0.999137 
2.22 0.998992 
2.2175 0.999043 
2.225 0.998883 
2.2225 0.998939 
2.23 0.998762 
2.2275 0.998824 
2.235 0.998627 
2.2325 0.998696 
2.24 0.998479 
2.2375 0.998555 
2.245 0.998314 
2.2425 0.998398 
2.25 0.998132 
2.2475 0.998225 
2.255 0.99793 
2.2525 0.998034 
2.26 0.997707 
2.2575 0.997822 
2.265 0.99746 
2.2625 0.997587 
2.27 0.997187 
2.2675 0.997327 
2.275 0.996885 
2.2725 0.99704 
2.28 0.996551 
2.2775 0.996722 
2.285 0.996181 
2.2825 0.996371 
2.29 0.995773 
2.2875 0.995982 
2.295 0.995321 
2.2925 0.995552 
2.3 0.994821 
2.2975 0.995077 
2.305 0.994269 
2.3025 0.994552 
2.31 0.993659 
2.3075 0.993972 
2.315 0.992984 
2.3125 0.99333 
2.32 0.992239 
2.3175 0.992621 
2.325 0.991416 
2.3225 0.991838 
2.33 0.990507 
2.3275 0.990973 
2.335 0.989503 
2.3325 0.990018 
2.34 0.988395 
2.3375 0.988963 
2.345 0.987172 
2.3425 0.987799 
2.35 0.985823 
2.3475 0.986514 
2.355 0.984335 
2.3525 0.985097 
2.36 0.982694 
2.3575 0.983534 
2.365 0.980885 
2.3625 0.981811 
2.37 0.978891 
2.3675 0.979912 
2.375 0.976696 
2.3725 0.97782 
2.38 0.974279 
2.3775 0.975516 
2.385 0.971619 
2.3825 0.97298 
2.39 0.968694 
2.3875 0.970191 
2.395 0.965478 
2.3925 0.967124 
2.4 0.961946 
2.3975 0.963754 
2.405 0.95807 
2.4025 0.960053 
2.41 0.953817 
2.4075 0.955992 
2.415 0.949158 
2.4125 0.951541 
2.42 0.944055 
2.4175 0.946664 
2.425 0.938475 
2.4225 0.941327 
2.43 0.932378 
2.4275 0.935493 
2.435 0.925724 
2.4325 0.929123 
2.44 0.918473 
2.4375 0.922176 
2.445 0.910582 
2.4425 0.91461 
2.45 0.902007 
2.4475 0.906382 
2.455 0.892705 
2.4525 0.897449 
2.46 0.882633 
2.4575 0.887768 
2.465 0.871748 
2.4625 0.877294 
2.47 0.860009 
2.4675 0.865988 
2.475 0.847379 
2.4725 0.853808 
2.48 0.833823 
2.4775 0.840719 
2.485 0.81931 
2.4825 0.826688 
2.49 0.803818 
2.4875 0.811688 
2.495 0.787328 
2.4925 0.795698 
2.5 0.769832 
2.4975 0.778706 
2.505 0.751331 
2.5025 0.760707 
2.51 0.731836 
2.5075 0.741706 
2.515 0.711369 
2.5125 0.721722 
2.52 0.689967 
2.5175 0.700782 
2.525 0.667676 
2.5225 0.678929 
2.53 0.644559 
2.5275 0.656217 
2.535 0.62069 
2.5325 0.632713 
2.54 0.596155 
2.5375 0.608499 
2.545 0.571053 
2.5425 0.583668 
2.55 0.545495 
2.5475 0.558324 
2.555 0.519599 
2.5525 0.532581 
2.56 0.49349 
2.5575 0.506563 
2.565 0.4673 
2.5625 0.480397 
2.57 0.441163 
2.5675 0.454217 
2.575 0.415213 
2.5725 0.428156 
2.58 0.389582 
2.5775 0.402349 
2.585 0.364397 
2.5825 0.376926 
2.59 0.339779 
2.5875 0.35201 
2.595 0.31584 
2.5925 0.327718 
2.6 0.29268 
2.5975 0.304157 
2.605 0.270389 
2.6025 0.281421 
2.61 0.249043 
2.6075 0.259594 
2.615 0.228702 
2.6125 0.238743 
2.62 0.209414 
2.6175 0.218924 
2.625 0.191212 
2.6225 0.200175 
2.63 0.174115 
2.6275 0.182524 
2.635 0.158128 
2.6325 0.165983 
2.64 0.143246 
2.6375 0.15055 
2.645 0.129451 
2.6425 0.136214 
2.65 0.116714 
2.6475 0.122952 
2.655 0.105002 
2.6525 0.110733 
2.66 0.09427 
2.6575 0.0995161 
2.665 0.0844715 
2.6625 0.0892572 
2.67 0.0755547 
2.6675 0.0799062 
2.675 0.0674652 
2.6725 0.07141 
2.68 0.0601476 
2.6775 0.0637135 
2.685 0.053546 
2.6825 0.0567608 
2.69 0.0476051 
2.6875 0.0504963 
2.695 0.042271 
2.6925 0.0448655 
2.7 0.0374921 
2.6975 0.0398153 
2.705 0.0332187 
2.7025 0.0352951 
2.71 0.0294041 
2.7075 0.0312568 
2.715 0.0260047 
2.7125 0.0276551 
2.72 0.0229797 
2.7175 0.0244478 
2.725 0.0202914 
2.7225 0.0215957 
2.73 0.0179053 
2.7275 0.0190626 
2.735 0.0157898 
2.7325 0.0168156 
2.74 0.0139161 
2.7375 0.0148244 
2.745 0.012258 
2.7425 0.0130616 
2.75 0.010792 
2.7475 0.0115024 
2.755 0.00949675 
2.7525 0.0101243 
2.76 0.00835319 
2.7575 0.00890712 
2.765 0.00734418 
2.7625 0.00783286 
2.77 0.00645442 
2.7675 0.00688529 
2.775 0.00567023 
2.7725 0.00604992 
2.78 0.00497943 
2.7775 0.00531387 
2.785 0.00437119 
2.7825 0.00466562 
2.79 0.00383586 
2.7875 0.00409497 
2.795 0.00336491 
2.7925 0.00359284 
2.8 0.00295075 
2.7975 0.00315117 
2.805 0.00258667 
2.8025 0.00276284 
2.81 0.00226674 
2.8075 0.00242153 
2.815 0.00198569 
2.8125 0.00212165 
2.82 0.00173888 
2.8175 0.00185827 
2.825 0.00152222 
2.8225 0.00162702 
2.83 0.00133208 
2.8275 0.00142405 
2.835 0.00116528 
2.8325 0.00124595 
2.84 0.001019 
2.8375 0.00108974 
2.845 0.000890751 
2.8425 0.000952764 
2.85 0.000778353 
2.8475 0.000832697 
2.855 0.000679878 
2.8525 0.000727486 
2.86 0.000593631 
2.8575 0.000635323 
2.865 0.000518119 
2.8625 0.000554619 
2.87 0.00045203 
2.8675 0.000483972 
2.875 0.000394208 
2.8725 0.000422152 
2.88 0.000343637 
2.8775 0.000368074 
2.885 0.000299425 
2.8825 0.000320787 
2.89 0.000260786 
2.8875 0.000279454 
2.895 0.000227032 
2.8925 0.000243338 
2.9 0.000197555 
2.8975 0.000211793 
2.905 0.000171826 
2.9025 0.000184253 
2.91 0.000149376 
2.9075 0.000160218 
2.915 0.000129796 
2.9125 0.000139251 
2.92 0.000112727 
2.9175 0.000120968 
2.925 9.78529e-05 
2.9225 0.000105034 
2.93 8.48978e-05 
2.9275 9.11514e-05 
2.935 7.36193e-05 
2.9325 7.90629e-05 
2.94 6.3805e-05 
2.9375 6.85413e-05 
2.945 5.52691e-05 
2.9425 5.9388e-05 
2.95 4.78488e-05 
2.9475 5.14289e-05 
2.955 4.14014e-05 
2.9525 4.45117e-05 
2.96 3.58024e-05 
2.9575 3.8503e-05 
2.965 3.09427e-05 
2.9625 3.32864e-05 
2.97 2.6727e-05 
2.9675 2.87598e-05 
2.975 2.30718e-05 
2.9725 2.48341e-05 
2.98 1.99046e-05 
2.9775 2.14314e-05 
2.985 1.71616e-05 
2.9825 1.84837e-05 
2.99 1.47874e-05 
2.9875 1.59316e-05 
2.995 1.27337e-05 
2.9925 1.37233e-05 
3 1.09583e-05 
2.9975 1.18136e-05 
3.005 9.42428e-06 
3.0025 1.01632e-05 
3.01 8.09978e-06 
3.0075 8.73768e-06 
3.015 6.95684e-06 
3.0125 7.50721e-06 
3.02 5.97121e-06 
3.0175 6.44575e-06 
3.025 5.12178e-06 
3.0225 5.53068e-06 
3.03 4.39021e-06 
3.0275 4.74231e-06 
3.035 3.76056e-06 
3.0325 4.06356e-06 
3.04 3.21899e-06 
3.0375 3.47956e-06 
3.045 2.7535e-06 
3.0425 2.97742e-06 
3.05 2.35367e-06 
3.0475 2.54597e-06 
3.055 2.01047e-06 
3.0525 2.1755e-06 
3.06 1.71609e-06 
3.0575 1.85762e-06 
3.065 1.46376e-06 
3.0625 1.58505e-06 
3.07 1.24763e-06 
3.0675 1.35151e-06 
3.075 1.06264e-06 
3.0725 1.15153e-06 
3.08 9.04418e-07 
3.0775 9.80433e-07 
3.085 7.69185e-07 
3.0825 8.34142e-07 
3.09 6.53689e-07 
3.0875 7.09155e-07 
3.095 5.55121e-07 
3.0925 6.02448e-07 
3.1 4.71062e-07 
3.0975 5.11415e-07 
3.105 3.99432e-07 
3.1025 4.33812e-07 
3.11 3.38438e-07 
3.1075 3.67707e-07 
3.115 2.8654e-07 
3.1125 3.11439e-07 
3.12 2.42416e-07 
3.1175 2.63581e-07 
3.125 2.0493e-07 
3.1225 2.22907e-07 
3.13 1.73108e-07 
3.1275 1.88366e-07 
3.135 1.46114e-07 
3.1325 1.59054e-07 
3.14 1.23235e-07 
3.1375 1.34201e-07 
3.145 1.03858e-07 
3.1425 1.13143e-07 
3.15 8.74602e-08 
3.1475 9.53164e-08 
3.155 7.35941e-08 
3.1525 8.02359e-08 
3.16 6.18783e-08 
3.1575 6.7489e-08 
3.165 5.19871e-08 
3.1625 5.6723e-08 
3.17 4.3643e-08 
3.1675 4.76373e-08 
3.175 3.66096e-08 
3.1725 3.99758e-08 
3.18 3.06857e-08 
3.1775 3.35203e-08 
3.185 2.57004e-08 
3.1825 2.80854e-08 
3.19 2.15082e-08 
3.1875 2.35133e-08 
3.195 1.79858e-08 
3.1925 1.96702e-08 
3.2 1.50285e-08 
3.1975 1.64424e-08 
3.205 1.25477e-08 
3.2025 1.37335e-08 
3.21 1.04683e-08 
3.2075 1.14621e-08 
3.215 8.7267e-09 
3.2125 9.55883e-09 
3.22 7.26921e-09 
3.2175 7.96545e-09 
3.225 6.05047e-09 
3.2225 6.63254e-09 
3.23 5.03217e-09 
3.2275 5.51841e-09 
3.235 4.18203e-09 
3.2325 4.58789e-09 
3.24 3.47285e-09 
3.2375 3.81134e-09 
3.245 2.88172e-09 
3.2425 3.16381e-09 
3.25 2.38939e-09 
3.2475 2.62429e-09 
3.255 1.97967e-09 
3.2525 2.17511e-09 
3.26 1.63897e-09 
3.2575 1.80145e-09 
3.265 1.35588e-09 
3.2625 1.49086e-09 
3.27 1.12084e-09 
3.2675 1.23289e-09 
3.275 9.25861e-10 
3.2725 1.01879e-09 
3.28 7.64231e-10 
3.2775 8.4125e-10 
3.285 6.30352e-10 
3.2825 6.94134e-10 
3.29 5.19545e-10 
3.2875 5.72325e-10 
3.295 4.27905e-10 
3.2925 4.71546e-10 
3.3 3.52174e-10 
3.2975 3.88232e-10 
3.305 2.89638e-10 
3.3025 3.19407e-10 
3.31 2.38037e-10 
3.3075 2.62596e-10 
3.315 1.95491e-10 
3.3125 2.15736e-10 
3.32 1.60437e-10 
3.3175 1.77114e-10 
3.325 1.31577e-10 
3.3225 1.45304e-10 
3.33 1.07834e-10 
3.3275 1.19125e-10 
3.335 8.83152e-11 
3.3325 9.75959e-11 
3.34 7.22807e-11 
3.3375 7.99034e-11 
3.345 5.91179e-11 
3.3425 6.53742e-11 
3.35 4.83202e-11 
3.3475 5.34514e-11 
3.355 3.94689e-11 
3.3525 4.36744e-11 
3.36 3.22181e-11 
3.3575 3.56625e-11 
3.365 2.62826e-11 
3.3625 2.91017e-11 
3.37 2.14271e-11 
3.3675 2.37329e-11 
3.375 1.74578e-11 
3.3725 1.93424e-11 
3.38 1.42151e-11 
3.3775 1.57544e-11 
3.385 1.15677e-11 
3.3825 1.28242e-11 
3.39 9.40772e-12 
3.3875 1.04327e-11 
3.395 7.6466e-12 
3.3925 8.48218e-12 
3.4 6.21159e-12 
3.3975 6.89233e-12 
3.405 5.04302e-12 
3.4025 5.59728e-12 
3.41 4.09201e-12 
3.4075 4.54301e-12 
3.415 3.31853e-12 
3.4125 3.68528e-12 
3.42 2.68981e-12 
3.4175 2.98787e-12 
3.425 2.17906e-12 
3.4225 2.42116e-12 
3.43 1.76438e-12 
3.4275 1.96091e-12 
3.435 1.42789e-12 
3.4325 1.58734e-12 
3.44 1.15501e-12 
3.4375 1.2843e-12 
3.445 9.33823e-13 
3.4425 1.03861e-12 
3.45 7.54638e-13 
3.4475 8.39511e-13 
3.455 6.09555e-13 
3.4525 6.78266e-13 
3.46 4.92143e-13 
3.4575 5.47742e-13 
3.465 3.97173e-13 
3.4625 4.42139e-13 
3.47 3.20393e-13 
3.4675 3.56741e-13 
3.475 2.58348e-13 
3.4725 2.87717e-13 
3.48 2.08234e-13 
3.4775 2.31953e-13 
3.485 1.67776e-13 
3.4825 1.86922e-13 
3.49 1.35126e-13 
3.4875 1.50575e-13 
3.495 1.08791e-13 
3.4925 1.21251e-13 
3.5 8.75563e-14 
3.4975 9.76018e-14 
3.505 7.04423e-14 
3.5025 7.85378e-14 
3.51 5.66545e-14 
3.5075 6.31759e-14 
3.515 4.55508e-14 
3.5125 5.08021e-14 
3.52 3.66119e-14 
3.5175 4.0839e-14 
3.525 2.94183e-14 
3.5225 3.28198e-14 
3.53 2.36314e-14 
3.5275 2.63675e-14 
3.535 1.89776e-14 
3.5325 2.11777e-14 
3.54 1.52362e-14 
3.5375 1.70048e-14 
3.545 1.22293e-14 
3.5425 1.36506e-14 
3.55 9.81343e-15 
3.5475 1.09553e-14 
3.555 7.87298e-15 
3.5525 8.79006e-15 
3.56 6.31482e-15 
3.5575 7.05117e-15 
3.565 5.06397e-15 
3.5625 5.65505e-15 
3.57 4.06007e-15 
3.5675 4.53442e-15 
3.575 3.25456e-15 
3.5725 3.63515e-15 
3.58 2.60839e-15 
3.5775 2.91367e-15 
3.585 2.09015e-15 
3.5825 2.33498e-15 
3.59 1.6746e-15 
3.5875 1.87091e-15 
3.595 1.34146e-15 
3.5925 1.49883e-15 
3.6 1.07444e-15 
3.5975 1.20057e-15 
3.605 8.60452e-16 
3.6025 9.61526e-16 
3.61 6.88993e-16 
3.6075 7.69975e-16 
3.615 5.51634e-16 
3.6125 6.16508e-16 
3.62 4.41609e-16 
3.6175 4.93571e-16 
3.625 3.53491e-16 
3.6225 3.95105e-16 
3.63 2.82928e-16 
3.6275 3.16251e-16 
3.635 2.2643e-16 
3.6325 2.5311e-16 
3.64 1.81198e-16 
3.6375 2.02557e-16 
3.645 1.44991e-16 
3.6425 1.62088e-16 
3.65 1.1601e-16 
3.6475 1.29694e-16 
3.655 9.28152e-17 
3.6525 1.03767e-16 
3.66 7.42534e-17 
3.6575 8.30177e-17 
3.665 5.94003e-17 
3.6625 6.64133e-17 
3.67 4.75158e-17 
3.6675 5.31271e-17 
3.675 3.80073e-17 
3.6725 4.24966e-17 
3.68 3.04001e-17 
3.6775 3.39917e-17 
3.685 2.43146e-17 
3.6825 2.71877e-17 
3.69 1.94466e-17 
3.6875 2.17449e-17 
3.695 1.55526e-17 
3.6925 1.7391e-17 
3.7 1.2438e-17 
3.6975 1.39085e-17 
3.705 9.94692e-18 
3.7025 1.1123e-17 
3.71 7.95453e-18 
3.7075 8.89513e-18 
3.715 6.36107e-18 
3.7125 7.11333e-18 
3.72 5.08672e-18 
3.7175 5.68833e-18 
3.725 4.0676e-18 
3.7225 4.54871e-18 
3.73 3.2526e-18 
3.7275 3.63735e-18 
3.735 2.60086e-18 
3.7325 2.90854e-18 
3.74 2.07969e-18 
3.7375 2.32573e-18 
3.745 1.66293e-18 
3.7425 1.85968e-18 
3.75 1.32968e-18 
3.7475 1.487e-18 
3.755 1.0632e-18 
3.7525 1.189e-18 
3.76 8.50117e-19 
3.7575 9.50706e-19 
3.765 6.79734e-19 
3.7625 7.60166e-19 
3.77 5.43496e-19 
3.7675 6.07809e-19 
3.775 4.3456e-19 
3.7725 4.85985e-19 
3.78 3.47457e-19 
3.7775 3.88575e-19 
3.785 2.7781e-19 
3.7825 3.10688e-19 
3.79 2.22123e-19 
3.7875 2.48411e-19 
3.795 1.77596e-19 
3.7925 1.98616e-19 
3.8 1.41995e-19 
3.7975 1.58801e-19 
3.805 1.13529e-19 
3.8025 1.26967e-19 
3.81 9.07689e-20 
3.8075 1.01513e-19 
3.815 7.2571e-20 
3.8125 8.11615e-20 
3.82 5.8021e-20 
3.8175 6.48895e-20 
3.825 4.63875e-20 
3.8225 5.18792e-20 
3.83 3.70862e-20 
3.8275 4.1477e-20 
3.835 2.96495e-20 
3.8325 3.316e-20 
3.84 2.37036e-20 
3.8375 2.65104e-20 
3.845 1.89498e-20 
3.8425 2.11939e-20 
3.85 1.51491e-20 
3.8475 1.69432e-20 
3.855 1.21104e-20 
3.8525 1.35448e-20 
3.86 9.68104e-21 
3.8575 1.08278e-20 
3.865 7.7388e-21 
3.8625 8.65563e-21 
3.87 6.18604e-21 
3.8675 6.91901e-21 
3.875 4.94469e-21 
3.8725 5.53066e-21 
3.88 3.95231e-21 
3.8775 4.42075e-21 
3.885 3.15898e-21 
3.8825 3.53346e-21 
3.89 2.52479e-21 
3.8875 2.82415e-21 
3.895 2.01783e-21 
3.8925 2.25713e-21 
3.9 1.61259e-21 
3.8975 1.80388e-21 
3.905 1.28867e-21 
3.9025 1.44157e-21 
3.91 1.02976e-21 
3.9075 1.15197e-21 
3.915 8.22821e-22 
3.9125 9.205e-22 
3.92 6.57425e-22 
3.9175 7.35494e-22 
3.925 5.2524e-22 
3.9225 5.87632e-22 
3.93 4.19602e-22 
3.9275 4.69463e-22 
3.935 3.35184e-22 
3.9325 3.75029e-22 
3.94 2.67727e-22 
3.9375 2.99566e-22 
3.945 2.13827e-22 
3.9425 2.39267e-22 
3.95 1.70762e-22 
3.9475 1.91088e-22 
3.955 1.36357e-22 
3.9525 1.52595e-22 
3.96 1.08871e-22 
3.9575 1.21843e-22 
3.965 8.69163e-23 
3.9625 9.72778e-23 
3.97 6.93802e-23 
3.9675 7.76559e-23 
3.975 5.53749e-23 
3.9725 6.19842e-23 
3.98 4.41907e-23 
3.9775 4.94685e-23 
3.985 3.52603e-23 
3.9825 3.94744e-23 
3.99 2.81303e-23 
3.9875 3.14947e-23 
3.995 2.24384e-23 
3.9925 2.51241e-23 
4 1.78951e-23 
3.9975 2.00388e-23 
4.005 1.42692e-23 
4.0025 1.598e-23 
4.01 1.13758e-23 
4.0075 1.27409e-23 
4.015 9.06736e-24 
4.0125 1.01565e-23 
4.02 7.22583e-24 
4.0175 8.09459e-24 
4.025 5.75705e-24 
4.0225 6.44993e-24 
4.03 4.58578e-24 
4.0275 5.13829e-24 
4.035 3.65193e-24 
4.0325 4.09242e-24 
4.04 2.90753e-24 
4.0375 3.25864e-24 
4.045 2.31427e-24 
4.0425 2.59408e-24 
4.05 1.84156e-24 
4.0475 2.06449e-24 
4.055 1.46499e-24 
4.0525 1.64257e-24 
4.06 1.16508e-24 
4.0575 1.30651e-24 
4.065 9.2629e-25 
4.0625 1.03889e-24 
4.07 7.36207e-25 
4.0675 8.25829e-25 
4.075 5.8494e-25 
4.0725 6.56256e-25 
4.08 4.64596e-25 
4.0775 5.21329e-25 
4.085 3.68882e-25 
4.0825 4.14e-25 
4.09 2.9278e-25 
4.0875 3.2865e-25 
4.095 2.32292e-25 
4.0925 2.608e-25 
4.1 1.84229e-25 
4.0975 2.06879e-25 
4.105 1.46053e-25 
4.1025 1.64042e-25 
4.11 1.1574e-25 
4.1075 1.30022e-25 
4.115 9.16795e-26 
4.1125 1.03015e-25 
4.12 7.25894e-26 
4.1175 8.15823e-26 
4.125 5.74487e-26 
4.1225 6.45804e-26 
4.13 4.54452e-26 
4.1275 5.10986e-26 
4.135 3.59328e-26 
4.1325 4.04124e-26 
4.14 2.83979e-26 
4.1375 3.19458e-26 
4.145 2.24318e-26 
4.1425 2.52407e-26 
4.15 1.77102e-26 
4.1475 1.99329e-26 
4.155 1.39752e-26 
4.1525 1.57333e-26 
4.16 1.1022e-26 
4.1575 1.24119e-26 
4.165 8.68822e-27 
4.1625 9.78645e-27 
4.17 6.84478e-27 
4.1675 7.71214e-27 
4.175 5.38943e-27 
4.1725 6.07409e-27 
4.18 4.24108e-27 
4.1775 4.78124e-27 
4.185 3.33546e-27 
4.1825 3.76138e-27 
4.19 2.62165e-27 
4.1875 2.95731e-27 
4.195 2.05934e-27 
4.1925 2.32372e-27 
4.2 1.61664e-27 
4.1975 1.82476e-27 
4.205 1.26831e-27 
4.2025 1.43204e-27 
4.21 9.94397e-28 
4.2075 1.12312e-27 
4.215 7.79131e-28 
4.2125 8.80279e-28 
4.22 6.10063e-28 
4.2175 6.8949e-28 
4.225 4.77361e-28 
4.2225 5.39693e-28 
4.23 3.7327e-28 
4.2275 4.22155e-28 
4.235 2.91676e-28 
4.2325 3.29988e-28 
4.24 2.27758e-28 
4.2375 2.57765e-28 
4.245 1.7772e-28 
4.2425 2.01207e-28 
4.25 1.38577e-28 
4.2475 1.56947e-28 
4.255 1.07976e-28 
4.2525 1.22334e-28 
4.26 8.40704e-29 
4.2575 9.52849e-29 
4.265 6.54088e-29 
4.2625 7.41616e-29 
4.27 5.08513e-29 
4.2675 5.76779e-29 
4.275 3.95037e-29 
4.2725 4.4824e-29 
4.28 3.06647e-29 
4.2775 3.4808e-29 
4.285 2.37849e-29 
4.2825 2.70092e-29 
4.29 1.84342e-29 
4.2875 2.09413e-29 
4.295 1.42758e-29 
4.2925 1.62239e-29 
4.3 1.10467e-29 
4.2975 1.25591e-29 
4.305 8.54103e-30 
4.3025 9.71435e-30 
4.31 6.59835e-30 
4.3075 7.50786e-30 
4.315 5.09336e-30 
4.3125 5.79781e-30 
4.32 3.92837e-30 
4.3175 4.47355e-30 
4.325 3.02733e-30 
4.3225 3.4489e-30 
4.33 2.33099e-30 
4.3275 2.65671e-30 
4.335 1.7933e-30 
4.3325 2.04476e-30 
4.34 1.37846e-30 
4.3375 1.57242e-30 
4.345 1.05868e-30 
4.3425 1.20816e-30 
4.35 8.12375e-31 
4.3475 9.27483e-31 
4.355 6.22832e-31 
4.3525 7.11394e-31 
4.36 4.77095e-31 
4.3575 5.45173e-31 
4.365 3.65137e-31 
4.3625 4.17424e-31 
4.37 2.79204e-31 
4.3675 3.19327e-31 
4.375 2.13305e-31 
4.3725 2.44067e-31 
4.38 1.62813e-31 
4.3775 1.86377e-31 
4.385 1.24161e-31 
4.3825 1.42195e-31 
4.39 9.45997e-32 
4.3875 1.08389e-31 
4.395 7.20108e-32 
4.3925 8.25452e-32 
4.4 5.47656e-32 
4.3975 6.2806e-32 
4.405 4.1612e-32 
4.4025 4.77433e-32 
4.41 3.15885e-32 
4.4075 3.62596e-32 
4.415 2.39572e-32 
4.4125 2.75126e-32 
4.42 1.81526e-32 
4.4175 2.08563e-32 
4.425 1.37415e-32 
4.4225 1.57956e-32 
4.43 1.03926e-32 
4.4275 1.19517e-32 
4.435 7.85238e-33 
4.4325 9.03466e-33 
4.44 5.92747e-33 
4.4375 6.82316e-33 
4.445 4.47018e-33 
4.4425 5.1481e-33 
4.45 3.36796e-33 
4.4475 3.88057e-33 
4.455 2.53509e-33 
4.4525 2.92234e-33 
4.46 1.90635e-33 
4.4575 2.19861e-33 
4.465 1.43217e-33 
4.4625 1.65253e-33 
4.47 1.0749e-33 
4.4675 1.24089e-33 
4.475 8.05975e-34 
4.4725 9.30886e-34 
4.48 6.03745e-34 
4.4775 6.97652e-34 
4.485 4.51817e-34 
4.4825 5.22347e-34 
4.49 3.37791e-34 
4.4875 3.90712e-34 
4.495 2.52295e-34 
4.4925 2.91965e-34 
4.5 1.88254e-34 
4.4975 2.17961e-34 
4.505 1.40331e-34 
4.5025 1.62555e-34 
4.51 1.04504e-34 
4.5075 1.21114e-34 
4.515 7.77474e-35 
4.5125 9.01491e-35 
4.52 5.77841e-35 
4.5175 6.70346e-35 
4.525 4.29043e-35 
4.5225 4.97974e-35 
4.53 3.18245e-35 
4.5275 3.69559e-35 
4.535 2.35826e-35 
4.5325 2.73987e-35 
4.54 1.74577e-35 
4.5375 2.02928e-35 
4.545 1.29107e-35 
4.5425 1.50149e-35 
4.55 9.5385e-36 
4.5475 1.10986e-35 
4.555 7.04003e-36 
4.5525 8.19558e-36 
4.56 5.19078e-36 
4.5575 6.04583e-36 
4.565 3.82345e-36 
4.5625 4.4555e-36 
4.57 2.81346e-36 
4.5675 3.2802e-36 
4.575 2.06818e-36 
4.5725 2.4125e-36 
4.58 1.51879e-36 
4.5775 1.77254e-36 
4.585 1.11422e-36 
4.5825 1.30103e-36 
4.59 8.16589e-37 
4.5875 9.53981e-37 
4.595 5.97856e-37 
4.5925 6.988e-37 
4.6 4.3727e-37 
4.5975 5.11359e-37 
4.605 3.19494e-37 
4.6025 3.73817e-37 
4.61 2.33203e-37 
4.6075 2.72993e-37 
4.615 1.70045e-37 
4.6125 1.9916e-37 
4.62 1.23866e-37 
4.6175 1.45148e-37 
4.625 9.01363e-38 
4.6225 1.05677e-37 
4.63 6.55245e-38 
4.6275 7.68608e-38 
4.635 4.75845e-38 
4.6325 5.58454e-38 
4.64 3.4521e-38 
4.6375 4.05347e-38 
4.645 2.50183e-38 
4.6425 2.93916e-38 
4.65 1.81129e-38 
4.6475 2.129e-38 
4.655 1.31001e-38 
4.6525 1.54058e-38 
4.66 9.46496e-39 
4.6575 1.11365e-38 
4.665 6.83151e-39 
4.6625 8.04213e-39 
4.67 4.92573e-39 
4.6675 5.80158e-39 
4.675 3.54796e-39 
4.6725 4.18097e-39 
4.68 2.55295e-39 
4.6775 3.00998e-39 
4.685 1.8351e-39 
4.6825 2.16473e-39 
4.69 1.31775e-39 
4.6875 1.55525e-39 
4.695 9.45276e-40 
4.6925 1.11622e-39 
4.7 6.77391e-40 
4.6975 8.00299e-40 
4.705 4.84925e-40 
4.7025 5.73205e-40 
4.71 3.46787e-40 
4.7075 4.1013e-40 
4.715 2.47745e-40 
4.7125 2.93148e-40 
4.72 1.76808e-40 
4.7175 2.09318e-40 
4.725 1.26052e-40 
4.7225 1.49307e-40 
4.73 8.97748e-41 
4.7275 1.06391e-40 
4.735 6.3872e-41 
4.7325 7.5733e-41 
4.74 4.53963e-41 
4.7375 5.38541e-41 
4.745 3.22318e-41 
4.7425 3.82565e-41 
4.75 2.28613e-41 
4.7475 2.71485e-41 
4.755 1.61983e-41 
4.7525 1.92459e-41 
4.76 1.14655e-41 
4.7575 1.36297e-41 
4.765 8.10719e-42 
4.7625 9.64239e-42 
4.77 5.72664e-42 
4.7675 6.81456e-42 
4.775 4.04095e-42 
4.7725 4.8111e-42 
4.78 2.84852e-42 
4.7775 3.39315e-42 
4.785 2.0059e-42 
4.7825 2.39065e-42 
4.79 1.41108e-42 
4.7875 1.68261e-42 
4.795 9.91626e-43 
4.7925 1.18305e-42 
4.8 6.96142e-43 
4.7975 8.30951e-43 
4.805 4.88204e-43 
4.8025 5.83045e-43 
4.81 3.42025e-43 
4.8075 4.08679e-43 
4.815 2.39369e-43 
4.8125 2.86164e-43 
4.82 1.67353e-43 
4.8175 2.00172e-43 
4.825 1.16883e-43 
4.8225 1.39876e-43 
4.83 8.15499e-44 
4.8275 9.76426e-44 
4.835 5.68394e-44 
4.8325 6.80908e-44 
4.84 3.95758e-44 
4.8375 4.74342e-44 
4.845 2.75274e-44 
4.8425 3.30103e-44 
4.85 1.91273e-44 
4.8475 2.29489e-44 
4.855 1.32769e-44 
4.8525 1.59378e-44 
4.86 9.20652e-45 
4.8575 1.10573e-44 
4.865 6.37748e-45 
4.8625 7.66344e-45 
4.87 4.41323e-45 
4.8675 5.30584e-45 
4.875 3.05085e-45 
4.8725 3.66978e-45 
4.88 2.10688e-45 
4.8775 2.5356e-45 
4.885 1.45349e-45 
4.8825 1.75016e-45 
4.89 1.00171e-45 
4.8875 1.20678e-45 
4.895 6.89649e-46 
4.8925 8.3126e-46 
4.9 4.74318e-46 
4.8975 5.72006e-46 
4.905 3.25888e-46 
4.9025 3.93206e-46 
4.91 2.23677e-46 
4.9075 2.7002e-46 
4.915 1.53367e-46 
4.9125 1.85237e-46 
4.92 1.05051e-46 
4.9175 1.26946e-46 
4.925 7.18833e-47 
4.9225 8.69091e-47 
4.93 4.91375e-47 
4.9275 5.94389e-47 
4.935 3.35553e-47 
4.9325 4.06104e-47 
4.94 2.28916e-47 
4.9375 2.77183e-47 
4.945 1.56016e-47 
4.9425 1.89003e-47 
4.95 1.06236e-47 
4.9475 1.28755e-47 
4.955 7.22829e-48 
4.9525 8.76364e-48 
4.96 4.91576e-48 
4.9575 5.96104e-48 
4.965 3.34361e-48 
4.9625 4.0538e-48 
4.97 2.27783e-48 
4.9675 2.75879e-48 
4.975 1.55893e-48 
4.9725 1.88274e-48 
4.98 1.07881e-48 
4.9775 1.29423e-48 
4.985 7.64939e-49 
4.9825 9.04549e-49 
4.99 5.69678e-49 
4.9875 6.54689e-49 
4.995 4.63298e-49 
4.9925 5.06666e-49 
5 4.29557e-49 
4.9975 4.37907e-49 
