0 6.67539e-06 
0.005 6.7407e-06 
0.0025 6.6917e-06 
0.01 6.93774e-06 
0.0075 6.8226e-06 
0.015 7.26985e-06 
0.0125 7.08661e-06 
0.02 7.74266e-06 
0.0175 7.48822e-06 
0.025 8.36416e-06 
0.0225 8.03423e-06 
0.03 9.14485e-06 
0.0275 8.73385e-06 
0.035 1.00978e-05 
0.0325 9.59887e-06 
0.04 1.1239e-05 
0.0375 1.06438e-05 
0.045 1.25875e-05 
0.0425 1.1886e-05 
0.05 1.41656e-05 
0.0475 1.33463e-05 
0.055 1.59992e-05 
0.0525 1.50486e-05 
0.06 1.81185e-05 
0.0575 1.70211e-05 
0.065 2.05579e-05 
0.0625 1.92958e-05 
0.07 2.33569e-05 
0.0675 2.19098e-05 
0.075 2.65605e-05 
0.0725 2.49051e-05 
0.08 3.02198e-05 
0.0775 2.83298e-05 
0.085 3.43929e-05 
0.0825 3.22382e-05 
0.09 3.91453e-05 
0.0875 3.66922e-05 
0.095 4.45514e-05 
0.0925 4.17617e-05 
0.1 5.06952e-05 
0.0975 4.75255e-05 
0.105 5.76714e-05 
0.1025 5.40729e-05 
0.11 6.55866e-05 
0.1075 6.15044e-05 
0.115 7.45615e-05 
0.1125 6.99335e-05 
0.12 8.47314e-05 
0.1175 7.94879e-05 
0.125 9.62489e-05 
0.1225 9.03114e-05 
0.13 0.000109286 
0.1275 0.000102566 
0.135 0.000124035 
0.1325 0.000116433 
0.14 0.000140714 
0.1375 0.000132119 
0.145 0.000159566 
0.1425 0.000149852 
0.15 0.000180866 
0.1475 0.000169892 
0.155 0.00020492 
0.1525 0.000192528 
0.16 0.000232076 
0.1575 0.000218087 
0.165 0.00026272 
0.1625 0.000246936 
0.17 0.000297288 
0.1675 0.000279484 
0.175 0.000336268 
0.1725 0.000316194 
0.18 0.000380208 
0.1775 0.000357581 
0.185 0.000429722 
0.1825 0.000404227 
0.19 0.0004855 
0.1875 0.000456782 
0.195 0.000548311 
0.1925 0.000515974 
0.2 0.000619023 
0.1975 0.000582622 
0.205 0.000698604 
0.2025 0.00065764 
0.21 0.000788139 
0.2075 0.000742054 
0.215 0.000888845 
0.2125 0.000837014 
0.22 0.00100208 
0.2175 0.000943807 
0.225 0.00112938 
0.2225 0.00106387 
0.23 0.00127244 
0.2275 0.00119882 
0.235 0.00143317 
0.2325 0.00135046 
0.24 0.0016137 
0.2375 0.00152082 
0.245 0.00181644 
0.2425 0.00171214 
0.25 0.00204404 
0.2475 0.00192695 
0.255 0.00229949 
0.2525 0.00216808 
0.26 0.00258614 
0.2575 0.00243869 
0.265 0.0029077 
0.2625 0.0027423 
0.27 0.00326834 
0.2675 0.00308285 
0.275 0.00367271 
0.2725 0.00346475 
0.28 0.004126 
0.2775 0.0038929 
0.285 0.00463399 
0.2825 0.00437277 
0.29 0.00520314 
0.2875 0.00491049 
0.295 0.00584062 
0.2925 0.00551286 
0.3 0.00655446 
0.2975 0.00618746 
0.305 0.00735356 
0.3025 0.00694276 
0.31 0.00824782 
0.3075 0.00778813 
0.315 0.00924828 
0.3125 0.00873404 
0.32 0.0103671 
0.3175 0.00979209 
0.325 0.011618 
0.3225 0.0109752 
0.33 0.0130158 
0.3275 0.0122975 
0.335 0.0145773 
0.3325 0.013775 
0.34 0.0163209 
0.3375 0.0154251 
0.345 0.0182667 
0.3425 0.0172671 
0.35 0.0204371 
0.3475 0.0193223 
0.355 0.0228568 
0.3525 0.0216142 
0.36 0.0255526 
0.3575 0.0241684 
0.365 0.028554 
0.3625 0.0270132 
0.37 0.0318933 
0.3675 0.0301793 
0.375 0.0356052 
0.3725 0.0337004 
0.38 0.0397279 
0.3775 0.0376127 
0.385 0.0443022 
0.3825 0.0419559 
0.39 0.049372 
0.3875 0.0467723 
0.395 0.0549845 
0.3925 0.0521074 
0.4 0.0611894 
0.3975 0.0580097 
0.405 0.0680396 
0.4025 0.0645305 
0.41 0.0755901 
0.4075 0.0717238 
0.415 0.083898 
0.4125 0.0796457 
0.42 0.093022 
0.4175 0.0883543 
0.425 0.103021 
0.4225 0.0979086 
0.43 0.113955 
0.4275 0.108368 
0.435 0.125881 
0.4325 0.11979 
0.44 0.138853 
0.4375 0.132233 
0.445 0.152923 
0.4425 0.145748 
0.45 0.168135 
0.4475 0.160384 
0.455 0.184524 
0.4525 0.17618 
0.46 0.202117 
0.4575 0.193169 
0.465 0.220928 
0.4625 0.21137 
0.47 0.240955 
0.4675 0.23079 
0.475 0.262182 
0.4725 0.251421 
0.48 0.284573 
0.4775 0.273235 
0.485 0.308074 
0.4825 0.296189 
0.49 0.332609 
0.4875 0.320217 
0.495 0.358083 
0.4925 0.345235 
0.5 0.384382 
0.4975 0.371137 
0.505 0.411372 
0.5025 0.397799 
0.51 0.438904 
0.5075 0.42508 
0.515 0.466817 
0.5125 0.452824 
0.52 0.494938 
0.5175 0.480862 
0.525 0.523092 
0.5225 0.509022 
0.53 0.551101 
0.5275 0.537126 
0.535 0.578791 
0.5325 0.564996 
0.54 0.605996 
0.5375 0.592464 
0.545 0.632563 
0.5425 0.619369 
0.55 0.658351 
0.5475 0.645562 
0.555 0.68324 
0.5525 0.670915 
0.56 0.707127 
0.5575 0.695314 
0.565 0.729929 
0.5625 0.718668 
0.57 0.751585 
0.5675 0.740903 
0.575 0.772052 
0.5725 0.761969 
0.58 0.791306 
0.5775 0.781831 
0.585 0.809342 
0.5825 0.800476 
0.59 0.826167 
0.5875 0.817904 
0.595 0.841803 
0.5925 0.834132 
0.6 0.856284 
0.5975 0.849186 
0.605 0.86965 
0.6025 0.863103 
0.61 0.881951 
0.6075 0.87593 
0.615 0.893239 
0.6125 0.887718 
0.62 0.903571 
0.6175 0.898521 
0.625 0.913006 
0.6225 0.908397 
0.63 0.921603 
0.6275 0.917406 
0.635 0.929422 
0.6325 0.925606 
0.64 0.936519 
0.6375 0.933057 
0.645 0.942952 
0.6425 0.939815 
0.65 0.948772 
0.6475 0.945935 
0.655 0.954033 
0.6525 0.95147 
0.66 0.95878 
0.6575 0.956468 
0.665 0.96306 
0.6625 0.960976 
0.67 0.966915 
0.6675 0.965038 
0.675 0.970383 
0.6725 0.968695 
0.68 0.973501 
0.6775 0.971984 
0.685 0.976302 
0.6825 0.974939 
0.69 0.978816 
0.6875 0.977593 
0.695 0.981072 
0.6925 0.979975 
0.7 0.983093 
0.6975 0.98211 
0.705 0.984905 
0.7025 0.984024 
0.71 0.986528 
0.7075 0.985739 
0.715 0.98798 
0.7125 0.987274 
0.72 0.989279 
0.7175 0.988648 
0.725 0.990441 
0.7225 0.989876 
0.73 0.99148 
0.7275 0.990975 
0.735 0.992408 
0.7325 0.991957 
0.74 0.993238 
0.7375 0.992835 
0.745 0.993978 
0.7425 0.993618 
0.75 0.994639 
0.7475 0.994318 
0.755 0.995229 
0.7525 0.994943 
0.76 0.995756 
0.7575 0.9955 
0.765 0.996225 
0.7625 0.995997 
0.77 0.996644 
0.7675 0.996441 
0.775 0.997017 
0.7725 0.996836 
0.78 0.99735 
0.7775 0.997188 
0.785 0.997646 
0.7825 0.997502 
0.79 0.99791 
0.7875 0.997782 
0.795 0.998145 
0.7925 0.998031 
0.8 0.998354 
0.7975 0.998252 
0.805 0.99854 
0.8025 0.998449 
0.81 0.998705 
0.8075 0.998625 
0.815 0.998852 
0.8125 0.998781 
0.82 0.998983 
0.8175 0.99892 
0.825 0.999099 
0.8225 0.999043 
0.83 0.999203 
0.8275 0.999152 
0.835 0.999294 
0.8325 0.99925 
0.84 0.999376 
0.8375 0.999336 
0.845 0.999448 
0.8425 0.999413 
0.85 0.999512 
0.8475 0.999481 
0.855 0.999569 
0.8525 0.999541 
0.86 0.999619 
0.8575 0.999595 
0.865 0.999664 
0.8625 0.999642 
0.87 0.999703 
0.8675 0.999684 
0.875 0.999738 
0.8725 0.999721 
0.88 0.999769 
0.8775 0.999754 
0.885 0.999797 
0.8825 0.999783 
0.89 0.999821 
0.8875 0.999809 
0.895 0.999842 
0.8925 0.999832 
0.9 0.999861 
0.8975 0.999852 
0.905 0.999878 
0.9025 0.99987 
0.91 0.999892 
0.9075 0.999885 
0.915 0.999905 
0.9125 0.999899 
0.92 0.999917 
0.9175 0.999911 
0.925 0.999927 
0.9225 0.999922 
0.93 0.999935 
0.9275 0.999931 
0.935 0.999943 
0.9325 0.999939 
0.94 0.99995 
0.9375 0.999946 
0.945 0.999955 
0.9425 0.999953 
0.95 0.999961 
0.9475 0.999958 
0.955 0.999965 
0.9525 0.999963 
0.96 0.999969 
0.9575 0.999967 
0.965 0.999972 
0.9625 0.99997 
0.97 0.999975 
0.9675 0.999973 
0.975 0.999977 
0.9725 0.999976 
0.98 0.999979 
0.9775 0.999978 
0.985 0.99998 
0.9825 0.999979 
0.99 0.999981 
0.9875 0.999981 
0.995 0.999982 
0.9925 0.999982 
1 0.999982 
0.9975 0.999982 
1.005 0.999983 
1.0025 0.999983 
1.01 0.999982 
1.0075 0.999982 
1.015 0.999982 
1.0125 0.999982 
1.02 0.999981 
1.0175 0.999982 
1.025 0.99998 
1.0225 0.999981 
1.03 0.999979 
1.0275 0.999979 
1.035 0.999977 
1.0325 0.999978 
1.04 0.999975 
1.0375 0.999976 
1.045 0.999972 
1.0425 0.999974 
1.05 0.999969 
1.0475 0.999971 
1.055 0.999966 
1.0525 0.999968 
1.06 0.999962 
1.0575 0.999964 
1.065 0.999958 
1.0625 0.99996 
1.07 0.999953 
1.0675 0.999956 
1.075 0.999947 
1.0725 0.99995 
1.08 0.999941 
1.0775 0.999944 
1.085 0.999934 
1.0825 0.999938 
1.09 0.999926 
1.0875 0.99993 
1.095 0.999917 
1.0925 0.999922 
1.1 0.999907 
1.0975 0.999913 
1.105 0.999896 
1.1025 0.999902 
1.11 0.999884 
1.1075 0.99989 
1.115 0.99987 
1.1125 0.999877 
1.12 0.999855 
1.1175 0.999863 
1.125 0.999838 
1.1225 0.999847 
1.13 0.999819 
1.1275 0.999829 
1.135 0.999798 
1.1325 0.999809 
1.14 0.999775 
1.1375 0.999787 
1.145 0.999749 
1.1425 0.999762 
1.15 0.99972 
1.1475 0.999735 
1.155 0.999688 
1.1525 0.999705 
1.16 0.999653 
1.1575 0.999671 
1.165 0.999614 
1.1625 0.999634 
1.17 0.99957 
1.1675 0.999593 
1.175 0.999523 
1.1725 0.999547 
1.18 0.999469 
1.1775 0.999497 
1.185 0.999411 
1.1825 0.999441 
1.19 0.999346 
1.1875 0.999379 
1.195 0.999274 
1.1925 0.999311 
1.2 0.999195 
1.1975 0.999236 
1.205 0.999108 
1.2025 0.999153 
1.21 0.999012 
1.2075 0.999061 
1.215 0.998905 
1.2125 0.99896 
1.22 0.998788 
1.2175 0.998848 
1.225 0.998659 
1.2225 0.998725 
1.23 0.998516 
1.2275 0.998589 
1.235 0.998359 
1.2325 0.99844 
1.24 0.998187 
1.2375 0.998275 
1.245 0.997996 
1.2425 0.998094 
1.25 0.997787 
1.2475 0.997894 
1.255 0.997556 
1.2525 0.997674 
1.26 0.997303 
1.2575 0.997433 
1.265 0.997024 
1.2625 0.997167 
1.27 0.996718 
1.2675 0.996875 
1.275 0.996381 
1.2725 0.996553 
1.28 0.996011 
1.2775 0.9962 
1.285 0.995604 
1.2825 0.995812 
1.29 0.995158 
1.2875 0.995386 
1.295 0.994668 
1.2925 0.994919 
1.3 0.99413 
1.2975 0.994405 
1.305 0.993539 
1.3025 0.993841 
1.31 0.992892 
1.3075 0.993223 
1.315 0.992182 
1.3125 0.992545 
1.32 0.991403 
1.3175 0.991801 
1.325 0.99055 
1.3225 0.990986 
1.33 0.989614 
1.3275 0.990093 
1.335 0.98859 
1.3325 0.989114 
1.34 0.987468 
1.3375 0.988042 
1.345 0.986241 
1.3425 0.986868 
1.35 0.984897 
1.3475 0.985584 
1.355 0.983427 
1.3525 0.984179 
1.36 0.98182 
1.3575 0.982642 
1.365 0.980064 
1.3625 0.980962 
1.37 0.978145 
1.3675 0.979126 
1.375 0.97605 
1.3725 0.977121 
1.38 0.973764 
1.3775 0.974932 
1.385 0.971271 
1.3825 0.972544 
1.39 0.968553 
1.3875 0.969941 
1.395 0.965592 
1.3925 0.967104 
1.4 0.962369 
1.3975 0.964014 
1.405 0.958863 
1.4025 0.960653 
1.41 0.955053 
1.4075 0.956998 
1.415 0.950916 
1.4125 0.953027 
1.42 0.946429 
1.4175 0.948718 
1.425 0.941566 
1.4225 0.944046 
1.43 0.936303 
1.4275 0.938986 
1.435 0.930613 
1.4325 0.933513 
1.44 0.92447 
1.4375 0.9276 
1.445 0.917848 
1.4425 0.921221 
1.45 0.91072 
1.4475 0.914349 
1.455 0.903061 
1.4525 0.906959 
1.46 0.894846 
1.4575 0.899025 
1.465 0.886051 
1.4625 0.890522 
1.47 0.876656 
1.4675 0.88143 
1.475 0.866641 
1.4725 0.871727 
1.48 0.855991 
1.4775 0.861396 
1.485 0.844696 
1.4825 0.850425 
1.49 0.832748 
1.4875 0.838804 
1.495 0.820147 
1.4925 0.826529 
1.5 0.806897 
1.4975 0.813602 
1.505 0.79301 
1.5025 0.800032 
1.51 0.778507 
1.5075 0.785834 
1.515 0.763414 
1.5125 0.771032 
1.52 0.747768 
1.5175 0.755658 
1.525 0.731613 
1.5225 0.739751 
1.53 0.715002 
1.5275 0.723361 
1.535 0.697999 
1.5325 0.706546 
1.54 0.680674 
1.5375 0.689372 
1.545 0.663106 
1.5425 0.671915 
1.55 0.645379 
1.5475 0.654257 
1.555 0.627587 
1.5525 0.636486 
1.56 0.609827 
1.5575 0.618697 
1.565 0.592199 
1.5625 0.60099 
1.57 0.574808 
1.5675 0.583467 
1.575 0.557758 
1.5725 0.566234 
1.58 0.541156 
1.5775 0.549394 
1.585 0.525104 
1.5825 0.533054 
1.59 0.509705 
1.5875 0.517317 
1.595 0.495057 
1.5925 0.502281 
1.6 0.481253 
1.5975 0.488044 
1.605 0.468381 
1.6025 0.474695 
1.61 0.456524 
1.6075 0.462321 
1.615 0.445757 
1.6125 0.451 
1.62 0.436149 
1.6175 0.440804 
1.625 0.42776 
1.6225 0.431799 
1.63 0.420644 
1.6275 0.42404 
1.635 0.414845 
1.6325 0.417577 
1.64 0.410398 
1.6375 0.41245 
1.645 0.407331 
1.6425 0.408691 
1.65 0.405663 
1.6475 0.406322 
1.655 0.405402 
1.6525 0.405356 
1.66 0.406548 
1.6575 0.405799 
1.665 0.409092 
1.6625 0.407646 
1.67 0.413017 
1.6675 0.410884 
1.675 0.418296 
1.6725 0.415489 
1.68 0.424895 
1.6775 0.421433 
1.685 0.432772 
1.6825 0.428677 
1.69 0.441877 
1.6875 0.437174 
1.695 0.452153 
1.6925 0.446872 
1.7 0.463539 
1.6975 0.457712 
1.705 0.475966 
1.7025 0.469627 
1.71 0.489357 
1.7075 0.482546 
1.715 0.503635 
1.7125 0.496391 
1.72 0.518712 
1.7175 0.511079 
1.725 0.5345 
1.7225 0.526523 
1.73 0.550905 
1.7275 0.542631 
1.735 0.567828 
1.7325 0.559308 
1.74 0.58517 
1.7375 0.576453 
1.745 0.60283 
1.7425 0.593967 
1.75 0.620703 
1.7475 0.611746 
1.755 0.638688 
1.7525 0.629688 
1.76 0.656685 
1.7575 0.647692 
1.765 0.674596 
1.7625 0.665657 
1.77 0.692328 
1.7675 0.68349 
1.775 0.709793 
1.7725 0.701099 
1.78 0.726911 
1.7775 0.7184 
1.785 0.743608 
1.7825 0.735317 
1.79 0.759821 
1.7875 0.751779 
1.795 0.775492 
1.7925 0.767727 
1.8 0.790575 
1.7975 0.78311 
1.805 0.805034 
1.8025 0.797885 
1.81 0.818839 
1.8075 0.81202 
1.815 0.831972 
1.8125 0.825491 
1.82 0.844421 
1.8175 0.838282 
1.825 0.856182 
1.8225 0.850387 
1.83 0.867257 
1.8275 0.861805 
1.835 0.877657 
1.8325 0.872541 
1.84 0.887395 
1.8375 0.882608 
1.845 0.896489 
1.8425 0.892021 
1.85 0.904961 
1.8475 0.900801 
1.855 0.912836 
1.8525 0.908972 
1.86 0.92014 
1.8575 0.916558 
1.865 0.926902 
1.8625 0.923587 
1.87 0.93315 
1.8675 0.930088 
1.875 0.938914 
1.8725 0.93609 
1.88 0.944222 
1.8775 0.941623 
1.885 0.949105 
1.8825 0.946715 
1.89 0.953589 
1.8875 0.951395 
1.895 0.957704 
1.8925 0.955691 
1.9 0.961474 
1.8975 0.95963 
1.905 0.964925 
1.9025 0.963238 
1.91 0.968082 
1.9075 0.966539 
1.915 0.970967 
1.9125 0.969557 
1.92 0.9736 
1.9175 0.972314 
1.925 0.976004 
1.9225 0.97483 
1.93 0.978195 
1.9275 0.977125 
1.935 0.980192 
1.9325 0.979217 
1.94 0.982011 
1.9375 0.981123 
1.945 0.983667 
1.9425 0.982858 
1.95 0.985173 
1.9475 0.984438 
1.955 0.986544 
1.9525 0.985875 
1.96 0.98779 
1.9575 0.987181 
1.965 0.988922 
1.9625 0.988369 
1.97 0.989951 
1.9675 0.989449 
1.975 0.990885 
1.9725 0.990429 
1.98 0.991734 
1.9775 0.99132 
1.985 0.992504 
1.9825 0.992129 
1.99 0.993204 
1.9875 0.992863 
1.995 0.993838 
1.9925 0.993529 
2 0.994414 
1.9975 0.994133 
2.005 0.994937 
2.0025 0.994682 
2.01 0.995411 
2.0075 0.995179 
2.015 0.99584 
2.0125 0.995631 
2.02 0.99623 
2.0175 0.99604 
2.025 0.996583 
2.0225 0.996411 
2.03 0.996903 
2.0275 0.996747 
2.035 0.997194 
2.0325 0.997052 
2.04 0.997457 
2.0375 0.997328 
2.045 0.997695 
2.0425 0.997579 
2.05 0.997911 
2.0475 0.997806 
2.055 0.998107 
2.0525 0.998011 
2.06 0.998284 
2.0575 0.998197 
2.065 0.998444 
2.0625 0.998366 
2.07 0.99859 
2.0675 0.998519 
2.075 0.998721 
2.0725 0.998657 
2.08 0.99884 
2.0775 0.998782 
2.085 0.998948 
2.0825 0.998895 
2.09 0.999045 
2.0875 0.998998 
2.095 0.999133 
2.0925 0.99909 
2.1 0.999213 
2.0975 0.999174 
2.105 0.999285 
2.1025 0.99925 
2.11 0.999349 
2.1075 0.999318 
2.115 0.999408 
2.1125 0.999379 
2.12 0.99946 
2.1175 0.999434 
2.125 0.999507 
2.1225 0.999484 
2.13 0.999549 
2.1275 0.999529 
2.135 0.999587 
2.1325 0.999569 
2.14 0.999621 
2.1375 0.999605 
2.145 0.999651 
2.1425 0.999636 
2.15 0.999678 
2.1475 0.999665 
2.155 0.999701 
2.1525 0.99969 
2.16 0.999721 
2.1575 0.999712 
2.165 0.999739 
2.1625 0.999731 
2.17 0.999754 
2.1675 0.999747 
2.175 0.999767 
2.1725 0.999761 
2.18 0.999777 
2.1775 0.999772 
2.185 0.999786 
2.1825 0.999782 
2.19 0.999792 
2.1875 0.999789 
2.195 0.999796 
2.1925 0.999795 
2.2 0.999799 
2.1975 0.999798 
2.205 0.9998 
2.2025 0.9998 
2.21 0.999799 
2.2075 0.999799 
2.215 0.999796 
2.2125 0.999797 
2.22 0.999791 
2.2175 0.999794 
2.225 0.999785 
2.2225 0.999788 
2.23 0.999777 
2.2275 0.999781 
2.235 0.999767 
2.2325 0.999772 
2.24 0.999756 
2.2375 0.999762 
2.245 0.999742 
2.2425 0.999749 
2.25 0.999727 
2.2475 0.999735 
2.255 0.99971 
2.2525 0.999719 
2.26 0.999691 
2.2575 0.999701 
2.265 0.99967 
2.2625 0.999681 
2.27 0.999647 
2.2675 0.999659 
2.275 0.999622 
2.2725 0.999635 
2.28 0.999595 
2.2775 0.999609 
2.285 0.999565 
2.2825 0.99958 
2.29 0.999533 
2.2875 0.999549 
2.295 0.999498 
2.2925 0.999515 
2.3 0.99946 
2.2975 0.999479 
2.305 0.99942 
2.3025 0.999441 
2.31 0.999377 
2.3075 0.999399 
2.315 0.999331 
2.3125 0.999354 
2.32 0.999281 
2.3175 0.999306 
2.325 0.999228 
2.3225 0.999255 
2.33 0.999172 
2.3275 0.9992 
2.335 0.999111 
2.3325 0.999142 
2.34 0.999047 
2.3375 0.99908 
2.345 0.998979 
2.3425 0.999013 
2.35 0.998906 
2.3475 0.998943 
2.355 0.998828 
2.3525 0.998868 
2.36 0.998746 
2.3575 0.998788 
2.365 0.998658 
2.3625 0.998703 
2.37 0.998566 
2.3675 0.998613 
2.375 0.998467 
2.3725 0.998517 
2.38 0.998362 
2.3775 0.998415 
2.385 0.998251 
2.3825 0.998307 
2.39 0.998133 
2.3875 0.998193 
2.395 0.998007 
2.3925 0.998071 
2.4 0.997874 
2.3975 0.997942 
2.405 0.997733 
2.4025 0.997805 
2.41 0.997584 
2.4075 0.99766 
2.415 0.997425 
2.4125 0.997505 
2.42 0.997256 
2.4175 0.997342 
2.425 0.997077 
2.4225 0.997168 
2.43 0.996887 
2.4275 0.996984 
2.435 0.996686 
2.4325 0.996788 
2.44 0.996471 
2.4375 0.99658 
2.445 0.996243 
2.4425 0.996359 
2.45 0.996001 
2.4475 0.996124 
2.455 0.995744 
2.4525 0.995874 
2.46 0.995469 
2.4575 0.995609 
2.465 0.995178 
2.4625 0.995326 
2.47 0.994867 
2.4675 0.995025 
2.475 0.994536 
2.4725 0.994704 
2.48 0.994183 
2.4775 0.994363 
2.485 0.993807 
2.4825 0.993998 
2.49 0.993406 
2.4875 0.99361 
2.495 0.992977 
2.4925 0.993195 
2.5 0.992519 
2.4975 0.992752 
2.505 0.99203 
2.5025 0.992278 
2.51 0.991507 
2.5075 0.991773 
2.515 0.990947 
2.5125 0.991231 
2.52 0.990348 
2.5175 0.990652 
2.525 0.989706 
2.5225 0.990032 
2.53 0.989019 
2.5275 0.989368 
2.535 0.988282 
2.5325 0.988657 
2.54 0.987492 
2.5375 0.987894 
2.545 0.986645 
2.5425 0.987076 
2.55 0.985735 
2.5475 0.986198 
2.555 0.984758 
2.5525 0.985255 
2.56 0.98371 
2.5575 0.984243 
2.565 0.982583 
2.5625 0.983156 
2.57 0.981372 
2.5675 0.981988 
2.575 0.980071 
2.5725 0.980733 
2.58 0.978672 
2.5775 0.979384 
2.585 0.977167 
2.5825 0.977933 
2.59 0.975549 
2.5875 0.976373 
2.595 0.973809 
2.5925 0.974695 
2.6 0.971937 
2.5975 0.97289 
2.605 0.969923 
2.6025 0.970948 
2.61 0.967757 
2.6075 0.96886 
2.615 0.965427 
2.6125 0.966613 
2.62 0.962921 
2.6175 0.964197 
2.625 0.960227 
2.6225 0.961599 
2.63 0.957329 
2.6275 0.958804 
2.635 0.954215 
2.6325 0.9558 
2.64 0.950868 
2.6375 0.952572 
2.645 0.947273 
2.6425 0.949102 
2.65 0.943411 
2.6475 0.945376 
2.655 0.939267 
2.6525 0.941376 
2.66 0.93482 
2.6575 0.937082 
2.665 0.930051 
2.6625 0.932477 
2.67 0.924941 
2.6675 0.92754 
2.675 0.919468 
2.6725 0.922251 
2.68 0.913611 
2.6775 0.916589 
2.685 0.907348 
2.6825 0.910532 
2.69 0.900657 
2.6875 0.904058 
2.695 0.893515 
2.6925 0.897144 
2.7 0.885899 
2.6975 0.889767 
2.705 0.877786 
2.7025 0.881906 
2.71 0.869155 
2.7075 0.873537 
2.715 0.859983 
2.7125 0.864638 
2.72 0.85025 
2.7175 0.855188 
2.725 0.839935 
2.7225 0.845166 
2.73 0.82902 
2.7275 0.834554 
2.735 0.817488 
2.7325 0.823332 
2.74 0.805325 
2.7375 0.811487 
2.745 0.792519 
2.7425 0.799003 
2.75 0.779059 
2.7475 0.785871 
2.755 0.764941 
2.7525 0.772083 
2.76 0.750162 
2.7575 0.757634 
2.765 0.734723 
2.7625 0.742524 
2.77 0.71863 
2.7675 0.726758 
2.775 0.701896 
2.7725 0.710342 
2.78 0.684534 
2.7775 0.693292 
2.785 0.666568 
2.7825 0.675625 
2.79 0.648024 
2.7875 0.657367 
2.795 0.628935 
2.7925 0.638545 
2.8 0.609339 
2.7975 0.619198 
2.805 0.589281 
2.8025 0.599365 
2.81 0.568811 
2.8075 0.579094 
2.815 0.547984 
2.8125 0.558438 
2.82 0.526861 
2.8175 0.537455 
2.825 0.505507 
2.8225 0.516209 
2.83 0.483991 
2.8275 0.494765 
2.835 0.462386 
2.8325 0.473195 
2.84 0.440766 
2.8375 0.451573 
2.845 0.419207 
2.8425 0.429974 
2.85 0.397786 
2.8475 0.408475 
2.855 0.376579 
2.8525 0.387151 
2.86 0.355658 
2.8575 0.366078 
2.865 0.335096 
2.8625 0.345328 
2.87 0.31496 
2.8675 0.324971 
2.875 0.295311 
2.8725 0.305071 
2.88 0.276208 
2.8775 0.285688 
2.885 0.257701 
2.8825 0.266877 
2.89 0.239835 
2.8875 0.248686 
2.895 0.222645 
2.8925 0.231153 
2.9 0.206164 
2.8975 0.214315 
2.905 0.190414 
2.9025 0.198196 
2.91 0.175411 
2.9075 0.182818 
2.915 0.161165 
2.9125 0.168193 
2.92 0.14768 
2.9175 0.154327 
2.925 0.134955 
2.9225 0.141223 
2.93 0.122983 
2.9275 0.128876 
2.935 0.111753 
2.9325 0.117276 
2.94 0.10125 
2.9375 0.106412 
2.945 0.091456 
2.9425 0.0962655 
2.95 0.0823511 
2.9475 0.0868188 
2.955 0.0739127 
2.9525 0.07805 
2.96 0.066117 
2.9575 0.0699361 
2.965 0.0589388 
2.9625 0.0624523 
2.97 0.0523522 
2.9675 0.0555732 
2.975 0.0463306 
2.9725 0.0492724 
2.98 0.0408469 
2.9775 0.0435232 
2.985 0.0358736 
2.9825 0.0382981 
2.99 0.0313828 
2.9875 0.0335696 
2.995 0.0273462 
2.9925 0.0293095 
3 0.0237353 
2.9975 0.0254893 
3.005 0.020521 
3.0025 0.0220804 
3.01 0.0176744 
3.0075 0.0190536 
3.015 0.0151663 
3.0125 0.0163799 
3.02 0.0129677 
3.0175 0.0140301 
3.025 0.0110501 
3.0225 0.0119755 
3.03 0.00938591 
3.0275 0.0101881 
3.035 0.00794834 
3.0325 0.00864041 
3.04 0.0067121 
3.0375 0.00730657 
3.045 0.00565345 
3.0425 0.00616199 
3.05 0.00475043 
3.0475 0.00518379 
3.055 0.00398291 
3.0525 0.00435091 
3.06 0.00333271 
3.0575 0.0036442 
3.065 0.00278354 
3.0625 0.00304644 
3.07 0.00232097 
3.0675 0.00254226 
3.075 0.00193228 
3.0725 0.00211812 
3.08 0.00160641 
3.0775 0.00176213 
3.085 0.00133375 
3.0825 0.00146397 
3.09 0.00110602 
3.0875 0.00121474 
3.095 0.00091613 
3.0925 0.00100674 
3.1 0.000758032 
3.0975 0.000833448 
3.105 0.000626584 
3.1025 0.000689265 
3.11 0.000517432 
3.1075 0.000569465 
3.115 0.0004269 
3.1125 0.000470044 
3.12 0.000351896 
3.1175 0.00038763 
3.125 0.00028982 
3.1225 0.000319387 
3.13 0.000238495 
3.1275 0.000262935 
3.135 0.000196098 
3.1325 0.000216282 
3.14 0.000161108 
3.1375 0.000177761 
3.145 0.000132256 
3.1425 0.000145985 
3.15 0.000108485 
3.1475 0.000119794 
3.155 8.89173e-05 
3.1525 9.82245e-05 
3.16 7.28224e-05 
3.1575 8.04762e-05 
3.165 5.95946e-05 
3.1625 6.58837e-05 
3.17 4.87318e-05 
3.1675 5.38954e-05 
3.175 3.98183e-05 
3.1725 4.40544e-05 
3.18 3.25098e-05 
3.1775 3.59824e-05 
3.185 2.65222e-05 
3.1825 2.93667e-05 
3.19 2.16206e-05 
3.1875 2.39486e-05 
3.195 1.7611e-05 
3.1925 1.9515e-05 
3.2 1.43337e-05 
3.1975 1.58896e-05 
3.205 1.16571e-05 
3.2025 1.29276e-05 
3.21 9.47284e-06 
3.2075 1.05094e-05 
3.215 7.6917e-06 
3.2125 8.53678e-06 
3.22 6.24045e-06 
3.2175 6.92887e-06 
3.225 5.05894e-06 
3.2225 5.61928e-06 
3.23 4.0978e-06 
3.2275 4.55353e-06 
3.235 3.31656e-06 
3.2325 3.68691e-06 
3.24 2.68206e-06 
3.2375 2.98279e-06 
3.245 2.16716e-06 
3.2425 2.41115e-06 
3.25 1.74966e-06 
3.2475 1.94745e-06 
3.255 1.41141e-06 
3.2525 1.57162e-06 
3.26 1.1376e-06 
3.2575 1.26726e-06 
3.265 9.16132e-07 
3.2625 1.02098e-06 
3.27 7.37154e-07 
3.2675 8.21871e-07 
3.275 5.92637e-07 
3.2725 6.61028e-07 
3.28 4.76043e-07 
3.2775 5.31207e-07 
3.285 3.82059e-07 
3.2825 4.26515e-07 
3.29 3.06364e-07 
3.2875 3.42161e-07 
3.295 2.45452e-07 
3.2925 2.74251e-07 
3.3 1.96478e-07 
3.2975 2.19628e-07 
3.305 1.57138e-07 
3.3025 1.7573e-07 
3.31 1.25564e-07 
3.3075 1.40482e-07 
3.315 1.00245e-07 
3.3125 1.12205e-07 
3.32 7.99599e-08 
3.3175 8.95396e-08 
3.325 6.37226e-08 
3.3225 7.1389e-08 
3.33 5.07368e-08 
3.3275 5.68665e-08 
3.335 4.03609e-08 
3.3325 4.52575e-08 
3.34 3.20778e-08 
3.3375 3.59858e-08 
3.345 2.54714e-08 
3.3425 2.85876e-08 
3.35 2.0207e-08 
3.3475 2.26896e-08 
3.355 1.6016e-08 
3.3525 1.79919e-08 
3.36 1.26825e-08 
3.3575 1.42537e-08 
3.365 1.00335e-08 
3.3625 1.12818e-08 
3.37 7.93045e-09 
3.3675 8.92124e-09 
3.375 6.26236e-09 
3.3725 7.04804e-09 
3.38 4.94052e-09 
3.3775 5.56296e-09 
3.385 3.89403e-09 
3.3825 4.38668e-09 
3.39 3.06631e-09 
3.3875 3.45588e-09 
3.395 2.41226e-09 
3.3925 2.72001e-09 
3.4 1.89591e-09 
3.3975 2.13881e-09 
3.405 1.48868e-09 
3.4025 1.6802e-09 
3.41 1.1678e-09 
3.4075 1.31867e-09 
3.415 9.15216e-10 
3.4125 1.03395e-09 
3.42 7.16573e-10 
3.4175 8.09923e-10 
3.425 5.60506e-10 
3.4225 6.33829e-10 
3.43 4.38008e-10 
3.4275 4.95545e-10 
3.435 3.41951e-10 
3.4325 3.87056e-10 
3.44 2.66701e-10 
3.4375 3.02027e-10 
3.445 2.07809e-10 
3.4425 2.35449e-10 
3.45 1.61764e-10 
3.4475 1.83369e-10 
3.455 1.25799e-10 
3.4525 1.42669e-10 
3.46 9.77341e-11 
3.4575 1.10895e-10 
3.465 7.58562e-11 
3.4625 8.61135e-11 
3.47 5.88181e-11 
3.4675 6.68042e-11 
3.475 4.55621e-11 
3.4725 5.17738e-11 
3.48 3.5259e-11 
3.4775 4.00857e-11 
3.485 2.72589e-11 
3.4825 3.10057e-11 
3.49 2.10533e-11 
3.4875 2.39589e-11 
3.495 1.62443e-11 
3.4925 1.84954e-11 
3.5 1.25214e-11 
3.4975 1.42636e-11 
3.505 9.6422e-12 
3.5025 1.09892e-11 
3.51 7.41769e-12 
3.5075 8.45815e-12 
3.515 5.70074e-12 
3.5125 6.50359e-12 
3.52 4.37687e-12 
3.5175 4.99574e-12 
3.525 3.3571e-12 
3.5225 3.83369e-12 
3.53 2.57238e-12 
3.5275 2.93902e-12 
3.535 1.96913e-12 
3.5325 2.25091e-12 
3.54 1.50585e-12 
3.5375 1.72219e-12 
3.545 1.15043e-12 
3.5425 1.31636e-12 
3.55 8.78028e-13 
3.5475 1.00517e-12 
3.555 6.69462e-13 
3.5525 7.66778e-13 
3.56 5.09934e-13 
3.5575 5.84349e-13 
3.565 3.88036e-13 
3.5625 4.44882e-13 
3.57 2.94986e-13 
3.5675 3.38368e-13 
3.575 2.24029e-13 
3.5725 2.57102e-13 
3.58 1.69973e-13 
3.5775 1.95161e-13 
3.585 1.28833e-13 
3.5825 1.47998e-13 
3.59 9.75559e-14 
3.5875 1.12123e-13 
3.595 7.37998e-14 
3.5925 8.48606e-14 
3.6 5.57745e-14 
3.5975 6.41648e-14 
3.605 4.2111e-14 
3.6025 4.84693e-14 
3.61 3.17643e-14 
3.6075 3.65778e-14 
3.615 2.39368e-14 
3.6125 2.75774e-14 
3.62 1.80211e-14 
3.6175 2.07718e-14 
3.625 1.35546e-14 
3.6225 1.56309e-14 
3.63 1.01855e-14 
3.6275 1.17512e-14 
3.635 7.64679e-15 
3.6325 8.82633e-15 
3.64 5.73555e-15 
3.6375 6.62331e-15 
3.645 4.2981e-15 
3.6425 4.96562e-15 
3.65 3.21802e-15 
3.6475 3.71946e-15 
3.655 2.40722e-15 
3.6525 2.78355e-15 
3.66 1.79914e-15 
3.6575 2.08131e-15 
3.665 1.34352e-15 
3.6625 1.55489e-15 
3.67 1.00244e-15 
3.6675 1.16063e-15 
3.675 7.47336e-16 
3.6725 8.65624e-16 
3.68 5.56708e-16 
3.6775 6.45079e-16 
3.685 4.14383e-16 
3.6825 4.80346e-16 
3.69 3.08213e-16 
3.6875 3.57408e-16 
3.695 2.29079e-16 
3.6925 2.65739e-16 
3.7 1.70146e-16 
3.6975 1.97442e-16 
3.705 1.2629e-16 
3.7025 1.46598e-16 
3.71 9.36809e-17 
3.7075 1.08778e-16 
3.715 6.94512e-17 
3.7125 8.06666e-17 
3.72 5.14609e-17 
3.7175 5.97867e-17 
3.725 3.81122e-17 
3.7225 4.42888e-17 
3.73 2.8214e-17 
3.7275 3.27932e-17 
3.735 2.08787e-17 
3.7325 2.42717e-17 
3.74 1.54458e-17 
3.7375 1.79585e-17 
3.745 1.14239e-17 
3.7425 1.32838e-17 
3.75 8.4479e-18 
3.7475 9.82394e-18 
3.755 6.2467e-18 
3.7525 7.2644e-18 
3.76 4.61912e-18 
3.7575 5.37155e-18 
3.765 3.41598e-18 
3.7625 3.97216e-18 
3.77 2.52676e-18 
3.7675 2.93781e-18 
3.775 1.86963e-18 
3.7725 2.17339e-18 
3.78 1.38401e-18 
3.7775 1.60849e-18 
3.785 1.02511e-18 
3.7825 1.19102e-18 
3.79 7.59817e-19 
3.7875 8.82464e-19 
3.795 5.63652e-19 
3.7925 6.54348e-19 
3.8 4.18543e-19 
3.7975 4.85642e-19 
3.805 3.11144e-19 
3.8025 3.60814e-19 
3.81 2.31601e-19 
3.8075 2.68396e-19 
3.815 1.72641e-19 
3.8125 1.99921e-19 
3.82 1.28895e-19 
3.8175 1.49141e-19 
3.825 9.64017e-20 
3.8225 1.11445e-19 
3.83 7.22359e-20 
3.8275 8.34278e-20 
3.835 5.42378e-20 
3.8325 6.25766e-20 
3.84 4.0812e-20 
3.8375 4.70352e-20 
3.845 3.07797e-20 
3.8425 3.54322e-20 
3.85 2.32689e-20 
3.8475 2.67538e-20 
3.855 1.76345e-20 
3.8525 2.02503e-20 
3.86 1.33985e-20 
3.8575 1.53662e-20 
3.865 1.02065e-20 
3.8625 1.16902e-20 
3.87 7.79554e-21 
3.8675 8.91697e-21 
3.875 5.96986e-21 
3.8725 6.81962e-21 
3.88 4.58383e-21 
3.8775 5.22941e-21 
3.885 3.52881e-21 
3.8825 4.02056e-21 
3.89 2.72359e-21 
3.8875 3.09917e-21 
3.895 2.10737e-21 
3.8925 2.395e-21 
3.9 1.63452e-21 
3.8975 1.85539e-21 
3.905 1.27072e-21 
3.9025 1.44077e-21 
3.91 9.90087e-22 
3.9075 1.12136e-21 
3.915 7.73054e-22 
3.9125 8.74641e-22 
3.92 6.04793e-22 
3.9175 6.83602e-22 
3.925 4.74033e-22 
3.9225 5.35315e-22 
3.93 3.72185e-22 
3.9275 4.19945e-22 
3.935 2.92686e-22 
3.9325 3.29987e-22 
3.94 2.30505e-22 
3.9375 2.59695e-22 
3.945 1.81777e-22 
3.9425 2.04663e-22 
3.95 1.43525e-22 
3.9475 1.61499e-22 
3.955 1.13446e-22 
3.9525 1.27586e-22 
3.96 8.97598e-23 
3.9575 1.00899e-22 
3.965 7.10809e-23 
3.9625 7.98678e-23 
3.97 5.63327e-23 
3.9675 6.32728e-23 
3.975 4.46749e-23 
3.9725 5.01623e-23 
3.98 3.54506e-23 
3.9775 3.97936e-23 
3.985 2.81452e-23 
3.9825 3.15855e-23 
3.99 2.23549e-23 
3.9875 2.50822e-23 
3.995 1.77622e-23 
3.9925 1.99258e-23 
4 1.41172e-23 
3.9975 1.58346e-23 
4.005 1.12228e-23 
4.0025 1.25868e-23 
4.01 8.92348e-24 
4.0075 1.00071e-23 
4.015 7.09613e-24 
4.0125 7.95741e-24 
4.02 5.64343e-24 
4.0175 6.32817e-24 
4.025 4.48828e-24 
4.0225 5.0328e-24 
4.03 3.56957e-24 
4.0275 4.00266e-24 
4.035 2.83879e-24 
4.0325 3.18329e-24 
4.04 2.25745e-24 
4.0375 2.53151e-24 
4.045 1.79496e-24 
4.0425 2.01299e-24 
4.05 1.42703e-24 
4.0475 1.60049e-24 
4.055 1.13433e-24 
4.0525 1.27232e-24 
4.06 9.01497e-25 
4.0575 1.01126e-24 
4.065 7.16299e-25 
4.0625 8.03602e-25 
4.07 5.69012e-25 
4.0675 6.38441e-25 
4.075 4.51893e-25 
4.0725 5.07099e-25 
4.08 3.5878e-25 
4.0775 4.02668e-25 
4.085 2.84768e-25 
4.0825 3.19651e-25 
4.09 2.25951e-25 
4.0875 2.53671e-25 
4.095 1.79223e-25 
4.0925 2.01244e-25 
4.1 1.42108e-25 
4.0975 1.59597e-25 
4.105 1.12637e-25 
4.1025 1.26523e-25 
4.11 8.9244e-26 
4.1075 1.00265e-25 
4.115 7.06808e-26 
4.1125 7.94259e-26 
4.12 5.59556e-26 
4.1175 6.28919e-26 
4.125 4.4279e-26 
4.1225 4.97787e-26 
4.13 3.50235e-26 
4.1275 3.93824e-26 
4.135 2.76899e-26 
4.1325 3.11433e-26 
4.14 2.18815e-26 
4.1375 2.46164e-26 
4.145 1.72832e-26 
4.1425 1.94481e-26 
4.15 1.36443e-26 
4.1475 1.53573e-26 
4.155 1.07661e-26 
4.1525 1.21208e-26 
4.16 8.49055e-27 
4.1575 9.56148e-27 
4.165 6.69238e-27 
4.1625 7.53854e-27 
4.17 5.27214e-27 
4.1675 5.94037e-27 
4.175 4.15097e-27 
4.1725 4.67841e-27 
4.18 3.26635e-27 
4.1775 3.68245e-27 
4.185 2.56875e-27 
4.1825 2.89684e-27 
4.19 2.01894e-27 
4.1875 2.27748e-27 
4.195 1.58584e-27 
4.1925 1.78947e-27 
4.2 1.24488e-27 
4.1975 1.40516e-27 
4.205 9.76612e-28 
4.2025 1.1027e-27 
4.21 7.65665e-28 
4.2075 8.64798e-28 
4.215 5.99891e-28 
4.2125 6.77783e-28 
4.22 4.69699e-28 
4.2175 5.30862e-28 
4.225 3.67515e-28 
4.2225 4.15512e-28 
4.23 2.87366e-28 
4.2275 3.25006e-28 
4.235 2.24541e-28 
4.2325 2.5404e-28 
4.24 1.75328e-28 
4.2375 1.98432e-28 
4.245 1.36804e-28 
4.2425 1.54886e-28 
4.25 1.06668e-28 
4.2475 1.20811e-28 
4.255 8.31101e-29 
4.2525 9.41636e-29 
4.26 6.47073e-29 
4.2575 7.33403e-29 
4.265 5.03418e-29 
4.2625 5.70796e-29 
4.27 3.91361e-29 
4.2675 4.43908e-29 
4.275 3.04015e-29 
4.2725 3.44966e-29 
4.28 2.35981e-29 
4.2775 2.67872e-29 
4.285 1.8303e-29 
4.2825 2.07846e-29 
4.29 1.41849e-29 
4.2875 1.61145e-29 
4.295 1.09846e-29 
4.2925 1.24838e-29 
4.3 8.49954e-30 
4.2975 9.66346e-30 
4.305 6.57137e-30 
4.3025 7.47427e-30 
4.31 5.07647e-30 
4.3075 5.77633e-30 
4.315 3.91842e-30 
4.3125 4.46046e-30 
4.32 3.02204e-30 
4.3175 3.44151e-30 
4.325 2.32877e-30 
4.3225 2.65312e-30 
4.33 1.79303e-30 
4.3275 2.04362e-30 
4.335 1.37936e-30 
4.3325 1.57282e-30 
4.34 1.06023e-30 
4.3375 1.20944e-30 
4.345 8.14232e-31 
4.3425 9.29223e-31 
4.35 6.24769e-31 
4.3475 7.13313e-31 
4.355 4.78975e-31 
4.3525 5.47095e-31 
4.36 3.66881e-31 
4.3575 4.19243e-31 
4.365 2.80773e-31 
4.3625 3.20987e-31 
4.37 2.14683e-31 
4.3675 2.45541e-31 
4.375 1.64004e-31 
4.3725 1.87661e-31 
4.38 1.25176e-31 
4.3775 1.43296e-31 
4.385 9.54543e-32 
4.3825 1.09322e-31 
4.39 7.27237e-32 
4.3875 8.33267e-32 
4.395 5.53555e-32 
4.3925 6.34552e-32 
4.4 4.20967e-32 
4.3975 4.82785e-32 
4.405 3.19842e-32 
4.4025 3.66979e-32 
4.41 2.42785e-32 
4.4075 2.78694e-32 
4.415 1.84122e-32 
4.4125 2.11453e-32 
4.42 1.39503e-32 
4.4175 1.60285e-32 
4.425 1.05598e-32 
4.4225 1.21386e-32 
4.43 7.98581e-33 
4.4275 9.18411e-33 
4.435 6.03356e-33 
4.4325 6.94219e-33 
4.44 4.55425e-33 
4.4375 5.24258e-33 
4.445 3.43437e-33 
4.4425 3.95532e-33 
4.45 2.5874e-33 
4.4475 2.9813e-33 
4.455 1.94744e-33 
4.4525 2.24499e-33 
4.46 1.46436e-33 
4.4575 1.68892e-33 
4.465 1.10006e-33 
4.4625 1.26936e-33 
4.47 8.25588e-34 
4.4675 9.53105e-34 
4.475 6.19e-34 
4.4725 7.14954e-34 
4.48 4.63656e-34 
4.4775 5.3579e-34 
4.485 3.46959e-34 
4.4825 4.01133e-34 
4.49 2.59381e-34 
4.4875 3.00026e-34 
4.495 1.93719e-34 
4.4925 2.24185e-34 
4.5 1.44537e-34 
4.4975 1.67351e-34 
4.505 1.07736e-34 
4.5025 1.24802e-34 
4.51 8.02259e-35 
4.5075 9.298e-35 
4.515 5.96814e-35 
4.5125 6.92036e-35 
4.52 4.43542e-35 
4.5175 5.14563e-35 
4.525 3.29306e-35 
4.5225 3.82225e-35 
4.53 2.44249e-35 
4.5275 2.8364e-35 
4.535 1.80981e-35 
4.5325 2.10274e-35 
4.54 1.33968e-35 
4.5375 1.55729e-35 
4.545 9.90688e-36 
4.5425 1.15218e-35 
4.55 7.31875e-36 
4.5475 8.51607e-36 
4.555 5.40135e-36 
4.5525 6.28814e-36 
4.56 3.98228e-36 
4.5575 4.63842e-36 
4.565 2.93309e-36 
4.5625 3.41807e-36 
4.57 2.15815e-36 
4.5675 2.51626e-36 
4.575 1.58636e-36 
4.5725 1.85052e-36 
4.58 1.16488e-36 
4.5775 1.35954e-36 
4.585 8.54522e-37 
4.5825 9.97826e-37 
4.59 6.26218e-37 
4.5875 7.31606e-37 
4.595 4.58447e-37 
4.5925 5.35871e-37 
4.6 3.35283e-37 
4.5975 3.92106e-37 
4.605 2.4496e-37 
4.6025 2.8662e-37 
4.61 1.78787e-37 
4.6075 2.09299e-37 
4.615 1.30357e-37 
4.6125 1.52682e-37 
4.62 9.49497e-38 
4.6175 1.11267e-37 
4.625 6.90891e-38 
4.6225 8.10036e-38 
4.63 5.02207e-38 
4.6275 5.89114e-38 
4.635 3.64681e-38 
4.6325 4.28007e-38 
4.64 2.64545e-38 
4.6375 3.10641e-38 
4.645 1.91709e-38 
4.6425 2.25229e-38 
4.65 1.38785e-38 
4.6475 1.63134e-38 
4.655 1.00369e-38 
4.6525 1.18038e-38 
4.66 7.25118e-39 
4.6575 8.53211e-39 
4.665 5.23329e-39 
4.6625 6.16091e-39 
4.67 3.77308e-39 
4.6675 4.44415e-39 
4.675 2.71752e-39 
4.6725 3.20249e-39 
4.68 1.95525e-39 
4.6775 2.30537e-39 
4.685 1.40536e-39 
4.6825 1.65786e-39 
4.69 1.00909e-39 
4.6875 1.191e-39 
4.695 7.23806e-40 
4.6925 8.54729e-40 
4.7 5.18645e-40 
4.6975 6.12772e-40 
4.705 3.71254e-40 
4.7025 4.38858e-40 
4.71 2.65477e-40 
4.7075 3.1398e-40 
4.715 1.89643e-40 
4.7125 2.24406e-40 
4.72 1.35332e-40 
4.7175 1.60221e-40 
4.725 9.64751e-41 
4.7225 1.14277e-40 
4.73 6.87044e-41 
4.7275 8.14241e-41 
4.735 4.88773e-41 
4.7325 5.79561e-41 
4.74 3.47363e-41 
4.7375 4.12096e-41 
4.745 2.46611e-41 
4.7425 2.92719e-41 
4.75 1.74902e-41 
4.7475 2.0771e-41 
4.755 1.23917e-41 
4.7525 1.47237e-41 
4.76 8.7704e-42 
4.7575 1.04262e-41 
4.765 6.201e-42 
4.7625 7.37553e-42 
4.77 4.37982e-42 
4.7675 5.21209e-42 
4.775 3.09033e-42 
4.7725 3.67945e-42 
4.78 2.17824e-42 
4.7775 2.59482e-42 
4.785 1.53377e-42 
4.7825 1.82804e-42 
4.79 1.07887e-42 
4.7875 1.28652e-42 
4.795 7.58105e-43 
4.7925 9.04485e-43 
4.8 5.32162e-43 
4.7975 6.35241e-43 
4.805 3.73174e-43 
4.8025 4.45687e-43 
4.81 2.61416e-43 
4.8075 3.12374e-43 
4.815 1.8294e-43 
4.8125 2.18712e-43 
4.82 1.2789e-43 
4.8175 1.52976e-43 
4.825 8.93137e-44 
4.8225 1.06888e-43 
4.83 6.23095e-44 
4.8275 7.46085e-44 
4.835 4.34254e-44 
4.8325 5.20237e-44 
4.84 3.02335e-44 
4.8375 3.62383e-44 
4.845 2.10274e-44 
4.8425 2.52168e-44 
4.85 1.46096e-44 
4.8475 1.75293e-44 
4.855 1.01402e-44 
4.8525 1.21729e-44 
4.86 7.03084e-45 
4.8575 8.44458e-45 
4.865 4.86994e-45 
4.8625 5.85217e-45 
4.87 3.36973e-45 
4.8675 4.05145e-45 
4.875 2.32928e-45 
4.8725 2.80194e-45 
4.88 1.60843e-45 
4.8775 1.93581e-45 
4.885 1.10953e-45 
4.8825 1.33605e-45 
4.89 7.64594e-46 
4.8875 9.21162e-46 
4.895 5.26355e-46 
4.8925 6.34463e-46 
4.9 3.61979e-46 
4.8975 4.36548e-46 
4.905 2.48681e-46 
4.9025 3.00064e-46 
4.91 1.70671e-46 
4.9075 2.0604e-46 
4.915 1.17013e-46 
4.9125 1.41334e-46 
4.92 8.01424e-47 
4.9175 9.68497e-47 
4.925 5.48341e-47 
4.9225 6.6299e-47 
4.93 3.74798e-47 
4.9275 4.53393e-47 
4.935 2.55921e-47 
4.9325 3.09743e-47 
4.94 1.74575e-47 
4.9375 2.11394e-47 
4.945 1.1897e-47 
4.9425 1.44131e-47 
4.95 8.10029e-48 
4.9475 9.81774e-48 
4.955 5.51094e-48 
4.9525 6.68181e-48 
4.96 3.7475e-48 
4.9575 4.54456e-48 
4.965 2.54874e-48 
4.9625 3.09025e-48 
4.97 1.73616e-48 
4.9675 2.10285e-48 
4.975 1.1881e-48 
4.9725 1.43495e-48 
4.98 8.22106e-49 
4.9775 9.86314e-49 
4.985 5.82856e-49 
4.9825 6.89271e-49 
4.99 4.34028e-49 
4.9875 4.98822e-49 
4.995 3.52948e-49 
4.9925 3.86001e-49 
5 3.27232e-49 
4.9975 3.33597e-49 
