0 8.73252e-06 
0.005 8.81751e-06 
0.0025 8.75375e-06 
0.01 9.07391e-06 
0.0075 8.92408e-06 
0.015 9.50606e-06 
0.0125 9.26763e-06 
0.02 1.01212e-05 
0.0175 9.7902e-06 
0.025 1.09298e-05 
0.0225 1.05006e-05 
0.03 1.19453e-05 
0.0275 1.14107e-05 
0.035 1.31847e-05 
0.0325 1.25358e-05 
0.04 1.46686e-05 
0.0375 1.38946e-05 
0.045 1.64217e-05 
0.0425 1.55098e-05 
0.05 1.84728e-05 
0.0475 1.7408e-05 
0.055 2.08555e-05 
0.0525 1.96204e-05 
0.06 2.36088e-05 
0.0575 2.21832e-05 
0.065 2.67771e-05 
0.0625 2.5138e-05 
0.07 3.04115e-05 
0.0675 2.85326e-05 
0.075 3.45701e-05 
0.0725 3.24214e-05 
0.08 3.9319e-05 
0.0775 3.68663e-05 
0.085 4.4733e-05 
0.0825 4.19378e-05 
0.09 5.0897e-05 
0.0875 4.77155e-05 
0.095 5.79068e-05 
0.0925 5.42897e-05 
0.1 6.58709e-05 
0.0975 6.17623e-05 
0.105 7.49113e-05 
0.1025 7.02483e-05 
0.11 8.51659e-05 
0.1075 7.98775e-05 
0.115 9.67898e-05 
0.1125 9.07962e-05 
0.12 0.000109958 
0.1175 0.000103169 
0.125 0.000124867 
0.1225 0.000117181 
0.13 0.000141738 
0.1275 0.000133042 
0.135 0.000160819 
0.1325 0.000150985 
0.14 0.000182391 
0.1375 0.000171275 
0.145 0.000206767 
0.1425 0.000194208 
0.15 0.000234301 
0.1475 0.000220116 
0.155 0.000265387 
0.1525 0.000249373 
0.16 0.000300472 
0.1575 0.0002824 
0.165 0.000340053 
0.1625 0.000319666 
0.17 0.00038469 
0.1675 0.000361702 
0.175 0.000435012 
0.1725 0.000409098 
0.18 0.000491722 
0.1775 0.000462521 
0.185 0.00055561 
0.1825 0.000522716 
0.19 0.000627559 
0.1875 0.000590517 
0.195 0.000708563 
0.1925 0.000666863 
0.2 0.00079973 
0.1975 0.000752801 
0.205 0.000902305 
0.2025 0.000849508 
0.21 0.00101768 
0.2075 0.000958299 
0.215 0.00114742 
0.2125 0.00108065 
0.22 0.00129326 
0.2175 0.00121821 
0.225 0.00145716 
0.2225 0.00137282 
0.23 0.00164131 
0.2275 0.00154656 
0.235 0.00184814 
0.2325 0.00174172 
0.24 0.0020804 
0.2375 0.00196091 
0.245 0.00234113 
0.2425 0.002207 
0.25 0.00263376 
0.2475 0.00248323 
0.255 0.00296209 
0.2525 0.00279321 
0.26 0.00333039 
0.2575 0.00314096 
0.265 0.00374341 
0.2625 0.00353099 
0.27 0.00420646 
0.2675 0.00396833 
0.275 0.00472546 
0.2725 0.00445857 
0.28 0.005307 
0.2775 0.00500797 
0.285 0.00595844 
0.2825 0.00562349 
0.29 0.00668797 
0.2875 0.0063129 
0.295 0.0075047 
0.2925 0.00708483 
0.3 0.00841876 
0.2975 0.00794889 
0.305 0.00944141 
0.3025 0.00891576 
0.31 0.0105851 
0.3075 0.00999731 
0.315 0.0118638 
0.3125 0.0112067 
0.32 0.0132928 
0.3175 0.0125585 
0.325 0.0148891 
0.3225 0.0140689 
0.33 0.0166714 
0.3275 0.0157557 
0.335 0.0186605 
0.3325 0.0176387 
0.34 0.0208791 
0.3375 0.0197396 
0.345 0.0233523 
0.3425 0.0220822 
0.35 0.0261075 
0.3475 0.0246928 
0.355 0.0291748 
0.3525 0.0276002 
0.36 0.0325869 
0.3575 0.0308356 
0.365 0.0363793 
0.3625 0.0344332 
0.37 0.0405907 
0.3675 0.0384301 
0.375 0.0452626 
0.3725 0.0428664 
0.38 0.0504396 
0.3775 0.0477851 
0.385 0.0561693 
0.3825 0.0532322 
0.39 0.0625022 
0.3875 0.0592571 
0.395 0.0694916 
0.3925 0.0659114 
0.4 0.077193 
0.3975 0.0732497 
0.405 0.0856639 
0.4025 0.0813286 
0.41 0.0949632 
0.4075 0.0902063 
0.415 0.10515 
0.4125 0.099942 
0.42 0.116284 
0.4175 0.110595 
0.425 0.128421 
0.4225 0.122223 
0.43 0.141616 
0.4275 0.134883 
0.435 0.155918 
0.4325 0.148625 
0.44 0.17137 
0.4375 0.163497 
0.445 0.188006 
0.4425 0.179538 
0.45 0.20585 
0.4475 0.196776 
0.455 0.224912 
0.4525 0.215228 
0.46 0.245189 
0.4575 0.2349 
0.465 0.266661 
0.4625 0.255778 
0.47 0.289286 
0.4675 0.277832 
0.475 0.313008 
0.4725 0.301015 
0.48 0.337746 
0.4775 0.325256 
0.485 0.363401 
0.4825 0.350466 
0.49 0.389855 
0.4875 0.376536 
0.495 0.416971 
0.4925 0.403339 
0.5 0.444596 
0.4975 0.43073 
0.505 0.472567 
0.5025 0.458549 
0.51 0.500711 
0.5075 0.486629 
0.515 0.528851 
0.5125 0.514792 
0.52 0.556809 
0.5175 0.542863 
0.525 0.584413 
0.5225 0.570665 
0.53 0.611499 
0.5275 0.59803 
0.535 0.637917 
0.5325 0.624801 
0.54 0.66353 
0.5375 0.650832 
0.545 0.68822 
0.5425 0.675997 
0.55 0.711889 
0.5475 0.700187 
0.555 0.734459 
0.5525 0.723315 
0.56 0.755872 
0.5575 0.745313 
0.565 0.77609 
0.5625 0.766132 
0.57 0.795093 
0.5675 0.785744 
0.575 0.812877 
0.5725 0.804137 
0.58 0.829454 
0.5775 0.821315 
0.585 0.844848 
0.5825 0.837297 
0.59 0.859095 
0.5875 0.852113 
0.595 0.872236 
0.5925 0.865801 
0.6 0.884323 
0.5975 0.878408 
0.605 0.895408 
0.6025 0.889987 
0.61 0.90555 
0.6075 0.900593 
0.615 0.914807 
0.6125 0.910285 
0.62 0.923239 
0.6175 0.919122 
0.625 0.930903 
0.6225 0.927163 
0.63 0.937859 
0.6275 0.934466 
0.635 0.944161 
0.6325 0.941088 
0.64 0.949862 
0.6375 0.947083 
0.645 0.955012 
0.6425 0.952503 
0.65 0.95966 
0.6475 0.957396 
0.655 0.963849 
0.6525 0.961809 
0.66 0.967622 
0.6575 0.965785 
0.665 0.971015 
0.6625 0.969364 
0.67 0.974066 
0.6675 0.972581 
0.675 0.976806 
0.6725 0.975473 
0.68 0.979265 
0.6775 0.978069 
0.685 0.981471 
0.6825 0.980398 
0.69 0.983449 
0.6875 0.982487 
0.695 0.985221 
0.6925 0.984359 
0.7 0.986808 
0.6975 0.986036 
0.705 0.988228 
0.7025 0.987538 
0.71 0.989499 
0.7075 0.988881 
0.715 0.990636 
0.7125 0.990083 
0.72 0.991652 
0.7175 0.991158 
0.725 0.99256 
0.7225 0.992119 
0.73 0.993371 
0.7275 0.992977 
0.735 0.994096 
0.7325 0.993744 
0.74 0.994743 
0.7375 0.994429 
0.745 0.99532 
0.7425 0.99504 
0.75 0.995836 
0.7475 0.995585 
0.755 0.996295 
0.7525 0.996072 
0.76 0.996705 
0.7575 0.996506 
0.765 0.997071 
0.7625 0.996893 
0.77 0.997396 
0.7675 0.997238 
0.775 0.997687 
0.7725 0.997546 
0.78 0.997945 
0.7775 0.99782 
0.785 0.998175 
0.7825 0.998064 
0.79 0.99838 
0.7875 0.998281 
0.795 0.998563 
0.7925 0.998474 
0.8 0.998725 
0.7975 0.998646 
0.805 0.998869 
0.8025 0.998799 
0.81 0.998998 
0.8075 0.998935 
0.815 0.999112 
0.8125 0.999056 
0.82 0.999213 
0.8175 0.999164 
0.825 0.999303 
0.8225 0.99926 
0.83 0.999383 
0.8275 0.999345 
0.835 0.999454 
0.8325 0.99942 
0.84 0.999517 
0.8375 0.999487 
0.845 0.999573 
0.8425 0.999546 
0.85 0.999623 
0.8475 0.999599 
0.855 0.999667 
0.8525 0.999646 
0.86 0.999706 
0.8575 0.999687 
0.865 0.99974 
0.8625 0.999724 
0.87 0.999771 
0.8675 0.999756 
0.875 0.999798 
0.8725 0.999785 
0.88 0.999822 
0.8775 0.99981 
0.885 0.999843 
0.8825 0.999833 
0.89 0.999862 
0.8875 0.999853 
0.895 0.999878 
0.8925 0.99987 
0.9 0.999893 
0.8975 0.999886 
0.905 0.999905 
0.9025 0.999899 
0.91 0.999917 
0.9075 0.999911 
0.915 0.999926 
0.9125 0.999922 
0.92 0.999935 
0.9175 0.999931 
0.925 0.999943 
0.9225 0.999939 
0.93 0.999949 
0.9275 0.999946 
0.935 0.999955 
0.9325 0.999952 
0.94 0.99996 
0.9375 0.999958 
0.945 0.999965 
0.9425 0.999963 
0.95 0.999968 
0.9475 0.999967 
0.955 0.999972 
0.9525 0.99997 
0.96 0.999974 
0.9575 0.999973 
0.965 0.999977 
0.9625 0.999976 
0.97 0.999979 
0.9675 0.999978 
0.975 0.99998 
0.9725 0.999979 
0.98 0.999981 
0.9775 0.999981 
0.985 0.999982 
0.9825 0.999982 
0.99 0.999983 
0.9875 0.999982 
0.995 0.999983 
0.9925 0.999983 
1 0.999983 
0.9975 0.999983 
1.005 0.999983 
1.0025 0.999983 
1.01 0.999982 
1.0075 0.999982 
1.015 0.999981 
1.0125 0.999982 
1.02 0.99998 
1.0175 0.999981 
1.025 0.999978 
1.0225 0.999979 
1.03 0.999977 
1.0275 0.999978 
1.035 0.999975 
1.0325 0.999976 
1.04 0.999972 
1.0375 0.999973 
1.045 0.999969 
1.0425 0.999971 
1.05 0.999966 
1.0475 0.999968 
1.055 0.999962 
1.0525 0.999964 
1.06 0.999958 
1.0575 0.99996 
1.065 0.999953 
1.0625 0.999956 
1.07 0.999948 
1.0675 0.999951 
1.075 0.999942 
1.0725 0.999945 
1.08 0.999935 
1.0775 0.999939 
1.085 0.999928 
1.0825 0.999932 
1.09 0.999919 
1.0875 0.999924 
1.095 0.99991 
1.0925 0.999915 
1.1 0.999899 
1.0975 0.999905 
1.105 0.999888 
1.1025 0.999894 
1.11 0.999874 
1.1075 0.999881 
1.115 0.99986 
1.1125 0.999867 
1.12 0.999844 
1.1175 0.999852 
1.125 0.999825 
1.1225 0.999835 
1.13 0.999805 
1.1275 0.999816 
1.135 0.999783 
1.1325 0.999794 
1.14 0.999758 
1.1375 0.999771 
1.145 0.99973 
1.1425 0.999744 
1.15 0.999699 
1.1475 0.999715 
1.155 0.999665 
1.1525 0.999683 
1.16 0.999627 
1.1575 0.999647 
1.165 0.999585 
1.1625 0.999607 
1.17 0.999538 
1.1675 0.999562 
1.175 0.999486 
1.1725 0.999513 
1.18 0.999428 
1.1775 0.999458 
1.185 0.999364 
1.1825 0.999397 
1.19 0.999293 
1.1875 0.999329 
1.195 0.999214 
1.1925 0.999255 
1.2 0.999127 
1.1975 0.999171 
1.205 0.999029 
1.2025 0.999079 
1.21 0.998922 
1.2075 0.998977 
1.215 0.998803 
1.2125 0.998864 
1.22 0.99867 
1.2175 0.998738 
1.225 0.998524 
1.2225 0.998599 
1.23 0.998362 
1.2275 0.998445 
1.235 0.998182 
1.2325 0.998274 
1.24 0.997982 
1.2375 0.998085 
1.245 0.997762 
1.2425 0.997875 
1.25 0.997517 
1.2475 0.997642 
1.255 0.997246 
1.2525 0.997385 
1.26 0.996946 
1.2575 0.9971 
1.265 0.996614 
1.2625 0.996785 
1.27 0.996247 
1.2675 0.996435 
1.275 0.99584 
1.2725 0.996048 
1.28 0.995389 
1.2775 0.99562 
1.285 0.994891 
1.2825 0.995146 
1.29 0.994339 
1.2875 0.994622 
1.295 0.993728 
1.2925 0.994041 
1.3 0.993053 
1.2975 0.993399 
1.305 0.992306 
1.3025 0.992689 
1.31 0.991479 
1.3075 0.991903 
1.315 0.990565 
1.3125 0.991034 
1.32 0.989555 
1.3175 0.990073 
1.325 0.988438 
1.3225 0.98901 
1.33 0.987203 
1.3275 0.987836 
1.335 0.985839 
1.3325 0.986538 
1.34 0.984333 
1.3375 0.985105 
1.345 0.982669 
1.3425 0.983521 
1.35 0.980832 
1.3475 0.981773 
1.355 0.978804 
1.3525 0.979843 
1.36 0.976568 
1.3575 0.977714 
1.365 0.974103 
1.3625 0.975365 
1.37 0.971385 
1.3675 0.972777 
1.375 0.968392 
1.3725 0.969925 
1.38 0.965097 
1.3775 0.966784 
1.385 0.961473 
1.3825 0.963328 
1.39 0.957489 
1.3875 0.959528 
1.395 0.953113 
1.3925 0.955352 
1.4 0.948311 
1.3975 0.950768 
1.405 0.943048 
1.4025 0.94574 
1.41 0.937284 
1.4075 0.940231 
1.415 0.930981 
1.4125 0.934203 
1.42 0.924097 
1.4175 0.927615 
1.425 0.91659 
1.4225 0.920424 
1.43 0.908416 
1.4275 0.912589 
1.435 0.899532 
1.4325 0.904066 
1.44 0.889896 
1.4375 0.894811 
1.445 0.879464 
1.4425 0.884782 
1.45 0.868198 
1.4475 0.873938 
1.455 0.856061 
1.4525 0.862241 
1.46 0.84302 
1.4575 0.849655 
1.465 0.829048 
1.4625 0.836152 
1.47 0.814126 
1.4675 0.821707 
1.475 0.798241 
1.4725 0.806304 
1.48 0.781391 
1.4775 0.789936 
1.485 0.763584 
1.4825 0.772606 
1.49 0.744842 
1.4875 0.754328 
1.495 0.725197 
1.4925 0.73513 
1.5 0.704698 
1.4975 0.715051 
1.505 0.683406 
1.5025 0.694147 
1.51 0.661398 
1.5075 0.672486 
1.515 0.638762 
1.5125 0.650152 
1.52 0.615602 
1.5175 0.627241 
1.525 0.592032 
1.5225 0.603861 
1.53 0.568176 
1.5275 0.580132 
1.535 0.544165 
1.5325 0.556182 
1.54 0.520135 
1.5375 0.532144 
1.545 0.496224 
1.5425 0.508156 
1.55 0.47257 
1.5475 0.484357 
1.555 0.449308 
1.5525 0.460882 
1.56 0.426566 
1.5575 0.437864 
1.565 0.404464 
1.5625 0.415428 
1.57 0.383115 
1.5675 0.393689 
1.575 0.362618 
1.5725 0.372754 
1.58 0.343062 
1.5775 0.352718 
1.585 0.324522 
1.5825 0.33366 
1.59 0.307061 
1.5875 0.315653 
1.595 0.290733 
1.5925 0.298753 
1.6 0.275578 
1.5975 0.283007 
1.605 0.261627 
1.6025 0.26845 
1.61 0.248901 
1.6075 0.25511 
1.615 0.237417 
1.6125 0.243003 
1.62 0.227181 
1.6175 0.232142 
1.625 0.218196 
1.6225 0.222532 
1.63 0.21046 
1.6275 0.214172 
1.635 0.203969 
1.6325 0.20706 
1.64 0.198712 
1.6375 0.201187 
1.645 0.194679 
1.6425 0.196543 
1.65 0.191856 
1.6475 0.193117 
1.655 0.190228 
1.6525 0.190894 
1.66 0.189778 
1.6575 0.189857 
1.665 0.190487 
1.6625 0.189989 
1.67 0.192335 
1.6675 0.19127 
1.675 0.195302 
1.6725 0.19368 
1.68 0.199368 
1.6775 0.197199 
1.685 0.204511 
1.6825 0.201806 
1.69 0.210711 
1.6875 0.20748 
1.695 0.217948 
1.6925 0.214201 
1.7 0.226201 
1.6975 0.221949 
1.705 0.235451 
1.7025 0.230703 
1.71 0.245678 
1.7075 0.240444 
1.715 0.256862 
1.7125 0.251152 
1.72 0.268981 
1.7175 0.262806 
1.725 0.282012 
1.7225 0.275384 
1.73 0.29593 
1.7275 0.288862 
1.735 0.310708 
1.7325 0.303214 
1.74 0.326313 
1.7375 0.318409 
1.745 0.342711 
1.7425 0.334415 
1.75 0.359859 
1.7475 0.351194 
1.755 0.377714 
1.7525 0.368702 
1.76 0.396224 
1.7575 0.386891 
1.765 0.415331 
1.7625 0.405707 
1.77 0.434973 
1.7675 0.42509 
1.775 0.455082 
1.7725 0.444974 
1.78 0.475583 
1.7775 0.465288 
1.785 0.496396 
1.7825 0.485955 
1.79 0.51744 
1.7875 0.506895 
1.795 0.538626 
1.7925 0.528021 
1.8 0.559867 
1.7975 0.549245 
1.805 0.581071 
1.8025 0.570479 
1.81 0.602148 
1.8075 0.591631 
1.815 0.623011 
1.8125 0.612612 
1.82 0.643574 
1.8175 0.633335 
1.825 0.663755 
1.8225 0.653717 
1.83 0.683479 
1.8275 0.673679 
1.835 0.702677 
1.8325 0.693148 
1.84 0.721287 
1.8375 0.712059 
1.845 0.739256 
1.8425 0.730355 
1.85 0.756539 
1.8475 0.747986 
1.855 0.773101 
1.8525 0.764912 
1.86 0.788914 
1.8575 0.781102 
1.865 0.80396 
1.8625 0.796533 
1.87 0.818228 
1.8675 0.811191 
1.875 0.831717 
1.8725 0.82507 
1.88 0.844431 
1.8775 0.838171 
1.885 0.85638 
1.8825 0.8505 
1.89 0.867581 
1.8875 0.862073 
1.895 0.878054 
1.8925 0.872907 
1.9 0.887823 
1.8975 0.883024 
1.905 0.896915 
1.9025 0.892452 
1.91 0.905361 
1.9075 0.901217 
1.915 0.913191 
1.9125 0.909351 
1.92 0.920438 
1.9175 0.916886 
1.925 0.927134 
1.9225 0.923853 
1.93 0.933312 
1.9275 0.930286 
1.935 0.939004 
1.9325 0.936217 
1.94 0.944242 
1.9375 0.941678 
1.945 0.949057 
1.9425 0.946701 
1.95 0.953477 
1.9475 0.951314 
1.955 0.957532 
1.9525 0.955549 
1.96 0.961249 
1.9575 0.959431 
1.965 0.964652 
1.9625 0.962988 
1.97 0.967767 
1.9675 0.966244 
1.975 0.970615 
1.9725 0.969223 
1.98 0.973218 
1.9775 0.971946 
1.985 0.975597 
1.9825 0.974434 
1.99 0.977768 
1.9875 0.976707 
1.995 0.97975 
1.9925 0.978782 
2 0.981558 
1.9975 0.980675 
2.005 0.983207 
2.0025 0.982402 
2.01 0.984711 
2.0075 0.983976 
2.015 0.986081 
2.0125 0.985412 
2.02 0.98733 
2.0175 0.98672 
2.025 0.988467 
2.0225 0.987912 
2.03 0.989504 
2.0275 0.988998 
2.035 0.990447 
2.0325 0.989987 
2.04 0.991307 
2.0375 0.990887 
2.045 0.992089 
2.0425 0.991707 
2.05 0.992801 
2.0475 0.992454 
2.055 0.99345 
2.0525 0.993133 
2.06 0.99404 
2.0575 0.993752 
2.065 0.994577 
2.0625 0.994315 
2.07 0.995065 
2.0675 0.994827 
2.075 0.99551 
2.0725 0.995293 
2.08 0.995914 
2.0775 0.995717 
2.085 0.996282 
2.0825 0.996102 
2.09 0.996617 
2.0875 0.996453 
2.095 0.996921 
2.0925 0.996772 
2.1 0.997198 
2.0975 0.997063 
2.105 0.997449 
2.1025 0.997327 
2.11 0.997678 
2.1075 0.997567 
2.115 0.997886 
2.1125 0.997785 
2.12 0.998075 
2.1175 0.997983 
2.125 0.998247 
2.1225 0.998163 
2.13 0.998403 
2.1275 0.998327 
2.135 0.998544 
2.1325 0.998475 
2.14 0.998673 
2.1375 0.99861 
2.145 0.998789 
2.1425 0.998732 
2.15 0.998895 
2.1475 0.998843 
2.155 0.99899 
2.1525 0.998944 
2.16 0.999077 
2.1575 0.999035 
2.165 0.999155 
2.1625 0.999117 
2.17 0.999226 
2.1675 0.999191 
2.175 0.999289 
2.1725 0.999258 
2.18 0.999346 
2.1775 0.999319 
2.185 0.999398 
2.1825 0.999373 
2.19 0.999444 
2.1875 0.999421 
2.195 0.999485 
2.1925 0.999465 
2.2 0.999521 
2.1975 0.999503 
2.205 0.999553 
2.2025 0.999537 
2.21 0.999581 
2.2075 0.999567 
2.215 0.999605 
2.2125 0.999594 
2.22 0.999626 
2.2175 0.999616 
2.225 0.999644 
2.2225 0.999636 
2.23 0.999659 
2.2275 0.999652 
2.235 0.999671 
2.2325 0.999665 
2.24 0.999681 
2.2375 0.999676 
2.245 0.999687 
2.2425 0.999684 
2.25 0.999692 
2.2475 0.99969 
2.255 0.999694 
2.2525 0.999693 
2.26 0.999694 
2.2575 0.999694 
2.265 0.999692 
2.2625 0.999693 
2.27 0.999688 
2.2675 0.99969 
2.275 0.999682 
2.2725 0.999685 
2.28 0.999674 
2.2775 0.999678 
2.285 0.999664 
2.2825 0.999669 
2.29 0.999652 
2.2875 0.999658 
2.295 0.999639 
2.2925 0.999646 
2.3 0.999624 
2.2975 0.999631 
2.305 0.999607 
2.3025 0.999615 
2.31 0.999588 
2.3075 0.999597 
2.315 0.999568 
2.3125 0.999578 
2.32 0.999545 
2.3175 0.999557 
2.325 0.999522 
2.3225 0.999534 
2.33 0.999496 
2.3275 0.999509 
2.335 0.999469 
2.3325 0.999483 
2.34 0.99944 
2.3375 0.999455 
2.345 0.99941 
2.3425 0.999425 
2.35 0.999378 
2.3475 0.999394 
2.355 0.999344 
2.3525 0.999361 
2.36 0.999309 
2.3575 0.999327 
2.365 0.999272 
2.3625 0.99929 
2.37 0.999233 
2.3675 0.999252 
2.375 0.999192 
2.3725 0.999213 
2.38 0.99915 
2.3775 0.999172 
2.385 0.999106 
2.3825 0.999128 
2.39 0.999061 
2.3875 0.999084 
2.395 0.999013 
2.3925 0.999037 
2.4 0.998964 
2.3975 0.998989 
2.405 0.998913 
2.4025 0.998939 
2.41 0.99886 
2.4075 0.998887 
2.415 0.998806 
2.4125 0.998833 
2.42 0.998749 
2.4175 0.998778 
2.425 0.998691 
2.4225 0.99872 
2.43 0.99863 
2.4275 0.998661 
2.435 0.998568 
2.4325 0.998599 
2.44 0.998503 
2.4375 0.998535 
2.445 0.998436 
2.4425 0.99847 
2.45 0.998366 
2.4475 0.998401 
2.455 0.998295 
2.4525 0.998331 
2.46 0.99822 
2.4575 0.998258 
2.465 0.998143 
2.4625 0.998182 
2.47 0.998063 
2.4675 0.998103 
2.475 0.99798 
2.4725 0.998022 
2.48 0.997893 
2.4775 0.997937 
2.485 0.997803 
2.4825 0.997849 
2.49 0.997709 
2.4875 0.997757 
2.495 0.997611 
2.4925 0.997661 
2.5 0.997509 
2.4975 0.997561 
2.505 0.997401 
2.5025 0.997456 
2.51 0.997289 
2.5075 0.997346 
2.515 0.99717 
2.5125 0.99723 
2.52 0.997046 
2.5175 0.997109 
2.525 0.996914 
2.5225 0.996981 
2.53 0.996776 
2.5275 0.996846 
2.535 0.996629 
2.5325 0.996703 
2.54 0.996473 
2.5375 0.996552 
2.545 0.996308 
2.5425 0.996392 
2.55 0.996133 
2.5475 0.996222 
2.555 0.995946 
2.5525 0.996041 
2.56 0.995746 
2.5575 0.995847 
2.565 0.995533 
2.5625 0.995641 
2.57 0.995305 
2.5675 0.995421 
2.575 0.995061 
2.5725 0.995185 
2.58 0.994799 
2.5775 0.994932 
2.585 0.994518 
2.5825 0.994661 
2.59 0.994216 
2.5875 0.99437 
2.595 0.993891 
2.5925 0.994057 
2.6 0.993541 
2.5975 0.993719 
2.605 0.993164 
2.6025 0.993356 
2.61 0.992758 
2.6075 0.992965 
2.615 0.992319 
2.6125 0.992543 
2.62 0.991846 
2.6175 0.992087 
2.625 0.991334 
2.6225 0.991595 
2.63 0.990782 
2.6275 0.991063 
2.635 0.990184 
2.6325 0.990489 
2.64 0.989538 
2.6375 0.989867 
2.645 0.988838 
2.6425 0.989195 
2.65 0.988082 
2.6475 0.988467 
2.655 0.987263 
2.6525 0.98768 
2.66 0.986376 
2.6575 0.986828 
2.665 0.985417 
2.6625 0.985906 
2.67 0.984377 
2.6675 0.984907 
2.675 0.983252 
2.6725 0.983826 
2.68 0.982034 
2.6775 0.982655 
2.685 0.980715 
2.6825 0.981388 
2.69 0.979287 
2.6875 0.980015 
2.695 0.977741 
2.6925 0.978529 
2.7 0.976067 
2.6975 0.976921 
2.705 0.974256 
2.7025 0.975179 
2.71 0.972295 
2.7075 0.973295 
2.715 0.970174 
2.7125 0.971256 
2.72 0.96788 
2.7175 0.96905 
2.725 0.965399 
2.7225 0.966664 
2.73 0.962716 
2.7275 0.964084 
2.735 0.959817 
2.7325 0.961295 
2.74 0.956684 
2.7375 0.958281 
2.745 0.953301 
2.7425 0.955025 
2.75 0.949649 
2.7475 0.95151 
2.755 0.945708 
2.7525 0.947716 
2.76 0.941458 
2.7575 0.943623 
2.765 0.936876 
2.7625 0.93921 
2.77 0.931942 
2.7675 0.934455 
2.775 0.926629 
2.7725 0.929334 
2.78 0.920914 
2.7775 0.923824 
2.785 0.914772 
2.7825 0.917898 
2.79 0.908174 
2.7875 0.911531 
2.795 0.901095 
2.7925 0.904697 
2.8 0.893507 
2.7975 0.897367 
2.805 0.885381 
2.8025 0.889513 
2.81 0.87669 
2.8075 0.881108 
2.815 0.867406 
2.8125 0.872124 
2.82 0.857501 
2.8175 0.862533 
2.825 0.846949 
2.8225 0.852308 
2.83 0.835726 
2.8275 0.841423 
2.835 0.823808 
2.8325 0.829855 
2.84 0.811175 
2.8375 0.817582 
2.845 0.797809 
2.8425 0.804584 
2.85 0.783696 
2.8475 0.790846 
2.855 0.768828 
2.8525 0.776357 
2.86 0.7532 
2.8575 0.761109 
2.865 0.736814 
2.8625 0.745102 
2.87 0.719679 
2.8675 0.728339 
2.875 0.701808 
2.8725 0.710834 
2.88 0.683226 
2.8775 0.692604 
2.885 0.663964 
2.8825 0.673678 
2.89 0.644062 
2.8875 0.65409 
2.895 0.623568 
2.8925 0.633885 
2.9 0.602538 
2.8975 0.613116 
2.905 0.581038 
2.9025 0.591842 
2.91 0.55914 
2.9075 0.570134 
2.915 0.536923 
2.9125 0.548066 
2.92 0.514474 
2.9175 0.525722 
2.925 0.49188 
2.9225 0.503189 
2.93 0.469236 
2.9275 0.480558 
2.935 0.446634 
2.9325 0.457924 
2.94 0.42417 
2.9375 0.435379 
2.945 0.401935 
2.9425 0.413018 
2.95 0.380018 
2.9475 0.390931 
2.955 0.358503 
2.9525 0.369205 
2.96 0.337468 
2.9575 0.347921 
2.965 0.316985 
2.9625 0.327154 
2.97 0.297114 
2.9675 0.306969 
2.975 0.277911 
2.9725 0.287426 
2.98 0.259421 
2.9775 0.268574 
2.985 0.241678 
2.9825 0.250454 
2.99 0.224712 
2.9875 0.233097 
2.995 0.208539 
2.9925 0.216525 
3 0.19317 
2.9975 0.200753 
3.005 0.178607 
3.0025 0.185788 
3.01 0.164848 
3.0075 0.171628 
3.015 0.151881 
3.0125 0.158266 
3.02 0.139692 
3.0175 0.145691 
3.025 0.12826 
3.0225 0.133883 
3.03 0.117564 
3.0275 0.122822 
3.035 0.107575 
3.0325 0.112482 
3.04 0.0982666 
3.0375 0.102838 
3.045 0.0896083 
3.0425 0.0938581 
3.05 0.0815694 
3.0475 0.0855134 
3.055 0.0741184 
3.0525 0.0777723 
3.06 0.0672238 
3.0575 0.0706035 
3.065 0.0608546 
3.0625 0.0639755 
3.07 0.0549803 
3.0675 0.0578575 
3.075 0.049571 
3.0725 0.0522193 
3.08 0.0445982 
3.0775 0.0470318 
3.085 0.0400344 
3.0825 0.0422669 
3.09 0.0358533 
3.0875 0.0378976 
3.095 0.03203 
3.0925 0.0338985 
3.1 0.028541 
3.0975 0.0302452 
3.105 0.0253638 
3.1025 0.0269148 
3.11 0.0224775 
3.1075 0.0238856 
3.115 0.0198621 
3.1125 0.0211371 
3.12 0.0174987 
3.1175 0.01865 
3.125 0.0153695 
3.1225 0.0164059 
3.13 0.0134576 
3.1275 0.0143874 
3.135 0.0117466 
3.1325 0.0125779 
3.14 0.0102209 
3.1375 0.0109615 
3.145 0.00886573 
3.1425 0.00952293 
3.15 0.00766664 
3.1475 0.00824755 
3.155 0.00660988 
3.1525 0.00712131 
3.16 0.00568227 
3.1575 0.00613073 
3.165 0.00487123 
3.1625 0.00526293 
3.17 0.00416485 
3.1675 0.00450567 
3.175 0.00355193 
3.1725 0.00384738 
3.18 0.00302202 
3.1775 0.00327722 
3.185 0.00256542 
3.1825 0.00278513 
3.19 0.00217326 
3.1875 0.00236181 
3.195 0.00183745 
3.1925 0.00199879 
3.2 0.00155069 
3.1975 0.00168836 
3.205 0.00130645 
3.2025 0.00142363 
3.21 0.00109891 
3.2075 0.00119843 
3.215 0.000922954 
3.2125 0.00100728 
3.22 0.000774073 
3.2175 0.000845387 
3.225 0.000648337 
3.2225 0.000708537 
3.23 0.000542332 
3.2275 0.000593063 
3.235 0.000453105 
3.2325 0.000495789 
3.24 0.000378115 
3.2375 0.000413975 
3.245 0.000315179 
3.2425 0.000345264 
3.25 0.000262429 
3.2475 0.000287636 
3.255 0.000218274 
3.2525 0.000239367 
3.26 0.000181358 
3.2575 0.000198988 
3.265 0.00015053 
3.2625 0.000165248 
3.27 0.000124815 
3.2675 0.000137088 
3.275 0.000103388 
3.2725 0.000113612 
3.28 8.55542e-05 
3.2775 9.40611e-05 
3.285 7.07259e-05 
3.2825 7.77971e-05 
3.29 5.84095e-05 
3.2875 6.42813e-05 
3.295 4.81901e-05 
3.2925 5.30609e-05 
3.3 3.97191e-05 
3.2975 4.37554e-05 
3.305 3.27046e-05 
3.3025 3.60461e-05 
3.31 2.69019e-05 
3.3075 2.96654e-05 
3.315 2.21067e-05 
3.3125 2.43898e-05 
3.32 1.81479e-05 
3.3175 2.00322e-05 
3.325 1.48829e-05 
3.3225 1.64366e-05 
3.33 1.21929e-05 
3.3275 1.34726e-05 
3.335 9.97893e-06 
3.3325 1.10319e-05 
3.34 8.15854e-06 
3.3375 9.0241e-06 
3.345 6.66333e-06 
3.3425 7.37408e-06 
3.35 5.43648e-06 
3.3475 6.01951e-06 
3.355 4.43087e-06 
3.3525 4.90862e-06 
3.36 3.60746e-06 
3.3575 3.99855e-06 
3.365 2.93396e-06 
3.3625 3.25376e-06 
3.37 2.38365e-06 
3.3675 2.64488e-06 
3.375 1.93448e-06 
3.3725 2.14764e-06 
3.38 1.56826e-06 
3.3775 1.74201e-06 
3.385 1.26999e-06 
3.3825 1.41146e-06 
3.39 1.02732e-06 
3.3875 1.14239e-06 
3.395 8.30115e-07 
3.3925 9.23596e-07 
3.4 6.70023e-07 
3.3975 7.45888e-07 
3.405 5.40207e-07 
3.4025 6.01707e-07 
3.41 4.35057e-07 
3.4075 4.84856e-07 
3.415 3.49982e-07 
3.4125 3.90262e-07 
3.42 2.81227e-07 
3.4175 3.13771e-07 
3.425 2.25724e-07 
3.4225 2.51987e-07 
3.43 1.8097e-07 
3.4275 2.0214e-07 
3.435 1.44923e-07 
3.4325 1.6197e-07 
3.44 1.15924e-07 
3.4375 1.29634e-07 
3.445 9.26217e-08 
3.4425 1.03635e-07 
3.45 7.3918e-08 
3.4475 8.27549e-08 
3.455 5.8923e-08 
3.4525 6.60055e-08 
3.46 4.69155e-08 
3.4575 5.25851e-08 
3.465 3.73114e-08 
3.4625 4.18448e-08 
3.47 2.96387e-08 
3.4675 3.32593e-08 
3.475 2.35163e-08 
3.4725 2.64045e-08 
3.48 1.86367e-08 
3.4775 2.09379e-08 
3.485 1.47522e-08 
3.4825 1.65835e-08 
3.49 1.16636e-08 
3.4875 1.31192e-08 
3.495 9.21069e-09 
3.4925 1.03663e-08 
3.5 7.26503e-09 
3.4975 8.18142e-09 
3.505 5.72356e-09 
3.5025 6.44935e-09 
3.51 4.50378e-09 
3.5075 5.07792e-09 
3.515 3.53973e-09 
3.5125 3.99336e-09 
3.52 2.77871e-09 
3.5175 3.13668e-09 
3.525 2.17869e-09 
3.5225 2.46084e-09 
3.53 1.70618e-09 
3.5275 1.9283e-09 
3.535 1.33454e-09 
3.5325 1.50919e-09 
3.54 1.0426e-09 
3.5375 1.17975e-09 
3.545 8.13536e-10 
3.5425 9.2111e-10 
3.55 6.34034e-10 
3.5475 7.18306e-10 
3.555 4.9354e-10 
3.5525 5.59477e-10 
3.56 3.83712e-10 
3.5575 4.3524e-10 
3.565 2.97963e-10 
3.5625 3.38181e-10 
3.57 2.31096e-10 
3.5675 2.62448e-10 
3.575 1.79017e-10 
3.5725 2.03427e-10 
3.58 1.38505e-10 
3.5775 1.57487e-10 
3.585 1.07031e-10 
3.5825 1.21774e-10 
3.59 8.26088e-11 
3.5875 9.40447e-11 
3.595 6.36813e-11 
3.5925 7.25412e-11 
3.6 4.90306e-11 
3.5975 5.58863e-11 
3.605 3.77045e-11 
3.6025 4.30027e-11 
3.61 2.89593e-11 
3.6075 3.30488e-11 
3.615 2.22153e-11 
3.6125 2.53679e-11 
3.62 1.7021e-11 
3.6175 1.94484e-11 
3.625 1.30253e-11 
3.6225 1.48919e-11 
3.63 9.95535e-12 
3.6275 1.1389e-11 
3.635 7.59968e-12 
3.6325 8.69944e-12 
3.64 5.79432e-12 
3.6375 6.63689e-12 
3.645 4.41243e-12 
3.6425 5.05715e-12 
3.65 3.356e-12 
3.6475 3.84871e-12 
3.655 2.54938e-12 
3.6525 2.92545e-12 
3.66 1.93426e-12 
3.6575 2.22095e-12 
3.665 1.46576e-12 
3.6625 1.68405e-12 
3.67 1.10938e-12 
3.6675 1.27537e-12 
3.675 8.3862e-13 
3.6725 9.6469e-13 
3.68 6.33168e-13 
3.6775 7.28798e-13 
3.685 4.77465e-13 
3.6825 5.49915e-13 
3.69 3.59611e-13 
3.6875 4.14431e-13 
3.695 2.70516e-13 
3.6925 3.11945e-13 
3.7 2.03246e-13 
3.6975 2.34516e-13 
3.705 1.52518e-13 
3.7025 1.76091e-13 
3.71 1.14311e-13 
3.7075 1.32059e-13 
3.715 8.5571e-14 
3.7125 9.89173e-14 
3.72 6.39785e-14 
3.7175 7.40023e-14 
3.725 4.77763e-14 
3.7225 5.52952e-14 
3.73 3.56337e-14 
3.7275 4.12668e-14 
3.735 2.65448e-14 
3.7325 3.07599e-14 
3.74 1.97502e-14 
3.7375 2.29002e-14 
3.745 1.46768e-14 
3.7425 1.70281e-14 
3.75 1.08935e-14 
3.7475 1.26463e-14 
3.755 8.07557e-15 
3.7525 9.38068e-15 
3.76 5.97933e-15 
3.7575 6.94987e-15 
3.765 4.42185e-15 
3.7625 5.14271e-15 
3.77 3.2661e-15 
3.7675 3.80085e-15 
3.775 2.40952e-15 
3.7725 2.80572e-15 
3.78 1.77543e-15 
3.7775 2.06862e-15 
3.785 1.30663e-15 
3.7825 1.52332e-15 
3.79 9.60456e-16 
3.7875 1.12041e-15 
3.795 7.05144e-16 
3.7925 8.23078e-16 
3.8 5.17077e-16 
3.7975 6.03921e-16 
3.805 3.78712e-16 
3.8025 4.42584e-16 
3.81 2.77039e-16 
3.8075 3.23958e-16 
3.815 2.02419e-16 
3.8125 2.36842e-16 
3.82 1.47721e-16 
3.8175 1.72945e-16 
3.825 1.07674e-16 
3.8225 1.26136e-16 
3.83 7.83897e-17 
3.8275 9.18855e-17 
3.835 5.7002e-17 
3.8325 6.68555e-17 
3.84 4.14002e-17 
3.8375 4.85857e-17 
3.845 3.00329e-17 
3.8425 3.52665e-17 
3.85 2.17609e-17 
3.8475 2.55681e-17 
3.855 1.57485e-17 
3.8525 1.85149e-17 
3.86 1.13839e-17 
3.8575 1.33914e-17 
3.865 8.21912e-18 
3.8625 9.67428e-18 
3.87 5.92719e-18 
3.8675 6.98069e-18 
3.875 4.26935e-18 
3.8725 5.03114e-18 
3.88 3.0716e-18 
3.8775 3.6218e-18 
3.885 2.20729e-18 
3.8825 2.60419e-18 
3.89 1.58434e-18 
3.8875 1.87031e-18 
3.895 1.13588e-18 
3.8925 1.34168e-18 
3.9 8.13413e-19 
3.8975 9.61349e-19 
3.905 5.81822e-19 
3.9025 6.88035e-19 
3.91 4.15691e-19 
3.9075 4.91858e-19 
3.915 2.96657e-19 
3.9125 3.51214e-19 
3.92 2.11468e-19 
3.9175 2.50501e-19 
3.925 1.50573e-19 
3.9225 1.78465e-19 
3.93 1.07093e-19 
3.9275 1.27002e-19 
3.935 7.60835e-20 
3.9325 9.0278e-20 
3.94 5.39936e-20 
3.9375 6.41022e-20 
3.945 3.82755e-20 
3.9425 4.54661e-20 
3.95 2.71039e-20 
3.9475 3.2213e-20 
3.955 1.91726e-20 
3.9525 2.27987e-20 
3.96 1.3548e-20 
3.9575 1.61188e-20 
3.965 9.56368e-21 
3.9625 1.13842e-20 
3.97 6.74431e-21 
3.9675 8.03215e-21 
3.975 4.75143e-21 
3.9725 5.66148e-21 
3.98 3.34424e-21 
3.9775 3.98665e-21 
3.985 2.35164e-21 
3.9825 2.80465e-21 
3.99 1.65219e-21 
3.9875 1.97133e-21 
3.995 1.1598e-21 
3.9925 1.3844e-21 
4 8.13514e-22 
3.9975 9.71433e-22 
4.005 5.70197e-22 
4.0025 6.8113e-22 
4.01 3.99386e-22 
4.0075 4.77243e-22 
4.015 2.79576e-22 
4.0125 3.34174e-22 
4.02 1.95605e-22 
4.0175 2.33863e-22 
4.025 1.36798e-22 
4.0225 1.63586e-22 
4.03 9.56399e-23 
4.0275 1.14385e-22 
4.035 6.68522e-23 
4.0325 7.99614e-23 
4.04 4.6727e-23 
4.0375 5.58903e-23 
4.045 3.26637e-23 
4.0425 3.90663e-23 
4.05 2.28393e-23 
4.0475 2.73118e-23 
4.055 1.59775e-23 
4.0525 1.91012e-23 
4.06 1.1185e-23 
4.0575 1.33667e-23 
4.065 7.83735e-24 
4.0625 9.36138e-24 
4.07 5.4983e-24 
4.0675 6.56329e-24 
4.075 3.86311e-24 
4.0725 4.60775e-24 
4.08 2.71914e-24 
4.0775 3.24021e-24 
4.085 1.91804e-24 
4.0825 2.28305e-24 
4.09 1.35632e-24 
4.0875 1.61236e-24 
4.095 9.6185e-25 
4.0925 1.14174e-24 
4.1 6.843e-25 
4.0975 8.10941e-25 
4.105 4.8858e-25 
4.1025 5.77942e-25 
4.11 3.50207e-25 
4.1075 4.13434e-25 
4.115 2.52088e-25 
4.1125 2.9696e-25 
4.12 1.8228e-25 
4.1175 2.14235e-25 
4.125 1.32431e-25 
4.1225 1.55274e-25 
4.13 9.66889e-26 
4.1275 1.13086e-25 
4.135 7.09503e-26 
4.1325 8.27727e-26 
4.14 5.23286e-26 
4.1375 6.08931e-26 
4.145 3.87901e-26 
4.1425 4.50251e-26 
4.15 2.88974e-26 
4.1475 3.34597e-26 
4.155 2.16313e-26 
4.1525 2.49869e-26 
4.16 1.62666e-26 
4.1575 1.87476e-26 
4.165 1.22853e-26 
4.1625 1.4129e-26 
4.17 9.31586e-27 
4.1675 1.06929e-26 
4.175 7.09025e-27 
4.1725 8.12362e-27 
4.18 5.41445e-27 
4.1775 6.19347e-27 
4.185 4.14714e-27 
4.1825 4.73693e-27 
4.19 3.1849e-27 
4.1875 3.63317e-27 
4.195 2.4516e-27 
4.1925 2.79353e-27 
4.2 1.8909e-27 
4.1975 2.15257e-27 
4.205 1.46091e-27 
4.2025 1.66173e-27 
4.21 1.1303e-27 
4.2075 1.28481e-27 
4.215 8.7552e-28 
4.2125 9.94656e-28 
4.22 6.78795e-28 
4.2175 7.70828e-28 
4.225 5.26647e-28 
4.2225 5.97854e-28 
4.23 4.08815e-28 
4.2275 4.6398e-28 
4.235 3.17459e-28 
4.2325 3.6024e-28 
4.24 2.46567e-28 
4.2375 2.79771e-28 
4.245 1.91518e-28 
4.2425 2.17306e-28 
4.25 1.48753e-28 
4.2475 1.68788e-28 
4.255 1.15519e-28 
4.2525 1.3109e-28 
4.26 8.96886e-29 
4.2575 1.01791e-28 
4.265 6.96114e-29 
4.2625 7.90183e-29 
4.27 5.40074e-29 
4.2675 6.13182e-29 
4.275 4.18822e-29 
4.2725 4.75627e-29 
4.28 3.24628e-29 
4.2775 3.68753e-29 
4.285 2.51479e-29 
4.2825 2.85742e-29 
4.29 1.94698e-29 
4.2875 2.21291e-29 
4.295 1.50642e-29 
4.2925 1.71272e-29 
4.3 1.16478e-29 
4.2975 1.32474e-29 
4.305 8.99997e-30 
4.3025 1.02395e-29 
4.31 6.9491e-30 
4.3075 7.90903e-30 
4.315 5.36162e-30 
4.3125 6.10453e-30 
4.32 4.13367e-30 
4.3175 4.70822e-30 
4.325 3.18448e-30 
4.3225 3.62851e-30 
4.33 2.45132e-30 
4.3275 2.79423e-30 
4.335 1.88543e-30 
4.3325 2.15005e-30 
4.34 1.449e-30 
4.3375 1.65304e-30 
4.345 1.11267e-30 
4.3425 1.26988e-30 
4.35 8.53689e-31 
4.3475 9.74715e-31 
4.355 6.54432e-31 
4.3525 7.47528e-31 
4.36 5.01253e-31 
4.3575 5.72805e-31 
4.365 3.83596e-31 
4.3625 4.38543e-31 
4.37 2.933e-31 
4.3675 3.35459e-31 
4.375 2.24061e-31 
4.3725 2.56381e-31 
4.38 1.71016e-31 
4.3775 1.95771e-31 
4.385 1.30412e-31 
4.3825 1.49357e-31 
4.39 9.93597e-32 
4.3875 1.13845e-31 
4.395 7.56325e-32 
4.3925 8.66977e-32 
4.4 5.75191e-32 
4.3975 6.59642e-32 
4.405 4.37036e-32 
4.4025 5.01433e-32 
4.41 3.31759e-32 
4.4075 3.80819e-32 
4.415 2.5161e-32 
4.4125 2.88951e-32 
4.42 1.90646e-32 
4.4175 2.19042e-32 
4.425 1.44319e-32 
4.4225 1.65892e-32 
4.43 1.09147e-32 
4.4275 1.25521e-32 
4.435 8.24694e-33 
4.4325 9.48861e-33 
4.44 6.22533e-33 
4.4375 7.16601e-33 
4.445 4.69483e-33 
4.4425 5.40681e-33 
4.45 3.53724e-33 
4.4475 4.07561e-33 
4.455 2.66252e-33 
4.4525 3.06923e-33 
4.46 2.0022e-33 
4.4575 2.30914e-33 
4.465 1.50419e-33 
4.4625 1.73562e-33 
4.47 1.12896e-33 
4.4675 1.30329e-33 
4.475 8.46519e-34 
4.4725 9.77709e-34 
4.48 6.34122e-34 
4.4775 7.3275e-34 
4.485 4.74555e-34 
4.4825 5.48631e-34 
4.49 3.54794e-34 
4.4875 4.10377e-34 
4.495 2.64997e-34 
4.4925 3.06662e-34 
4.5 1.97734e-34 
4.4975 2.28935e-34 
4.505 1.47399e-34 
4.5025 1.70742e-34 
4.51 1.09769e-34 
4.5075 1.27215e-34 
4.515 8.16652e-35 
4.5125 9.46914e-35 
4.52 6.06967e-35 
4.5175 7.0413e-35 
4.525 4.50674e-35 
4.5225 5.23077e-35 
4.53 3.34294e-35 
4.5275 3.88193e-35 
4.535 2.47721e-35 
4.5325 2.87805e-35 
4.54 1.83385e-35 
4.5375 2.13165e-35 
4.545 1.35623e-35 
4.5425 1.57725e-35 
4.55 1.002e-35 
4.5475 1.16588e-35 
4.555 7.39549e-36 
4.5525 8.60934e-36 
4.56 5.45294e-36 
4.5575 6.35113e-36 
4.565 4.0166e-36 
4.5625 4.68055e-36 
4.57 2.95562e-36 
4.5675 3.44593e-36 
4.575 2.17272e-36 
4.5725 2.53442e-36 
4.58 1.59558e-36 
4.5775 1.86214e-36 
4.585 1.17057e-36 
4.5825 1.36682e-36 
4.59 8.57894e-37 
4.5875 1.00223e-36 
4.595 6.28105e-37 
4.5925 7.34152e-37 
4.6 4.594e-37 
4.5975 5.37236e-37 
4.605 3.35668e-37 
4.6025 3.92738e-37 
4.61 2.45012e-37 
4.6075 2.86814e-37 
4.615 1.78658e-37 
4.6125 2.09246e-37 
4.62 1.30142e-37 
4.6175 1.52501e-37 
4.625 9.47043e-38 
4.6225 1.11032e-37 
4.63 6.88461e-38 
4.6275 8.07565e-38 
4.635 4.99973e-38 
4.6325 5.86768e-38 
4.64 3.62719e-38 
4.6375 4.25904e-38 
4.645 2.62876e-38 
4.6425 3.08826e-38 
4.65 1.90322e-38 
4.6475 2.23703e-38 
4.655 1.37651e-38 
4.6525 1.61878e-38 
4.66 9.94556e-39 
4.6575 1.1702e-38 
4.665 7.1785e-39 
4.6625 8.45054e-39 
4.67 5.17598e-39 
4.6675 6.0963e-39 
4.675 3.72827e-39 
4.6725 4.39342e-39 
4.68 2.68273e-39 
4.6775 3.16297e-39 
4.685 1.92841e-39 
4.6825 2.27479e-39 
4.69 1.38477e-39 
4.6875 1.63434e-39 
4.695 9.93371e-40 
4.6925 1.173e-39 
4.7 7.11866e-40 
4.6975 8.41023e-40 
4.705 5.09612e-40 
4.7025 6.02382e-40 
4.71 3.64447e-40 
4.7075 4.31012e-40 
4.715 2.60365e-40 
4.7125 3.08079e-40 
4.72 1.85817e-40 
4.7175 2.19982e-40 
4.725 1.32477e-40 
4.7225 1.56916e-40 
4.73 9.43519e-41 
4.7275 1.11815e-40 
4.735 6.71295e-41 
4.7325 7.95948e-41 
4.74 4.77122e-41 
4.7375 5.6601e-41 
4.745 3.38766e-41 
4.7425 4.02084e-41 
4.75 2.40283e-41 
4.7475 2.85341e-41 
4.755 1.70255e-41 
4.7525 2.02285e-41 
4.76 1.20511e-41 
4.7575 1.43257e-41 
4.765 8.5214e-42 
4.7625 1.0135e-41 
4.77 6.01932e-42 
4.7675 7.16278e-42 
4.775 4.24753e-42 
4.7725 5.05702e-42 
4.78 2.99419e-42 
4.7775 3.56665e-42 
4.785 2.10851e-42 
4.7825 2.51293e-42 
4.79 1.48329e-42 
4.7875 1.76869e-42 
4.795 1.04238e-42 
4.7925 1.24359e-42 
4.8 7.31786e-43 
4.7975 8.73491e-43 
4.805 5.13209e-43 
4.8025 6.12903e-43 
4.81 3.59549e-43 
4.8075 4.29614e-43 
4.815 2.51637e-43 
4.8125 3.00828e-43 
4.82 1.75932e-43 
4.8175 2.10432e-43 
4.825 1.22877e-43 
4.8225 1.47048e-43 
4.83 8.57333e-44 
4.8275 1.02651e-43 
4.835 5.97562e-44 
4.8325 7.15844e-44 
4.84 4.16073e-44 
4.8375 4.98687e-44 
4.845 2.89408e-44 
4.8425 3.4705e-44 
4.85 2.01098e-44 
4.8475 2.41274e-44 
4.855 1.39591e-44 
4.8525 1.67565e-44 
4.86 9.67972e-45 
4.8575 1.16255e-44 
4.865 6.70537e-45 
4.8625 8.05739e-45 
4.87 4.64021e-45 
4.8675 5.57868e-45 
4.875 3.20781e-45 
4.8725 3.85855e-45 
4.88 2.21531e-45 
4.8775 2.66607e-45 
4.885 1.52832e-45 
4.8825 1.84024e-45 
4.89 1.0533e-45 
4.8875 1.26892e-45 
4.895 7.25177e-46 
4.8925 8.74075e-46 
4.9 4.98761e-46 
4.8975 6.01477e-46 
4.905 3.42687e-46 
4.9025 4.13472e-46 
4.91 2.35212e-46 
4.9075 2.83942e-46 
4.915 1.61279e-46 
4.9125 1.94791e-46 
4.92 1.10472e-46 
4.9175 1.33495e-46 
4.925 7.55938e-47 
4.9225 9.13944e-47 
4.93 5.16748e-47 
4.9275 6.25076e-47 
4.935 3.52885e-47 
4.9325 4.27076e-47 
4.94 2.40744e-47 
4.9375 2.91503e-47 
4.945 1.64081e-47 
4.9425 1.98771e-47 
4.95 1.11729e-47 
4.9475 1.35411e-47 
4.955 7.60216e-48 
4.9525 9.21685e-48 
4.96 5.17011e-48 
4.9575 6.26941e-48 
4.965 3.51667e-48 
4.9625 4.26358e-48 
4.97 2.39576e-48 
4.9675 2.90161e-48 
4.975 1.63968e-48 
4.9725 1.98024e-48 
4.98 1.13471e-48 
4.9775 1.36128e-48 
4.985 8.04592e-49 
4.9825 9.51429e-49 
4.99 5.99221e-49 
4.9875 6.88633e-49 
4.995 4.87332e-49 
4.9925 5.32946e-49 
5 4.51843e-49 
4.9975 4.60626e-49 
