0 6.29955e-06 
0.005 6.36124e-06 
0.0025 6.31495e-06 
0.01 6.54738e-06 
0.0075 6.43861e-06 
0.015 6.86112e-06 
0.0125 6.68802e-06 
0.02 7.30778e-06 
0.0175 7.06742e-06 
0.025 7.89494e-06 
0.0225 7.58324e-06 
0.03 8.63249e-06 
0.0275 8.2442e-06 
0.035 9.53284e-06 
0.0325 9.06143e-06 
0.04 1.06111e-05 
0.0375 1.00487e-05 
0.045 1.18852e-05 
0.0425 1.12224e-05 
0.05 1.33762e-05 
0.0475 1.26021e-05 
0.055 1.51089e-05 
0.0525 1.42107e-05 
0.06 1.71115e-05 
0.0575 1.60745e-05 
0.065 1.94168e-05 
0.0625 1.82241e-05 
0.07 2.20621e-05 
0.0675 2.06944e-05 
0.075 2.50898e-05 
0.0725 2.35252e-05 
0.08 2.85484e-05 
0.0775 2.67619e-05 
0.085 3.24927e-05 
0.0825 3.04561e-05 
0.09 3.69849e-05 
0.0875 3.46661e-05 
0.095 4.20953e-05 
0.0925 3.94581e-05 
0.1 4.79032e-05 
0.0975 4.49067e-05 
0.105 5.44983e-05 
0.1025 5.10963e-05 
0.11 6.19817e-05 
0.1075 5.81222e-05 
0.115 7.04671e-05 
0.1125 6.60915e-05 
0.12 8.0083e-05 
0.1175 7.51251e-05 
0.125 9.09736e-05 
0.1225 8.53592e-05 
0.13 0.000103301 
0.1275 9.69469e-05 
0.135 0.000117249 
0.1325 0.00011006 
0.14 0.000133022 
0.1375 0.000124894 
0.145 0.000150851 
0.1425 0.000141664 
0.15 0.000170996 
0.1475 0.000160617 
0.155 0.000193747 
0.1525 0.000182026 
0.16 0.000219432 
0.1575 0.000206201 
0.165 0.000248418 
0.1625 0.000233488 
0.17 0.000281117 
0.1675 0.000264276 
0.175 0.000317991 
0.1725 0.000299001 
0.18 0.000359559 
0.1775 0.000338154 
0.185 0.000406402 
0.1825 0.000382282 
0.19 0.000459172 
0.1875 0.000432002 
0.195 0.000518599 
0.1925 0.000488004 
0.2 0.000585504 
0.1975 0.000551062 
0.205 0.000660803 
0.2025 0.000622042 
0.21 0.000745524 
0.2075 0.000701916 
0.215 0.00084082 
0.2125 0.000791773 
0.22 0.000947978 
0.2175 0.00089283 
0.225 0.00106844 
0.2225 0.00100645 
0.23 0.00120383 
0.2275 0.00113417 
0.235 0.00135595 
0.2325 0.00127768 
0.24 0.00152683 
0.2375 0.00143891 
0.245 0.00171872 
0.2425 0.00161999 
0.25 0.00193416 
0.2475 0.00182333 
0.255 0.00217597 
0.2525 0.00205158 
0.26 0.00244733 
0.2575 0.00230775 
0.265 0.00275176 
0.2625 0.00259517 
0.27 0.00309321 
0.2675 0.00291759 
0.275 0.00347609 
0.2725 0.00327917 
0.28 0.00390531 
0.2775 0.00368457 
0.285 0.00438636 
0.2825 0.00413899 
0.29 0.00492537 
0.2875 0.00464821 
0.295 0.00552916 
0.2925 0.00521871 
0.3 0.00620532 
0.2975 0.00585768 
0.305 0.00696231 
0.3025 0.00657315 
0.31 0.00780956 
0.3075 0.00737403 
0.315 0.00875753 
0.3125 0.00827026 
0.32 0.00981784 
0.3175 0.00927287 
0.325 0.0110034 
0.3225 0.0103941 
0.33 0.0123285 
0.3275 0.0116475 
0.335 0.013809 
0.3325 0.0130483 
0.34 0.0154624 
0.3375 0.0146129 
0.345 0.017308 
0.3425 0.0163599 
0.35 0.0193672 
0.3475 0.0183095 
0.355 0.0216634 
0.3525 0.0204841 
0.36 0.0242225 
0.3575 0.0229084 
0.365 0.0270725 
0.3625 0.0256092 
0.37 0.0302444 
0.3675 0.0286162 
0.375 0.0337718 
0.3725 0.0319615 
0.38 0.0376912 
0.3775 0.0356801 
0.385 0.0420419 
0.3825 0.03981 
0.39 0.0468666 
0.3875 0.0443922 
0.395 0.0522107 
0.3925 0.0494707 
0.4 0.0581228 
0.3975 0.0550926 
0.405 0.0646543 
0.4025 0.0613078 
0.41 0.0718591 
0.4075 0.0681691 
0.415 0.0797935 
0.4125 0.0757315 
0.42 0.0885155 
0.4175 0.0840524 
0.425 0.098084 
0.4225 0.0931902 
0.43 0.108558 
0.4275 0.103204 
0.435 0.119997 
0.4325 0.114154 
0.44 0.132457 
0.4375 0.126096 
0.445 0.14599 
0.4425 0.139086 
0.45 0.160644 
0.4475 0.153174 
0.455 0.176459 
0.4525 0.168404 
0.46 0.193468 
0.4575 0.184813 
0.465 0.211688 
0.4625 0.202426 
0.47 0.231128 
0.4675 0.221256 
0.475 0.251778 
0.4725 0.241303 
0.48 0.273611 
0.4775 0.262549 
0.485 0.296582 
0.4825 0.284958 
0.49 0.320627 
0.4875 0.308475 
0.495 0.34566 
0.4925 0.333026 
0.5 0.371575 
0.4975 0.358515 
0.505 0.398248 
0.5025 0.384825 
0.51 0.425537 
0.5075 0.411825 
0.515 0.453286 
0.5125 0.439364 
0.52 0.481328 
0.5175 0.467281 
0.525 0.509488 
0.5225 0.495404 
0.53 0.537589 
0.5275 0.523557 
0.535 0.565454 
0.5325 0.551561 
0.54 0.592913 
0.5375 0.579244 
0.545 0.619807 
0.5425 0.60644 
0.55 0.645988 
0.5475 0.632995 
0.555 0.671326 
0.5525 0.65877 
0.56 0.695709 
0.5575 0.683643 
0.565 0.719045 
0.5625 0.707513 
0.57 0.741262 
0.5675 0.730297 
0.575 0.762308 
0.5725 0.751933 
0.58 0.782151 
0.5775 0.772381 
0.585 0.800776 
0.5825 0.791616 
0.59 0.818185 
0.5875 0.809632 
0.595 0.834393 
0.5925 0.826438 
0.6 0.849429 
0.5975 0.842056 
0.605 0.863329 
0.6025 0.856518 
0.61 0.876139 
0.6075 0.869867 
0.615 0.88791 
0.6125 0.882151 
0.62 0.898698 
0.6175 0.893423 
0.625 0.90856 
0.6225 0.903741 
0.63 0.917556 
0.6275 0.913162 
0.635 0.925744 
0.6325 0.921747 
0.64 0.933183 
0.6375 0.929554 
0.645 0.939931 
0.6425 0.93664 
0.65 0.946041 
0.6475 0.943062 
0.655 0.951566 
0.6525 0.948873 
0.66 0.956556 
0.6575 0.954125 
0.665 0.961057 
0.6625 0.958864 
0.67 0.965112 
0.6675 0.963137 
0.675 0.968762 
0.6725 0.966985 
0.68 0.972045 
0.6775 0.970448 
0.685 0.974996 
0.6825 0.97356 
0.69 0.977645 
0.6875 0.976356 
0.695 0.980022 
0.6925 0.978865 
0.7 0.982153 
0.6975 0.981117 
0.705 0.984064 
0.7025 0.983135 
0.71 0.985775 
0.7075 0.984943 
0.715 0.987307 
0.7125 0.986562 
0.72 0.988678 
0.7175 0.988011 
0.725 0.989904 
0.7225 0.989308 
0.73 0.991 
0.7275 0.990468 
0.735 0.99198 
0.7325 0.991504 
0.74 0.992856 
0.7375 0.99243 
0.745 0.993638 
0.7425 0.993258 
0.75 0.994336 
0.7475 0.993997 
0.755 0.994959 
0.7525 0.994656 
0.76 0.995515 
0.7575 0.995245 
0.765 0.996011 
0.7625 0.99577 
0.77 0.996453 
0.7675 0.996238 
0.775 0.996847 
0.7725 0.996656 
0.78 0.997199 
0.7775 0.997028 
0.785 0.997512 
0.7825 0.99736 
0.79 0.99779 
0.7875 0.997655 
0.795 0.998039 
0.7925 0.997918 
0.8 0.99826 
0.7975 0.998152 
0.805 0.998456 
0.8025 0.998361 
0.81 0.998631 
0.8075 0.998546 
0.815 0.998787 
0.8125 0.998711 
0.82 0.998925 
0.8175 0.998858 
0.825 0.999048 
0.8225 0.998988 
0.83 0.999157 
0.8275 0.999104 
0.835 0.999254 
0.8325 0.999207 
0.84 0.99934 
0.8375 0.999298 
0.845 0.999416 
0.8425 0.999379 
0.85 0.999484 
0.8475 0.999451 
0.855 0.999544 
0.8525 0.999515 
0.86 0.999597 
0.8575 0.999571 
0.865 0.999644 
0.8625 0.999621 
0.87 0.999686 
0.8675 0.999666 
0.875 0.999723 
0.8725 0.999705 
0.88 0.999756 
0.8775 0.99974 
0.885 0.999785 
0.8825 0.999771 
0.89 0.99981 
0.8875 0.999798 
0.895 0.999833 
0.8925 0.999822 
0.9 0.999853 
0.8975 0.999843 
0.905 0.999871 
0.9025 0.999862 
0.91 0.999886 
0.9075 0.999879 
0.915 0.9999 
0.9125 0.999893 
0.92 0.999912 
0.9175 0.999906 
0.925 0.999922 
0.9225 0.999917 
0.93 0.999932 
0.9275 0.999927 
0.935 0.99994 
0.9325 0.999936 
0.94 0.999947 
0.9375 0.999943 
0.945 0.999953 
0.9425 0.99995 
0.95 0.999959 
0.9475 0.999956 
0.955 0.999963 
0.9525 0.999961 
0.96 0.999967 
0.9575 0.999965 
0.965 0.999971 
0.9625 0.999969 
0.97 0.999974 
0.9675 0.999972 
0.975 0.999976 
0.9725 0.999975 
0.98 0.999978 
0.9775 0.999977 
0.985 0.99998 
0.9825 0.999979 
0.99 0.999981 
0.9875 0.99998 
0.995 0.999982 
0.9925 0.999981 
1 0.999982 
0.9975 0.999982 
1.005 0.999982 
1.0025 0.999982 
1.01 0.999982 
1.0075 0.999982 
1.015 0.999982 
1.0125 0.999982 
1.02 0.999981 
1.0175 0.999982 
1.025 0.99998 
1.0225 0.999981 
1.03 0.999979 
1.0275 0.99998 
1.035 0.999977 
1.0325 0.999978 
1.04 0.999975 
1.0375 0.999976 
1.045 0.999973 
1.0425 0.999974 
1.05 0.99997 
1.0475 0.999971 
1.055 0.999967 
1.0525 0.999968 
1.06 0.999963 
1.0575 0.999965 
1.065 0.999959 
1.0625 0.999961 
1.07 0.999954 
1.0675 0.999956 
1.075 0.999948 
1.0725 0.999951 
1.08 0.999942 
1.0775 0.999945 
1.085 0.999935 
1.0825 0.999939 
1.09 0.999927 
1.0875 0.999931 
1.095 0.999918 
1.0925 0.999923 
1.1 0.999909 
1.0975 0.999914 
1.105 0.999898 
1.1025 0.999903 
1.11 0.999885 
1.1075 0.999892 
1.115 0.999872 
1.1125 0.999879 
1.12 0.999856 
1.1175 0.999864 
1.125 0.999839 
1.1225 0.999848 
1.13 0.999821 
1.1275 0.99983 
1.135 0.9998 
1.1325 0.99981 
1.14 0.999776 
1.1375 0.999788 
1.145 0.999751 
1.1425 0.999764 
1.15 0.999722 
1.1475 0.999737 
1.155 0.99969 
1.1525 0.999706 
1.16 0.999655 
1.1575 0.999673 
1.165 0.999616 
1.1625 0.999636 
1.17 0.999573 
1.1675 0.999595 
1.175 0.999525 
1.1725 0.99955 
1.18 0.999473 
1.1775 0.9995 
1.185 0.999415 
1.1825 0.999444 
1.19 0.99935 
1.1875 0.999383 
1.195 0.99928 
1.1925 0.999316 
1.2 0.999202 
1.1975 0.999242 
1.205 0.999115 
1.2025 0.999159 
1.21 0.99902 
1.2075 0.999069 
1.215 0.998916 
1.2125 0.998969 
1.22 0.998801 
1.2175 0.99886 
1.225 0.998674 
1.2225 0.998739 
1.23 0.998534 
1.2275 0.998606 
1.235 0.998381 
1.2325 0.998459 
1.24 0.998212 
1.2375 0.998299 
1.245 0.998027 
1.2425 0.998122 
1.25 0.997824 
1.2475 0.997928 
1.255 0.9976 
1.2525 0.997714 
1.26 0.997355 
1.2575 0.99748 
1.265 0.997085 
1.2625 0.997223 
1.27 0.99679 
1.2675 0.996941 
1.275 0.996466 
1.2725 0.996632 
1.28 0.996112 
1.2775 0.996293 
1.285 0.995723 
1.2825 0.995922 
1.29 0.995297 
1.2875 0.995515 
1.295 0.99483 
1.2925 0.995069 
1.3 0.99432 
1.2975 0.994581 
1.305 0.993761 
1.3025 0.994047 
1.31 0.99315 
1.3075 0.993463 
1.315 0.992482 
1.3125 0.992824 
1.32 0.991752 
1.3175 0.992125 
1.325 0.990954 
1.3225 0.991362 
1.33 0.990083 
1.3275 0.990528 
1.335 0.989131 
1.3325 0.989617 
1.34 0.988093 
1.3375 0.988623 
1.345 0.98696 
1.3425 0.987538 
1.35 0.985724 
1.3475 0.986355 
1.355 0.984377 
1.3525 0.985065 
1.36 0.98291 
1.3575 0.983659 
1.365 0.981312 
1.3625 0.982128 
1.37 0.979573 
1.3675 0.980461 
1.375 0.977681 
1.3725 0.978646 
1.38 0.975623 
1.3775 0.976673 
1.385 0.973388 
1.3825 0.974529 
1.39 0.970961 
1.3875 0.972199 
1.395 0.968327 
1.3925 0.96967 
1.4 0.96547 
1.3975 0.966927 
1.405 0.962375 
1.4025 0.963954 
1.41 0.959025 
1.4075 0.960733 
1.415 0.9554 
1.4125 0.957248 
1.42 0.951484 
1.4175 0.95348 
1.425 0.947256 
1.4225 0.94941 
1.43 0.942696 
1.4275 0.945019 
1.435 0.937786 
1.4325 0.940286 
1.44 0.932503 
1.4375 0.935192 
1.445 0.926829 
1.4425 0.929716 
1.45 0.920742 
1.4475 0.923838 
1.455 0.914223 
1.4525 0.917538 
1.46 0.907252 
1.4575 0.910795 
1.465 0.899813 
1.4625 0.903592 
1.47 0.891888 
1.4675 0.895912 
1.475 0.883463 
1.4725 0.887739 
1.48 0.874527 
1.4775 0.87906 
1.485 0.86507 
1.4825 0.869864 
1.49 0.855087 
1.4875 0.860144 
1.495 0.844576 
1.4925 0.849897 
1.5 0.83354 
1.4975 0.839123 
1.505 0.821989 
1.5025 0.827828 
1.51 0.809935 
1.5075 0.816023 
1.515 0.797399 
1.5125 0.803725 
1.52 0.784407 
1.5175 0.790958 
1.525 0.770994 
1.5225 0.777751 
1.53 0.7572 
1.5275 0.764142 
1.535 0.743072 
1.5325 0.750174 
1.54 0.728667 
1.5375 0.735901 
1.545 0.714046 
1.5425 0.721379 
1.55 0.699279 
1.5475 0.706676 
1.555 0.684441 
1.5525 0.691864 
1.56 0.669613 
1.5575 0.67702 
1.565 0.654881 
1.5625 0.662229 
1.57 0.640336 
1.5675 0.647579 
1.575 0.626071 
1.5725 0.633162 
1.58 0.612183 
1.5775 0.619074 
1.585 0.598769 
1.5825 0.60541 
1.59 0.585925 
1.5875 0.592269 
1.595 0.573749 
1.5925 0.579747 
1.6 0.562334 
1.5975 0.56794 
1.605 0.551772 
1.6025 0.556941 
1.61 0.542149 
1.6075 0.546838 
1.615 0.533547 
1.6125 0.537715 
1.62 0.52604 
1.6175 0.529652 
1.625 0.519697 
1.6225 0.522719 
1.63 0.514575 
1.6275 0.51698 
1.635 0.510726 
1.6325 0.512489 
1.64 0.508187 
1.6375 0.50929 
1.645 0.506989 
1.6425 0.507419 
1.65 0.507148 
1.6475 0.506899 
1.655 0.508671 
1.6525 0.507739 
1.66 0.51155 
1.6575 0.509942 
1.665 0.515767 
1.6625 0.513493 
1.67 0.521294 
1.6675 0.518369 
1.675 0.528087 
1.6725 0.524535 
1.68 0.536096 
1.6775 0.531943 
1.685 0.545258 
1.6825 0.540537 
1.69 0.555501 
1.6875 0.550249 
1.695 0.566747 
1.6925 0.561004 
1.7 0.578907 
1.6975 0.572718 
1.705 0.591888 
1.7025 0.585301 
1.71 0.60559 
1.7075 0.598655 
1.715 0.619911 
1.7125 0.61268 
1.72 0.634743 
1.7175 0.62727 
1.725 0.649979 
1.7225 0.642317 
1.73 0.66551 
1.7275 0.657715 
1.735 0.68123 
1.7325 0.673353 
1.74 0.697033 
1.7375 0.689127 
1.745 0.712819 
1.7425 0.704934 
1.75 0.728493 
1.7475 0.720676 
1.755 0.743965 
1.7525 0.736259 
1.76 0.759155 
1.7575 0.7516 
1.765 0.773989 
1.7625 0.766621 
1.77 0.788403 
1.7675 0.781252 
1.775 0.802341 
1.7725 0.795434 
1.78 0.815759 
1.7775 0.809118 
1.785 0.82862 
1.7825 0.822261 
1.79 0.840897 
1.7875 0.834833 
1.795 0.85257 
1.7925 0.846809 
1.8 0.863629 
1.7975 0.858176 
1.805 0.874069 
1.8025 0.868926 
1.81 0.883894 
1.8075 0.879058 
1.815 0.893112 
1.8125 0.888578 
1.82 0.901735 
1.8175 0.897497 
1.825 0.90978 
1.8225 0.905829 
1.83 0.917268 
1.8275 0.913593 
1.835 0.924221 
1.8325 0.92081 
1.84 0.930663 
1.8375 0.927504 
1.845 0.93662 
1.8425 0.933701 
1.85 0.942119 
1.8475 0.939425 
1.855 0.947185 
1.8525 0.944704 
1.86 0.951845 
1.8575 0.949564 
1.865 0.956127 
1.8625 0.954032 
1.87 0.960054 
1.8675 0.958133 
1.875 0.963653 
1.8725 0.961893 
1.88 0.966946 
1.8775 0.965336 
1.885 0.969957 
1.8825 0.968486 
1.89 0.972707 
1.8875 0.971363 
1.895 0.975216 
1.8925 0.973991 
1.9 0.977504 
1.8975 0.976387 
1.905 0.979589 
1.9025 0.978571 
1.91 0.981487 
1.9075 0.98056 
1.915 0.983214 
1.9125 0.982371 
1.92 0.984784 
1.9175 0.984018 
1.925 0.986211 
1.9225 0.985515 
1.93 0.987508 
1.9275 0.986875 
1.935 0.988685 
1.9325 0.98811 
1.94 0.989753 
1.9375 0.989232 
1.945 0.990722 
1.9425 0.99025 
1.95 0.991602 
1.9475 0.991173 
1.955 0.992399 
1.9525 0.99201 
1.96 0.993121 
1.9575 0.992769 
1.965 0.993776 
1.9625 0.993457 
1.97 0.994369 
1.9675 0.99408 
1.975 0.994906 
1.9725 0.994644 
1.98 0.995392 
1.9775 0.995155 
1.985 0.995833 
1.9825 0.995618 
1.99 0.996231 
1.9875 0.996037 
1.995 0.996592 
1.9925 0.996416 
2 0.996918 
1.9975 0.996759 
2.005 0.997214 
2.0025 0.99707 
2.01 0.997481 
2.0075 0.997351 
2.015 0.997722 
2.0125 0.997605 
2.02 0.997941 
2.0175 0.997834 
2.025 0.998138 
2.0225 0.998042 
2.03 0.998317 
2.0275 0.99823 
2.035 0.998478 
2.0325 0.998399 
2.04 0.998624 
2.0375 0.998553 
2.045 0.998755 
2.0425 0.998691 
2.05 0.998874 
2.0475 0.998816 
2.055 0.998982 
2.0525 0.99893 
2.06 0.999079 
2.0575 0.999032 
2.065 0.999166 
2.0625 0.999124 
2.07 0.999245 
2.0675 0.999207 
2.075 0.999316 
2.0725 0.999282 
2.08 0.99938 
2.0775 0.999349 
2.085 0.999438 
2.0825 0.99941 
2.09 0.99949 
2.0875 0.999465 
2.095 0.999537 
2.0925 0.999514 
2.1 0.999579 
2.0975 0.999558 
2.105 0.999616 
2.1025 0.999598 
2.11 0.999649 
2.1075 0.999633 
2.115 0.999679 
2.1125 0.999665 
2.12 0.999706 
2.1175 0.999693 
2.125 0.999729 
2.1225 0.999718 
2.13 0.99975 
2.1275 0.99974 
2.135 0.999768 
2.1325 0.999759 
2.14 0.999784 
2.1375 0.999776 
2.145 0.999797 
2.1425 0.999791 
2.15 0.999808 
2.1475 0.999803 
2.155 0.999818 
2.1525 0.999813 
2.16 0.999825 
2.1575 0.999822 
2.165 0.999831 
2.1625 0.999828 
2.17 0.999835 
2.1675 0.999833 
2.175 0.999837 
2.1725 0.999836 
2.18 0.999838 
2.1775 0.999838 
2.185 0.999837 
2.1825 0.999838 
2.19 0.999835 
2.1875 0.999836 
2.195 0.999831 
2.1925 0.999833 
2.2 0.999826 
2.1975 0.999829 
2.205 0.999819 
2.2025 0.999823 
2.21 0.999811 
2.2075 0.999815 
2.215 0.999801 
2.2125 0.999806 
2.22 0.999789 
2.2175 0.999795 
2.225 0.999776 
2.2225 0.999783 
2.23 0.999761 
2.2275 0.999769 
2.235 0.999744 
2.2325 0.999753 
2.24 0.999725 
2.2375 0.999735 
2.245 0.999705 
2.2425 0.999715 
2.25 0.999682 
2.2475 0.999693 
2.255 0.999657 
2.2525 0.99967 
2.26 0.999629 
2.2575 0.999643 
2.265 0.9996 
2.2625 0.999615 
2.27 0.999567 
2.2675 0.999584 
2.275 0.999532 
2.2725 0.99955 
2.28 0.999494 
2.2775 0.999514 
2.285 0.999453 
2.2825 0.999474 
2.29 0.999409 
2.2875 0.999431 
2.295 0.999361 
2.2925 0.999385 
2.3 0.99931 
2.2975 0.999336 
2.305 0.999254 
2.3025 0.999282 
2.31 0.999195 
2.3075 0.999225 
2.315 0.999131 
2.3125 0.999163 
2.32 0.999062 
2.3175 0.999097 
2.325 0.998989 
2.3225 0.999026 
2.33 0.99891 
2.3275 0.99895 
2.335 0.998826 
2.3325 0.998869 
2.34 0.998736 
2.3375 0.998782 
2.345 0.998639 
2.3425 0.998688 
2.35 0.998536 
2.3475 0.998588 
2.355 0.998425 
2.3525 0.998482 
2.36 0.998307 
2.3575 0.998367 
2.365 0.998181 
2.3625 0.998245 
2.37 0.998046 
2.3675 0.998115 
2.375 0.997902 
2.3725 0.997975 
2.38 0.997748 
2.3775 0.997826 
2.385 0.997584 
2.3825 0.997667 
2.39 0.997408 
2.3875 0.997497 
2.395 0.997221 
2.3925 0.997316 
2.4 0.99702 
2.3975 0.997122 
2.405 0.996806 
2.4025 0.996915 
2.41 0.996578 
2.4075 0.996694 
2.415 0.996334 
2.4125 0.996458 
2.42 0.996073 
2.4175 0.996206 
2.425 0.995795 
2.4225 0.995936 
2.43 0.995497 
2.4275 0.995648 
2.435 0.995179 
2.4325 0.995341 
2.44 0.994839 
2.4375 0.995012 
2.445 0.994476 
2.4425 0.994661 
2.45 0.994087 
2.4475 0.994285 
2.455 0.993671 
2.4525 0.993883 
2.46 0.993226 
2.4575 0.993452 
2.465 0.99275 
2.4625 0.992992 
2.47 0.99224 
2.4675 0.9925 
2.475 0.991694 
2.4725 0.991972 
2.48 0.99111 
2.4775 0.991407 
2.485 0.990483 
2.4825 0.990802 
2.49 0.989812 
2.4875 0.990153 
2.495 0.989092 
2.4925 0.989458 
2.5 0.98832 
2.4975 0.988713 
2.505 0.987492 
2.5025 0.987913 
2.51 0.986603 
2.5075 0.987055 
2.515 0.98565 
2.5125 0.986135 
2.52 0.984626 
2.5175 0.985147 
2.525 0.983528 
2.5225 0.984087 
2.53 0.982348 
2.5275 0.982948 
2.535 0.98108 
2.5325 0.981725 
2.54 0.979719 
2.5375 0.980412 
2.545 0.978256 
2.5425 0.979001 
2.55 0.976684 
2.5475 0.977484 
2.555 0.974996 
2.5525 0.975855 
2.56 0.973181 
2.5575 0.974105 
2.565 0.971231 
2.5625 0.972223 
2.57 0.969135 
2.5675 0.970201 
2.575 0.966883 
2.5725 0.968029 
2.58 0.964463 
2.5775 0.965695 
2.585 0.961863 
2.5825 0.963186 
2.59 0.959071 
2.5875 0.960492 
2.595 0.956072 
2.5925 0.957598 
2.6 0.952853 
2.5975 0.954491 
2.605 0.949397 
2.6025 0.951156 
2.61 0.94569 
2.6075 0.947576 
2.615 0.941713 
2.6125 0.943736 
2.62 0.937451 
2.6175 0.939619 
2.625 0.932883 
2.6225 0.935206 
2.63 0.927992 
2.6275 0.930479 
2.635 0.922757 
2.6325 0.925419 
2.64 0.917159 
2.6375 0.920005 
2.645 0.911176 
2.6425 0.914217 
2.65 0.904788 
2.6475 0.908034 
2.655 0.897972 
2.6525 0.901434 
2.66 0.890708 
2.6575 0.894397 
2.665 0.882973 
2.6625 0.8869 
2.67 0.874746 
2.6675 0.878922 
2.675 0.866007 
2.6725 0.870442 
2.68 0.856734 
2.6775 0.861439 
2.685 0.846909 
2.6825 0.851892 
2.69 0.836512 
2.6875 0.841783 
2.695 0.825527 
2.6925 0.831094 
2.7 0.813939 
2.6975 0.81981 
2.705 0.801735 
2.7025 0.807915 
2.71 0.788904 
2.7075 0.795398 
2.715 0.775438 
2.7125 0.782251 
2.72 0.761332 
2.7175 0.768465 
2.725 0.746585 
2.7225 0.754038 
2.73 0.731199 
2.7275 0.738971 
2.735 0.71518 
2.7325 0.723268 
2.74 0.69854 
2.7375 0.706937 
2.745 0.681293 
2.7425 0.689991 
2.75 0.663459 
2.7475 0.672448 
2.755 0.645064 
2.7525 0.65433 
2.76 0.626138 
2.7575 0.635665 
2.765 0.606716 
2.7625 0.616486 
2.77 0.586838 
2.7675 0.596831 
2.775 0.566552 
2.7725 0.576743 
2.78 0.545907 
2.7775 0.556271 
2.785 0.524959 
2.7825 0.535467 
2.79 0.503768 
2.7875 0.51439 
2.795 0.482399 
2.7925 0.493102 
2.8 0.460919 
2.7975 0.471668 
2.805 0.439397 
2.8025 0.450158 
2.81 0.417907 
2.8075 0.428644 
2.815 0.396522 
2.8125 0.407197 
2.82 0.375314 
2.8175 0.385891 
2.825 0.354358 
2.8225 0.3648 
2.83 0.333723 
2.8275 0.343996 
2.835 0.313479 
2.8325 0.323548 
2.84 0.293688 
2.8375 0.303523 
2.845 0.274412 
2.8425 0.283983 
2.85 0.255705 
2.8475 0.264984 
2.855 0.237615 
2.8525 0.24658 
2.86 0.220185 
2.8575 0.228815 
2.865 0.20345 
2.8625 0.211729 
2.87 0.18744 
2.8675 0.195353 
2.875 0.172177 
2.8725 0.179714 
2.88 0.157676 
2.8775 0.16483 
2.885 0.143947 
2.8825 0.150714 
2.89 0.130994 
2.8875 0.137374 
2.895 0.118817 
2.8925 0.124809 
2.9 0.107408 
2.8975 0.113017 
2.905 0.0967569 
2.9025 0.101988 
2.91 0.0868504 
2.9075 0.0917116 
2.915 0.0776709 
2.9125 0.0821709 
2.92 0.0691983 
2.9175 0.0733475 
2.925 0.0614102 
2.9225 0.0652201 
2.93 0.0542819 
2.9275 0.0577652 
2.935 0.0477868 
2.9325 0.0509569 
2.94 0.0418966 
2.9375 0.0447679 
2.945 0.0365812 
2.9425 0.039169 
2.95 0.031809 
2.9475 0.0341292 
2.955 0.027547 
2.9525 0.0296163 
2.96 0.0237612 
2.9575 0.0255968 
2.965 0.0204167 
2.9625 0.022036 
2.97 0.0174779 
2.9675 0.0188988 
2.975 0.0149093 
2.9725 0.0161495 
2.98 0.0126761 
2.9775 0.013753 
2.985 0.0107439 
2.9825 0.0116744 
2.99 0.00908005 
2.9875 0.0098804 
2.995 0.00765362 
2.9925 0.00833902 
3 0.00643569 
2.9975 0.0070203 
3.005 0.00539967 
3.0025 0.00589651 
3.01 0.0045214 
3.0075 0.00494223 
3.015 0.00377914 
3.0125 0.00413453 
3.02 0.00315358 
3.0175 0.00345289 
3.025 0.00262768 
3.0225 0.00287915 
3.03 0.00218653 
3.0275 0.00239736 
3.035 0.00181722 
3.0325 0.00199363 
3.04 0.0015086 
3.0375 0.00165596 
3.045 0.00125111 
3.0425 0.001374 
3.05 0.00103657 
3.0475 0.00113893 
3.055 0.000858064 
3.0525 0.000943205 
3.06 0.000709705 
3.0575 0.000780445 
3.065 0.000586536 
3.0625 0.00064525 
3.07 0.00048438 
3.0675 0.000533065 
3.075 0.000399729 
3.0725 0.000440062 
3.08 0.000329644 
3.0775 0.00036303 
3.085 0.000271665 
3.0825 0.000299278 
3.09 0.000223736 
3.0875 0.000246558 
3.095 0.000184145 
3.0925 0.000202994 
3.1 0.000151464 
3.0975 0.00016702 
3.105 0.000124505 
3.1025 0.000137335 
3.11 0.000102281 
3.1075 0.000112856 
3.115 8.3972e-05 
3.1125 9.26826e-05 
3.12 6.8898e-05 
3.1175 7.60683e-05 
3.125 5.6495e-05 
3.1225 6.23938e-05 
3.13 4.62963e-05 
3.1275 5.1146e-05 
3.135 3.79152e-05 
3.1325 4.18999e-05 
3.14 3.1032e-05 
3.1375 3.4304e-05 
3.145 2.53825e-05 
3.1425 2.80676e-05 
3.15 2.07485e-05 
3.1475 2.29506e-05 
3.155 1.69497e-05 
3.1525 1.87546e-05 
3.16 1.38376e-05 
3.1575 1.5316e-05 
3.165 1.12897e-05 
3.1625 1.24999e-05 
3.17 9.20489e-06 
3.1675 1.01949e-05 
3.175 7.50018e-06 
3.1725 8.30961e-06 
3.18 6.10715e-06 
3.1775 6.76847e-06 
3.185 4.96954e-06 
3.1825 5.50951e-06 
3.19 4.04112e-06 
3.1875 4.48172e-06 
3.195 3.28392e-06 
3.1925 3.6432e-06 
3.2 2.66677e-06 
3.1975 2.95955e-06 
3.205 2.16411e-06 
3.2025 2.40253e-06 
3.21 1.75497e-06 
3.2075 1.949e-06 
3.215 1.42218e-06 
3.2125 1.57998e-06 
3.22 1.15168e-06 
3.2175 1.27992e-06 
3.225 9.31964e-07 
3.2225 1.03611e-06 
3.23 7.53619e-07 
3.2275 8.38136e-07 
3.235 6.08959e-07 
3.2325 6.775e-07 
3.24 4.91706e-07 
3.2375 5.47251e-07 
3.245 3.96735e-07 
3.2425 4.41716e-07 
3.25 3.19869e-07 
3.2475 3.56268e-07 
3.255 2.57701e-07 
3.2525 2.87134e-07 
3.26 2.07457e-07 
3.2575 2.3124e-07 
3.265 1.66882e-07 
3.2625 1.86085e-07 
3.27 1.34139e-07 
3.2675 1.49632e-07 
3.275 1.07737e-07 
3.2725 1.20227e-07 
3.28 8.64636e-08 
3.2775 9.65253e-08 
3.285 6.9336e-08 
3.2825 7.74352e-08 
3.29 5.5557e-08 
3.2875 6.20714e-08 
3.295 4.44807e-08 
3.2925 4.97163e-08 
3.3 3.5584e-08 
3.2975 3.97884e-08 
3.305 2.84436e-08 
3.3025 3.18173e-08 
3.31 2.27174e-08 
3.3075 2.54224e-08 
3.315 1.81291e-08 
3.3125 2.02961e-08 
3.32 1.44556e-08 
3.3175 1.61902e-08 
3.325 1.15168e-08 
3.3225 1.29041e-08 
3.33 9.16783e-09 
3.3275 1.02765e-08 
3.335 7.29178e-09 
3.3325 8.17703e-09 
3.34 5.79473e-09 
3.3375 6.50098e-09 
3.345 4.60111e-09 
3.3425 5.16409e-09 
3.35 3.65023e-09 
3.3475 4.09862e-09 
3.355 2.89336e-09 
3.3525 3.25018e-09 
3.36 2.29145e-09 
3.3575 2.57516e-09 
3.365 1.81318e-09 
3.3625 2.03856e-09 
3.37 1.43348e-09 
3.3675 1.61236e-09 
3.375 1.1323e-09 
3.3725 1.27416e-09 
3.38 8.93608e-10 
3.3775 1.00601e-09 
3.385 7.04611e-10 
3.3825 7.93589e-10 
3.39 5.55093e-10 
3.3875 6.25468e-10 
3.395 4.36913e-10 
3.3925 4.92525e-10 
3.4 3.43585e-10 
3.3975 3.87492e-10 
3.405 2.69951e-10 
3.4025 3.04585e-10 
3.41 2.11906e-10 
3.4075 2.39201e-10 
3.415 1.66192e-10 
3.4125 1.87683e-10 
3.42 1.30221e-10 
3.4175 1.47127e-10 
3.425 1.01943e-10 
3.4225 1.15231e-10 
3.43 7.97334e-11 
3.4275 9.01671e-11 
3.435 6.23053e-11 
3.4325 7.04906e-11 
3.44 4.86421e-11 
3.4375 5.50576e-11 
3.445 3.79404e-11 
3.4425 4.29641e-11 
3.45 2.9566e-11 
3.4475 3.34962e-11 
3.455 2.30188e-11 
3.4525 2.60908e-11 
3.46 1.7905e-11 
3.4575 2.03038e-11 
3.465 1.39144e-11 
3.4625 1.57859e-11 
3.47 1.08033e-11 
3.4675 1.2262e-11 
3.475 8.38007e-12 
3.4725 9.51594e-12 
3.48 6.49439e-12 
3.4775 7.37806e-12 
3.485 5.02839e-12 
3.4825 5.71521e-12 
3.49 3.88973e-12 
3.4875 4.42306e-12 
3.495 3.00615e-12 
3.4925 3.4199e-12 
3.5 2.32115e-12 
3.4975 2.64184e-12 
3.505 1.7906e-12 
3.5025 2.03892e-12 
3.51 1.38005e-12 
3.5075 1.57216e-12 
3.515 1.06267e-12 
3.5125 1.21114e-12 
3.52 8.17535e-13 
3.5175 9.32182e-13 
3.525 6.28379e-13 
3.5225 7.16823e-13 
3.53 4.82554e-13 
3.5275 5.50721e-13 
3.535 3.70239e-13 
3.5325 4.22728e-13 
3.54 2.83812e-13 
3.5375 3.24193e-13 
3.545 2.17369e-13 
3.5425 2.48405e-13 
3.55 1.66334e-13 
3.5475 1.90167e-13 
3.555 1.27171e-13 
3.5525 1.45456e-13 
3.56 9.71456e-14 
3.5575 1.11161e-13 
3.565 7.4146e-14 
3.5625 8.4879e-14 
3.57 5.65441e-14 
3.5675 6.47562e-14 
3.575 4.3085e-14 
3.5725 4.93629e-14 
3.58 3.28028e-14 
3.5775 3.75977e-14 
3.585 2.49544e-14 
3.5825 2.86135e-14 
3.59 1.89689e-14 
3.5875 2.17588e-14 
3.595 1.44079e-14 
3.5925 1.65334e-14 
3.6 1.09354e-14 
3.5975 1.25533e-14 
3.605 8.29372e-15 
3.6025 9.52423e-15 
3.61 6.28572e-15 
3.6075 7.22086e-15 
3.615 4.76062e-15 
3.6125 5.47072e-15 
3.62 3.60316e-15 
3.6175 4.14197e-15 
3.625 2.72539e-15 
3.6225 3.13392e-15 
3.63 2.06021e-15 
3.6275 2.36974e-15 
3.635 1.5565e-15 
3.6325 1.79085e-15 
3.64 1.17531e-15 
3.6375 1.35262e-15 
3.645 8.87034e-16 
3.6425 1.02111e-15 
3.65 6.69162e-16 
3.6475 7.70474e-16 
3.655 5.04597e-16 
3.6525 5.81109e-16 
3.66 3.80366e-16 
3.6575 4.38117e-16 
3.665 2.86631e-16 
3.6625 3.30199e-16 
3.67 2.15941e-16 
3.6675 2.48794e-16 
3.675 1.62653e-16 
3.6725 1.87416e-16 
3.68 1.22499e-16 
3.6775 1.41157e-16 
3.685 9.22525e-17 
3.6825 1.06306e-16 
3.69 6.94745e-17 
3.6875 8.00567e-17 
3.695 5.2325e-17 
3.6925 6.02919e-17 
3.7 3.94153e-17 
3.6975 4.54124e-17 
3.705 2.96981e-17 
3.7025 3.42121e-17 
3.71 2.2384e-17 
3.7075 2.57817e-17 
3.715 1.68785e-17 
3.7125 1.94361e-17 
3.72 1.27337e-17 
3.7175 1.46592e-17 
3.725 9.61267e-18 
3.7225 1.10627e-17 
3.73 7.26183e-18 
3.7275 8.35414e-18 
3.735 5.49039e-18 
3.7325 6.31358e-18 
3.74 4.15489e-18 
3.7375 4.77559e-18 
3.745 3.14746e-18 
3.7425 3.61577e-18 
3.75 2.38697e-18 
3.7475 2.74056e-18 
3.755 1.81244e-18 
3.7525 2.07963e-18 
3.76 1.37801e-18 
3.7575 1.58009e-18 
3.765 1.04918e-18 
3.7625 1.20218e-18 
3.77 8.00009e-19 
3.7675 9.15985e-19 
3.775 6.10971e-19 
3.7725 6.98988e-19 
3.78 4.67367e-19 
3.7775 5.34254e-19 
3.785 3.58124e-19 
3.7825 4.09026e-19 
3.79 2.74897e-19 
3.7875 3.13692e-19 
3.795 2.1139e-19 
3.7925 2.41006e-19 
3.8 1.62851e-19 
3.7975 1.85497e-19 
3.805 1.25689e-19 
3.8025 1.43035e-19 
3.81 9.71869e-20 
3.8075 1.10497e-19 
3.815 7.5287e-20 
3.8125 8.5519e-20 
3.82 5.84288e-20 
3.8175 6.63092e-20 
3.825 4.54275e-20 
3.8225 5.1508e-20 
3.83 3.53818e-20 
3.8275 4.00823e-20 
3.835 2.76051e-20 
3.8325 3.12458e-20 
3.84 2.15738e-20 
3.8375 2.43988e-20 
3.845 1.68875e-20 
3.8425 1.90835e-20 
3.85 1.32396e-20 
3.8475 1.49498e-20 
3.855 1.0395e-20 
3.8525 1.17293e-20 
3.86 8.17311e-21 
3.8575 9.21577e-21 
3.865 6.43464e-21 
3.8625 7.25079e-21 
3.87 5.07228e-21 
3.8675 5.71212e-21 
3.875 4.00303e-21 
3.8725 4.5054e-21 
3.88 3.16262e-21 
3.8775 3.55763e-21 
3.885 2.50118e-21 
3.8825 2.81218e-21 
3.89 1.97992e-21 
3.8875 2.22509e-21 
3.895 1.56864e-21 
3.8925 1.76214e-21 
3.9 1.24377e-21 
3.8975 1.39665e-21 
3.905 9.86882e-22 
3.9025 1.10781e-21 
3.91 7.83563e-22 
3.9075 8.79297e-22 
3.915 6.22496e-22 
3.9125 6.98352e-22 
3.92 4.94796e-22 
3.9175 5.5495e-22 
3.925 3.93477e-22 
3.9225 4.41213e-22 
3.93 3.13035e-22 
3.9275 3.50941e-22 
3.935 2.49128e-22 
3.9325 2.79247e-22 
3.94 1.98331e-22 
3.9375 2.22275e-22 
3.945 1.57934e-22 
3.9425 1.76978e-22 
3.95 1.25794e-22 
3.9475 1.40947e-22 
3.955 1.00213e-22 
3.9525 1.12275e-22 
3.96 7.98472e-23 
3.9575 8.94509e-23 
3.965 6.36276e-23 
3.9625 7.12765e-23 
3.97 5.07071e-23 
3.9675 5.68006e-23 
3.975 4.04127e-23 
3.9725 4.52679e-23 
3.98 3.22092e-23 
3.9775 3.60784e-23 
3.985 2.56711e-23 
3.9825 2.87549e-23 
3.99 2.04597e-23 
3.9875 2.29178e-23 
3.995 1.63055e-23 
3.9925 1.8265e-23 
4 1.29939e-23 
3.9975 1.4556e-23 
4.005 1.0354e-23 
4.0025 1.15993e-23 
4.01 8.24959e-24 
4.0075 9.24223e-24 
4.015 6.57203e-24 
4.0125 7.3633e-24 
4.02 5.23486e-24 
4.0175 5.86557e-24 
4.025 4.16907e-24 
4.0225 4.67176e-24 
4.03 3.31968e-24 
4.0275 3.7203e-24 
4.035 2.64283e-24 
4.0325 2.96206e-24 
4.04 2.10354e-24 
4.0375 2.35788e-24 
4.045 1.67391e-24 
4.0425 1.87652e-24 
4.05 1.33171e-24 
4.0475 1.49309e-24 
4.055 1.0592e-24 
4.0525 1.1877e-24 
4.06 8.42222e-25 
4.0575 9.44532e-25 
4.065 6.69502e-25 
4.0625 7.50939e-25 
4.07 5.32044e-25 
4.0675 5.96851e-25 
4.075 4.22676e-25 
4.0725 4.74236e-25 
4.08 3.35681e-25 
4.0775 3.7669e-25 
4.085 2.665e-25 
4.0825 2.99109e-25 
4.09 2.11502e-25 
4.0875 2.37424e-25 
4.095 1.67793e-25 
4.0925 1.88392e-25 
4.1 1.33066e-25 
4.0975 1.49431e-25 
4.105 1.05485e-25 
4.1025 1.18481e-25 
4.11 8.35867e-26 
4.1075 9.39043e-26 
4.115 6.62068e-26 
4.1125 7.43948e-26 
4.12 5.24181e-26 
4.1175 5.89135e-26 
4.125 4.14827e-26 
4.1225 4.66334e-26 
4.13 3.28136e-26 
4.1275 3.68965e-26 
4.135 2.59441e-26 
4.1325 2.9179e-26 
4.14 2.05028e-26 
4.1375 2.30649e-26 
4.145 1.61947e-26 
4.1425 1.8223e-26 
4.15 1.27854e-26 
4.1475 1.43904e-26 
4.155 1.00886e-26 
4.1525 1.1358e-26 
4.16 7.95643e-27 
4.1575 8.9599e-27 
4.165 6.27148e-27 
4.1625 7.06436e-27 
4.17 4.94062e-27 
4.1675 5.5668e-27 
4.175 3.88998e-27 
4.1725 4.38425e-27 
4.18 3.06101e-27 
4.1775 3.45094e-27 
4.185 2.40727e-27 
4.1825 2.71473e-27 
4.19 1.89203e-27 
4.1875 2.13432e-27 
4.195 1.48616e-27 
4.1925 1.67698e-27 
4.2 1.16663e-27 
4.1975 1.31684e-27 
4.205 9.15221e-28 
4.2025 1.03339e-27 
4.21 7.17532e-28 
4.2075 8.10435e-28 
4.215 5.62178e-28 
4.2125 6.35174e-28 
4.22 4.40169e-28 
4.2175 4.97487e-28 
4.225 3.44407e-28 
4.2225 3.89387e-28 
4.23 2.69296e-28 
4.2275 3.0457e-28 
4.235 2.1042e-28 
4.2325 2.38065e-28 
4.24 1.64301e-28 
4.2375 1.85952e-28 
4.245 1.28199e-28 
4.2425 1.45144e-28 
4.25 9.99577e-29 
4.2475 1.13211e-28 
4.255 7.78811e-29 
4.2525 8.82395e-29 
4.26 6.06356e-29 
4.2575 6.87257e-29 
4.265 4.71737e-29 
4.2625 5.34877e-29 
4.27 3.66728e-29 
4.2675 4.1597e-29 
4.275 2.84877e-29 
4.2725 3.23252e-29 
4.28 2.21124e-29 
4.2775 2.51008e-29 
4.285 1.71505e-29 
4.2825 1.94759e-29 
4.29 1.32916e-29 
4.2875 1.50997e-29 
4.295 1.02927e-29 
4.2925 1.16976e-29 
4.3 7.9641e-30 
4.2975 9.05474e-30 
4.305 6.15733e-30 
4.3025 7.00338e-30 
4.31 4.75657e-30 
4.3075 5.41236e-30 
4.315 3.67145e-30 
4.3125 4.17936e-30 
4.32 2.83153e-30 
4.3175 3.22459e-30 
4.325 2.18194e-30 
4.3225 2.48586e-30 
4.33 1.67996e-30 
4.3275 1.91477e-30 
4.335 1.29237e-30 
4.3325 1.47363e-30 
4.34 9.9335e-31 
4.3375 1.13316e-30 
4.345 7.6286e-31 
4.3425 8.70602e-31 
4.35 5.85344e-31 
4.3475 6.68304e-31 
4.355 4.48745e-31 
4.3525 5.12568e-31 
4.36 3.43721e-31 
4.3575 3.9278e-31 
4.365 2.63045e-31 
4.3625 3.00722e-31 
4.37 2.01126e-31 
4.3675 2.30036e-31 
4.375 1.53645e-31 
4.3725 1.75809e-31 
4.38 1.17268e-31 
4.3775 1.34245e-31 
4.385 8.9423e-32 
4.3825 1.02415e-31 
4.39 6.81278e-32 
4.3875 7.80611e-32 
4.395 5.18565e-32 
4.3925 5.94446e-32 
4.4 3.94353e-32 
4.3975 4.52265e-32 
4.405 2.99617e-32 
4.4025 3.43775e-32 
4.41 2.27429e-32 
4.4075 2.61069e-32 
4.415 1.72474e-32 
4.4125 1.98077e-32 
4.42 1.30676e-32 
4.4175 1.50145e-32 
4.425 9.8915e-33 
4.4225 1.13705e-32 
4.43 7.48031e-33 
4.4275 8.60282e-33 
4.435 5.65155e-33 
4.4325 6.5027e-33 
4.44 4.26584e-33 
4.4375 4.91062e-33 
4.445 3.21684e-33 
4.4425 3.70482e-33 
4.45 2.42348e-33 
4.4475 2.79245e-33 
4.455 1.82404e-33 
4.4525 2.10275e-33 
4.46 1.37155e-33 
4.4575 1.58188e-33 
4.465 1.03032e-33 
4.4625 1.1889e-33 
4.47 7.73239e-34 
4.4675 8.92677e-34 
4.475 5.79741e-34 
4.4725 6.69615e-34 
4.48 4.34243e-34 
4.4775 5.01805e-34 
4.485 3.24945e-34 
4.4825 3.75684e-34 
4.49 2.42919e-34 
4.4875 2.80987e-34 
4.495 1.81422e-34 
4.4925 2.09955e-34 
4.5 1.3536e-34 
4.4975 1.56726e-34 
4.505 1.00894e-34 
4.5025 1.16877e-34 
4.51 7.51297e-35 
4.5075 8.70744e-35 
4.515 5.58895e-35 
4.5125 6.48071e-35 
4.52 4.15354e-35 
4.5175 4.81866e-35 
4.525 3.08373e-35 
4.5225 3.57931e-35 
4.53 2.28719e-35 
4.5275 2.65608e-35 
4.535 1.69471e-35 
4.5325 1.96903e-35 
4.54 1.25446e-35 
4.5375 1.45824e-35 
4.545 9.27653e-36 
4.5425 1.07888e-35 
4.55 6.85297e-36 
4.5475 7.97415e-36 
4.555 5.05751e-36 
4.5525 5.8879e-36 
4.56 3.72872e-36 
4.5575 4.34311e-36 
4.565 2.74628e-36 
4.5625 3.20041e-36 
4.57 2.02067e-36 
4.5675 2.35599e-36 
4.575 1.48527e-36 
4.5725 1.73262e-36 
4.58 1.09063e-36 
4.5775 1.2729e-36 
4.585 8.00044e-37 
4.5825 9.34221e-37 
4.59 5.86286e-37 
4.5875 6.84959e-37 
4.595 4.29205e-37 
4.5925 5.01695e-37 
4.6 3.13892e-37 
4.5975 3.67093e-37 
4.605 2.29327e-37 
4.6025 2.68331e-37 
4.61 1.67374e-37 
4.6075 1.95941e-37 
4.615 1.22034e-37 
4.6125 1.42935e-37 
4.62 8.88857e-38 
4.6175 1.04162e-37 
4.625 6.46755e-38 
4.6225 7.58296e-38 
4.63 4.70116e-38 
4.6275 5.51475e-38 
4.635 3.41372e-38 
4.6325 4.00654e-38 
4.64 2.47632e-38 
4.6375 2.90784e-38 
4.645 1.7945e-38 
4.6425 2.10828e-38 
4.65 1.29907e-38 
4.6475 1.52701e-38 
4.655 9.39467e-39 
4.6525 1.10487e-38 
4.66 6.7871e-39 
4.6575 7.98612e-39 
4.665 4.89827e-39 
4.6625 5.76656e-39 
4.67 3.53147e-39 
4.6675 4.15961e-39 
4.675 2.54346e-39 
4.6725 2.99739e-39 
4.68 1.82998e-39 
4.6775 2.15769e-39 
4.685 1.3153e-39 
4.6825 1.55163e-39 
4.69 9.444e-40 
4.6875 1.11466e-39 
4.695 6.77394e-40 
4.6925 7.9993e-40 
4.7 4.85379e-40 
4.6975 5.73475e-40 
4.705 3.47436e-40 
4.7025 4.10706e-40 
4.71 2.4844e-40 
4.7075 2.93834e-40 
4.715 1.77469e-40 
4.7125 2.10003e-40 
4.72 1.26642e-40 
4.7175 1.49935e-40 
4.725 9.02787e-41 
4.7225 1.06939e-40 
4.73 6.42904e-41 
4.7275 7.61936e-41 
4.735 4.57363e-41 
4.7325 5.42321e-41 
4.74 3.25034e-41 
4.7375 3.85609e-41 
4.745 2.30754e-41 
4.7425 2.739e-41 
4.75 1.63653e-41 
4.7475 1.94352e-41 
4.755 1.15944e-41 
4.7525 1.37765e-41 
4.76 8.20598e-42 
4.7575 9.75535e-42 
4.765 5.80181e-42 
4.7625 6.9008e-42 
4.77 4.09779e-42 
4.7675 4.87651e-42 
4.775 2.89128e-42 
4.7725 3.44249e-42 
4.78 2.0379e-42 
4.7775 2.42766e-42 
4.785 1.43492e-42 
4.7825 1.71024e-42 
4.79 1.00932e-42 
4.7875 1.20359e-42 
4.795 7.09217e-43 
4.7925 8.46166e-43 
4.8 4.97834e-43 
4.7975 5.94271e-43 
4.805 3.49095e-43 
4.8025 4.16933e-43 
4.81 2.44544e-43 
4.8075 2.92215e-43 
4.815 1.71128e-43 
4.8125 2.04593e-43 
4.82 1.1963e-43 
4.8175 1.43098e-43 
4.825 8.35439e-44 
4.8225 9.9984e-44 
4.83 5.8283e-44 
4.8275 6.97879e-44 
4.835 4.06184e-44 
4.8325 4.86614e-44 
4.84 2.82786e-44 
4.8375 3.38955e-44 
4.845 1.96674e-44 
4.8425 2.3586e-44 
4.85 1.36644e-44 
4.8475 1.63953e-44 
4.855 9.48393e-45 
4.8525 1.13852e-44 
4.86 6.57568e-45 
4.8575 7.89798e-45 
4.865 4.55457e-45 
4.8625 5.47325e-45 
4.87 3.15144e-45 
4.8675 3.78905e-45 
4.875 2.17834e-45 
4.8725 2.62041e-45 
4.88 1.50418e-45 
4.8775 1.81036e-45 
4.885 1.03759e-45 
4.8825 1.24943e-45 
4.89 7.15005e-46 
4.8875 8.61427e-46 
4.895 4.92207e-46 
4.8925 5.93307e-46 
4.9 3.38487e-46 
4.8975 4.08221e-46 
4.905 2.32537e-46 
4.9025 2.80587e-46 
4.91 1.59588e-46 
4.9075 1.92662e-46 
4.915 1.09412e-46 
4.9125 1.32155e-46 
4.92 7.49348e-47 
4.9175 9.05574e-47 
4.925 5.12699e-47 
4.9225 6.19903e-47 
4.93 3.50429e-47 
4.9275 4.23917e-47 
4.935 2.39276e-47 
4.9325 2.896e-47 
4.94 1.63217e-47 
4.9375 1.97643e-47 
4.945 1.11227e-47 
4.9425 1.34752e-47 
4.95 7.57293e-48 
4.9475 9.17867e-48 
4.955 5.15204e-48 
4.9525 6.24674e-48 
4.96 3.50337e-48 
4.9575 4.24855e-48 
4.965 2.38265e-48 
4.9625 2.8889e-48 
4.97 1.62298e-48 
4.9675 1.96579e-48 
4.975 1.11062e-48 
4.9725 1.34139e-48 
4.98 7.68475e-49 
4.9775 9.21983e-49 
4.985 5.44818e-49 
4.9825 6.44297e-49 
4.99 4.05692e-49 
4.9875 4.66262e-49 
4.995 3.29898e-49 
4.9925 3.60797e-49 
5 3.05859e-49 
4.9975 3.11809e-49 
