0 7.67606e-16 
0.005 7.70523e-16 
0.0025 7.68335e-16 
0.01 7.79272e-16 
0.0075 7.74169e-16 
0.015 7.93847e-16 
0.0125 7.85832e-16 
0.02 8.14237e-16 
0.0175 8.03316e-16 
0.025 8.40424e-16 
0.0225 8.26607e-16 
0.03 8.72387e-16 
0.0275 8.55685e-16 
0.035 9.10093e-16 
0.0325 8.90524e-16 
0.04 9.53501e-16 
0.0375 9.31087e-16 
0.045 1.00256e-15 
0.0425 9.77328e-16 
0.05 1.0572e-15 
0.0475 1.02919e-15 
0.055 1.11735e-15 
0.0525 1.08659e-15 
0.06 1.18289e-15 
0.0575 1.14945e-15 
0.065 1.25372e-15 
0.0625 1.21765e-15 
0.07 1.32968e-15 
0.0675 1.29106e-15 
0.075 1.4106e-15 
0.0725 1.36953e-15 
0.08 1.49628e-15 
0.0775 1.45286e-15 
0.085 1.58649e-15 
0.0825 1.54084e-15 
0.09 1.68097e-15 
0.0875 1.63322e-15 
0.095 1.7794e-15 
0.0925 1.72971e-15 
0.1 1.88144e-15 
0.0975 1.82999e-15 
0.105 1.98672e-15 
0.1025 1.9337e-15 
0.11 2.0948e-15 
0.1075 2.04044e-15 
0.115 2.20522e-15 
0.1125 2.14975e-15 
0.12 2.31747e-15 
0.1175 2.26115e-15 
0.125 2.43098e-15 
0.1225 2.3741e-15 
0.13 2.54517e-15 
0.1275 2.48803e-15 
0.135 2.65939e-15 
0.1325 2.60231e-15 
0.14 2.77296e-15 
0.1375 2.7163e-15 
0.145 2.88516e-15 
0.1425 2.82928e-15 
0.15 2.99526e-15 
0.1475 2.94052e-15 
0.155 3.10248e-15 
0.1525 3.04928e-15 
0.16 3.20601e-15 
0.1575 3.15475e-15 
0.165 3.30504e-15 
0.1625 3.25614e-15 
0.17 3.39877e-15 
0.1675 3.35262e-15 
0.175 3.48635e-15 
0.1725 3.44338e-15 
0.18 3.567e-15 
0.1775 3.52759e-15 
0.185 3.63991e-15 
0.1825 3.60447e-15 
0.19 3.70432e-15 
0.1875 3.67322e-15 
0.195 3.75952e-15 
0.1925 3.73312e-15 
0.2 3.80485e-15 
0.1975 3.78346e-15 
0.205 3.8397e-15 
0.2025 3.82362e-15 
0.21 3.86357e-15 
0.2075 3.85304e-15 
0.215 3.87601e-15 
0.2125 3.87124e-15 
0.22 3.87671e-15 
0.2175 3.87784e-15 
0.225 3.86545e-15 
0.2225 3.87258e-15 
0.23 3.84214e-15 
0.2275 3.8553e-15 
0.235 3.80684e-15 
0.2325 3.82598e-15 
0.24 3.75973e-15 
0.2375 3.78474e-15 
0.245 3.70113e-15 
0.2425 3.73184e-15 
0.25 3.63154e-15 
0.2475 3.66768e-15 
0.255 3.55159e-15 
0.2525 3.59281e-15 
0.26 3.46204e-15 
0.2575 3.50796e-15 
0.265 3.36382e-15 
0.2625 3.41395e-15 
0.27 3.25799e-15 
0.2675 3.31179e-15 
0.275 3.14571e-15 
0.2725 3.20258e-15 
0.28 3.02826e-15 
0.2775 3.08755e-15 
0.285 2.907e-15 
0.2825 2.96802e-15 
0.29 2.78337e-15 
0.2875 2.84539e-15 
0.295 2.65882e-15 
0.2925 2.72111e-15 
0.3 2.53484e-15 
0.2975 2.59667e-15 
0.305 2.41291e-15 
0.3025 2.47353e-15 
0.31 2.29446e-15 
0.3075 2.35316e-15 
0.315 2.18088e-15 
0.3125 2.23698e-15 
0.32 2.07345e-15 
0.3175 2.12632e-15 
0.325 1.97339e-15 
0.3225 2.02243e-15 
0.33 1.88176e-15 
0.3275 1.92646e-15 
0.335 1.79954e-15 
0.3325 1.83942e-15 
0.34 1.72754e-15 
0.3375 1.76221e-15 
0.345 1.66647e-15 
0.3425 1.6956e-15 
0.35 1.61691e-15 
0.3475 1.64022e-15 
0.355 1.57933e-15 
0.3525 1.5966e-15 
0.36 1.55409e-15 
0.3575 1.56515e-15 
0.365 1.5415e-15 
0.3625 1.5462e-15 
0.37 1.54179e-15 
0.3675 1.54002e-15 
0.375 1.55516e-15 
0.3725 1.54683e-15 
0.38 1.5818e-15 
0.3775 1.56681e-15 
0.385 1.62193e-15 
0.3825 1.60017e-15 
0.39 1.67579e-15 
0.3875 1.64713e-15 
0.395 1.74366e-15 
0.3925 1.70795e-15 
0.4 1.82594e-15 
0.3975 1.78297e-15 
0.405 1.92309e-15 
0.4025 1.87262e-15 
0.41 2.0357e-15 
0.4075 1.97742e-15 
0.415 2.16452e-15 
0.4125 2.09803e-15 
0.42 2.31041e-15 
0.4175 2.23527e-15 
0.425 2.47442e-15 
0.4225 2.39007e-15 
0.43 2.65781e-15 
0.4275 2.56361e-15 
0.435 2.86203e-15 
0.4325 2.75721e-15 
0.44 3.08876e-15 
0.4375 2.97246e-15 
0.445 3.33996e-15 
0.4425 3.21117e-15 
0.45 3.61787e-15 
0.4475 3.47542e-15 
0.455 3.92508e-15 
0.4525 3.76764e-15 
0.46 4.2645e-15 
0.4575 4.09056e-15 
0.465 4.63949e-15 
0.4625 4.44732e-15 
0.47 5.05388e-15 
0.4675 4.8415e-15 
0.475 5.51199e-15 
0.4725 5.27717e-15 
0.48 6.01878e-15 
0.4775 5.75896e-15 
0.485 6.57986e-15 
0.4825 6.29215e-15 
0.49 7.20164e-15 
0.4875 6.88273e-15 
0.495 7.89138e-15 
0.4925 7.53752e-15 
0.5 8.65736e-15 
0.4975 8.26428e-15 
0.505 9.509e-15 
0.5025 9.07183e-15 
0.51 1.0457e-14 
0.5075 9.97023e-15 
0.515 1.15136e-14 
0.5125 1.09709e-14 
0.52 1.26926e-14 
0.5175 1.20868e-14 
0.525 1.40098e-14 
0.5225 1.33329e-14 
0.53 1.54832e-14 
0.5275 1.47258e-14 
0.535 1.71332e-14 
0.5325 1.62848e-14 
0.54 1.89831e-14 
0.5375 1.80316e-14 
0.545 2.10592e-14 
0.5425 1.99911e-14 
0.55 2.33916e-14 
0.5475 2.21914e-14 
0.555 2.60145e-14 
0.5525 2.46644e-14 
0.56 2.89665e-14 
0.5575 2.74467e-14 
0.565 3.22919e-14 
0.5625 3.05796e-14 
0.57 3.60406e-14 
0.5675 3.411e-14 
0.575 4.02696e-14 
0.5725 3.80912e-14 
0.58 4.50433e-14 
0.5775 4.25839e-14 
0.585 5.0435e-14 
0.5825 4.76569e-14 
0.59 5.65281e-14 
0.5875 5.33883e-14 
0.595 6.34169e-14 
0.5925 5.98666e-14 
0.6 7.12085e-14 
0.5975 6.71926e-14 
0.605 8.00247e-14 
0.6025 7.54803e-14 
0.61 9.00035e-14 
0.6075 8.48595e-14 
0.615 1.01302e-13 
0.6125 9.5477e-14 
0.62 1.14097e-13 
0.6175 1.075e-13 
0.625 1.2859e-13 
0.6225 1.21117e-13 
0.63 1.45011e-13 
0.6275 1.36544e-13 
0.635 1.63619e-13 
0.6325 1.54024e-13 
0.64 1.84709e-13 
0.6375 1.73834e-13 
0.645 2.08614e-13 
0.6425 1.96287e-13 
0.65 2.35715e-13 
0.6475 2.2174e-13 
0.655 2.6644e-13 
0.6525 2.50595e-13 
0.66 3.01279e-13 
0.6575 2.83313e-13 
0.665 3.40785e-13 
0.6625 3.20411e-13 
0.67 3.85586e-13 
0.6675 3.62481e-13 
0.675 4.36395e-13 
0.6725 4.10191e-13 
0.68 4.9402e-13 
0.6775 4.64301e-13 
0.685 5.5938e-13 
0.6825 5.25671e-13 
0.69 6.33515e-13 
0.6875 5.9528e-13 
0.695 7.17607e-13 
0.6925 6.74236e-13 
0.7 8.12994e-13 
0.6975 7.63798e-13 
0.705 9.21199e-13 
0.7025 8.65392e-13 
0.71 1.04394e-12 
0.7075 9.80637e-13 
0.715 1.18319e-12 
0.7125 1.11137e-12 
0.72 1.34115e-12 
0.7175 1.25968e-12 
0.725 1.52036e-12 
0.7225 1.42793e-12 
0.73 1.72366e-12 
0.7275 1.6188e-12 
0.735 1.95429e-12 
0.7325 1.83534e-12 
0.74 2.21595e-12 
0.7375 2.081e-12 
0.745 2.51281e-12 
0.7425 2.3597e-12 
0.75 2.84959e-12 
0.7475 2.67589e-12 
0.755 3.23168e-12 
0.7525 3.03461e-12 
0.76 3.66516e-12 
0.7575 3.44158e-12 
0.765 4.15697e-12 
0.7625 3.90331e-12 
0.77 4.71495e-12 
0.7675 4.42716e-12 
0.775 5.348e-12 
0.7725 5.02149e-12 
0.78 6.06623e-12 
0.7775 5.69578e-12 
0.785 6.88109e-12 
0.7825 6.4608e-12 
0.79 7.80561e-12 
0.7875 7.32877e-12 
0.795 8.85453e-12 
0.7925 8.31352e-12 
0.8 1.00446e-11 
0.7975 9.43078e-12 
0.805 1.13948e-11 
0.8025 1.06984e-11 
0.81 1.29267e-11 
0.8075 1.21366e-11 
0.815 1.46648e-11 
0.8125 1.37683e-11 
0.82 1.66367e-11 
0.8175 1.56196e-11 
0.825 1.88741e-11 
0.8225 1.77201e-11 
0.83 2.14125e-11 
0.8275 2.01032e-11 
0.835 2.42925e-11 
0.8325 2.28071e-11 
0.84 2.75602e-11 
0.8375 2.58748e-11 
0.845 3.12676e-11 
0.8425 2.93554e-11 
0.85 3.54739e-11 
0.8475 3.33044e-11 
0.855 4.02464e-11 
0.8525 3.77848e-11 
0.86 4.56611e-11 
0.8575 4.28683e-11 
0.865 5.18046e-11 
0.8625 4.8636e-11 
0.87 5.8775e-11 
0.8675 5.51798e-11 
0.875 6.66835e-11 
0.8725 6.26044e-11 
0.88 7.56563e-11 
0.8775 7.10283e-11 
0.885 8.58368e-11 
0.8825 8.05859e-11 
0.89 9.73875e-11 
0.8875 9.14299e-11 
0.895 1.10493e-10 
0.8925 1.03733e-10 
0.9 1.25362e-10 
0.8975 1.17693e-10 
0.905 1.42232e-10 
0.9025 1.33531e-10 
0.91 1.61373e-10 
0.9075 1.51501e-10 
0.915 1.83091e-10 
0.9125 1.71889e-10 
0.92 2.07731e-10 
0.9175 1.95022e-10 
0.925 2.35688e-10 
0.9225 2.21268e-10 
0.93 2.67408e-10 
0.9275 2.51047e-10 
0.935 3.03397e-10 
0.9325 2.84834e-10 
0.94 3.4423e-10 
0.9375 3.23169e-10 
0.945 3.90559e-10 
0.9425 3.66663e-10 
0.95 4.43123e-10 
0.9475 4.16012e-10 
0.955 5.02763e-10 
0.9525 4.72002e-10 
0.96 5.70431e-10 
0.9575 5.35529e-10 
0.965 6.47206e-10 
0.9625 6.07607e-10 
0.97 7.34316e-10 
0.9675 6.89386e-10 
0.975 8.3315e-10 
0.9725 7.82173e-10 
0.98 9.45288e-10 
0.9775 8.87449e-10 
0.985 1.07252e-09 
0.9825 1.0069e-09 
0.99 1.21688e-09 
0.9875 1.14242e-09 
0.995 1.38067e-09 
0.9925 1.29619e-09 
1 1.5665e-09 
0.9975 1.47065e-09 
1.005 1.77735e-09 
1.0025 1.6686e-09 
1.01 2.01658e-09 
1.0075 1.89319e-09 
1.015 2.28801e-09 
1.0125 2.14801e-09 
1.02 2.59598e-09 
1.0175 2.43714e-09 
1.025 2.94541e-09 
1.0225 2.76518e-09 
1.03 3.34186e-09 
1.0275 3.13738e-09 
1.035 3.79169e-09 
1.0325 3.55968e-09 
1.04 4.30207e-09 
1.0375 4.03882e-09 
1.045 4.88115e-09 
1.0425 4.58247e-09 
1.05 5.53818e-09 
1.0475 5.19929e-09 
1.055 6.28365e-09 
1.0525 5.89915e-09 
1.06 7.12947e-09 
1.0575 6.69321e-09 
1.065 8.08916e-09 
1.0625 7.59417e-09 
1.07 9.17803e-09 
1.0675 8.61641e-09 
1.075 1.04135e-08 
1.0725 9.77625e-09 
1.08 1.18152e-08 
1.0775 1.10922e-08 
1.085 1.34057e-08 
1.0825 1.25854e-08 
1.09 1.52103e-08 
1.0875 1.42795e-08 
1.095 1.72578e-08 
1.0925 1.62017e-08 
1.1 1.95809e-08 
1.0975 1.83827e-08 
1.105 2.22168e-08 
1.1025 2.08573e-08 
1.11 2.52075e-08 
1.1075 2.3665e-08 
1.115 2.86009e-08 
1.1125 2.68507e-08 
1.12 3.24511e-08 
1.1175 3.04652e-08 
1.125 3.68197e-08 
1.1225 3.45664e-08 
1.13 4.17764e-08 
1.1275 3.92198e-08 
1.135 4.74004e-08 
1.1325 4.44996e-08 
1.14 5.37816e-08 
1.1375 5.04903e-08 
1.145 6.1022e-08 
1.1425 5.72875e-08 
1.15 6.92372e-08 
1.1475 6.49999e-08 
1.155 7.85585e-08 
1.1525 7.37507e-08 
1.16 8.91349e-08 
1.1575 8.36798e-08 
1.165 1.01135e-07 
1.1625 9.49458e-08 
1.17 1.14752e-07 
1.1675 1.07729e-07 
1.175 1.30202e-07 
1.1725 1.22233e-07 
1.18 1.47732e-07 
1.1775 1.3869e-07 
1.185 1.67623e-07 
1.1825 1.57364e-07 
1.19 1.90193e-07 
1.1875 1.78552e-07 
1.195 2.15803e-07 
1.1925 2.02594e-07 
1.2 2.44861e-07 
1.1975 2.29873e-07 
1.205 2.77834e-07 
1.2025 2.60827e-07 
1.21 3.15248e-07 
1.2075 2.9595e-07 
1.215 3.57701e-07 
1.2125 3.35804e-07 
1.22 4.05874e-07 
1.2175 3.81027e-07 
1.225 4.60536e-07 
1.2225 4.32341e-07 
1.23 5.22563e-07 
1.2275 4.9057e-07 
1.235 5.92948e-07 
1.2325 5.56644e-07 
1.24 6.72818e-07 
1.2375 6.31621e-07 
1.245 7.63452e-07 
1.2425 7.16703e-07 
1.25 8.66302e-07 
1.2475 8.13252e-07 
1.255 9.83017e-07 
1.2525 9.22815e-07 
1.26 1.11547e-06 
1.2575 1.04715e-06 
1.265 1.26578e-06 
1.2625 1.18825e-06 
1.27 1.43636e-06 
1.2675 1.34837e-06 
1.275 1.62995e-06 
1.2725 1.53009e-06 
1.28 1.84966e-06 
1.2775 1.73633e-06 
1.285 2.09903e-06 
1.2825 1.9704e-06 
1.29 2.38205e-06 
1.2875 2.23606e-06 
1.295 2.70329e-06 
1.2925 2.53758e-06 
1.3 3.06791e-06 
1.2975 2.87982e-06 
1.305 3.4818e-06 
1.3025 3.2683e-06 
1.31 3.95163e-06 
1.3075 3.70927e-06 
1.315 4.48499e-06 
1.3125 4.20985e-06 
1.32 5.0905e-06 
1.3175 4.77814e-06 
1.325 5.77796e-06 
1.3225 5.42332e-06 
1.33 6.55852e-06 
1.3275 6.15585e-06 
1.335 7.44485e-06 
1.3325 6.98761e-06 
1.34 8.45136e-06 
1.3375 7.93211e-06 
1.345 9.59445e-06 
1.3425 9.00472e-06 
1.35 1.08928e-05 
1.3475 1.02229e-05 
1.355 1.23676e-05 
1.3525 1.16067e-05 
1.36 1.40431e-05 
1.3575 1.31786e-05 
1.365 1.59468e-05 
1.3625 1.49645e-05 
1.37 1.81101e-05 
1.3675 1.69939e-05 
1.375 2.05688e-05 
1.3725 1.93001e-05 
1.38 2.33638e-05 
1.3775 2.19215e-05 
1.385 2.65416e-05 
1.3825 2.49017e-05 
1.39 3.01555e-05 
1.3875 2.82904e-05 
1.395 3.42661e-05 
1.3925 3.21446e-05 
1.4 3.8943e-05 
1.3975 3.65291e-05 
1.405 4.42657e-05 
1.4025 4.15183e-05 
1.41 5.03252e-05 
1.4075 4.71972e-05 
1.415 5.72256e-05 
1.4125 5.36632e-05 
1.42 6.50867e-05 
1.4175 6.1028e-05 
1.425 7.40455e-05 
1.4225 6.94195e-05 
1.43 8.42598e-05 
1.4275 7.8985e-05 
1.435 9.59109e-05 
1.4325 8.98934e-05 
1.44 0.000109207 
1.4375 0.000102339 
1.445 0.00012439 
1.4425 0.000116547 
1.45 0.000141736 
1.4475 0.000132774 
1.455 0.000161567 
1.4525 0.000151319 
1.46 0.000184253 
1.4575 0.000172528 
1.465 0.000210225 
1.4625 0.000196799 
1.47 0.000239979 
1.4675 0.000224595 
1.475 0.000274095 
1.4725 0.000256452 
1.48 0.000313244 
1.4775 0.000292994 
1.485 0.00035821 
1.4825 0.000334946 
1.49 0.000409903 
1.4875 0.000383153 
1.495 0.000469387 
1.4925 0.000438598 
1.5 0.000537902 
1.4975 0.00050243 
1.505 0.0006169 
1.5025 0.000575991 
1.51 0.000708075 
1.5075 0.000660849 
1.515 0.000813412 
1.5125 0.000758837 
1.52 0.000935231 
1.5175 0.000872101 
1.525 0.00107625 
1.5225 0.00100315 
1.53 0.00123965 
1.5275 0.00115494 
1.535 0.00142916 
1.5325 0.00133089 
1.54 0.00164912 
1.5375 0.00153503 
1.545 0.00190462 
1.5425 0.00177208 
1.55 0.0022016 
1.5475 0.00204752 
1.555 0.00254696 
1.5525 0.00236776 
1.56 0.00294875 
1.5575 0.00274026 
1.565 0.00341629 
1.5625 0.00317367 
1.57 0.00396035 
1.5675 0.00367802 
1.575 0.00459334 
1.5725 0.00426488 
1.58 0.00532952 
1.5775 0.00494757 
1.585 0.00618517 
1.5825 0.00574132 
1.59 0.00717876 
1.5875 0.00666348 
1.595 0.00833115 
1.5925 0.00773371 
1.6 0.00966574 
1.5975 0.00897411 
1.605 0.0112085 
1.6025 0.0104094 
1.61 0.0129881 
1.6075 0.0120668 
1.615 0.0150359 
1.6125 0.0139764 
1.62 0.0173855 
1.6175 0.0161708 
1.625 0.020073 
1.6225 0.0186847 
1.63 0.0231363 
1.6275 0.0215553 
1.635 0.026615 
1.6325 0.0248213 
1.64 0.0305495 
1.6375 0.0285227 
1.645 0.0349808 
1.6425 0.0327005 
1.65 0.0399499 
1.6475 0.0373956 
1.655 0.0454973 
1.6525 0.0426489 
1.66 0.0516626 
1.6575 0.0485003 
1.665 0.058484 
1.6625 0.054989 
1.67 0.0659984 
1.6675 0.0621524 
1.675 0.074241 
1.6725 0.0700265 
1.68 0.0832451 
1.6775 0.0786458 
1.685 0.0930425 
1.6825 0.0880427 
1.69 0.103663 
1.6875 0.0982479 
1.695 0.115133 
1.6925 0.10929 
1.7 0.127477 
1.6975 0.121194 
1.705 0.140718 
1.7025 0.133984 
1.71 0.154871 
1.7075 0.14768 
1.715 0.169951 
1.7125 0.162295 
1.72 0.185962 
1.7175 0.17784 
1.725 0.202907 
1.7225 0.194318 
1.73 0.220775 
1.7275 0.211726 
1.735 0.239552 
1.7325 0.230052 
1.74 0.259211 
1.7375 0.249274 
1.745 0.279715 
1.7425 0.26936 
1.75 0.301017 
1.7475 0.29027 
1.755 0.323059 
1.7525 0.31195 
1.76 0.34577 
1.7575 0.334335 
1.765 0.369071 
1.7625 0.357352 
1.77 0.392872 
1.7675 0.380915 
1.775 0.417076 
1.7725 0.40493 
1.78 0.441576 
1.7775 0.429295 
1.785 0.466262 
1.7825 0.453903 
1.79 0.491021 
1.7875 0.478639 
1.795 0.515737 
1.7925 0.503391 
1.8 0.540296 
1.7975 0.528043 
1.805 0.564588 
1.8025 0.552482 
1.81 0.588506 
1.8075 0.5766 
1.815 0.611953 
1.8125 0.600294 
1.82 0.634836 
1.8175 0.62347 
1.825 0.657075 
1.8225 0.646041 
1.83 0.6786 
1.8275 0.667931 
1.835 0.699351 
1.8325 0.689076 
1.84 0.71928 
1.8375 0.709421 
1.845 0.738349 
1.8425 0.728923 
1.85 0.756532 
1.8475 0.747552 
1.855 0.773813 
1.8525 0.765286 
1.86 0.790185 
1.8575 0.782113 
1.865 0.805651 
1.8625 0.798031 
1.87 0.820218 
1.8675 0.813046 
1.875 0.833904 
1.8725 0.82717 
1.88 0.84673 
1.8775 0.840423 
1.885 0.858723 
1.8825 0.852829 
1.89 0.869912 
1.8875 0.864416 
1.895 0.88033 
1.8925 0.875215 
1.9 0.890013 
1.8975 0.885262 
1.905 0.898997 
1.9025 0.89459 
1.91 0.907318 
1.9075 0.903238 
1.915 0.915015 
1.9125 0.911242 
1.92 0.922123 
1.9175 0.91864 
1.925 0.928681 
1.9225 0.925469 
1.93 0.934723 
1.9275 0.931764 
1.935 0.940284 
1.9325 0.937562 
1.94 0.945398 
1.9375 0.942895 
1.945 0.950095 
1.9425 0.947797 
1.95 0.954407 
1.9475 0.952298 
1.955 0.958362 
1.9525 0.956427 
1.96 0.961986 
1.9575 0.960213 
1.965 0.965306 
1.9625 0.963682 
1.97 0.968345 
1.9675 0.966859 
1.975 0.971125 
1.9725 0.969766 
1.98 0.973667 
1.9775 0.972424 
1.985 0.975991 
1.9825 0.974855 
1.99 0.978114 
1.9875 0.977076 
1.995 0.980053 
1.9925 0.979105 
2 0.981823 
1.9975 0.980958 
2.005 0.983439 
2.0025 0.982649 
2.01 0.984913 
2.0075 0.984193 
2.015 0.986257 
2.0125 0.9856 
2.02 0.987484 
2.0175 0.986885 
2.025 0.988602 
2.0225 0.988056 
2.03 0.989621 
2.0275 0.989123 
2.035 0.99055 
2.0325 0.990096 
2.04 0.991396 
2.0375 0.990983 
2.045 0.992167 
2.0425 0.991791 
2.05 0.99287 
2.0475 0.992527 
2.055 0.99351 
2.0525 0.993197 
2.06 0.994093 
2.0575 0.993808 
2.065 0.994623 
2.0625 0.994364 
2.07 0.995107 
2.0675 0.994871 
2.075 0.995547 
2.0725 0.995332 
2.08 0.995947 
2.0775 0.995752 
2.085 0.996312 
2.0825 0.996134 
2.09 0.996644 
2.0875 0.996482 
2.095 0.996946 
2.0925 0.996799 
2.1 0.997221 
2.0975 0.997087 
2.105 0.997471 
2.1025 0.997349 
2.11 0.997699 
2.1075 0.997588 
2.115 0.997907 
2.1125 0.997805 
2.12 0.998095 
2.1175 0.998003 
2.125 0.998267 
2.1225 0.998183 
2.13 0.998423 
2.1275 0.998347 
2.135 0.998565 
2.1325 0.998496 
2.14 0.998695 
2.1375 0.998631 
2.145 0.998812 
2.1425 0.998755 
2.15 0.998919 
2.1475 0.998867 
2.155 0.999017 
2.1525 0.998969 
2.16 0.999105 
2.1575 0.999062 
2.165 0.999186 
2.1625 0.999147 
2.17 0.999259 
2.1675 0.999223 
2.175 0.999326 
2.1725 0.999293 
2.18 0.999387 
2.1775 0.999357 
2.185 0.999442 
2.1825 0.999415 
2.19 0.999492 
2.1875 0.999467 
2.195 0.999538 
2.1925 0.999515 
2.2 0.999579 
2.1975 0.999559 
2.205 0.999617 
2.2025 0.999598 
2.21 0.999651 
2.2075 0.999634 
2.215 0.999682 
2.2125 0.999667 
2.22 0.99971 
2.2175 0.999697 
2.225 0.999736 
2.2225 0.999724 
2.23 0.999759 
2.2275 0.999748 
2.235 0.999781 
2.2325 0.99977 
2.24 0.9998 
2.2375 0.99979 
2.245 0.999817 
2.2425 0.999809 
2.25 0.999833 
2.2475 0.999825 
2.255 0.999847 
2.2525 0.99984 
2.26 0.99986 
2.2575 0.999854 
2.265 0.999872 
2.2625 0.999866 
2.27 0.999882 
2.2675 0.999877 
2.275 0.999892 
2.2725 0.999887 
2.28 0.9999 
2.2775 0.999896 
2.285 0.999908 
2.2825 0.999904 
2.29 0.999915 
2.2875 0.999911 
2.295 0.999921 
2.2925 0.999918 
2.3 0.999926 
2.2975 0.999924 
2.305 0.999931 
2.3025 0.999929 
2.31 0.999935 
2.3075 0.999933 
2.315 0.999938 
2.3125 0.999937 
2.32 0.999941 
2.3175 0.99994 
2.325 0.999944 
2.3225 0.999942 
2.33 0.999945 
2.3275 0.999945 
2.335 0.999947 
2.3325 0.999946 
2.34 0.999948 
2.3375 0.999947 
2.345 0.999948 
2.3425 0.999948 
2.35 0.999948 
2.3475 0.999948 
2.355 0.999948 
2.3525 0.999948 
2.36 0.999947 
2.3575 0.999948 
2.365 0.999946 
2.3625 0.999946 
2.37 0.999944 
2.3675 0.999945 
2.375 0.999942 
2.3725 0.999943 
2.38 0.999939 
2.3775 0.99994 
2.385 0.999935 
2.3825 0.999937 
2.39 0.999932 
2.3875 0.999934 
2.395 0.999927 
2.3925 0.999929 
2.4 0.999922 
2.3975 0.999925 
2.405 0.999916 
2.4025 0.999919 
2.41 0.99991 
2.4075 0.999913 
2.415 0.999902 
2.4125 0.999906 
2.42 0.999894 
2.4175 0.999898 
2.425 0.999885 
2.4225 0.99989 
2.43 0.999875 
2.4275 0.99988 
2.435 0.999864 
2.4325 0.99987 
2.44 0.999852 
2.4375 0.999858 
2.445 0.999838 
2.4425 0.999845 
2.45 0.999823 
2.4475 0.999831 
2.455 0.999807 
2.4525 0.999815 
2.46 0.999788 
2.4575 0.999798 
2.465 0.999769 
2.4625 0.999779 
2.47 0.999747 
2.4675 0.999758 
2.475 0.999722 
2.4725 0.999735 
2.48 0.999696 
2.4775 0.99971 
2.485 0.999667 
2.4825 0.999682 
2.49 0.999635 
2.4875 0.999651 
2.495 0.9996 
2.4925 0.999618 
2.5 0.999561 
2.4975 0.999581 
2.505 0.999519 
2.5025 0.999541 
2.51 0.999472 
2.5075 0.999496 
2.515 0.999421 
2.5125 0.999448 
2.52 0.999365 
2.5175 0.999394 
2.525 0.999304 
2.5225 0.999336 
2.53 0.999237 
2.5275 0.999271 
2.535 0.999163 
2.5325 0.999201 
2.54 0.999082 
2.5375 0.999123 
2.545 0.998993 
2.5425 0.999038 
2.55 0.998895 
2.5475 0.998945 
2.555 0.998788 
2.5525 0.998843 
2.56 0.998671 
2.5575 0.998731 
2.565 0.998542 
2.5625 0.998608 
2.57 0.998401 
2.5675 0.998473 
2.575 0.998246 
2.5725 0.998325 
2.58 0.998076 
2.5775 0.998163 
2.585 0.997889 
2.5825 0.997984 
2.59 0.997685 
2.5875 0.997789 
2.595 0.99746 
2.5925 0.997575 
2.6 0.997214 
2.5975 0.99734 
2.605 0.996945 
2.6025 0.997083 
2.61 0.996649 
2.6075 0.9968 
2.615 0.996324 
2.6125 0.99649 
2.62 0.995969 
2.6175 0.996151 
2.625 0.995579 
2.6225 0.995778 
2.63 0.995151 
2.6275 0.99537 
2.635 0.994683 
2.6325 0.994922 
2.64 0.994169 
2.6375 0.994432 
2.645 0.993606 
2.6425 0.993894 
2.65 0.992989 
2.6475 0.993305 
2.655 0.992313 
2.6525 0.992659 
2.66 0.991572 
2.6575 0.991951 
2.665 0.99076 
2.6625 0.991175 
2.67 0.989871 
2.6675 0.990325 
2.675 0.988897 
2.6725 0.989395 
2.68 0.98783 
2.6775 0.988375 
2.685 0.986662 
2.6825 0.987259 
2.69 0.985384 
2.6875 0.986037 
2.695 0.983984 
2.6925 0.9847 
2.7 0.982453 
2.6975 0.983236 
2.705 0.980779 
2.7025 0.981635 
2.71 0.978947 
2.7075 0.979883 
2.715 0.976945 
2.7125 0.977968 
2.72 0.974757 
2.7175 0.975875 
2.725 0.972367 
2.7225 0.973588 
2.73 0.969757 
2.7275 0.97109 
2.735 0.966908 
2.7325 0.968363 
2.74 0.9638 
2.7375 0.965388 
2.745 0.960412 
2.7425 0.962142 
2.75 0.95672 
2.7475 0.958605 
2.755 0.952699 
2.7525 0.954752 
2.76 0.948324 
2.7575 0.950558 
2.765 0.943567 
2.7625 0.945995 
2.77 0.9384 
2.7675 0.941037 
2.775 0.932791 
2.7725 0.935653 
2.78 0.92671 
2.7775 0.929812 
2.785 0.920124 
2.7825 0.923483 
2.79 0.913 
2.7875 0.916632 
2.795 0.905304 
2.7925 0.909226 
2.8 0.897 
2.7975 0.90123 
2.805 0.888056 
2.8025 0.892611 
2.81 0.878438 
2.8075 0.883333 
2.815 0.868112 
2.8125 0.873365 
2.82 0.857049 
2.8175 0.862675 
2.825 0.845218 
2.8225 0.851231 
2.83 0.832596 
2.8275 0.839008 
2.835 0.81916 
2.8325 0.825981 
2.84 0.804893 
2.8375 0.812131 
2.845 0.789783 
2.8425 0.797444 
2.85 0.773826 
2.8475 0.781911 
2.855 0.757024 
2.8525 0.765531 
2.86 0.739387 
2.8575 0.748309 
2.865 0.720933 
2.8625 0.73026 
2.87 0.701691 
2.8675 0.711408 
2.875 0.681698 
2.8725 0.691785 
2.88 0.661001 
2.8775 0.671434 
2.885 0.639658 
2.8825 0.650406 
2.89 0.617735 
2.8875 0.628764 
2.895 0.595307 
2.8925 0.606579 
2.9 0.572456 
2.8975 0.583929 
2.905 0.549274 
2.9025 0.560901 
2.91 0.525856 
2.9075 0.537588 
2.915 0.502299 
2.9125 0.514088 
2.92 0.478708 
2.9175 0.490502 
2.925 0.455183 
2.9225 0.466931 
2.93 0.431825 
2.9275 0.443477 
2.935 0.408733 
2.9325 0.42024 
2.94 0.386 
2.9375 0.397316 
2.945 0.363714 
2.9425 0.374796 
2.95 0.341955 
2.9475 0.352764 
2.955 0.320796 
2.9525 0.331296 
2.96 0.300299 
2.9575 0.310461 
2.965 0.280518 
2.9625 0.290316 
2.97 0.261499 
2.9675 0.270911 
2.975 0.243274 
2.9725 0.252285 
2.98 0.22587 
2.9775 0.234468 
2.985 0.209303 
2.9825 0.217481 
2.99 0.19358 
2.9875 0.201335 
2.995 0.178703 
2.9925 0.186036 
3 0.164664 
2.9975 0.171579 
3.005 0.151451 
3.0025 0.157955 
3.01 0.139046 
3.0075 0.145149 
3.015 0.127428 
3.0125 0.13314 
3.02 0.11657 
3.0175 0.121906 
3.025 0.106445 
3.0225 0.111418 
3.03 0.0970219 
3.0275 0.101648 
3.035 0.088269 
3.0325 0.0925637 
3.04 0.0801537 
3.0375 0.0841337 
3.045 0.072643 
3.0425 0.0763248 
3.05 0.0657043 
3.0475 0.0691042 
3.055 0.0593049 
3.0525 0.0624391 
3.06 0.0534133 
3.0575 0.0562976 
3.065 0.0479989 
3.0625 0.0506483 
3.07 0.043032 
3.0675 0.0454613 
3.075 0.0384845 
3.0725 0.0407076 
3.08 0.0343293 
3.0775 0.0363595 
3.085 0.0305409 
3.0825 0.0323908 
3.09 0.0270949 
3.0875 0.0287766 
3.095 0.0239684 
3.0925 0.0254931 
3.1 0.0211396 
3.0975 0.0225181 
3.105 0.0185877 
3.1025 0.0198303 
3.11 0.0162928 
3.1075 0.0174093 
3.115 0.0142363 
3.1125 0.0152359 
3.12 0.0124 
3.1175 0.0132917 
3.125 0.0107664 
3.1225 0.0115589 
3.13 0.00931895 
3.1275 0.0100204 
3.135 0.00804149 
3.1325 0.00865995 
3.14 0.00691861 
3.1375 0.00746167 
3.145 0.00593556 
3.1425 0.0064105 
3.15 0.00507832 
3.1475 0.00549206 
3.155 0.00433365 
3.1525 0.00469271 
3.16 0.00368915 
3.1575 0.00399962 
3.165 0.0031333 
3.1625 0.00340083 
3.17 0.00265549 
3.1675 0.00288526 
3.175 0.00224602 
3.1725 0.00244278 
3.18 0.00189614 
3.1775 0.00206415 
3.185 0.00159796 
3.1825 0.00174105 
3.19 0.00134448 
3.1875 0.00146604 
3.195 0.00112947 
3.1925 0.00123252 
3.2 0.000947474 
3.1975 0.00103466 
3.205 0.000793726 
3.2025 0.000867343 
3.21 0.000664068 
3.2075 0.000726122 
3.215 0.000554906 
3.2125 0.00060713 
3.22 0.000463142 
3.2175 0.000507025 
3.225 0.000386113 
3.2225 0.000422936 
3.23 0.000321541 
3.2275 0.000352399 
3.235 0.000267481 
3.2325 0.000293306 
3.24 0.000222276 
3.2375 0.000243864 
3.245 0.000184521 
3.2425 0.000202546 
3.25 0.000153023 
3.2475 0.000168057 
3.255 0.000126775 
3.2525 0.000139299 
3.26 0.000104924 
3.2575 0.000115347 
3.265 8.67536e-05 
3.2625 9.54191e-05 
3.27 7.1659e-05 
3.2675 7.88556e-05 
3.275 5.91323e-05 
3.2725 6.5103e-05 
3.28 4.87473e-05 
3.2775 5.36959e-05 
3.285 4.01464e-05 
3.2825 4.42437e-05 
3.29 3.30302e-05 
3.2875 3.64194e-05 
3.295 2.71484e-05 
3.2925 2.9949e-05 
3.3 2.22917e-05 
3.2975 2.46036e-05 
3.305 1.82855e-05 
3.3025 2.0192e-05 
3.31 1.49841e-05 
3.3075 1.65548e-05 
3.315 1.22663e-05 
3.3125 1.3559e-05 
3.32 1.00312e-05 
3.3175 1.1094e-05 
3.325 8.19496e-06 
3.3225 9.06788e-06 
3.33 6.68794e-06 
3.3275 7.40416e-06 
3.335 5.45238e-06 
3.3325 6.03942e-06 
3.34 4.44043e-06 
3.3375 4.9211e-06 
3.345 3.6125e-06 
3.3425 4.00566e-06 
3.35 2.93583e-06 
3.3475 3.25707e-06 
3.355 2.38337e-06 
3.3525 2.64557e-06 
3.36 1.93281e-06 
3.3575 2.14658e-06 
3.365 1.56573e-06 
3.3625 1.73985e-06 
3.37 1.267e-06 
3.3675 1.40865e-06 
3.375 1.02415e-06 
3.3725 1.13927e-06 
3.38 8.26938e-07 
3.3775 9.204e-07 
3.385 6.66972e-07 
3.3825 7.42762e-07 
3.39 5.37356e-07 
3.3875 5.98748e-07 
3.395 4.32449e-07 
3.3925 4.82124e-07 
3.4 3.47635e-07 
3.3975 3.87784e-07 
3.405 2.79143e-07 
3.4025 3.11556e-07 
3.41 2.23894e-07 
3.4075 2.50032e-07 
3.415 1.79377e-07 
3.4125 2.00431e-07 
3.42 1.43549e-07 
3.4175 1.60489e-07 
3.425 1.14746e-07 
3.4225 1.2836e-07 
3.43 9.16182e-08 
3.4275 1.02547e-07 
3.435 7.30682e-08 
3.4325 8.18308e-08 
3.44 5.8207e-08 
3.4375 6.52249e-08 
3.445 4.63151e-08 
3.4425 5.19291e-08 
3.45 3.68101e-08 
3.4475 4.12959e-08 
3.455 2.92219e-08 
3.4525 3.2802e-08 
3.46 2.3171e-08 
3.4575 2.60249e-08 
3.465 1.83516e-08 
3.4625 2.0624e-08 
3.47 1.45177e-08 
3.4675 1.63248e-08 
3.475 1.14713e-08 
3.4725 1.29068e-08 
3.48 9.05347e-09 
3.4775 1.01924e-08 
3.485 7.13688e-09 
3.4825 8.03943e-09 
3.49 5.61939e-09 
3.4875 6.33377e-09 
3.495 4.41933e-09 
3.4925 4.9841e-09 
3.5 3.47145e-09 
3.4975 3.91739e-09 
3.505 2.72364e-09 
3.5025 3.07534e-09 
3.51 2.13438e-09 
3.5075 2.41143e-09 
3.515 1.67062e-09 
3.5125 1.8886e-09 
3.52 1.30607e-09 
3.5175 1.47736e-09 
3.525 1.01985e-09 
3.5225 1.15429e-09 
3.53 7.95406e-10 
3.5275 9.00798e-10 
3.535 6.19614e-10 
3.5325 7.02133e-10 
3.54 4.82096e-10 
3.5375 5.46627e-10 
3.545 3.74649e-10 
3.5425 4.25053e-10 
3.55 2.908e-10 
3.5475 3.30122e-10 
3.555 2.25446e-10 
3.5525 2.56085e-10 
3.56 1.7457e-10 
3.5575 1.98413e-10 
3.565 1.35012e-10 
3.5625 1.53545e-10 
3.57 1.04293e-10 
3.5675 1.1868e-10 
3.575 8.04661e-11 
3.5725 9.16217e-11 
3.58 6.20079e-11 
3.5775 7.06471e-11 
3.585 4.77263e-11 
3.5825 5.44085e-11 
3.59 3.66897e-11 
3.5875 4.18519e-11 
3.595 2.81713e-11 
3.5925 3.21544e-11 
3.6 2.16045e-11 
3.5975 2.4674e-11 
3.605 1.65485e-11 
3.6025 1.8911e-11 
3.61 1.26604e-11 
3.6075 1.44766e-11 
3.615 9.67408e-12 
3.6125 1.10686e-11 
3.62 7.38327e-12 
3.6175 8.45266e-12 
3.625 5.62811e-12 
3.6225 6.44718e-12 
3.63 4.28501e-12 
3.6275 4.91158e-12 
3.635 3.25849e-12 
3.6325 3.73722e-12 
3.64 2.47489e-12 
3.6375 2.84021e-12 
3.645 1.87745e-12 
3.6425 2.15589e-12 
3.65 1.42252e-12 
3.6475 1.63448e-12 
3.655 1.07653e-12 
3.6525 1.23767e-12 
3.66 8.13701e-13 
3.6575 9.36071e-13 
3.665 6.14301e-13 
3.6625 7.07111e-13 
3.67 4.63205e-13 
3.6675 5.33509e-13 
3.675 3.48852e-13 
3.6725 4.02042e-13 
3.68 2.62413e-13 
3.6775 3.02606e-13 
3.685 1.97154e-13 
3.6825 2.27489e-13 
3.69 1.47946e-13 
3.6875 1.70812e-13 
3.695 1.10886e-13 
3.6925 1.28102e-13 
3.7 8.301e-14 
3.6975 9.59552e-14 
3.705 6.20669e-14 
3.7025 7.17892e-14 
3.71 4.63519e-14 
3.7075 5.36447e-14 
3.715 3.45742e-14 
3.7125 4.00381e-14 
3.72 2.57583e-14 
3.7175 2.98468e-14 
3.725 1.91673e-14 
3.7225 2.2223e-14 
3.73 1.42457e-14 
3.7275 1.65267e-14 
3.735 1.05751e-14 
3.7325 1.22757e-14 
3.74 7.84095e-15 
3.7375 9.10731e-15 
3.745 5.80674e-15 
3.7425 6.7486e-15 
3.75 4.29514e-15 
3.7475 4.9948e-15 
3.755 3.17325e-15 
3.7525 3.69236e-15 
3.76 2.34161e-15 
3.7575 2.72629e-15 
3.765 1.72586e-15 
3.7625 2.01059e-15 
3.77 1.27052e-15 
3.7675 1.48101e-15 
3.775 9.34206e-16 
3.7725 1.08962e-15 
3.78 6.86101e-16 
3.7775 8.00714e-16 
3.785 5.0329e-16 
3.7825 5.87713e-16 
3.79 3.68753e-16 
3.7875 4.30863e-16 
3.795 2.69861e-16 
3.7925 3.155e-16 
3.8 1.97257e-16 
3.7975 2.30753e-16 
3.805 1.44017e-16 
3.8025 1.68572e-16 
3.81 1.05023e-16 
3.8075 1.23002e-16 
3.815 7.64974e-17 
3.8125 8.96452e-17 
3.82 5.56545e-17 
3.8175 6.52581e-17 
3.825 4.04434e-17 
3.8225 4.74499e-17 
3.83 2.93555e-17 
3.8275 3.44611e-17 
3.835 2.12827e-17 
3.8325 2.49987e-17 
3.84 1.5412e-17 
3.8375 1.81135e-17 
3.845 1.11479e-17 
3.8425 1.31095e-17 
3.85 8.05429e-18 
3.8475 9.47698e-18 
3.855 5.81251e-18 
3.8525 6.84313e-18 
3.86 4.18991e-18 
3.8575 4.93564e-18 
3.865 3.01684e-18 
3.8625 3.5558e-18 
3.87 2.16975e-18 
3.8675 2.55882e-18 
3.875 1.55876e-18 
3.8725 1.8393e-18 
3.88 1.11858e-18 
3.8775 1.32063e-18 
3.885 8.01807e-19 
3.8825 9.47163e-19 
3.89 5.74114e-19 
3.8875 6.78564e-19 
3.895 4.10633e-19 
3.8925 4.85603e-19 
3.9 2.93388e-19 
3.8975 3.47139e-19 
3.905 2.09396e-19 
3.9025 2.47891e-19 
3.91 1.49293e-19 
3.9075 1.76831e-19 
3.915 1.06332e-19 
3.9125 1.2601e-19 
3.92 7.5657e-20 
3.9175 8.97033e-20 
3.925 5.37778e-20 
3.9225 6.37935e-20 
3.93 3.81889e-20 
3.9275 4.5323e-20 
3.935 2.70934e-20 
3.9325 3.21697e-20 
3.94 1.92042e-20 
3.9375 2.28126e-20 
3.945 1.36004e-20 
3.9425 1.61628e-20 
3.95 9.62376e-21 
3.9475 1.14416e-20 
3.955 6.80453e-21 
3.9525 8.093e-21 
3.96 4.80767e-21 
3.9575 5.72007e-21 
3.965 3.39454e-21 
3.9625 4.04007e-21 
3.97 2.39533e-21 
3.9675 2.85167e-21 
3.975 1.68936e-21 
3.9725 2.01172e-21 
3.98 1.19095e-21 
3.9775 1.41849e-21 
3.985 8.393e-22 
3.9825 9.99808e-22 
3.99 5.91354e-22 
3.9875 7.04511e-22 
3.995 4.16619e-22 
3.9925 4.96353e-22 
4 2.93531e-22 
3.9975 3.49692e-22 
4.005 2.06854e-22 
4.0025 2.46399e-22 
4.01 1.45831e-22 
4.0075 1.73671e-22 
4.015 1.02871e-22 
4.0125 1.2247e-22 
4.02 7.26266e-23 
4.0175 8.64251e-23 
4.025 5.13288e-23 
4.0225 6.10464e-23 
4.03 3.63249e-23 
4.0275 4.31717e-23 
4.035 2.57484e-23 
4.0325 3.05758e-23 
4.04 1.82864e-23 
4.0375 2.16931e-23 
4.045 1.3016e-23 
4.0425 1.5423e-23 
4.05 9.28842e-24 
4.0475 1.09915e-23 
4.055 6.64761e-24 
4.0525 7.85477e-24 
4.06 4.77302e-24 
4.0575 5.63043e-24 
4.065 3.43926e-24 
4.0625 4.04971e-24 
4.07 2.48779e-24 
4.0675 2.92361e-24 
4.075 1.80701e-24 
4.0725 2.1191e-24 
4.08 1.31827e-24 
4.0775 1.54254e-24 
4.085 9.66123e-25 
4.0825 1.12788e-24 
4.09 7.11382e-25 
4.0875 8.28528e-25 
4.095 5.26318e-25 
4.0925 6.11523e-25 
4.1 3.9127e-25 
4.0975 4.53524e-25 
4.105 2.92257e-25 
4.1025 3.37958e-25 
4.11 2.19314e-25 
4.1075 2.53026e-25 
4.115 1.65314e-25 
4.1125 1.90304e-25 
4.12 1.25141e-25 
4.1175 1.43757e-25 
4.125 9.51108e-26 
4.1225 1.09044e-25 
4.13 7.25563e-26 
4.1275 8.30342e-26 
4.135 5.55397e-26 
4.1325 6.34543e-26 
4.14 4.26459e-26 
4.1375 4.86496e-26 
4.145 3.28366e-26 
4.1425 3.74089e-26 
4.15 2.5346e-26 
4.1475 2.88408e-26 
4.155 1.96063e-26 
4.1525 2.22865e-26 
4.16 1.51947e-26 
4.1575 1.72564e-26 
4.165 1.17945e-26 
4.1625 1.33846e-26 
4.17 9.16732e-27 
4.1675 1.03967e-26 
4.175 7.13317e-27 
4.1725 8.08552e-27 
4.18 5.55527e-27 
4.1775 6.29435e-27 
4.185 4.32937e-27 
4.1825 4.90379e-27 
4.19 3.37571e-27 
4.1875 3.82271e-27 
4.195 2.63304e-27 
4.1925 2.98123e-27 
4.2 2.0542e-27 
4.1975 2.32564e-27 
4.205 1.60274e-27 
4.2025 1.81447e-27 
4.21 1.25047e-27 
4.2075 1.4157e-27 
4.215 9.75508e-28 
4.2125 1.10449e-27 
4.22 7.60845e-28 
4.2175 8.61541e-28 
4.225 5.93249e-28 
4.2225 6.71867e-28 
4.23 4.62407e-28 
4.2275 5.23782e-28 
4.235 3.60274e-28 
4.2325 4.0818e-28 
4.24 2.80568e-28 
4.2375 3.17952e-28 
4.245 2.18385e-28 
4.2425 2.47548e-28 
4.25 1.6989e-28 
4.2475 1.92631e-28 
4.255 1.32086e-28 
4.2525 1.49811e-28 
4.26 1.0263e-28 
4.2575 1.16439e-28 
4.265 7.96918e-29 
4.2625 9.0444e-29 
4.27 6.18385e-29 
4.2675 7.02057e-29 
4.275 4.79514e-29 
4.2725 5.44587e-29 
4.28 3.71563e-29 
4.2775 4.22139e-29 
4.285 2.87702e-29 
4.2825 3.26985e-29 
4.29 2.22601e-29 
4.2875 2.53091e-29 
4.295 1.72099e-29 
4.2925 1.95747e-29 
4.3 1.32951e-29 
4.2975 1.51278e-29 
4.305 1.02626e-29 
4.3025 1.1682e-29 
4.31 7.91541e-30 
4.3075 9.01381e-30 
4.315 6.10008e-30 
4.3125 6.94941e-30 
4.32 4.69719e-30 
4.3175 5.35342e-30 
4.325 3.61391e-30 
4.3225 4.12053e-30 
4.33 2.77812e-30 
4.3275 3.16891e-30 
4.335 2.1338e-30 
4.3325 2.43499e-30 
4.34 1.6375e-30 
4.3375 1.86945e-30 
4.345 1.25555e-30 
4.3425 1.43401e-30 
4.35 9.61844e-31 
4.3475 1.09904e-30 
4.355 7.36196e-31 
4.3525 8.41581e-31 
4.36 5.62985e-31 
4.3575 6.43861e-31 
4.365 4.30142e-31 
4.3625 4.92155e-31 
4.37 3.28349e-31 
4.3675 3.75856e-31 
4.375 2.50419e-31 
4.3725 2.86781e-31 
4.38 1.90811e-31 
4.3775 2.18617e-31 
4.385 1.45259e-31 
4.3825 1.66503e-31 
4.39 1.1048e-31 
4.3875 1.26695e-31 
4.395 8.39498e-32 
4.3925 9.63163e-32 
4.4 6.37315e-32 
4.3975 7.31537e-32 
4.405 4.83374e-32 
4.4025 5.55096e-32 
4.41 3.66273e-32 
4.4075 4.20818e-32 
4.415 2.7728e-32 
4.4125 3.18722e-32 
4.42 2.09711e-32 
4.4175 2.41168e-32 
4.425 1.58457e-32 
4.4225 1.82312e-32 
4.43 1.19615e-32 
4.4275 1.37689e-32 
4.435 9.02086e-33 
4.4325 1.03889e-32 
4.44 6.79661e-33 
4.4375 7.83106e-33 
4.445 5.11585e-33 
4.4425 5.89734e-33 
4.45 3.84702e-33 
4.4475 4.43683e-33 
4.455 2.89008e-33 
4.4525 3.33479e-33 
4.46 2.16907e-33 
4.4575 2.50405e-33 
4.465 1.62635e-33 
4.4625 1.87843e-33 
4.47 1.21823e-33 
4.4675 1.40774e-33 
4.475 9.11629e-34 
4.4725 1.05396e-33 
4.48 6.81523e-34 
4.4775 7.88317e-34 
4.485 5.08997e-34 
4.4825 5.89047e-34 
4.49 3.7977e-34 
4.4875 4.39714e-34 
4.495 2.83071e-34 
4.4925 3.27914e-34 
4.5 2.10785e-34 
4.4975 2.44298e-34 
4.505 1.56802e-34 
4.5025 1.81823e-34 
4.51 1.16528e-34 
4.5075 1.3519e-34 
4.515 8.65122e-35 
4.5125 1.00417e-34 
4.52 6.41636e-35 
4.5175 7.45136e-35 
4.525 4.75405e-35 
4.5225 5.52369e-35 
4.53 3.51887e-35 
4.5275 4.09059e-35 
4.535 2.60199e-35 
4.5325 3.02627e-35 
4.54 1.92207e-35 
4.5375 2.23661e-35 
4.545 1.41839e-35 
4.5425 1.65134e-35 
4.55 1.04564e-35 
4.5475 1.21799e-35 
4.555 7.70071e-36 
4.5525 8.9745e-36 
4.56 5.66549e-36 
4.5575 6.60598e-36 
4.565 4.16393e-36 
4.5625 4.85762e-36 
4.57 3.05723e-36 
4.5675 3.56836e-36 
4.575 2.24238e-36 
4.5725 2.61862e-36 
4.58 1.64305e-36 
4.5775 1.9197e-36 
4.585 1.20267e-36 
4.5825 1.40589e-36 
4.59 8.79425e-37 
4.5875 1.02855e-36 
4.595 6.42403e-37 
4.5925 7.51721e-37 
4.6 4.68783e-37 
4.5975 5.48836e-37 
4.605 3.41736e-37 
4.6025 4.00299e-37 
4.61 2.48865e-37 
4.6075 2.91663e-37 
4.615 1.81047e-37 
4.6125 2.12291e-37 
4.62 1.31575e-37 
4.6175 1.54361e-37 
4.625 9.55234e-38 
4.6225 1.12123e-37 
4.63 6.92785e-38 
4.6275 8.13593e-38 
4.635 5.01926e-38 
4.6325 5.89756e-38 
4.64 3.63273e-38 
4.6375 4.27061e-38 
4.645 2.62651e-38 
4.6425 3.0893e-38 
4.65 1.89705e-38 
4.6475 2.23245e-38 
4.655 1.36876e-38 
4.6525 1.6116e-38 
4.66 9.86574e-39 
4.6575 1.1622e-38 
4.665 7.10367e-39 
4.6625 8.37259e-39 
4.67 5.1096e-39 
4.6675 6.02543e-39 
4.675 3.67149e-39 
4.6725 4.33179e-39 
4.68 2.63541e-39 
4.6775 3.11099e-39 
4.685 1.88975e-39 
4.6825 2.23192e-39 
4.69 1.35366e-39 
4.6875 1.5996e-39 
4.695 9.68652e-40 
4.6925 1.14523e-39 
4.7 6.92429e-40 
4.6975 8.19077e-40 
4.705 4.94461e-40 
4.7025 5.85204e-40 
4.71 3.52728e-40 
4.7075 4.17676e-40 
4.715 2.5136e-40 
4.7125 2.97798e-40 
4.72 1.78939e-40 
4.7175 2.12106e-40 
4.725 1.27251e-40 
4.7225 1.50916e-40 
4.73 9.03997e-41 
4.7275 1.07267e-40 
4.735 6.41539e-41 
4.7325 7.61637e-41 
4.74 4.54809e-41 
4.7375 5.4023e-41 
4.745 3.22095e-41 
4.7425 3.82789e-41 
4.75 2.27871e-41 
4.7475 2.7095e-41 
4.755 1.61043e-41 
4.7525 1.91588e-41 
4.76 1.13696e-41 
4.7575 1.35331e-41 
4.765 8.01864e-42 
4.7625 9.54942e-42 
4.77 5.64942e-42 
4.7675 6.7314e-42 
4.775 3.97609e-42 
4.7725 4.74005e-42 
4.78 2.7955e-42 
4.7775 3.33435e-42 
4.785 1.96341e-42 
4.7825 2.34308e-42 
4.79 1.37757e-42 
4.7875 1.64481e-42 
4.795 9.65528e-43 
4.7925 1.15343e-42 
4.8 6.76031e-43 
4.7975 8.08013e-43 
4.805 4.72845e-43 
4.8025 5.65451e-43 
4.81 3.30385e-43 
4.8075 3.95296e-43 
4.815 2.30607e-43 
4.8125 2.76057e-43 
4.82 1.60796e-43 
4.8175 1.92587e-43 
4.825 1.12003e-43 
4.8225 1.34216e-43 
4.83 7.79348e-44 
4.8275 9.34398e-44 
4.835 5.41733e-44 
4.8325 6.49846e-44 
4.84 3.76175e-44 
4.8375 4.51481e-44 
4.845 2.60943e-44 
4.8425 3.13343e-44 
4.85 1.80823e-44 
4.8475 2.17246e-44 
4.855 1.25173e-44 
4.8525 1.50464e-44 
4.86 8.65605e-45 
4.8575 1.04104e-44 
4.865 5.97972e-45 
4.8625 7.19536e-45 
4.87 4.12661e-45 
4.8675 4.96809e-45 
4.875 2.84484e-45 
4.8725 3.42671e-45 
4.88 1.95918e-45 
4.8775 2.36112e-45 
4.885 1.34786e-45 
4.8825 1.62521e-45 
4.89 9.26328e-46 
4.8875 1.11752e-45 
4.895 6.35973e-46 
4.8925 7.67632e-46 
4.9 4.3618e-46 
4.8975 5.26749e-46 
4.905 2.98845e-46 
4.9025 3.61083e-46 
4.91 2.0454e-46 
4.9075 2.47265e-46 
4.915 1.39851e-46 
4.9125 1.6915e-46 
4.92 9.55226e-47 
4.9175 1.15594e-46 
4.925 6.51781e-47 
4.9225 7.89141e-47 
4.93 4.44277e-47 
4.9275 5.38181e-47 
4.935 3.02527e-47 
4.9325 3.66656e-47 
4.94 2.05796e-47 
4.9375 2.49546e-47 
4.945 1.39858e-47 
4.9425 1.69672e-47 
4.95 9.49593e-48 
4.9475 1.15254e-47 
4.955 6.44235e-48 
4.9525 7.8221e-48 
4.96 4.36848e-48 
4.9575 5.30515e-48 
4.965 2.96256e-48 
4.9625 3.59717e-48 
4.97 2.01211e-48 
4.9675 2.4407e-48 
4.975 1.37275e-48 
4.9725 1.66052e-48 
4.98 9.46833e-49 
4.9775 1.1378e-48 
4.985 6.69035e-49 
4.9825 7.92524e-49 
4.99 4.9655e-49 
4.9875 5.71609e-49 
4.995 4.02711e-49 
4.9925 4.40954e-49 
5 3.7297e-49 
4.9975 3.8033e-49 
