0 1.38092e-15 
0.005 1.39158e-15 
0.0025 1.38358e-15 
0.01 1.42366e-15 
0.0075 1.40493e-15 
0.015 1.47742e-15 
0.0125 1.44781e-15 
0.02 1.55333e-15 
0.0175 1.51258e-15 
0.025 1.65202e-15 
0.0225 1.59978e-15 
0.03 1.7743e-15 
0.0275 1.71015e-15 
0.035 1.92115e-15 
0.0325 1.84458e-15 
0.04 2.09375e-15 
0.0375 2.00415e-15 
0.045 2.29342e-15 
0.0425 2.19011e-15 
0.05 2.52166e-15 
0.0475 2.40387e-15 
0.055 2.78013e-15 
0.0525 2.64701e-15 
0.06 3.07064e-15 
0.0575 2.92126e-15 
0.065 3.39514e-15 
0.0625 3.22851e-15 
0.07 3.75573e-15 
0.0675 3.57079e-15 
0.075 4.15463e-15 
0.0725 3.95025e-15 
0.08 4.59416e-15 
0.0775 4.36917e-15 
0.085 5.07676e-15 
0.0825 4.82992e-15 
0.09 5.60493e-15 
0.0875 5.33499e-15 
0.095 6.18126e-15 
0.0925 5.88691e-15 
0.1 6.80836e-15 
0.0975 6.4883e-15 
0.105 7.48887e-15 
0.1025 7.14177e-15 
0.11 8.22543e-15 
0.1075 7.84998e-15 
0.115 9.02063e-15 
0.1125 8.61554e-15 
0.12 9.87703e-15 
0.1175 9.44103e-15 
0.125 1.07971e-14 
0.1225 1.03289e-14 
0.13 1.17831e-14 
0.1275 1.12817e-14 
0.135 1.28372e-14 
0.1325 1.23015e-14 
0.14 1.39613e-14 
0.1375 1.33904e-14 
0.145 1.51572e-14 
0.1425 1.45502e-14 
0.15 1.64263e-14 
0.1475 1.57825e-14 
0.155 1.77697e-14 
0.1525 1.70887e-14 
0.16 1.91881e-14 
0.1575 1.84695e-14 
0.165 2.06818e-14 
0.1625 1.99255e-14 
0.17 2.22507e-14 
0.1675 2.14569e-14 
0.175 2.38941e-14 
0.1725 2.30631e-14 
0.18 2.5611e-14 
0.1775 2.47435e-14 
0.185 2.73996e-14 
0.1825 2.64964e-14 
0.19 2.92575e-14 
0.1875 2.832e-14 
0.195 3.11819e-14 
0.1925 3.02116e-14 
0.2 3.31693e-14 
0.1975 3.2168e-14 
0.205 3.52154e-14 
0.2025 3.41853e-14 
0.21 3.73153e-14 
0.2075 3.62589e-14 
0.215 3.94637e-14 
0.2125 3.83838e-14 
0.22 4.16544e-14 
0.2175 4.05542e-14 
0.225 4.38808e-14 
0.2225 4.27636e-14 
0.23 4.61356e-14 
0.2275 4.50051e-14 
0.235 4.84111e-14 
0.2325 4.72713e-14 
0.24 5.06993e-14 
0.2375 4.95542e-14 
0.245 5.29917e-14 
0.2425 5.18455e-14 
0.25 5.52795e-14 
0.2475 5.41367e-14 
0.255 5.75542e-14 
0.2525 5.64191e-14 
0.26 5.98069e-14 
0.2575 5.86839e-14 
0.265 6.20292e-14 
0.2625 6.09224e-14 
0.27 6.4213e-14 
0.2675 6.31264e-14 
0.275 6.63505e-14 
0.2725 6.5288e-14 
0.28 6.8435e-14 
0.2775 6.73998e-14 
0.285 7.04606e-14 
0.2825 6.94555e-14 
0.29 7.24225e-14 
0.2875 7.14498e-14 
0.295 7.43175e-14 
0.2925 7.33785e-14 
0.3 7.61437e-14 
0.2975 7.52392e-14 
0.305 7.79013e-14 
0.3025 7.7031e-14 
0.31 7.95925e-14 
0.3075 7.8755e-14 
0.315 8.12216e-14 
0.3125 8.04144e-14 
0.32 8.27954e-14 
0.3175 8.20149e-14 
0.325 8.43234e-14 
0.3225 8.35644e-14 
0.33 8.58176e-14 
0.3275 8.50739e-14 
0.335 8.7293e-14 
0.3325 8.65566e-14 
0.34 8.87673e-14 
0.3375 8.80291e-14 
0.345 9.02613e-14 
0.3425 8.95104e-14 
0.35 9.17983e-14 
0.3475 9.10228e-14 
0.355 9.34049e-14 
0.3525 9.25911e-14 
0.36 9.51099e-14 
0.3575 9.42432e-14 
0.365 9.69453e-14 
0.3625 9.60092e-14 
0.37 9.8945e-14 
0.3675 9.79223e-14 
0.375 1.01146e-13 
0.3725 1.00018e-13 
0.38 1.03586e-13 
0.3775 1.02333e-13 
0.385 1.06306e-13 
0.3825 1.04908e-13 
0.39 1.09349e-13 
0.3875 1.07784e-13 
0.395 1.12759e-13 
0.3925 1.11005e-13 
0.4 1.16583e-13 
0.3975 1.14616e-13 
0.405 1.20869e-13 
0.4025 1.18665e-13 
0.41 1.25669e-13 
0.4075 1.23202e-13 
0.415 1.31034e-13 
0.4125 1.28277e-13 
0.42 1.37022e-13 
0.4175 1.33947e-13 
0.425 1.43691e-13 
0.4225 1.40268e-13 
0.43 1.51106e-13 
0.4275 1.47301e-13 
0.435 1.59334e-13 
0.4325 1.55114e-13 
0.44 1.6845e-13 
0.4375 1.63776e-13 
0.445 1.78534e-13 
0.4425 1.73366e-13 
0.45 1.89675e-13 
0.4475 1.83966e-13 
0.455 2.01969e-13 
0.4525 1.95671e-13 
0.46 2.15527e-13 
0.4575 2.08583e-13 
0.465 2.30467e-13 
0.4625 2.22816e-13 
0.47 2.46924e-13 
0.4675 2.38497e-13 
0.475 2.6505e-13 
0.4725 2.55768e-13 
0.48 2.85014e-13 
0.4775 2.74791e-13 
0.485 3.07006e-13 
0.4825 2.95743e-13 
0.49 3.31241e-13 
0.4875 3.18828e-13 
0.495 3.57961e-13 
0.4925 3.44274e-13 
0.5 3.87441e-13 
0.4975 3.72337e-13 
0.505 4.19989e-13 
0.5025 4.03311e-13 
0.51 4.55957e-13 
0.5075 4.37522e-13 
0.515 4.95738e-13 
0.5125 4.75344e-13 
0.52 5.39783e-13 
0.5175 5.17197e-13 
0.525 5.88596e-13 
0.5225 5.63559e-13 
0.53 6.42753e-13 
0.5275 6.14968e-13 
0.535 7.02902e-13 
0.5325 6.72034e-13 
0.54 7.69776e-13 
0.5375 7.35448e-13 
0.545 8.44207e-13 
0.5425 8.05991e-13 
0.55 9.27132e-13 
0.5475 8.84544e-13 
0.555 1.01961e-12 
0.5525 9.72107e-13 
0.56 1.12285e-12 
0.5575 1.06981e-12 
0.565 1.2382e-12 
0.5625 1.17892e-12 
0.57 1.36718e-12 
0.5675 1.30088e-12 
0.575 1.51153e-12 
0.5725 1.43732e-12 
0.58 1.67319e-12 
0.5775 1.59006e-12 
0.585 1.85436e-12 
0.5825 1.76119e-12 
0.59 2.05753e-12 
0.5875 1.95303e-12 
0.595 2.28548e-12 
0.5925 2.16822e-12 
0.6 2.54138e-12 
0.5975 2.40972e-12 
0.605 2.82877e-12 
0.6025 2.6809e-12 
0.61 3.15167e-12 
0.6075 2.98551e-12 
0.615 3.51459e-12 
0.6125 3.32782e-12 
0.62 3.92263e-12 
0.6175 3.71263e-12 
0.625 4.38152e-12 
0.6225 4.14533e-12 
0.63 4.89774e-12 
0.6275 4.63203e-12 
0.635 5.47857e-12 
0.6325 5.17959e-12 
0.64 6.13222e-12 
0.6375 5.79574e-12 
0.645 6.86795e-12 
0.6425 6.4892e-12 
0.65 7.69619e-12 
0.6475 7.26981e-12 
0.655 8.62869e-12 
0.6525 8.14862e-12 
0.66 9.6787e-12 
0.6575 9.13812e-12 
0.665 1.08611e-11 
0.6625 1.02524e-11 
0.67 1.21928e-11 
0.6675 1.15072e-11 
0.675 1.36926e-11 
0.6725 1.29204e-11 
0.68 1.5382e-11 
0.6775 1.45122e-11 
0.685 1.72849e-11 
0.6825 1.63051e-11 
0.69 1.94286e-11 
0.6875 1.83248e-11 
0.695 2.18435e-11 
0.6925 2.06001e-11 
0.7 2.4564e-11 
0.6975 2.31632e-11 
0.705 2.76289e-11 
0.7025 2.60508e-11 
0.71 3.1082e-11 
0.7075 2.9304e-11 
0.715 3.49725e-11 
0.7125 3.29693e-11 
0.72 3.93559e-11 
0.7175 3.70989e-11 
0.725 4.42947e-11 
0.7225 4.17517e-11 
0.73 4.98594e-11 
0.7275 4.69941e-11 
0.735 5.61294e-11 
0.7325 5.29009e-11 
0.74 6.31943e-11 
0.7375 5.95565e-11 
0.745 7.11547e-11 
0.7425 6.70557e-11 
0.75 8.01245e-11 
0.7475 7.55058e-11 
0.755 9.02317e-11 
0.7525 8.50273e-11 
0.76 1.01621e-10 
0.7575 9.57562e-11 
0.765 1.14454e-10 
0.7625 1.07846e-10 
0.77 1.28915e-10 
0.7675 1.21468e-10 
0.775 1.4521e-10 
0.7725 1.36819e-10 
0.78 1.63571e-10 
0.7775 1.54116e-10 
0.785 1.84263e-10 
0.7825 1.73608e-10 
0.79 2.07579e-10 
0.7875 1.95573e-10 
0.795 2.33853e-10 
0.7925 2.20323e-10 
0.8 2.6346e-10 
0.7975 2.48214e-10 
0.805 2.96824e-10 
0.8025 2.79644e-10 
0.81 3.34421e-10 
0.8075 3.15061e-10 
0.815 3.76789e-10 
0.8125 3.54972e-10 
0.82 4.24533e-10 
0.8175 3.99948e-10 
0.825 4.78335e-10 
0.8225 4.5063e-10 
0.83 5.38965e-10 
0.8275 5.07745e-10 
0.835 6.0729e-10 
0.8325 5.72107e-10 
0.84 6.84286e-10 
0.8375 6.44638e-10 
0.845 7.71054e-10 
0.8425 7.26374e-10 
0.85 8.68834e-10 
0.8475 8.18484e-10 
0.855 9.79026e-10 
0.8525 9.22284e-10 
0.86 1.1032e-09 
0.8575 1.03926e-09 
0.865 1.24314e-09 
0.8625 1.17108e-09 
0.87 1.40085e-09 
0.8675 1.31964e-09 
0.875 1.57857e-09 
0.8725 1.48706e-09 
0.88 1.77886e-09 
0.8775 1.67573e-09 
0.885 2.00457e-09 
0.8825 1.88834e-09 
0.89 2.25894e-09 
0.8875 2.12796e-09 
0.895 2.5456e-09 
0.8925 2.39799e-09 
0.9 2.86866e-09 
0.8975 2.70231e-09 
0.905 3.23274e-09 
0.9025 3.04526e-09 
0.91 3.64305e-09 
0.9075 3.43176e-09 
0.915 4.10545e-09 
0.9125 3.86734e-09 
0.92 4.62657e-09 
0.9175 4.35823e-09 
0.925 5.21387e-09 
0.9225 4.91145e-09 
0.93 5.87575e-09 
0.9275 5.53492e-09 
0.935 6.62168e-09 
0.9325 6.23757e-09 
0.94 7.46235e-09 
0.9375 7.02945e-09 
0.945 8.40978e-09 
0.9425 7.92191e-09 
0.95 9.47754e-09 
0.9475 8.9277e-09 
0.955 1.06809e-08 
0.9525 1.00612e-08 
0.96 1.20371e-08 
0.9575 1.13388e-08 
0.965 1.35656e-08 
0.9625 1.27785e-08 
0.97 1.52883e-08 
0.9675 1.44012e-08 
0.975 1.72297e-08 
0.9725 1.623e-08 
0.98 1.94178e-08 
0.9775 1.82911e-08 
0.985 2.18839e-08 
0.9825 2.0614e-08 
0.99 2.46632e-08 
0.9875 2.3232e-08 
0.995 2.77956e-08 
0.9925 2.61826e-08 
1 3.1326e-08 
0.9975 2.95081e-08 
1.005 3.5305e-08 
1.0025 3.3256e-08 
1.01 3.97895e-08 
1.0075 3.74802e-08 
1.015 4.48438e-08 
1.0125 4.22411e-08 
1.02 5.05403e-08 
1.0175 4.76069e-08 
1.025 5.69606e-08 
1.0225 5.36545e-08 
1.03 6.41968e-08 
1.0275 6.04705e-08 
1.035 7.23526e-08 
1.0325 6.81528e-08 
1.04 8.15448e-08 
1.0375 7.68112e-08 
1.045 9.19051e-08 
1.0425 8.65701e-08 
1.05 1.03582e-07 
1.0475 9.75691e-08 
1.055 1.16743e-07 
1.0525 1.09966e-07 
1.06 1.31577e-07 
1.0575 1.23938e-07 
1.065 1.48297e-07 
1.0625 1.39687e-07 
1.07 1.67141e-07 
1.0675 1.57437e-07 
1.075 1.88381e-07 
1.0725 1.77443e-07 
1.08 2.1232e-07 
1.0775 1.99993e-07 
1.085 2.39303e-07 
1.0825 2.25408e-07 
1.09 2.69716e-07 
1.0875 2.54055e-07 
1.095 3.03996e-07 
1.0925 2.86343e-07 
1.1 3.42633e-07 
1.0975 3.22736e-07 
1.105 3.86183e-07 
1.1025 3.63756e-07 
1.11 4.35269e-07 
1.1075 4.09992e-07 
1.115 4.90597e-07 
1.1125 4.62106e-07 
1.12 5.5296e-07 
1.1175 5.20846e-07 
1.125 6.23253e-07 
1.1225 5.87055e-07 
1.13 7.02484e-07 
1.1275 6.61683e-07 
1.135 7.91791e-07 
1.1325 7.45802e-07 
1.14 8.92455e-07 
1.1375 8.40617e-07 
1.145 1.00592e-06 
1.1425 9.47491e-07 
1.15 1.13382e-06 
1.1475 1.06796e-06 
1.155 1.27798e-06 
1.1525 1.20375e-06 
1.16 1.44049e-06 
1.1575 1.3568e-06 
1.165 1.62366e-06 
1.1625 1.52933e-06 
1.17 1.83013e-06 
1.1675 1.72381e-06 
1.175 2.06287e-06 
1.1725 1.94302e-06 
1.18 2.32522e-06 
1.1775 2.19012e-06 
1.185 2.62095e-06 
1.1825 2.46866e-06 
1.19 2.9543e-06 
1.1875 2.78263e-06 
1.195 3.33007e-06 
1.1925 3.13656e-06 
1.2 3.75366e-06 
1.1975 3.53552e-06 
1.205 4.23115e-06 
1.2025 3.98525e-06 
1.21 4.76941e-06 
1.2075 4.49222e-06 
1.215 5.37618e-06 
1.2125 5.06371e-06 
1.22 6.06018e-06 
1.2175 5.70794e-06 
1.225 6.83126e-06 
1.2225 6.43417e-06 
1.23 7.7005e-06 
1.2275 7.25286e-06 
1.235 8.68041e-06 
1.2325 8.17578e-06 
1.24 9.78509e-06 
1.2375 9.2162e-06 
1.245 1.10305e-05 
1.2425 1.03891e-05 
1.25 1.24344e-05 
1.2475 1.17114e-05 
1.255 1.40172e-05 
1.2525 1.32021e-05 
1.26 1.58017e-05 
1.2575 1.48827e-05 
1.265 1.78134e-05 
1.2625 1.67774e-05 
1.27 2.00816e-05 
1.2675 1.89135e-05 
1.275 2.26388e-05 
1.2725 2.13218e-05 
1.28 2.55219e-05 
1.2775 2.40371e-05 
1.285 2.87726e-05 
1.2825 2.70985e-05 
1.29 3.24378e-05 
1.2875 3.05502e-05 
1.295 3.65705e-05 
1.2925 3.44422e-05 
1.3 4.12303e-05 
1.2975 3.88305e-05 
1.305 4.64848e-05 
1.3025 4.37787e-05 
1.31 5.24098e-05 
1.3075 4.93583e-05 
1.315 5.90912e-05 
1.3125 5.56502e-05 
1.32 6.66258e-05 
1.3175 6.27453e-05 
1.325 7.51229e-05 
1.3225 7.07467e-05 
1.33 8.47058e-05 
1.3275 7.97703e-05 
1.335 9.55136e-05 
1.3325 8.99471e-05 
1.34 0.000107703 
1.3375 0.000101425 
1.345 0.000121453 
1.3425 0.000114371 
1.35 0.000136962 
1.3475 0.000128974 
1.355 0.000154457 
1.3525 0.000145446 
1.36 0.000174193 
1.3575 0.000164028 
1.365 0.00019646 
1.3625 0.000184991 
1.37 0.000221583 
1.3675 0.000208642 
1.375 0.00024993 
1.3725 0.000235328 
1.38 0.000281918 
1.3775 0.000265441 
1.385 0.000318018 
1.3825 0.000299423 
1.39 0.000358762 
1.3875 0.000337774 
1.395 0.000404752 
1.3925 0.000381061 
1.4 0.000456669 
1.3975 0.000429924 
1.405 0.000515283 
1.4025 0.000485087 
1.41 0.000581466 
1.4075 0.000547369 
1.415 0.000656205 
1.4125 0.000617699 
1.42 0.000740617 
1.4175 0.000697126 
1.425 0.000835969 
1.4225 0.00078684 
1.43 0.000943695 
1.4275 0.000888189 
1.435 0.00106542 
1.4325 0.0010027 
1.44 0.00120299 
1.4375 0.0011321 
1.445 0.00135848 
1.4425 0.00127835 
1.45 0.00153428 
1.4475 0.00144368 
1.455 0.00173307 
1.4525 0.00163062 
1.46 0.00195789 
1.4575 0.00184202 
1.465 0.00221223 
1.4625 0.00208114 
1.47 0.0025 
1.4675 0.00235167 
1.475 0.00282567 
1.4725 0.0026578 
1.48 0.00319433 
1.4775 0.00300429 
1.485 0.00361172 
1.4825 0.00339654 
1.49 0.00408441 
1.4875 0.00384071 
1.495 0.00461981 
1.4925 0.00434376 
1.5 0.00522636 
1.4975 0.00491362 
1.505 0.00591367 
1.5025 0.00555927 
1.51 0.00669258 
1.5075 0.00629094 
1.515 0.00757544 
1.5125 0.00712019 
1.52 0.00857622 
1.5175 0.00806015 
1.525 0.00971073 
1.5225 0.00912569 
1.53 0.0109968 
1.5275 0.0103336 
1.535 0.0124548 
1.5325 0.011703 
1.54 0.0141072 
1.5375 0.0132552 
1.545 0.0159798 
1.5425 0.0150143 
1.55 0.0181012 
1.5475 0.0170075 
1.555 0.0205035 
1.5525 0.0192651 
1.56 0.0232223 
1.5575 0.0218209 
1.565 0.0262974 
1.5625 0.0247127 
1.57 0.0297726 
1.5675 0.0279821 
1.575 0.0336959 
1.5725 0.0316751 
1.58 0.0381198 
1.5775 0.0358418 
1.585 0.0431013 
1.5825 0.0405371 
1.59 0.0487013 
1.5875 0.04582 
1.595 0.0549849 
1.5925 0.0517534 
1.6 0.0620205 
1.5975 0.0584043 
1.605 0.0698791 
1.6025 0.0658424 
1.61 0.0786333 
1.6075 0.0741397 
1.615 0.0883561 
1.6125 0.0833691 
1.62 0.099119 
1.6175 0.0936032 
1.625 0.11099 
1.6225 0.104912 
1.63 0.124033 
1.6275 0.117362 
1.635 0.138302 
1.6325 0.131011 
1.64 0.153843 
1.6375 0.145911 
1.645 0.170688 
1.6425 0.162101 
1.65 0.188853 
1.6475 0.179605 
1.655 0.208339 
1.6525 0.198431 
1.66 0.229125 
1.6575 0.218571 
1.665 0.25117 
1.6625 0.239993 
1.67 0.274414 
1.6675 0.262647 
1.675 0.298771 
1.6725 0.286459 
1.68 0.324137 
1.6775 0.311335 
1.685 0.350388 
1.6825 0.33716 
1.69 0.377381 
1.6875 0.363801 
1.695 0.404959 
1.6925 0.391107 
1.7 0.432956 
1.6975 0.418916 
1.705 0.461196 
1.7025 0.447056 
1.71 0.489501 
1.7075 0.475351 
1.715 0.517696 
1.7125 0.503624 
1.72 0.54561 
1.7175 0.531699 
1.725 0.57308 
1.7225 0.55941 
1.73 0.599958 
1.7275 0.586602 
1.735 0.62611 
1.7325 0.613133 
1.74 0.651418 
1.7375 0.638876 
1.745 0.675784 
1.7425 0.663724 
1.75 0.699129 
1.7475 0.687588 
1.755 0.721391 
1.7525 0.710398 
1.76 0.742528 
1.7575 0.732102 
1.765 0.762514 
1.7625 0.752666 
1.77 0.78134 
1.7675 0.772072 
1.775 0.799008 
1.7725 0.790318 
1.78 0.815534 
1.7775 0.807412 
1.785 0.830945 
1.7825 0.823377 
1.79 0.845275 
1.7875 0.838243 
1.795 0.858563 
1.7925 0.852046 
1.8 0.870856 
1.7975 0.864831 
1.805 0.882202 
1.8025 0.876644 
1.81 0.892654 
1.8075 0.887537 
1.815 0.902264 
1.8125 0.897561 
1.82 0.911084 
1.8175 0.906769 
1.825 0.919167 
1.8225 0.915214 
1.83 0.926564 
1.8275 0.922948 
1.835 0.933324 
1.8325 0.93002 
1.84 0.939495 
1.8375 0.93648 
1.845 0.945122 
1.8425 0.942373 
1.85 0.950248 
1.8475 0.947745 
1.855 0.954914 
1.8525 0.952636 
1.86 0.959158 
1.8575 0.957087 
1.865 0.963015 
1.8625 0.961132 
1.87 0.966517 
1.8675 0.964808 
1.875 0.969697 
1.8725 0.968146 
1.88 0.972581 
1.8775 0.971174 
1.885 0.975197 
1.8825 0.973921 
1.89 0.977568 
1.8875 0.976411 
1.895 0.979715 
1.8925 0.978668 
1.9 0.981661 
1.8975 0.980712 
1.905 0.983422 
1.9025 0.982563 
1.91 0.985016 
1.9075 0.984239 
1.915 0.986459 
1.9125 0.985756 
1.92 0.987764 
1.9175 0.987128 
1.925 0.988945 
1.9225 0.988369 
1.93 0.990012 
1.9275 0.989492 
1.935 0.990977 
1.9325 0.990507 
1.94 0.99185 
1.9375 0.991425 
1.945 0.992639 
1.9425 0.992254 
1.95 0.993351 
1.9475 0.993004 
1.955 0.993996 
1.9525 0.993682 
1.96 0.994578 
1.9575 0.994294 
1.965 0.995103 
1.9625 0.994847 
1.97 0.995578 
1.9675 0.995347 
1.975 0.996007 
1.9725 0.995798 
1.98 0.996395 
1.9775 0.996206 
1.985 0.996745 
1.9825 0.996575 
1.99 0.997061 
1.9875 0.996907 
1.995 0.997347 
1.9925 0.997208 
2 0.997605 
1.9975 0.997479 
2.005 0.997837 
2.0025 0.997724 
2.01 0.998048 
2.0075 0.997945 
2.015 0.998237 
2.0125 0.998145 
2.02 0.998409 
2.0175 0.998325 
2.025 0.998564 
2.0225 0.998488 
2.03 0.998703 
2.0275 0.998635 
2.035 0.998829 
2.0325 0.998768 
2.04 0.998943 
2.0375 0.998888 
2.045 0.999046 
2.0425 0.998996 
2.05 0.999139 
2.0475 0.999094 
2.055 0.999223 
2.0525 0.999182 
2.06 0.999298 
2.0575 0.999261 
2.065 0.999366 
2.0625 0.999333 
2.07 0.999428 
2.0675 0.999398 
2.075 0.999483 
2.0725 0.999456 
2.08 0.999534 
2.0775 0.999509 
2.085 0.999579 
2.0825 0.999557 
2.09 0.99962 
2.0875 0.9996 
2.095 0.999657 
2.0925 0.999639 
2.1 0.99969 
2.0975 0.999674 
2.105 0.99972 
2.1025 0.999705 
2.11 0.999747 
2.1075 0.999734 
2.115 0.999771 
2.1125 0.999759 
2.12 0.999793 
2.1175 0.999782 
2.125 0.999813 
2.1225 0.999803 
2.13 0.999831 
2.1275 0.999822 
2.135 0.999847 
2.1325 0.999839 
2.14 0.999861 
2.1375 0.999854 
2.145 0.999874 
2.1425 0.999868 
2.15 0.999886 
2.1475 0.99988 
2.155 0.999896 
2.1525 0.999891 
2.16 0.999906 
2.1575 0.999901 
2.165 0.999914 
2.1625 0.99991 
2.17 0.999921 
2.1675 0.999918 
2.175 0.999928 
2.1725 0.999925 
2.18 0.999934 
2.1775 0.999931 
2.185 0.999939 
2.1825 0.999937 
2.19 0.999944 
2.1875 0.999942 
2.195 0.999948 
2.1925 0.999946 
2.2 0.999951 
2.1975 0.99995 
2.205 0.999954 
2.2025 0.999953 
2.21 0.999957 
2.2075 0.999956 
2.215 0.999959 
2.2125 0.999958 
2.22 0.99996 
2.2175 0.99996 
2.225 0.999962 
2.2225 0.999961 
2.23 0.999963 
2.2275 0.999962 
2.235 0.999963 
2.2325 0.999963 
2.24 0.999963 
2.2375 0.999963 
2.245 0.999963 
2.2425 0.999963 
2.25 0.999962 
2.2475 0.999963 
2.255 0.999961 
2.2525 0.999962 
2.26 0.99996 
2.2575 0.999961 
2.265 0.999958 
2.2625 0.999959 
2.27 0.999956 
2.2675 0.999957 
2.275 0.999954 
2.2725 0.999955 
2.28 0.999951 
2.2775 0.999952 
2.285 0.999947 
2.2825 0.999949 
2.29 0.999943 
2.2875 0.999945 
2.295 0.999939 
2.2925 0.999941 
2.3 0.999934 
2.2975 0.999936 
2.305 0.999928 
2.3025 0.999931 
2.31 0.999922 
2.3075 0.999925 
2.315 0.999915 
2.3125 0.999918 
2.32 0.999907 
2.3175 0.999911 
2.325 0.999898 
2.3225 0.999903 
2.33 0.999889 
2.3275 0.999894 
2.335 0.999878 
2.3325 0.999883 
2.34 0.999866 
2.3375 0.999872 
2.345 0.999853 
2.3425 0.99986 
2.35 0.999839 
2.3475 0.999846 
2.355 0.999823 
2.3525 0.999831 
2.36 0.999806 
2.3575 0.999814 
2.365 0.999786 
2.3625 0.999796 
2.37 0.999765 
2.3675 0.999776 
2.375 0.999742 
2.3725 0.999754 
2.38 0.999716 
2.3775 0.999729 
2.385 0.999687 
2.3825 0.999702 
2.39 0.999656 
2.3875 0.999672 
2.395 0.999622 
2.3925 0.999639 
2.4 0.999584 
2.3975 0.999603 
2.405 0.999542 
2.4025 0.999564 
2.41 0.999496 
2.4075 0.99952 
2.415 0.999446 
2.4125 0.999472 
2.42 0.99939 
2.4175 0.999419 
2.425 0.999329 
2.4225 0.99936 
2.43 0.999262 
2.4275 0.999296 
2.435 0.999187 
2.4325 0.999225 
2.44 0.999106 
2.4375 0.999148 
2.445 0.999016 
2.4425 0.999062 
2.45 0.998917 
2.4475 0.998968 
2.455 0.998808 
2.4525 0.998864 
2.46 0.998689 
2.4575 0.99875 
2.465 0.998557 
2.4625 0.998624 
2.47 0.998412 
2.4675 0.998486 
2.475 0.998252 
2.4725 0.998334 
2.48 0.998077 
2.4775 0.998167 
2.485 0.997883 
2.4825 0.997982 
2.49 0.997671 
2.4875 0.99778 
2.495 0.997437 
2.4925 0.997557 
2.5 0.99718 
2.4975 0.997311 
2.505 0.996896 
2.5025 0.997041 
2.51 0.996585 
2.5075 0.996744 
2.515 0.996242 
2.5125 0.996417 
2.52 0.995865 
2.5175 0.996058 
2.525 0.99545 
2.5225 0.995662 
2.53 0.994993 
2.5275 0.995227 
2.535 0.994491 
2.5325 0.994748 
2.54 0.993939 
2.5375 0.994222 
2.545 0.993332 
2.5425 0.993643 
2.55 0.992664 
2.5475 0.993006 
2.555 0.991929 
2.5525 0.992305 
2.56 0.991121 
2.5575 0.991535 
2.565 0.990233 
2.5625 0.990688 
2.57 0.989257 
2.5675 0.989757 
2.575 0.988184 
2.5725 0.988733 
2.58 0.987005 
2.5775 0.987608 
2.585 0.985709 
2.5825 0.986372 
2.59 0.984285 
2.5875 0.985014 
2.595 0.982721 
2.5925 0.983521 
2.6 0.981004 
2.5975 0.981882 
2.605 0.979118 
2.6025 0.980083 
2.61 0.977049 
2.6075 0.978107 
2.615 0.974778 
2.6125 0.975939 
2.62 0.972287 
2.6175 0.973561 
2.625 0.969556 
2.6225 0.970953 
2.63 0.966563 
2.6275 0.968094 
2.635 0.963284 
2.6325 0.964961 
2.64 0.959694 
2.6375 0.961529 
2.645 0.955765 
2.6425 0.957773 
2.65 0.951469 
2.6475 0.953665 
2.655 0.946774 
2.6525 0.949173 
2.66 0.941647 
2.6575 0.944266 
2.665 0.936054 
2.6625 0.938911 
2.67 0.929957 
2.6675 0.933071 
2.675 0.923319 
2.6725 0.926708 
2.68 0.9161 
2.6775 0.919785 
2.685 0.908258 
2.6825 0.912259 
2.69 0.899752 
2.6875 0.90409 
2.695 0.890539 
2.6925 0.895236 
2.7 0.880577 
2.6975 0.885654 
2.705 0.869825 
2.7025 0.875302 
2.71 0.858242 
2.7075 0.86414 
2.715 0.845792 
2.7125 0.852128 
2.72 0.832438 
2.7175 0.83923 
2.725 0.818153 
2.7225 0.825414 
2.73 0.802911 
2.7275 0.810653 
2.735 0.786694 
2.7325 0.794925 
2.74 0.769494 
2.7375 0.778217 
2.745 0.751309 
2.7425 0.760524 
2.75 0.732149 
2.7475 0.74185 
2.755 0.712037 
2.7525 0.72221 
2.76 0.691005 
2.7575 0.701633 
2.765 0.669101 
2.7625 0.680159 
2.77 0.646383 
2.7675 0.657839 
2.775 0.622925 
2.7725 0.634742 
2.78 0.598811 
2.7775 0.610944 
2.785 0.574139 
2.7825 0.586538 
2.79 0.549014 
2.7875 0.561626 
2.795 0.523554 
2.7925 0.536318 
2.8 0.497879 
2.7975 0.510735 
2.805 0.472117 
2.8025 0.485001 
2.81 0.446395 
2.8075 0.459243 
2.815 0.420842 
2.8125 0.433589 
2.82 0.39558 
2.8175 0.408167 
2.825 0.37073 
2.8225 0.383097 
2.83 0.346403 
2.8275 0.358495 
2.835 0.3227 
2.8325 0.334467 
2.84 0.299711 
2.8375 0.311111 
2.845 0.277518 
2.8425 0.288511 
2.85 0.256185 
2.8475 0.26674 
2.855 0.235769 
2.8525 0.24586 
2.86 0.216311 
2.8575 0.225918 
2.865 0.197841 
2.8625 0.206951 
2.87 0.180378 
2.8675 0.188982 
2.875 0.163931 
2.8725 0.172027 
2.88 0.148499 
2.8775 0.156088 
2.885 0.134075 
2.8825 0.141162 
2.89 0.120643 
2.8875 0.127237 
2.895 0.108182 
2.8925 0.114293 
2.9 0.0966652 
2.8975 0.102307 
2.905 0.0860626 
2.9025 0.0912517 
2.91 0.0763407 
2.9075 0.0810938 
2.915 0.0674631 
2.9125 0.0717987 
2.92 0.0593915 
2.9175 0.063329 
2.925 0.0520853 
2.9225 0.0556453 
2.93 0.0455027 
2.9275 0.0487062 
2.935 0.0396004 
2.9325 0.0424693 
2.94 0.0343341 
2.9375 0.0368906 
2.945 0.0296588 
2.9425 0.0319254 
2.95 0.0255291 
2.9475 0.0275286 
2.955 0.0218995 
2.9525 0.0236546 
2.96 0.0187252 
2.9575 0.0202582 
2.965 0.0159624 
2.9625 0.0172951 
2.97 0.0135686 
2.9675 0.0147219 
2.975 0.0115035 
2.9725 0.0124974 
2.98 0.00972928 
2.9775 0.0105823 
2.985 0.00821058 
2.9825 0.00894008 
2.99 0.00691508 
2.9875 0.00753684 
2.995 0.00581343 
2.9925 0.00634174 
3 0.00487925 
2.9975 0.00532694 
3.005 0.0040891 
3.0025 0.00446752 
3.01 0.00342228 
3.0075 0.00374146 
3.015 0.00286068 
3.0125 0.00312936 
3.02 0.00238857 
3.0175 0.00261434 
3.025 0.00199232 
3.0225 0.00218173 
3.03 0.00166022 
3.0275 0.00181891 
3.035 0.00138227 
3.0325 0.00151504 
3.04 0.00114989 
3.0375 0.00126086 
3.045 0.000955842 
3.0425 0.00104849 
3.05 0.000793949 
3.0475 0.000871221 
3.055 0.000659009 
3.0525 0.000723402 
3.06 0.000546631 
3.0575 0.000600246 
3.065 0.000453117 
3.0625 0.000497723 
3.07 0.000375358 
3.0675 0.000412441 
3.075 0.000310746 
3.0725 0.000341554 
3.08 0.000257096 
3.0775 0.000282673 
3.085 0.000212578 
3.0825 0.000233798 
3.09 0.000175661 
3.0875 0.000193254 
3.095 0.000145066 
3.0925 0.000159644 
3.1 0.000119728 
3.0975 0.000131799 
3.105 9.87545e-05 
3.1025 0.000108745 
3.11 8.14056e-05 
3.1075 8.96682e-05 
3.115 6.70634e-05 
3.1125 7.3893e-05 
3.12 5.5214e-05 
3.1175 6.08556e-05 
3.125 4.54301e-05 
3.1225 5.00876e-05 
3.13 3.73565e-05 
3.1275 4.11992e-05 
3.135 3.06983e-05 
3.1325 3.38668e-05 
3.14 2.52109e-05 
3.1375 2.78218e-05 
3.145 2.0691e-05 
3.1425 2.28412e-05 
3.15 1.69706e-05 
3.1475 1.87402e-05 
3.155 1.391e-05 
3.1525 1.53655e-05 
3.16 1.13938e-05 
3.1575 1.25902e-05 
3.165 9.3266e-06 
3.1625 1.03094e-05 
3.17 7.62932e-06 
3.1675 8.43608e-06 
3.175 6.23667e-06 
3.1725 6.89852e-06 
3.18 5.09474e-06 
3.1775 5.63735e-06 
3.185 4.15902e-06 
3.1825 4.60356e-06 
3.19 3.39278e-06 
3.1875 3.75674e-06 
3.195 2.76576e-06 
3.1925 3.06354e-06 
3.2 2.25301e-06 
3.1975 2.49647e-06 
3.205 1.834e-06 
3.2025 2.03292e-06 
3.21 1.49183e-06 
3.2075 1.65424e-06 
3.215 1.21261e-06 
3.2125 1.34512e-06 
3.22 9.84928e-07 
3.2175 1.09296e-06 
3.225 7.99396e-07 
3.2225 8.87408e-07 
3.23 6.48325e-07 
3.2275 7.19976e-07 
3.235 5.25405e-07 
3.2325 5.83693e-07 
3.24 4.25464e-07 
3.2375 4.72846e-07 
3.245 3.44268e-07 
3.2425 3.82755e-07 
3.25 2.78351e-07 
3.2475 3.0959e-07 
3.255 2.24878e-07 
3.2525 2.50214e-07 
3.26 1.81535e-07 
3.2575 2.02068e-07 
3.265 1.46429e-07 
3.2625 1.63056e-07 
3.27 1.18017e-07 
3.2675 1.31471e-07 
3.275 9.50415e-08 
3.2725 1.05919e-07 
3.28 7.64765e-08 
3.2775 8.52638e-08 
3.285 6.14876e-08 
3.2825 6.85807e-08 
3.29 4.93956e-08 
3.2875 5.51166e-08 
3.295 3.96488e-08 
3.2925 4.42592e-08 
3.3 3.17986e-08 
3.2975 3.55111e-08 
3.305 2.54814e-08 
3.3025 2.84683e-08 
3.31 2.04019e-08 
3.3075 2.2803e-08 
3.315 1.63211e-08 
3.3125 1.82497e-08 
3.32 1.30454e-08 
3.3175 1.45931e-08 
3.325 1.04182e-08 
3.3225 1.16592e-08 
3.33 8.31288e-09 
3.3275 9.30717e-09 
3.335 6.62727e-09 
3.3325 7.42317e-09 
3.34 5.27886e-09 
3.3375 5.9154e-09 
3.345 4.20112e-09 
3.3425 4.70977e-09 
3.35 3.34047e-09 
3.3475 3.74657e-09 
3.355 2.6538e-09 
3.3525 2.97773e-09 
3.36 2.10641e-09 
3.3575 2.36457e-09 
3.365 1.67044e-09 
3.3625 1.87601e-09 
3.37 1.32352e-09 
3.3675 1.48706e-09 
3.375 1.04772e-09 
3.3725 1.1777e-09 
3.38 8.28639e-10 
3.3775 9.31864e-10 
3.385 6.5478e-10 
3.3825 7.36679e-10 
3.39 5.16931e-10 
3.3875 5.81852e-10 
3.395 4.07734e-10 
3.3925 4.59149e-10 
3.4 3.21312e-10 
3.3975 3.61993e-10 
3.405 2.52977e-10 
3.4025 2.85136e-10 
3.41 1.98994e-10 
3.4075 2.24393e-10 
3.415 1.56387e-10 
3.4125 1.76429e-10 
3.42 1.22791e-10 
3.4175 1.38591e-10 
3.425 9.63241e-11 
3.4225 1.08768e-10 
3.43 7.54926e-11 
3.4275 8.52842e-11 
3.435 5.91121e-11 
3.4325 6.68097e-11 
3.44 4.62435e-11 
3.4375 5.22893e-11 
3.445 3.61432e-11 
3.4425 4.08872e-11 
3.45 2.82231e-11 
3.4475 3.19422e-11 
3.455 2.20184e-11 
3.4525 2.49312e-11 
3.46 1.7162e-11 
3.4575 1.94413e-11 
3.465 1.33646e-11 
3.4625 1.51465e-11 
3.47 1.0398e-11 
3.4675 1.17897e-11 
3.475 8.0825e-12 
3.4725 9.16844e-12 
3.48 6.27696e-12 
3.4775 7.12354e-12 
3.485 4.87036e-12 
3.4825 5.52972e-12 
3.49 3.77556e-12 
3.4875 4.28864e-12 
3.495 2.92425e-12 
3.4925 3.32312e-12 
3.5 2.26287e-12 
3.4975 2.57267e-12 
3.505 1.74953e-12 
3.5025 1.98993e-12 
3.51 1.35145e-12 
3.5075 1.53782e-12 
3.515 1.04303e-12 
3.5125 1.1874e-12 
3.52 8.04308e-13 
3.5175 9.16023e-13 
3.525 6.19688e-13 
3.5225 7.06062e-13 
3.53 4.7704e-13 
3.5275 5.43762e-13 
3.535 3.66921e-13 
3.5325 4.18416e-13 
3.54 2.81987e-13 
3.5375 3.21695e-13 
3.545 2.16536e-13 
3.5425 2.47129e-13 
3.55 1.66143e-13 
3.5475 1.89692e-13 
3.555 1.27377e-13 
3.5525 1.45489e-13 
3.56 9.75804e-14 
3.5575 1.11498e-13 
3.565 7.46971e-14 
3.5625 8.53833e-14 
3.57 5.71376e-14 
3.5675 6.53358e-14 
3.575 4.36743e-14 
3.5725 4.99588e-14 
3.58 3.33599e-14 
3.5775 3.81735e-14 
3.585 2.54641e-14 
3.5825 2.91482e-14 
3.59 1.94243e-14 
3.5875 2.22418e-14 
3.595 1.48078e-14 
3.5925 1.6961e-14 
3.6 1.12817e-14 
3.5975 1.2926e-14 
3.605 8.59029e-15 
3.6025 9.84509e-15 
3.61 6.53745e-15 
3.6075 7.49437e-15 
3.615 4.97268e-15 
3.6125 5.70196e-15 
3.62 3.78068e-15 
3.6175 4.33614e-15 
3.625 2.87319e-15 
3.6225 3.296e-15 
3.63 2.18269e-15 
3.6275 2.50436e-15 
3.635 1.65758e-15 
3.6325 1.90217e-15 
3.64 1.25843e-15 
3.6375 1.44432e-15 
3.645 9.55178e-16 
3.6425 1.0964e-15 
3.65 7.2487e-16 
3.6475 8.32107e-16 
3.655 5.50026e-16 
3.6525 6.3143e-16 
3.66 4.1733e-16 
3.6575 4.79106e-16 
3.665 3.16649e-16 
3.6625 3.63518e-16 
3.67 2.40275e-16 
3.6675 2.75827e-16 
3.675 1.82348e-16 
3.6725 2.09312e-16 
3.68 1.38417e-16 
3.6775 1.58865e-16 
3.685 1.051e-16 
3.6825 1.20608e-16 
3.69 7.98325e-17 
3.6875 9.15941e-17 
3.695 6.06672e-17 
3.6925 6.95887e-17 
3.7 4.61277e-17 
3.6975 5.28963e-17 
3.705 3.50945e-17 
3.7025 4.02312e-17 
3.71 2.67192e-17 
3.7075 3.06189e-17 
3.715 2.03587e-17 
3.7125 2.33206e-17 
3.72 1.55259e-17 
3.7175 1.77768e-17 
3.725 1.18517e-17 
3.7225 1.35632e-17 
3.73 9.05637e-18 
3.7275 1.03588e-17 
3.735 6.92806e-18 
3.7325 7.91989e-18 
3.74 5.30622e-18 
3.7375 6.06221e-18 
3.745 4.06916e-18 
3.7425 4.64594e-18 
3.75 3.12462e-18 
3.7475 3.56514e-18 
3.755 2.40264e-18 
3.7525 2.73947e-18 
3.76 1.85012e-18 
3.7575 2.10797e-18 
3.765 1.42676e-18 
3.7625 1.6244e-18 
3.77 1.10193e-18 
3.7675 1.25363e-18 
3.775 8.52356e-19 
3.7725 9.68952e-19 
3.78 6.6033e-19 
3.7775 7.50076e-19 
3.785 5.12361e-19 
3.7825 5.81544e-19 
3.79 3.98169e-19 
3.7875 4.51582e-19 
3.795 3.09907e-19 
3.7925 3.51208e-19 
3.8 2.41578e-19 
3.7975 2.73565e-19 
3.805 1.88599e-19 
3.8025 2.13411e-19 
3.81 1.47455e-19 
3.8075 1.66732e-19 
3.815 1.15452e-19 
3.8125 1.30453e-19 
3.82 9.05211e-20 
3.8175 1.02212e-19 
3.825 7.10687e-20 
3.8225 8.0194e-20 
3.83 5.58684e-20 
3.8275 6.30018e-20 
3.835 4.39731e-20 
3.8325 4.95576e-20 
3.84 3.4651e-20 
3.8375 3.90291e-20 
3.845 2.73354e-20 
3.8425 3.07724e-20 
3.85 2.15869e-20 
3.8475 2.42886e-20 
3.855 1.70639e-20 
3.8525 1.91903e-20 
3.86 1.3501e-20 
3.8575 1.51766e-20 
3.865 1.06912e-20 
3.8625 1.2013e-20 
3.87 8.47285e-21 
3.8675 9.51668e-21 
3.875 6.71971e-21 
3.8725 7.54486e-21 
3.88 5.33291e-21 
3.8775 5.98579e-21 
3.885 4.23493e-21 
3.8825 4.75196e-21 
3.89 3.3649e-21 
3.8875 3.77468e-21 
3.895 2.67498e-21 
3.8925 2.99999e-21 
3.9 2.12749e-21 
3.8975 2.38545e-21 
3.905 1.69276e-21 
3.9025 1.89762e-21 
3.91 1.34735e-21 
3.9075 1.51015e-21 
3.915 1.07278e-21 
3.9125 1.20221e-21 
3.92 8.54404e-22 
3.9175 9.57352e-22 
3.925 6.80649e-22 
3.9225 7.62571e-22 
3.93 5.42345e-22 
3.9275 6.07559e-22 
3.935 4.32221e-22 
3.9325 4.84152e-22 
3.94 3.44509e-22 
3.9375 3.85874e-22 
3.945 2.74628e-22 
3.9425 3.07586e-22 
3.95 2.18942e-22 
3.9475 2.45207e-22 
3.955 1.74558e-22 
3.9525 1.95493e-22 
3.96 1.39177e-22 
3.9575 1.55866e-22 
3.965 1.10969e-22 
3.9625 1.24275e-22 
3.97 8.84776e-23 
3.9675 9.90874e-23 
3.975 7.05426e-23 
3.9725 7.90031e-23 
3.98 5.62404e-23 
3.9775 6.29873e-23 
3.985 4.48349e-23 
3.9825 5.02153e-23 
3.99 3.57393e-23 
3.9875 4.003e-23 
3.995 2.84859e-23 
3.9925 3.19075e-23 
4 2.27019e-23 
3.9975 2.54303e-23 
4.005 1.80898e-23 
4.0025 2.02654e-23 
4.01 1.44124e-23 
4.0075 1.61471e-23 
4.015 1.14807e-23 
4.0125 1.28636e-23 
4.02 9.14363e-24 
4.0175 1.0246e-23 
4.025 7.28086e-24 
4.0225 8.15946e-24 
4.03 5.79634e-24 
4.0275 6.4965e-24 
4.035 4.61344e-24 
4.0325 5.17132e-24 
4.04 3.67106e-24 
4.0375 4.11549e-24 
4.045 2.92043e-24 
4.0425 3.27441e-24 
4.05 2.32265e-24 
4.0475 2.60453e-24 
4.055 1.84671e-24 
4.0525 2.07112e-24 
4.06 1.46786e-24 
4.0575 1.64648e-24 
4.065 1.16636e-24 
4.0625 1.3085e-24 
4.07 9.26495e-25 
4.0675 1.03957e-24 
4.075 7.35709e-25 
4.0725 8.25644e-25 
4.08 5.84006e-25 
4.0775 6.55512e-25 
4.085 4.63415e-25 
4.0825 5.20251e-25 
4.09 3.67587e-25 
4.0875 4.12748e-25 
4.095 2.91461e-25 
4.0925 3.27334e-25 
4.1 2.31007e-25 
4.0975 2.59492e-25 
4.105 1.83017e-25 
4.1025 2.05627e-25 
4.11 1.44934e-25 
4.1075 1.62875e-25 
4.115 1.14725e-25 
4.1125 1.28955e-25 
4.12 9.07718e-26 
4.1175 1.02054e-25 
4.125 7.1786e-26 
4.1225 8.07273e-26 
4.13 5.67442e-26 
4.1275 6.38273e-26 
4.135 4.48322e-26 
4.1325 5.04408e-26 
4.14 3.5403e-26 
4.1375 3.98421e-26 
4.145 2.79426e-26 
4.1425 3.14544e-26 
4.15 2.20426e-26 
4.1475 2.48195e-26 
4.155 1.73791e-26 
4.1525 1.95738e-26 
4.16 1.36947e-26 
4.1575 1.54283e-26 
4.165 1.07853e-26 
4.1625 1.21541e-26 
4.17 8.48909e-27 
4.1675 9.56922e-27 
4.175 6.67785e-27 
4.1725 7.52974e-27 
4.18 5.24993e-27 
4.1775 5.92144e-27 
4.185 4.12483e-27 
4.1825 4.65385e-27 
4.19 3.23884e-27 
4.1875 3.65536e-27 
4.195 2.54155e-27 
4.1925 2.86931e-27 
4.2 1.99311e-27 
4.1975 2.25086e-27 
4.205 1.56199e-27 
4.2025 1.76457e-27 
4.21 1.22332e-27 
4.2075 1.38244e-27 
4.215 9.57435e-28 
4.2125 1.08233e-27 
4.22 7.48828e-28 
4.2175 8.46803e-28 
4.225 5.85268e-28 
4.2225 6.62072e-28 
4.23 4.57112e-28 
4.2275 5.1728e-28 
4.235 3.56764e-28 
4.2325 4.03868e-28 
4.24 2.78245e-28 
4.2375 3.15096e-28 
4.245 2.16848e-28 
4.2425 2.45658e-28 
4.25 1.68874e-28 
4.2475 1.91381e-28 
4.255 1.31416e-28 
4.2525 1.48986e-28 
4.26 1.02189e-28 
4.2575 1.15895e-28 
4.265 7.94008e-29 
4.2625 9.00854e-29 
4.27 6.16471e-29 
4.2675 6.99697e-29 
4.275 4.78256e-29 
4.2725 5.43035e-29 
4.28 3.70737e-29 
4.2775 4.21119e-29 
4.285 2.87161e-29 
4.2825 3.26316e-29 
4.29 2.22246e-29 
4.2875 2.52652e-29 
4.295 1.71867e-29 
4.2925 1.9546e-29 
4.3 1.32799e-29 
4.2975 1.5109e-29 
4.305 1.02527e-29 
4.3025 1.16697e-29 
4.31 7.90894e-30 
4.3075 9.0058e-30 
4.315 6.09586e-30 
4.3125 6.94419e-30 
4.32 4.69444e-30 
4.3175 5.35001e-30 
4.325 3.61213e-30 
4.3225 4.11831e-30 
4.33 2.77696e-30 
4.3275 3.16747e-30 
4.335 2.13304e-30 
4.3325 2.43406e-30 
4.34 1.63701e-30 
4.3375 1.86884e-30 
4.345 1.25523e-30 
4.3425 1.43362e-30 
4.35 9.61639e-31 
4.3475 1.09879e-30 
4.355 7.36063e-31 
4.3525 8.41416e-31 
4.36 5.62899e-31 
4.3575 6.43755e-31 
4.365 4.30087e-31 
4.3625 4.92086e-31 
4.37 3.28314e-31 
4.3675 3.75812e-31 
4.375 2.50396e-31 
4.3725 2.86752e-31 
4.38 1.90796e-31 
4.3775 2.18599e-31 
4.385 1.45249e-31 
4.3825 1.66491e-31 
4.39 1.10474e-31 
4.3875 1.26688e-31 
4.395 8.39459e-32 
4.3925 9.63115e-32 
4.4 6.3729e-32 
4.3975 7.31506e-32 
4.405 4.83358e-32 
4.4025 5.55076e-32 
4.41 3.66263e-32 
4.4075 4.20805e-32 
4.415 2.77273e-32 
4.4125 3.18713e-32 
4.42 2.09706e-32 
4.4175 2.41163e-32 
4.425 1.58454e-32 
4.4225 1.82309e-32 
4.43 1.19614e-32 
4.4275 1.37687e-32 
4.435 9.02075e-33 
4.4325 1.03887e-32 
4.44 6.79654e-33 
4.4375 7.83098e-33 
4.445 5.11581e-33 
4.4425 5.89728e-33 
4.45 3.84699e-33 
4.4475 4.43679e-33 
4.455 2.89006e-33 
4.4525 3.33477e-33 
4.46 2.16906e-33 
4.4575 2.50404e-33 
4.465 1.62634e-33 
4.4625 1.87842e-33 
4.47 1.21822e-33 
4.4675 1.40773e-33 
4.475 9.11626e-34 
4.4725 1.05396e-33 
4.48 6.81521e-34 
4.4775 7.88315e-34 
4.485 5.08996e-34 
4.4825 5.89045e-34 
4.49 3.79769e-34 
4.4875 4.39713e-34 
4.495 2.83071e-34 
4.4925 3.27914e-34 
4.5 2.10785e-34 
4.4975 2.44298e-34 
4.505 1.56802e-34 
4.5025 1.81823e-34 
4.51 1.16528e-34 
4.5075 1.3519e-34 
4.515 8.65122e-35 
4.5125 1.00417e-34 
4.52 6.41635e-35 
4.5175 7.45136e-35 
4.525 4.75405e-35 
4.5225 5.52368e-35 
4.53 3.51887e-35 
4.5275 4.09059e-35 
4.535 2.60199e-35 
4.5325 3.02627e-35 
4.54 1.92207e-35 
4.5375 2.23661e-35 
4.545 1.41839e-35 
4.5425 1.65134e-35 
4.55 1.04564e-35 
4.5475 1.21799e-35 
4.555 7.70071e-36 
4.5525 8.97449e-36 
4.56 5.66549e-36 
4.5575 6.60598e-36 
4.565 4.16393e-36 
4.5625 4.85762e-36 
4.57 3.05723e-36 
4.5675 3.56836e-36 
4.575 2.24238e-36 
4.5725 2.61862e-36 
4.58 1.64305e-36 
4.5775 1.9197e-36 
4.585 1.20267e-36 
4.5825 1.40589e-36 
4.59 8.79425e-37 
4.5875 1.02855e-36 
4.595 6.42403e-37 
4.5925 7.51721e-37 
4.6 4.68783e-37 
4.5975 5.48836e-37 
4.605 3.41736e-37 
4.6025 4.00299e-37 
4.61 2.48865e-37 
4.6075 2.91663e-37 
4.615 1.81047e-37 
4.6125 2.12291e-37 
4.62 1.31575e-37 
4.6175 1.54361e-37 
4.625 9.55234e-38 
4.6225 1.12123e-37 
4.63 6.92785e-38 
4.6275 8.13593e-38 
4.635 5.01926e-38 
4.6325 5.89756e-38 
4.64 3.63273e-38 
4.6375 4.27061e-38 
4.645 2.62651e-38 
4.6425 3.0893e-38 
4.65 1.89705e-38 
4.6475 2.23245e-38 
4.655 1.36876e-38 
4.6525 1.6116e-38 
4.66 9.86574e-39 
4.6575 1.1622e-38 
4.665 7.10367e-39 
4.6625 8.37259e-39 
4.67 5.1096e-39 
4.6675 6.02543e-39 
4.675 3.67149e-39 
4.6725 4.33179e-39 
4.68 2.63541e-39 
4.6775 3.11099e-39 
4.685 1.88975e-39 
4.6825 2.23192e-39 
4.69 1.35366e-39 
4.6875 1.5996e-39 
4.695 9.68652e-40 
4.6925 1.14523e-39 
4.7 6.92429e-40 
4.6975 8.19077e-40 
4.705 4.94461e-40 
4.7025 5.85204e-40 
4.71 3.52728e-40 
4.7075 4.17676e-40 
4.715 2.5136e-40 
4.7125 2.97798e-40 
4.72 1.78939e-40 
4.7175 2.12106e-40 
4.725 1.27251e-40 
4.7225 1.50916e-40 
4.73 9.03997e-41 
4.7275 1.07267e-40 
4.735 6.41539e-41 
4.7325 7.61637e-41 
4.74 4.54809e-41 
4.7375 5.4023e-41 
4.745 3.22095e-41 
4.7425 3.82789e-41 
4.75 2.27871e-41 
4.7475 2.7095e-41 
4.755 1.61043e-41 
4.7525 1.91588e-41 
4.76 1.13696e-41 
4.7575 1.35331e-41 
4.765 8.01864e-42 
4.7625 9.54942e-42 
4.77 5.64942e-42 
4.7675 6.7314e-42 
4.775 3.97609e-42 
4.7725 4.74005e-42 
4.78 2.7955e-42 
4.7775 3.33435e-42 
4.785 1.96341e-42 
4.7825 2.34308e-42 
4.79 1.37757e-42 
4.7875 1.64481e-42 
4.795 9.65528e-43 
4.7925 1.15343e-42 
4.8 6.76031e-43 
4.7975 8.08013e-43 
4.805 4.72845e-43 
4.8025 5.65451e-43 
4.81 3.30385e-43 
4.8075 3.95296e-43 
4.815 2.30607e-43 
4.8125 2.76057e-43 
4.82 1.60796e-43 
4.8175 1.92587e-43 
4.825 1.12003e-43 
4.8225 1.34216e-43 
4.83 7.79348e-44 
4.8275 9.34398e-44 
4.835 5.41733e-44 
4.8325 6.49846e-44 
4.84 3.76175e-44 
4.8375 4.51481e-44 
4.845 2.60943e-44 
4.8425 3.13343e-44 
4.85 1.80823e-44 
4.8475 2.17246e-44 
4.855 1.25173e-44 
4.8525 1.50464e-44 
4.86 8.65605e-45 
4.8575 1.04104e-44 
4.865 5.97972e-45 
4.8625 7.19536e-45 
4.87 4.12661e-45 
4.8675 4.96809e-45 
4.875 2.84484e-45 
4.8725 3.42671e-45 
4.88 1.95918e-45 
4.8775 2.36112e-45 
4.885 1.34786e-45 
4.8825 1.62521e-45 
4.89 9.26328e-46 
4.8875 1.11752e-45 
4.895 6.35973e-46 
4.8925 7.67632e-46 
4.9 4.3618e-46 
4.8975 5.26749e-46 
4.905 2.98845e-46 
4.9025 3.61083e-46 
4.91 2.0454e-46 
4.9075 2.47265e-46 
4.915 1.39851e-46 
4.9125 1.6915e-46 
4.92 9.55226e-47 
4.9175 1.15594e-46 
4.925 6.51781e-47 
4.9225 7.89141e-47 
4.93 4.44277e-47 
4.9275 5.38181e-47 
4.935 3.02527e-47 
4.9325 3.66656e-47 
4.94 2.05796e-47 
4.9375 2.49546e-47 
4.945 1.39858e-47 
4.9425 1.69672e-47 
4.95 9.49593e-48 
4.9475 1.15254e-47 
4.955 6.44235e-48 
4.9525 7.8221e-48 
4.96 4.36848e-48 
4.9575 5.30515e-48 
4.965 2.96256e-48 
4.9625 3.59717e-48 
4.97 2.01211e-48 
4.9675 2.4407e-48 
4.975 1.37275e-48 
4.9725 1.66052e-48 
4.98 9.46833e-49 
4.9775 1.1378e-48 
4.985 6.69035e-49 
4.9825 7.92524e-49 
4.99 4.9655e-49 
4.9875 5.71609e-49 
4.995 4.02711e-49 
4.9925 4.40954e-49 
5 3.7297e-49 
4.9975 3.8033e-49 
