0 8.54021e-16 
0.005 8.57589e-16 
0.0025 8.54913e-16 
0.01 8.68294e-16 
0.0075 8.62049e-16 
0.015 8.86139e-16 
0.0125 8.76324e-16 
0.02 9.11127e-16 
0.0175 8.9774e-16 
0.025 9.43262e-16 
0.0225 9.26301e-16 
0.03 9.82546e-16 
0.0275 9.6201e-16 
0.035 1.02898e-15 
0.0325 1.00487e-15 
0.04 1.08255e-15 
0.0375 1.05487e-15 
0.045 1.14326e-15 
0.0425 1.11202e-15 
0.05 1.21106e-15 
0.0475 1.17627e-15 
0.055 1.28593e-15 
0.0525 1.24762e-15 
0.06 1.36781e-15 
0.0575 1.326e-15 
0.065 1.45662e-15 
0.0625 1.41135e-15 
0.07 1.55225e-15 
0.0675 1.50359e-15 
0.075 1.65459e-15 
0.0725 1.60259e-15 
0.08 1.76346e-15 
0.0775 1.70822e-15 
0.085 1.87866e-15 
0.0825 1.82028e-15 
0.09 1.99995e-15 
0.0875 1.93856e-15 
0.095 2.12706e-15 
0.0925 2.0628e-15 
0.1 2.25963e-15 
0.0975 2.19268e-15 
0.105 2.3973e-15 
0.1025 2.32786e-15 
0.11 2.53962e-15 
0.1075 2.46791e-15 
0.115 2.6861e-15 
0.1125 2.61238e-15 
0.12 2.83618e-15 
0.1175 2.76073e-15 
0.125 2.98925e-15 
0.1225 2.91238e-15 
0.13 3.14463e-15 
0.1275 3.06669e-15 
0.135 3.30158e-15 
0.1325 3.22296e-15 
0.14 3.45932e-15 
0.1375 3.38041e-15 
0.145 3.61699e-15 
0.1425 3.53822e-15 
0.15 3.77368e-15 
0.1475 3.69552e-15 
0.155 3.92844e-15 
0.1525 3.85136e-15 
0.16 4.08026e-15 
0.1575 4.00478e-15 
0.165 4.22811e-15 
0.1625 4.15475e-15 
0.17 4.37091e-15 
0.1675 4.3002e-15 
0.175 4.50757e-15 
0.1725 4.44007e-15 
0.18 4.637e-15 
0.1775 4.57326e-15 
0.185 4.75809e-15 
0.1825 4.69865e-15 
0.19 4.86976e-15 
0.1875 4.81517e-15 
0.195 4.97095e-15 
0.1925 4.92173e-15 
0.2 5.06064e-15 
0.1975 5.01729e-15 
0.205 5.13788e-15 
0.2025 5.10088e-15 
0.21 5.20179e-15 
0.2075 5.17156e-15 
0.215 5.25158e-15 
0.2125 5.2285e-15 
0.22 5.28656e-15 
0.2175 5.27096e-15 
0.225 5.30619e-15 
0.2225 5.29832e-15 
0.23 5.31004e-15 
0.2275 5.3101e-15 
0.235 5.29786e-15 
0.2325 5.30596e-15 
0.24 5.26957e-15 
0.2375 5.28573e-15 
0.245 5.22525e-15 
0.2425 5.2494e-15 
0.25 5.1652e-15 
0.2475 5.19717e-15 
0.255 5.08991e-15 
0.2525 5.12943e-15 
0.26 5.00007e-15 
0.2575 5.04676e-15 
0.265 4.89657e-15 
0.2625 4.94997e-15 
0.27 4.78051e-15 
0.2675 4.84004e-15 
0.275 4.65317e-15 
0.2725 4.71816e-15 
0.28 4.51602e-15 
0.2775 4.58572e-15 
0.285 4.37069e-15 
0.2825 4.44427e-15 
0.29 4.21893e-15 
0.2875 4.2955e-15 
0.295 4.06265e-15 
0.2925 4.14123e-15 
0.3 3.90379e-15 
0.2975 3.98341e-15 
0.305 3.74439e-15 
0.3025 3.82403e-15 
0.31 3.58649e-15 
0.3075 3.66512e-15 
0.315 3.43211e-15 
0.3125 3.50873e-15 
0.32 3.28324e-15 
0.3175 3.35687e-15 
0.325 3.14179e-15 
0.3225 3.21147e-15 
0.33 3.00954e-15 
0.3275 3.0744e-15 
0.335 2.88816e-15 
0.3325 2.94739e-15 
0.34 2.77917e-15 
0.3375 2.83203e-15 
0.345 2.68393e-15 
0.3425 2.72975e-15 
0.35 2.60363e-15 
0.3475 2.64185e-15 
0.355 2.53931e-15 
0.3525 2.56942e-15 
0.36 2.49185e-15 
0.3575 2.51342e-15 
0.365 2.462e-15 
0.3625 2.47468e-15 
0.37 2.4504e-15 
0.3675 2.45388e-15 
0.375 2.45759e-15 
0.3725 2.45161e-15 
0.38 2.48409e-15 
0.3775 2.4684e-15 
0.385 2.53036e-15 
0.3825 2.50472e-15 
0.39 2.5969e-15 
0.3875 2.56107e-15 
0.395 2.68423e-15 
0.3925 2.63793e-15 
0.4 2.79295e-15 
0.3975 2.73587e-15 
0.405 2.9238e-15 
0.4025 2.85556e-15 
0.41 3.07762e-15 
0.4075 2.99778e-15 
0.415 3.25543e-15 
0.4125 3.16345e-15 
0.42 3.45848e-15 
0.4175 3.35372e-15 
0.425 3.68821e-15 
0.4225 3.56991e-15 
0.43 3.94635e-15 
0.4275 3.81361e-15 
0.435 4.23491e-15 
0.4325 4.08669e-15 
0.44 4.55622e-15 
0.4375 4.39131e-15 
0.445 4.91301e-15 
0.4425 4.73e-15 
0.45 5.30839e-15 
0.4475 5.10566e-15 
0.455 5.74594e-15 
0.4525 5.52165e-15 
0.46 6.22976e-15 
0.4575 5.98178e-15 
0.465 6.76452e-15 
0.4625 6.49045e-15 
0.47 7.35556e-15 
0.4675 7.05264e-15 
0.475 8.00896e-15 
0.4725 7.67406e-15 
0.48 8.73163e-15 
0.4775 8.36117e-15 
0.485 9.53145e-15 
0.4825 9.12136e-15 
0.49 1.04173e-14 
0.4875 9.96303e-15 
0.495 1.13995e-14 
0.4925 1.08957e-14 
0.5 1.24896e-14 
0.4975 1.19303e-14 
0.505 1.37006e-14 
0.5025 1.30791e-14 
0.51 1.50477e-14 
0.5075 1.43561e-14 
0.515 1.65479e-14 
0.5125 1.57775e-14 
0.52 1.82205e-14 
0.5175 1.73613e-14 
0.525 2.00877e-14 
0.5225 1.91283e-14 
0.53 2.21745e-14 
0.5275 2.11019e-14 
0.535 2.45095e-14 
0.5325 2.3309e-14 
0.54 2.71251e-14 
0.5375 2.578e-14 
0.545 3.00582e-14 
0.5425 2.85495e-14 
0.55 3.33507e-14 
0.5475 3.16567e-14 
0.555 3.70503e-14 
0.5525 3.51464e-14 
0.56 4.12111e-14 
0.5575 3.90694e-14 
0.565 4.58945e-14 
0.5625 4.34833e-14 
0.57 5.11702e-14 
0.5675 4.84535e-14 
0.575 5.71175e-14 
0.5725 5.40545e-14 
0.58 6.38263e-14 
0.5775 6.03707e-14 
0.585 7.13987e-14 
0.5825 6.74977e-14 
0.59 7.99503e-14 
0.5875 7.55442e-14 
0.595 8.96126e-14 
0.5925 8.46337e-14 
0.6 1.00535e-13 
0.5975 9.4906e-14 
0.605 1.12885e-13 
0.6025 1.0652e-13 
0.61 1.26856e-13 
0.6075 1.19655e-13 
0.615 1.42665e-13 
0.6125 1.34516e-13 
0.62 1.60559e-13 
0.6175 1.51335e-13 
0.625 1.80816e-13 
0.6225 1.70373e-13 
0.63 2.03756e-13 
0.6275 1.91929e-13 
0.635 2.29736e-13 
0.6325 2.16341e-13 
0.64 2.59166e-13 
0.6375 2.43992e-13 
0.645 2.92507e-13 
0.6425 2.75316e-13 
0.65 3.30285e-13 
0.6475 3.10806e-13 
0.655 3.73095e-13 
0.6525 3.51021e-13 
0.66 4.2161e-13 
0.6575 3.96594e-13 
0.665 4.76597e-13 
0.6625 4.48243e-13 
0.67 5.38923e-13 
0.6675 5.06784e-13 
0.675 6.09573e-13 
0.6725 5.73141e-13 
0.68 6.8966e-13 
0.6775 6.48361e-13 
0.685 7.80453e-13 
0.6825 7.33633e-13 
0.69 8.83384e-13 
0.6875 8.30304e-13 
0.695 1.00008e-12 
0.6925 9.39902e-13 
0.7 1.13239e-12 
0.6975 1.06416e-12 
0.705 1.28241e-12 
0.7025 1.20504e-12 
0.71 1.4525e-12 
0.7075 1.36478e-12 
0.715 1.64536e-12 
0.7125 1.5459e-12 
0.72 1.86404e-12 
0.7175 1.75127e-12 
0.725 2.112e-12 
0.7225 1.98413e-12 
0.73 2.39318e-12 
0.7275 2.24817e-12 
0.735 2.71201e-12 
0.7325 2.54758e-12 
0.74 3.07354e-12 
0.7375 2.88709e-12 
0.745 3.48351e-12 
0.7425 3.27208e-12 
0.75 3.9484e-12 
0.7475 3.70865e-12 
0.755 4.47557e-12 
0.7525 4.2037e-12 
0.76 5.07337e-12 
0.7575 4.76508e-12 
0.765 5.75128e-12 
0.7625 5.40168e-12 
0.77 6.52003e-12 
0.7675 6.12357e-12 
0.775 7.39178e-12 
0.7725 6.9422e-12 
0.78 8.38036e-12 
0.7775 7.87054e-12 
0.785 9.50143e-12 
0.7825 8.92328e-12 
0.79 1.07727e-11 
0.7875 1.01171e-11 
0.795 1.22144e-11 
0.7925 1.14709e-11 
0.8 1.38493e-11 
0.7975 1.30062e-11 
0.805 1.57033e-11 
0.8025 1.47472e-11 
0.81 1.78059e-11 
0.8075 1.67216e-11 
0.815 2.01902e-11 
0.8125 1.89605e-11 
0.82 2.28941e-11 
0.8175 2.14996e-11 
0.825 2.59604e-11 
0.8225 2.4379e-11 
0.83 2.94377e-11 
0.8275 2.76444e-11 
0.835 3.33811e-11 
0.8325 3.13474e-11 
0.84 3.78531e-11 
0.8375 3.55468e-11 
0.845 4.29246e-11 
0.8425 4.03091e-11 
0.85 4.86758e-11 
0.8475 4.57098e-11 
0.855 5.5198e-11 
0.8525 5.18344e-11 
0.86 6.25945e-11 
0.8575 5.878e-11 
0.865 7.09824e-11 
0.8625 6.66566e-11 
0.87 8.04947e-11 
0.8675 7.5589e-11 
0.875 9.12822e-11 
0.8725 8.57189e-11 
0.88 1.03516e-10 
0.8775 9.72067e-11 
0.885 1.17389e-10 
0.8825 1.10234e-10 
0.89 1.33123e-10 
0.8875 1.25009e-10 
0.895 1.50965e-10 
0.8925 1.41763e-10 
0.9 1.71199e-10 
0.8975 1.60764e-10 
0.905 1.94146e-10 
0.9025 1.82312e-10 
0.91 2.20169e-10 
0.9075 2.06749e-10 
0.915 2.49681e-10 
0.9125 2.34461e-10 
0.92 2.83149e-10 
0.9175 2.65889e-10 
0.925 3.21104e-10 
0.9225 3.0153e-10 
0.93 3.64147e-10 
0.9275 3.41949e-10 
0.935 4.1296e-10 
0.9325 3.87786e-10 
0.94 4.68318e-10 
0.9375 4.39769e-10 
0.945 5.31097e-10 
0.9425 4.98721e-10 
0.95 6.02293e-10 
0.9475 5.65576e-10 
0.955 6.83034e-10 
0.9525 6.41394e-10 
0.96 7.74599e-10 
0.9575 7.27377e-10 
0.965 8.7844e-10 
0.9625 8.24887e-10 
0.97 9.96203e-10 
0.9675 9.3547e-10 
0.975 1.12975e-09 
0.9725 1.06088e-09 
0.98 1.28121e-09 
0.9775 1.2031e-09 
0.985 1.45297e-09 
0.9825 1.36439e-09 
0.99 1.64777e-09 
0.9875 1.54731e-09 
0.995 1.86867e-09 
0.9925 1.75475e-09 
1 2.1192e-09 
0.9975 1.99e-09 
1.005 2.40332e-09 
1.0025 2.25679e-09 
1.01 2.72552e-09 
1.0075 2.55935e-09 
1.015 3.09093e-09 
1.0125 2.90248e-09 
1.02 3.50534e-09 
1.0175 3.29162e-09 
1.025 3.9753e-09 
1.0225 3.73293e-09 
1.03 4.50828e-09 
1.0275 4.23341e-09 
1.035 5.11272e-09 
1.0325 4.801e-09 
1.04 5.79821e-09 
1.0375 5.44469e-09 
1.045 6.5756e-09 
1.0425 6.17468e-09 
1.05 7.45724e-09 
1.0475 7.00256e-09 
1.055 8.45709e-09 
1.0525 7.94144e-09 
1.06 9.591e-09 
1.0575 9.00621e-09 
1.065 1.0877e-08 
1.0625 1.02138e-08 
1.07 1.23353e-08 
1.0675 1.15832e-08 
1.075 1.39893e-08 
1.0725 1.31363e-08 
1.08 1.5865e-08 
1.0775 1.48977e-08 
1.085 1.79923e-08 
1.0825 1.68952e-08 
1.09 2.04048e-08 
1.0875 1.91606e-08 
1.095 2.31408e-08 
1.0925 2.17297e-08 
1.1 2.62436e-08 
1.0975 2.46434e-08 
1.105 2.97626e-08 
1.1025 2.79478e-08 
1.11 3.37535e-08 
1.1075 3.16953e-08 
1.115 3.82796e-08 
1.1125 3.59453e-08 
1.12 4.34126e-08 
1.1175 4.07653e-08 
1.125 4.9234e-08 
1.1225 4.62317e-08 
1.13 5.5836e-08 
1.1275 5.24312e-08 
1.135 6.33235e-08 
1.1325 5.9462e-08 
1.14 7.18152e-08 
1.1375 6.74358e-08 
1.145 8.14457e-08 
1.1425 7.64789e-08 
1.15 9.23678e-08 
1.1475 8.67349e-08 
1.155 1.04755e-07 
1.1525 9.83664e-08 
1.16 1.18803e-07 
1.1575 1.11558e-07 
1.165 1.34736e-07 
1.1625 1.26519e-07 
1.17 1.52806e-07 
1.1675 1.43486e-07 
1.175 1.73299e-07 
1.1725 1.6273e-07 
1.18 1.96541e-07 
1.1775 1.84555e-07 
1.185 2.22902e-07 
1.1825 2.09307e-07 
1.19 2.52798e-07 
1.1875 2.3738e-07 
1.195 2.86706e-07 
1.1925 2.69218e-07 
1.2 3.25162e-07 
1.1975 3.05329e-07 
1.205 3.68778e-07 
1.2025 3.46283e-07 
1.21 4.18245e-07 
1.2075 3.92733e-07 
1.215 4.74351e-07 
1.2125 4.45415e-07 
1.22 5.37986e-07 
1.2175 5.05167e-07 
1.225 6.1016e-07 
1.2225 5.72937e-07 
1.23 6.92021e-07 
1.2275 6.49802e-07 
1.235 7.84869e-07 
1.2325 7.36983e-07 
1.24 8.9018e-07 
1.2375 8.35867e-07 
1.245 1.00963e-06 
1.2425 9.48025e-07 
1.25 1.14512e-06 
1.2475 1.07524e-06 
1.255 1.2988e-06 
1.2525 1.21954e-06 
1.26 1.47312e-06 
1.2575 1.38321e-06 
1.265 1.67085e-06 
1.2625 1.56887e-06 
1.27 1.89514e-06 
1.2675 1.77946e-06 
1.275 2.14958e-06 
1.2725 2.01835e-06 
1.28 2.4382e-06 
1.2775 2.28934e-06 
1.285 2.76563e-06 
1.2825 2.59675e-06 
1.29 3.13707e-06 
1.2875 2.94549e-06 
1.295 3.55847e-06 
1.2925 3.34112e-06 
1.3 4.03656e-06 
1.2975 3.78997e-06 
1.305 4.57898e-06 
1.3025 4.29921e-06 
1.31 5.19442e-06 
1.3075 4.87698e-06 
1.315 5.89273e-06 
1.3125 5.53255e-06 
1.32 6.68513e-06 
1.3175 6.27641e-06 
1.325 7.58433e-06 
1.3225 7.12052e-06 
1.33 8.60479e-06 
1.3275 8.07842e-06 
1.335 9.76294e-06 
1.3325 9.16554e-06 
1.34 1.10775e-05 
1.3375 1.03994e-05 
1.345 1.25696e-05 
1.3425 1.17999e-05 
1.35 1.42634e-05 
1.3475 1.33897e-05 
1.355 1.61865e-05 
1.3525 1.51945e-05 
1.36 1.83701e-05 
1.3575 1.72436e-05 
1.365 2.08496e-05 
1.3625 1.95704e-05 
1.37 2.36658e-05 
1.3675 2.22129e-05 
1.375 2.68646e-05 
1.3725 2.52142e-05 
1.38 3.04986e-05 
1.3775 2.86236e-05 
1.385 3.46279e-05 
1.3825 3.24973e-05 
1.39 3.93207e-05 
1.3875 3.68992e-05 
1.395 4.4655e-05 
1.3925 4.19024e-05 
1.4 5.07201e-05 
1.3975 4.75902e-05 
1.405 5.76176e-05 
1.4025 5.40578e-05 
1.41 6.54639e-05 
1.4075 6.14142e-05 
1.415 7.43922e-05 
1.4125 6.97837e-05 
1.42 8.4555e-05 
1.4175 7.93089e-05 
1.425 9.6127e-05 
1.4225 9.01529e-05 
1.43 0.000109309 
1.4275 0.000102503 
1.435 0.00012433 
1.4325 0.000116574 
1.44 0.000141455 
1.4375 0.000132611 
1.445 0.000160988 
1.4425 0.0001509 
1.45 0.00018328 
1.4475 0.000171766 
1.455 0.000208733 
1.4525 0.000195584 
1.46 0.000237814 
1.4575 0.000222788 
1.465 0.00027106 
1.4625 0.00025388 
1.47 0.000309094 
1.4675 0.000289436 
1.475 0.000352635 
1.4725 0.000330127 
1.48 0.000402519 
1.4775 0.000376727 
1.485 0.000459713 
1.4825 0.000430136 
1.49 0.000525344 
1.4875 0.000491397 
1.495 0.000600719 
1.4925 0.000561724 
1.5 0.000687359 
1.4975 0.000642526 
1.505 0.000787036 
1.5025 0.000735446 
1.51 0.000901816 
1.5075 0.000842396 
1.515 0.0010341 
1.5125 0.000965606 
1.52 0.00118671 
1.5175 0.00110767 
1.525 0.0013629 
1.5225 0.00127163 
1.53 0.0015665 
1.5275 0.00146102 
1.535 0.00180196 
1.5325 0.00167994 
1.54 0.00207445 
1.5375 0.00193322 
1.545 0.00239002 
1.5425 0.00222644 
1.55 0.00275567 
1.5475 0.00256611 
1.555 0.00317955 
1.5525 0.00295978 
1.56 0.00367107 
1.5575 0.00341621 
1.565 0.00424112 
1.5625 0.00394553 
1.57 0.00490224 
1.5675 0.00455945 
1.575 0.00566883 
1.5725 0.00527138 
1.58 0.00655734 
1.5775 0.00609673 
1.585 0.00758647 
1.5825 0.00705306 
1.59 0.00877741 
1.5875 0.00816029 
1.595 0.010154 
1.5925 0.0094409 
1.6 0.0117428 
1.5975 0.0109201 
1.605 0.0135733 
1.6025 0.0126259 
1.61 0.015678 
1.6075 0.0145892 
1.615 0.018092 
1.6125 0.016844 
1.62 0.0208533 
1.6175 0.0194268 
1.625 0.0240025 
1.6225 0.0223768 
1.63 0.0275819 
1.6275 0.0257357 
1.635 0.0316359 
1.6325 0.0295468 
1.64 0.0362096 
1.6375 0.0338549 
1.645 0.041349 
1.6425 0.0387057 
1.65 0.0470996 
1.6475 0.044145 
1.655 0.0535065 
1.6525 0.0502182 
1.66 0.0606134 
1.6575 0.0569698 
1.665 0.0684623 
1.6625 0.0644426 
1.67 0.0770931 
1.6675 0.0726776 
1.675 0.0865431 
1.6725 0.0817135 
1.68 0.0968467 
1.6775 0.0915861 
1.685 0.108035 
1.6825 0.102329 
1.69 0.120136 
1.6875 0.11397 
1.695 0.133174 
1.6925 0.126537 
1.7 0.147166 
1.6975 0.140049 
1.705 0.162126 
1.7025 0.154524 
1.71 0.178063 
1.7075 0.169973 
1.715 0.194975 
1.7125 0.186397 
1.72 0.212854 
1.7175 0.203795 
1.725 0.231684 
1.7225 0.222152 
1.73 0.251437 
1.7275 0.241447 
1.735 0.272075 
1.7325 0.261648 
1.74 0.29355 
1.7375 0.282712 
1.745 0.3158 
1.7425 0.304582 
1.75 0.338754 
1.7475 0.327194 
1.755 0.362329 
1.7525 0.350469 
1.76 0.386432 
1.7575 0.374321 
1.765 0.410962 
1.7625 0.39865 
1.77 0.435808 
1.7675 0.423352 
1.775 0.460858 
1.7725 0.448315 
1.78 0.485991 
1.7775 0.473421 
1.785 0.511089 
1.7825 0.498552 
1.79 0.536033 
1.7875 0.523588 
1.795 0.560709 
1.7925 0.548412 
1.8 0.585005 
1.7975 0.572911 
1.805 0.60882 
1.8025 0.596979 
1.81 0.632059 
1.8075 0.620517 
1.815 0.654639 
1.8125 0.643436 
1.82 0.676486 
1.8175 0.665658 
1.825 0.69754 
1.8225 0.687115 
1.83 0.71775 
1.8275 0.707753 
1.835 0.737079 
1.8325 0.727526 
1.84 0.755499 
1.8375 0.746404 
1.845 0.772996 
1.8425 0.764364 
1.85 0.789562 
1.8475 0.781395 
1.855 0.805199 
1.8525 0.797496 
1.86 0.819919 
1.8575 0.812673 
1.865 0.833738 
1.8625 0.82694 
1.87 0.846679 
1.8675 0.840317 
1.875 0.858771 
1.8725 0.852829 
1.88 0.870043 
1.8775 0.864507 
1.885 0.880532 
1.8825 0.875383 
1.89 0.890272 
1.8875 0.885493 
1.895 0.899302 
1.8925 0.894873 
1.9 0.90766 
1.8975 0.903562 
1.905 0.915384 
1.9025 0.911599 
1.91 0.922513 
1.9075 0.919021 
1.915 0.929085 
1.9125 0.925866 
1.92 0.935135 
1.9175 0.932173 
1.925 0.9407 
1.9225 0.937976 
1.93 0.945813 
1.9275 0.943311 
1.935 0.950506 
1.9325 0.94821 
1.94 0.954811 
1.9375 0.952705 
1.945 0.958757 
1.9425 0.956827 
1.95 0.962371 
1.9475 0.960604 
1.955 0.965678 
1.9525 0.964061 
1.96 0.968704 
1.9575 0.967225 
1.965 0.97147 
1.9625 0.970118 
1.97 0.973998 
1.9675 0.972762 
1.975 0.976307 
1.9725 0.975178 
1.98 0.978415 
1.9775 0.977385 
1.985 0.980339 
1.9825 0.979399 
1.99 0.982094 
1.9875 0.981237 
1.995 0.983696 
1.9925 0.982914 
2 0.985156 
1.9975 0.984443 
2.005 0.986487 
2.0025 0.985837 
2.01 0.9877 
2.0075 0.987107 
2.015 0.988805 
2.0125 0.988265 
2.02 0.989812 
2.0175 0.98932 
2.025 0.990729 
2.0225 0.990281 
2.03 0.991564 
2.0275 0.991157 
2.035 0.992325 
2.0325 0.991954 
2.04 0.993017 
2.0375 0.992679 
2.045 0.993648 
2.0425 0.99334 
2.05 0.994221 
2.0475 0.993941 
2.055 0.994744 
2.0525 0.994489 
2.06 0.995219 
2.0575 0.994987 
2.065 0.995651 
2.0625 0.99544 
2.07 0.996045 
2.0675 0.995853 
2.075 0.996403 
2.0725 0.996228 
2.08 0.996728 
2.0775 0.996569 
2.085 0.997025 
2.0825 0.99688 
2.09 0.997294 
2.0875 0.997163 
2.095 0.997539 
2.0925 0.99742 
2.1 0.997762 
2.0975 0.997653 
2.105 0.997965 
2.1025 0.997866 
2.11 0.998149 
2.1075 0.998059 
2.115 0.998317 
2.1125 0.998235 
2.12 0.99847 
2.1175 0.998395 
2.125 0.998608 
2.1225 0.998541 
2.13 0.998735 
2.1275 0.998673 
2.135 0.998849 
2.1325 0.998793 
2.14 0.998954 
2.1375 0.998903 
2.145 0.999048 
2.1425 0.999002 
2.15 0.999135 
2.1475 0.999093 
2.155 0.999213 
2.1525 0.999175 
2.16 0.999284 
2.1575 0.99925 
2.165 0.999349 
2.1625 0.999317 
2.17 0.999408 
2.1675 0.999379 
2.175 0.999461 
2.1725 0.999435 
2.18 0.99951 
2.1775 0.999486 
2.185 0.999554 
2.1825 0.999533 
2.19 0.999594 
2.1875 0.999575 
2.195 0.999631 
2.1925 0.999613 
2.2 0.999664 
2.1975 0.999648 
2.205 0.999694 
2.2025 0.99968 
2.21 0.999722 
2.2075 0.999708 
2.215 0.999746 
2.2125 0.999734 
2.22 0.999769 
2.2175 0.999758 
2.225 0.999789 
2.2225 0.999779 
2.23 0.999808 
2.2275 0.999799 
2.235 0.999824 
2.2325 0.999816 
2.24 0.99984 
2.2375 0.999832 
2.245 0.999853 
2.2425 0.999847 
2.25 0.999866 
2.2475 0.99986 
2.255 0.999877 
2.2525 0.999871 
2.26 0.999887 
2.2575 0.999882 
2.265 0.999896 
2.2625 0.999892 
2.27 0.999904 
2.2675 0.9999 
2.275 0.999911 
2.2725 0.999908 
2.28 0.999918 
2.2775 0.999915 
2.285 0.999923 
2.2825 0.999921 
2.29 0.999928 
2.2875 0.999926 
2.295 0.999933 
2.2925 0.999931 
2.3 0.999936 
2.2975 0.999935 
2.305 0.99994 
2.3025 0.999938 
2.31 0.999942 
2.3075 0.999941 
2.315 0.999944 
2.3125 0.999943 
2.32 0.999946 
2.3175 0.999945 
2.325 0.999947 
2.3225 0.999947 
2.33 0.999948 
2.3275 0.999947 
2.335 0.999948 
2.3325 0.999948 
2.34 0.999948 
2.3375 0.999948 
2.345 0.999947 
2.3425 0.999947 
2.35 0.999946 
2.3475 0.999946 
2.355 0.999944 
2.3525 0.999945 
2.36 0.999942 
2.3575 0.999943 
2.365 0.999939 
2.3625 0.999941 
2.37 0.999936 
2.3675 0.999938 
2.375 0.999932 
2.3725 0.999934 
2.38 0.999928 
2.3775 0.99993 
2.385 0.999923 
2.3825 0.999926 
2.39 0.999917 
2.3875 0.99992 
2.395 0.999911 
2.3925 0.999914 
2.4 0.999904 
2.3975 0.999908 
2.405 0.999896 
2.4025 0.9999 
2.41 0.999887 
2.4075 0.999892 
2.415 0.999877 
2.4125 0.999882 
2.42 0.999866 
2.4175 0.999872 
2.425 0.999854 
2.4225 0.999861 
2.43 0.999841 
2.4275 0.999848 
2.435 0.999826 
2.4325 0.999834 
2.44 0.99981 
2.4375 0.999819 
2.445 0.999793 
2.4425 0.999802 
2.45 0.999773 
2.4475 0.999783 
2.455 0.999751 
2.4525 0.999762 
2.46 0.999728 
2.4575 0.99974 
2.465 0.999702 
2.4625 0.999715 
2.47 0.999673 
2.4675 0.999688 
2.475 0.999642 
2.4725 0.999658 
2.48 0.999607 
2.4775 0.999625 
2.485 0.999569 
2.4825 0.999589 
2.49 0.999528 
2.4875 0.999549 
2.495 0.999482 
2.4925 0.999505 
2.5 0.999432 
2.4975 0.999458 
2.505 0.999377 
2.5025 0.999405 
2.51 0.999317 
2.5075 0.999347 
2.515 0.99925 
2.5125 0.999284 
2.52 0.999178 
2.5175 0.999215 
2.525 0.999098 
2.5225 0.999139 
2.53 0.99901 
2.5275 0.999055 
2.535 0.998914 
2.5325 0.998963 
2.54 0.998809 
2.5375 0.998863 
2.545 0.998693 
2.5425 0.998752 
2.55 0.998566 
2.5475 0.998631 
2.555 0.998427 
2.5525 0.998498 
2.56 0.998274 
2.5575 0.998353 
2.565 0.998107 
2.5625 0.998193 
2.57 0.997923 
2.5675 0.998017 
2.575 0.997722 
2.5725 0.997825 
2.58 0.997501 
2.5775 0.997614 
2.585 0.997258 
2.5825 0.997382 
2.59 0.996992 
2.5875 0.997128 
2.595 0.996701 
2.5925 0.99685 
2.6 0.996381 
2.5975 0.996544 
2.605 0.99603 
2.6025 0.996209 
2.61 0.995645 
2.6075 0.995842 
2.615 0.995223 
2.6125 0.995439 
2.62 0.994761 
2.6175 0.994997 
2.625 0.994254 
2.6225 0.994513 
2.63 0.993698 
2.6275 0.993982 
2.635 0.993088 
2.6325 0.9934 
2.64 0.99242 
2.6375 0.992762 
2.645 0.991688 
2.6425 0.992063 
2.65 0.990886 
2.6475 0.991296 
2.655 0.990007 
2.6525 0.990457 
2.66 0.989044 
2.6575 0.989537 
2.665 0.98799 
2.6625 0.988529 
2.67 0.986835 
2.6675 0.987425 
2.675 0.98557 
2.6725 0.986217 
2.68 0.984186 
2.6775 0.984894 
2.685 0.98267 
2.6825 0.983445 
2.69 0.981013 
2.6875 0.98186 
2.695 0.979199 
2.6925 0.980126 
2.7 0.977216 
2.6975 0.97823 
2.705 0.975048 
2.7025 0.976156 
2.71 0.972679 
2.7075 0.97389 
2.715 0.970092 
2.7125 0.971414 
2.72 0.967267 
2.7175 0.96871 
2.725 0.964184 
2.7225 0.965759 
2.73 0.960821 
2.7275 0.962539 
2.735 0.957156 
2.7325 0.959028 
2.74 0.953163 
2.7375 0.955202 
2.745 0.948817 
2.7425 0.951036 
2.75 0.944089 
2.7475 0.946502 
2.755 0.938951 
2.7525 0.941573 
2.76 0.933372 
2.7575 0.936218 
2.765 0.92732 
2.7625 0.930407 
2.77 0.920762 
2.7675 0.924106 
2.775 0.913665 
2.7725 0.917283 
2.78 0.905994 
2.7775 0.909903 
2.785 0.897713 
2.7825 0.901932 
2.79 0.888789 
2.7875 0.893334 
2.795 0.879186 
2.7925 0.884074 
2.8 0.868871 
2.7975 0.874119 
2.805 0.857812 
2.8025 0.863437 
2.81 0.84598 
2.8075 0.851995 
2.815 0.833348 
2.8125 0.839766 
2.82 0.819893 
2.8175 0.826725 
2.825 0.805597 
2.8225 0.812851 
2.83 0.790447 
2.8275 0.79813 
2.835 0.774438 
2.8325 0.78255 
2.84 0.757571 
2.8375 0.766111 
2.845 0.739854 
2.8425 0.748817 
2.85 0.721306 
2.8475 0.730682 
2.855 0.701955 
2.8525 0.711729 
2.86 0.681839 
2.8575 0.69199 
2.865 0.661004 
2.8625 0.671508 
2.87 0.639509 
2.8675 0.650335 
2.875 0.617421 
2.8725 0.628534 
2.88 0.594815 
2.8775 0.606178 
2.885 0.571778 
2.8825 0.583345 
2.89 0.5484 
2.8875 0.560126 
2.895 0.524779 
2.8925 0.536614 
2.9 0.501017 
2.8975 0.512909 
2.905 0.477218 
2.9025 0.489116 
2.91 0.453486 
2.9075 0.465337 
2.915 0.429926 
2.9125 0.441678 
2.92 0.406637 
2.9175 0.418241 
2.925 0.383715 
2.9225 0.395124 
2.93 0.36125 
2.9275 0.37242 
2.935 0.339324 
2.9325 0.350215 
2.94 0.31801 
2.9375 0.328586 
2.945 0.297374 
2.9425 0.307604 
2.95 0.277469 
2.9475 0.287327 
2.955 0.25834 
2.9525 0.267805 
2.96 0.240022 
2.9575 0.249078 
2.965 0.222541 
2.9625 0.231176 
2.97 0.205911 
2.9675 0.214118 
2.975 0.19014 
2.9725 0.197918 
2.98 0.175229 
2.9775 0.182577 
2.985 0.161169 
2.9825 0.168093 
2.99 0.147948 
2.9875 0.154455 
2.995 0.135546 
2.9925 0.141646 
3 0.123942 
2.9975 0.129646 
3.005 0.113108 
3.0025 0.11843 
3.01 0.103016 
3.0075 0.107971 
3.015 0.0936337 
3.0125 0.0982378 
3.02 0.08493 
3.0175 0.0891991 
3.025 0.0768714 
3.0225 0.0808222 
3.03 0.0694247 
3.0275 0.0730737 
3.035 0.0625567 
3.0325 0.0659204 
3.04 0.0562349 
3.0375 0.0593295 
3.045 0.0504275 
3.0425 0.0532688 
3.05 0.0451037 
3.0475 0.047707 
3.055 0.0402341 
3.0525 0.042614 
3.06 0.0357902 
3.0575 0.0379607 
3.065 0.031745 
3.0625 0.0337194 
3.07 0.0280726 
3.0675 0.0298637 
3.075 0.0247482 
3.0725 0.0263684 
3.08 0.0217484 
3.0775 0.0232092 
3.085 0.0190505 
3.0825 0.0203631 
3.09 0.0166327 
3.0875 0.0178079 
3.095 0.0144742 
3.0925 0.0155223 
3.1 0.0125548 
3.0975 0.0134858 
3.105 0.0108548 
3.1025 0.0116786 
3.11 0.00935557 
3.1075 0.0100813 
3.115 0.0080388 
3.1125 0.00867548 
3.12 0.00688713 
3.1175 0.00744339 
3.125 0.00588396 
3.1225 0.00636799 
3.13 0.0050136 
3.1275 0.00543312 
3.135 0.00426134 
3.1325 0.00462359 
3.14 0.00361347 
3.1375 0.00392517 
3.145 0.00305742 
3.1425 0.00332471 
3.15 0.00258167 
3.1475 0.00281018 
3.155 0.00217582 
3.1525 0.00237061 
3.16 0.00183053 
3.1575 0.00199614 
3.165 0.0015375 
3.1625 0.00167797 
3.17 0.0012894 
3.1675 0.00140826 
3.175 0.00107977 
3.1725 0.00118014 
3.18 0.00090299 
3.1775 0.000987594 
3.185 0.000754181 
3.1825 0.000825367 
3.19 0.000629122 
3.1875 0.000688922 
3.195 0.000524185 
3.1925 0.000574344 
3.2 0.000436258 
3.1975 0.000478271 
3.205 0.000362684 
3.2025 0.000397827 
3.21 0.000301197 
3.2075 0.000330557 
3.215 0.000249875 
3.2125 0.000274374 
3.22 0.000207088 
3.2175 0.000227506 
3.225 0.000171454 
3.2225 0.000188454 
3.23 0.000141812 
3.2275 0.00015595 
3.235 0.000117179 
3.2325 0.000128924 
3.24 9.67308e-05 
3.2375 0.000106478 
3.245 7.9773e-05 
3.2425 8.78543e-05 
3.25 6.57242e-05 
3.2475 7.24174e-05 
3.255 5.4097e-05 
3.2525 5.96351e-05 
3.26 4.44835e-05 
3.2575 4.90612e-05 
3.265 3.65428e-05 
3.2625 4.0323e-05 
3.27 2.99902e-05 
3.2675 3.31088e-05 
3.275 2.45885e-05 
3.2725 2.71587e-05 
3.28 2.01399e-05 
3.2775 2.2256e-05 
3.285 1.64798e-05 
3.2825 1.82204e-05 
3.29 1.34714e-05 
3.2875 1.49017e-05 
3.295 1.10012e-05 
3.2925 1.21754e-05 
3.3 8.97497e-06 
3.2975 9.93783e-06 
3.305 7.31451e-06 
3.3025 8.10334e-06 
3.31 5.95519e-06 
3.3075 6.60078e-06 
3.315 4.84353e-06 
3.3125 5.37136e-06 
3.32 3.93533e-06 
3.3175 4.36644e-06 
3.325 3.19413e-06 
3.3225 3.54587e-06 
3.33 2.58983e-06 
3.3275 2.87652e-06 
3.335 2.09766e-06 
3.3325 2.33109e-06 
3.34 1.69724e-06 
3.3375 1.88711e-06 
3.345 1.37181e-06 
3.3425 1.52608e-06 
3.35 1.1076e-06 
3.3475 1.23281e-06 
3.355 8.93321e-07 
3.3525 9.94839e-07 
3.36 7.19727e-07 
3.3575 8.01947e-07 
3.365 5.79242e-07 
3.3625 6.45761e-07 
3.37 4.65674e-07 
3.3675 5.19433e-07 
3.375 3.73967e-07 
3.3725 4.17365e-07 
3.38 2.99993e-07 
3.3775 3.34989e-07 
3.385 2.40388e-07 
3.3825 2.68578e-07 
3.39 1.92414e-07 
3.3875 2.15097e-07 
3.395 1.53845e-07 
3.3925 1.72075e-07 
3.4 1.2287e-07 
3.3975 1.37507e-07 
3.405 9.80231e-08 
3.4025 1.09761e-07 
3.41 7.81136e-08 
3.4075 8.75161e-08 
3.415 6.21784e-08 
3.4125 6.97017e-08 
3.42 4.94384e-08 
3.4175 5.54514e-08 
3.425 3.92647e-08 
3.4225 4.4065e-08 
3.43 3.11494e-08 
3.4275 3.49773e-08 
3.435 2.46834e-08 
3.4325 2.77324e-08 
3.44 1.95375e-08 
3.4375 2.19633e-08 
3.445 1.54468e-08 
3.4425 1.73746e-08 
3.45 1.21988e-08 
3.4475 1.3729e-08 
3.455 9.62267e-09 
3.4525 1.08359e-08 
3.46 7.58191e-09 
3.4575 8.54277e-09 
3.465 5.96711e-09 
3.4625 6.72718e-09 
3.47 4.69085e-09 
3.4675 5.29139e-09 
3.475 3.68331e-09 
3.4725 4.15725e-09 
3.48 2.88885e-09 
3.4775 3.26245e-09 
3.485 2.26314e-09 
3.4825 2.55729e-09 
3.49 1.7709e-09 
3.4875 2.00223e-09 
3.495 1.38412e-09 
3.4925 1.56584e-09 
3.5 1.08057e-09 
3.4975 1.22314e-09 
3.505 8.42609e-10 
3.5025 9.54337e-10 
3.51 6.56289e-10 
3.5075 7.43743e-10 
3.515 5.10574e-10 
3.5125 5.78948e-10 
3.52 3.9675e-10 
3.5175 4.50143e-10 
3.525 3.07942e-10 
3.5225 3.49587e-10 
3.53 2.38734e-10 
3.5275 2.71178e-10 
3.535 1.84864e-10 
3.5325 2.1011e-10 
3.54 1.42983e-10 
3.5375 1.62604e-10 
3.545 1.1046e-10 
3.5425 1.25692e-10 
3.55 8.52356e-11 
3.5475 9.70457e-11 
3.555 6.56943e-11 
3.5525 7.48406e-11 
3.56 5.05739e-11 
3.5575 5.76487e-11 
3.565 3.8888e-11 
3.5625 4.43541e-11 
3.57 2.98673e-11 
3.5675 3.40854e-11 
3.575 2.29122e-11 
3.5725 2.61634e-11 
3.58 1.75561e-11 
3.5775 2.0059e-11 
3.585 1.34363e-11 
3.5825 1.53609e-11 
3.59 1.02713e-11 
3.5875 1.17494e-11 
3.595 7.84255e-12 
3.5925 8.97642e-12 
3.6 5.9811e-12 
3.5975 6.84986e-12 
3.605 4.55612e-12 
3.6025 5.22097e-12 
3.61 3.46657e-12 
3.6075 3.97476e-12 
3.615 2.63448e-12 
3.6125 3.02246e-12 
3.62 1.99978e-12 
3.6175 2.29563e-12 
3.625 1.5162e-12 
3.6225 1.74153e-12 
3.63 1.14822e-12 
3.6275 1.31964e-12 
3.635 8.68527e-13 
3.6325 9.98773e-13 
3.64 6.56195e-13 
3.6375 7.55041e-13 
3.645 4.95191e-13 
3.6425 5.70118e-13 
3.65 3.73255e-13 
3.6475 4.29983e-13 
3.655 2.81015e-13 
3.6525 3.23914e-13 
3.66 2.11322e-13 
3.6575 2.43724e-13 
3.665 1.58728e-13 
3.6625 1.83173e-13 
3.67 1.19084e-13 
3.6675 1.37504e-13 
3.675 8.92373e-14 
3.6725 1.03101e-13 
3.68 6.67933e-14 
3.6775 7.7215e-14 
3.685 4.99359e-14 
3.6825 5.7761e-14 
3.69 3.72896e-14 
3.6875 4.31581e-14 
3.695 2.78135e-14 
3.6925 3.22095e-14 
3.7 2.07214e-14 
3.6975 2.40104e-14 
3.705 1.54198e-14 
3.7025 1.78777e-14 
3.71 1.14613e-14 
3.7075 1.32959e-14 
3.715 8.50913e-15 
3.7125 9.8769e-15 
3.72 6.31007e-15 
3.7175 7.3286e-15 
3.725 4.67391e-15 
3.7225 5.43148e-15 
3.73 3.458e-15 
3.7275 4.02081e-15 
3.735 2.55546e-15 
3.7325 2.97309e-15 
3.74 1.88631e-15 
3.7375 2.19585e-15 
3.745 1.39078e-15 
3.7425 1.61993e-15 
3.75 1.02425e-15 
3.7475 1.19369e-15 
3.755 7.53449e-16 
3.7525 8.78596e-16 
3.76 5.53614e-16 
3.7575 6.45937e-16 
3.765 4.06317e-16 
3.7625 4.74346e-16 
3.77 2.97871e-16 
3.7675 3.47942e-16 
3.775 2.18122e-16 
3.7725 2.54932e-16 
3.78 1.59544e-16 
3.7775 1.86574e-16 
3.785 1.16566e-16 
3.7825 1.36391e-16 
3.79 8.50699e-17 
3.7875 9.95939e-17 
3.795 6.20146e-17 
3.7925 7.26429e-17 
3.8 4.51573e-17 
3.7975 5.2926e-17 
3.805 3.28459e-17 
3.8025 3.85179e-17 
3.81 2.38647e-17 
3.8075 2.80012e-17 
3.815 1.73203e-17 
3.8125 2.03335e-17 
3.82 1.25569e-17 
3.8175 1.47494e-17 
3.825 9.09367e-18 
3.8225 1.06873e-17 
3.83 6.57857e-18 
3.8275 7.73554e-18 
3.835 4.75405e-18 
3.8325 5.5931e-18 
3.84 3.43195e-18 
3.8375 4.03977e-18 
3.845 2.47495e-18 
3.8425 2.91479e-18 
3.85 1.783e-18 
3.8475 2.10093e-18 
3.855 1.28321e-18 
3.8525 1.51278e-18 
3.86 9.22603e-19 
3.8575 1.08819e-18 
3.865 6.62695e-19 
3.8625 7.82012e-19 
3.87 4.75557e-19 
3.8675 5.61443e-19 
3.875 3.40952e-19 
3.8725 4.02712e-19 
3.88 2.4423e-19 
3.8775 2.88596e-19 
3.885 1.74797e-19 
3.8825 2.06638e-19 
3.89 1.25002e-19 
3.8875 1.47831e-19 
3.895 8.93231e-20 
3.8925 1.05676e-19 
3.9 6.37818e-20 
3.8975 7.54858e-20 
3.905 4.55135e-20 
3.9025 5.38828e-20 
3.91 3.2458e-20 
3.9075 3.84378e-20 
3.915 2.3135e-20 
3.9125 2.74044e-20 
3.92 1.64825e-20 
3.9175 1.95283e-20 
3.925 1.17386e-20 
3.9225 1.39102e-20 
3.93 8.35785e-21 
3.9275 9.9052e-21 
3.935 5.9499e-21 
3.9325 7.05186e-21 
3.94 4.23559e-21 
3.9375 5.02003e-21 
3.945 3.01558e-21 
3.9425 3.57379e-21 
3.95 2.14757e-21 
3.9475 2.5447e-21 
3.955 1.5301e-21 
3.9525 1.8126e-21 
3.96 1.09087e-21 
3.9575 1.29182e-21 
3.965 7.78389e-22 
3.9625 9.2136e-22 
3.97 5.56019e-22 
3.9675 6.57771e-22 
3.975 3.97703e-22 
3.9725 4.70156e-22 
3.98 2.84917e-22 
3.9775 3.36544e-22 
3.985 2.04497e-22 
3.9825 2.41319e-22 
3.99 1.47093e-22 
3.9875 1.73385e-22 
3.995 1.06063e-22 
3.9925 1.24863e-22 
4 7.66877e-23 
3.9975 9.01538e-23 
4.005 5.56174e-23 
4.0025 6.52818e-23 
4.01 4.04707e-23 
4.0075 4.74225e-23 
4.015 2.95552e-23 
4.0125 3.45686e-23 
4.02 2.16667e-23 
4.0175 2.52927e-23 
4.025 1.59481e-23 
4.0225 1.8579e-23 
4.03 1.17884e-23 
4.0275 1.3704e-23 
4.035 8.75152e-24 
4.0325 1.01515e-23 
4.04 6.52568e-24 
4.0375 7.55287e-24 
4.045 4.88753e-24 
4.0425 5.64437e-24 
4.05 3.6767e-24 
4.0475 4.23677e-24 
4.055 2.77775e-24 
4.0525 3.19406e-24 
4.06 2.10735e-24 
4.0575 2.41819e-24 
4.065 1.60512e-24 
4.0625 1.83827e-24 
4.07 1.22721e-24 
4.0675 1.40286e-24 
4.075 9.41588e-25 
4.0725 1.07449e-24 
4.08 7.24806e-25 
4.0775 8.25791e-25 
4.085 5.59604e-25 
4.0825 6.36641e-25 
4.09 4.33228e-25 
4.0875 4.92218e-25 
4.095 3.36208e-25 
4.0925 3.81537e-25 
4.1 2.61479e-25 
4.0975 2.96423e-25 
4.105 2.03745e-25 
4.1025 2.30762e-25 
4.11 1.59019e-25 
4.1075 1.79963e-25 
4.115 1.24286e-25 
4.1125 1.40561e-25 
4.12 9.72542e-26 
4.1175 1.09927e-25 
4.125 7.61768e-26 
4.1225 8.6063e-26 
4.13 5.97151e-26 
4.1275 6.74394e-26 
4.135 4.68402e-26 
4.1325 5.28835e-26 
4.14 3.67588e-26 
4.1375 4.14922e-26 
4.145 2.8857e-26 
4.1425 3.25679e-26 
4.15 2.26587e-26 
4.1475 2.55702e-26 
4.155 1.77937e-26 
4.1525 2.00792e-26 
4.16 1.39734e-26 
4.1575 1.57683e-26 
4.165 1.09725e-26 
4.1625 1.23825e-26 
4.17 8.6147e-27 
4.1675 9.7226e-27 
4.175 6.76204e-27 
4.1725 7.63259e-27 
4.18 5.30629e-27 
4.1775 5.99033e-27 
4.185 4.16252e-27 
4.1825 4.69995e-27 
4.19 3.26402e-27 
4.1875 3.68618e-27 
4.195 2.55836e-27 
4.1925 2.88989e-27 
4.2 2.00431e-27 
4.1975 2.26459e-27 
4.205 1.56946e-27 
4.2025 1.77372e-27 
4.21 1.22828e-27 
4.2075 1.38852e-27 
4.215 9.60735e-28 
4.2125 1.08638e-27 
4.22 7.51019e-28 
4.2175 8.49492e-28 
4.225 5.86721e-28 
4.2225 6.63857e-28 
4.23 4.58074e-28 
4.2275 5.18463e-28 
4.235 3.57401e-28 
4.2325 4.04652e-28 
4.24 2.78666e-28 
4.2375 3.15614e-28 
4.245 2.17127e-28 
4.2425 2.46e-28 
4.25 1.69058e-28 
4.2475 1.91607e-28 
4.255 1.31537e-28 
4.2525 1.49135e-28 
4.26 1.02268e-28 
4.2575 1.15993e-28 
4.265 7.94533e-29 
4.2625 9.01501e-29 
4.27 6.16815e-29 
4.2675 7.00122e-29 
4.275 4.78482e-29 
4.2725 5.43314e-29 
4.28 3.70885e-29 
4.2775 4.21302e-29 
4.285 2.87258e-29 
4.2825 3.26436e-29 
4.29 2.2231e-29 
4.2875 2.52731e-29 
4.295 1.71908e-29 
4.2925 1.95511e-29 
4.3 1.32826e-29 
4.2975 1.51124e-29 
4.305 1.02544e-29 
4.3025 1.16719e-29 
4.31 7.91009e-30 
4.3075 9.00722e-30 
4.315 6.09661e-30 
4.3125 6.94512e-30 
4.32 4.69493e-30 
4.3175 5.35062e-30 
4.325 3.61245e-30 
4.3225 4.11871e-30 
4.33 2.77716e-30 
4.3275 3.16772e-30 
4.335 2.13318e-30 
4.3325 2.43422e-30 
4.34 1.6371e-30 
4.3375 1.86895e-30 
4.345 1.25529e-30 
4.3425 1.43369e-30 
4.35 9.61675e-31 
4.3475 1.09884e-30 
4.355 7.36087e-31 
4.3525 8.41445e-31 
4.36 5.62914e-31 
4.3575 6.43773e-31 
4.365 4.30096e-31 
4.3625 4.92098e-31 
4.37 3.2832e-31 
4.3675 3.7582e-31 
4.375 2.504e-31 
4.3725 2.86757e-31 
4.38 1.90799e-31 
4.3775 2.18602e-31 
4.385 1.45251e-31 
4.3825 1.66493e-31 
4.39 1.10475e-31 
4.3875 1.26689e-31 
4.395 8.39466e-32 
4.3925 9.63123e-32 
4.4 6.37294e-32 
4.3975 7.31511e-32 
4.405 4.83361e-32 
4.4025 5.5508e-32 
4.41 3.66265e-32 
4.4075 4.20807e-32 
4.415 2.77274e-32 
4.4125 3.18715e-32 
4.42 2.09707e-32 
4.4175 2.41163e-32 
4.425 1.58454e-32 
4.4225 1.82309e-32 
4.43 1.19614e-32 
4.4275 1.37687e-32 
4.435 9.02077e-33 
4.4325 1.03888e-32 
4.44 6.79655e-33 
4.4375 7.83099e-33 
4.445 5.11582e-33 
4.4425 5.89729e-33 
4.45 3.847e-33 
4.4475 4.4368e-33 
4.455 2.89007e-33 
4.4525 3.33477e-33 
4.46 2.16906e-33 
4.4575 2.50404e-33 
4.465 1.62634e-33 
4.4625 1.87842e-33 
4.47 1.21822e-33 
4.4675 1.40774e-33 
4.475 9.11626e-34 
4.4725 1.05396e-33 
4.48 6.81522e-34 
4.4775 7.88316e-34 
4.485 5.08996e-34 
4.4825 5.89046e-34 
4.49 3.79769e-34 
4.4875 4.39713e-34 
4.495 2.83071e-34 
4.4925 3.27914e-34 
4.5 2.10785e-34 
4.4975 2.44298e-34 
4.505 1.56802e-34 
4.5025 1.81823e-34 
4.51 1.16528e-34 
4.5075 1.3519e-34 
4.515 8.65122e-35 
4.5125 1.00417e-34 
4.52 6.41635e-35 
4.5175 7.45136e-35 
4.525 4.75405e-35 
4.5225 5.52368e-35 
4.53 3.51887e-35 
4.5275 4.09059e-35 
4.535 2.60199e-35 
4.5325 3.02627e-35 
4.54 1.92207e-35 
4.5375 2.23661e-35 
4.545 1.41839e-35 
4.5425 1.65134e-35 
4.55 1.04564e-35 
4.5475 1.21799e-35 
4.555 7.70071e-36 
4.5525 8.9745e-36 
4.56 5.66549e-36 
4.5575 6.60598e-36 
4.565 4.16393e-36 
4.5625 4.85762e-36 
4.57 3.05723e-36 
4.5675 3.56836e-36 
4.575 2.24238e-36 
4.5725 2.61862e-36 
4.58 1.64305e-36 
4.5775 1.9197e-36 
4.585 1.20267e-36 
4.5825 1.40589e-36 
4.59 8.79425e-37 
4.5875 1.02855e-36 
4.595 6.42403e-37 
4.5925 7.51721e-37 
4.6 4.68783e-37 
4.5975 5.48836e-37 
4.605 3.41736e-37 
4.6025 4.00299e-37 
4.61 2.48865e-37 
4.6075 2.91663e-37 
4.615 1.81047e-37 
4.6125 2.12291e-37 
4.62 1.31575e-37 
4.6175 1.54361e-37 
4.625 9.55234e-38 
4.6225 1.12123e-37 
4.63 6.92785e-38 
4.6275 8.13593e-38 
4.635 5.01926e-38 
4.6325 5.89756e-38 
4.64 3.63273e-38 
4.6375 4.27061e-38 
4.645 2.62651e-38 
4.6425 3.0893e-38 
4.65 1.89705e-38 
4.6475 2.23245e-38 
4.655 1.36876e-38 
4.6525 1.6116e-38 
4.66 9.86574e-39 
4.6575 1.1622e-38 
4.665 7.10367e-39 
4.6625 8.37259e-39 
4.67 5.1096e-39 
4.6675 6.02543e-39 
4.675 3.67149e-39 
4.6725 4.33179e-39 
4.68 2.63541e-39 
4.6775 3.11099e-39 
4.685 1.88975e-39 
4.6825 2.23192e-39 
4.69 1.35366e-39 
4.6875 1.5996e-39 
4.695 9.68652e-40 
4.6925 1.14523e-39 
4.7 6.92429e-40 
4.6975 8.19077e-40 
4.705 4.94461e-40 
4.7025 5.85204e-40 
4.71 3.52728e-40 
4.7075 4.17676e-40 
4.715 2.5136e-40 
4.7125 2.97798e-40 
4.72 1.78939e-40 
4.7175 2.12106e-40 
4.725 1.27251e-40 
4.7225 1.50916e-40 
4.73 9.03997e-41 
4.7275 1.07267e-40 
4.735 6.41539e-41 
4.7325 7.61637e-41 
4.74 4.54809e-41 
4.7375 5.4023e-41 
4.745 3.22095e-41 
4.7425 3.82789e-41 
4.75 2.27871e-41 
4.7475 2.7095e-41 
4.755 1.61043e-41 
4.7525 1.91588e-41 
4.76 1.13696e-41 
4.7575 1.35331e-41 
4.765 8.01864e-42 
4.7625 9.54942e-42 
4.77 5.64942e-42 
4.7675 6.7314e-42 
4.775 3.97609e-42 
4.7725 4.74005e-42 
4.78 2.7955e-42 
4.7775 3.33435e-42 
4.785 1.96341e-42 
4.7825 2.34308e-42 
4.79 1.37757e-42 
4.7875 1.64481e-42 
4.795 9.65528e-43 
4.7925 1.15343e-42 
4.8 6.76031e-43 
4.7975 8.08013e-43 
4.805 4.72845e-43 
4.8025 5.65451e-43 
4.81 3.30385e-43 
4.8075 3.95296e-43 
4.815 2.30607e-43 
4.8125 2.76057e-43 
4.82 1.60796e-43 
4.8175 1.92587e-43 
4.825 1.12003e-43 
4.8225 1.34216e-43 
4.83 7.79348e-44 
4.8275 9.34398e-44 
4.835 5.41733e-44 
4.8325 6.49846e-44 
4.84 3.76175e-44 
4.8375 4.51481e-44 
4.845 2.60943e-44 
4.8425 3.13343e-44 
4.85 1.80823e-44 
4.8475 2.17246e-44 
4.855 1.25173e-44 
4.8525 1.50464e-44 
4.86 8.65605e-45 
4.8575 1.04104e-44 
4.865 5.97972e-45 
4.8625 7.19536e-45 
4.87 4.12661e-45 
4.8675 4.96809e-45 
4.875 2.84484e-45 
4.8725 3.42671e-45 
4.88 1.95918e-45 
4.8775 2.36112e-45 
4.885 1.34786e-45 
4.8825 1.62521e-45 
4.89 9.26328e-46 
4.8875 1.11752e-45 
4.895 6.35973e-46 
4.8925 7.67632e-46 
4.9 4.3618e-46 
4.8975 5.26749e-46 
4.905 2.98845e-46 
4.9025 3.61083e-46 
4.91 2.0454e-46 
4.9075 2.47265e-46 
4.915 1.39851e-46 
4.9125 1.6915e-46 
4.92 9.55226e-47 
4.9175 1.15594e-46 
4.925 6.51781e-47 
4.9225 7.89141e-47 
4.93 4.44277e-47 
4.9275 5.38181e-47 
4.935 3.02527e-47 
4.9325 3.66656e-47 
4.94 2.05796e-47 
4.9375 2.49546e-47 
4.945 1.39858e-47 
4.9425 1.69672e-47 
4.95 9.49593e-48 
4.9475 1.15254e-47 
4.955 6.44235e-48 
4.9525 7.8221e-48 
4.96 4.36848e-48 
4.9575 5.30515e-48 
4.965 2.96256e-48 
4.9625 3.59717e-48 
4.97 2.01211e-48 
4.9675 2.4407e-48 
4.975 1.37275e-48 
4.9725 1.66052e-48 
4.98 9.46833e-49 
4.9775 1.1378e-48 
4.985 6.69035e-49 
4.9825 7.92524e-49 
4.99 4.9655e-49 
4.9875 5.71609e-49 
4.995 4.02711e-49 
4.9925 4.40954e-49 
5 3.7297e-49 
4.9975 3.8033e-49 
