0 7.9929e-16 
0.005 8.02438e-16 
0.0025 8.00077e-16 
0.01 8.11883e-16 
0.0075 8.06374e-16 
0.015 8.27621e-16 
0.0125 8.18966e-16 
0.02 8.49645e-16 
0.0175 8.37848e-16 
0.025 8.77945e-16 
0.0225 8.63011e-16 
0.03 9.12507e-16 
0.0275 8.94445e-16 
0.035 9.53309e-16 
0.0325 9.3213e-16 
0.04 1.00032e-15 
0.0375 9.76041e-16 
0.045 1.0535e-15 
0.0425 1.02614e-15 
0.05 1.1128e-15 
0.0475 1.08239e-15 
0.055 1.17815e-15 
0.0525 1.14472e-15 
0.06 1.24946e-15 
0.0575 1.21306e-15 
0.065 1.32662e-15 
0.0625 1.28731e-15 
0.07 1.4095e-15 
0.0675 1.36736e-15 
0.075 1.49795e-15 
0.0725 1.45304e-15 
0.08 1.59176e-15 
0.0775 1.5442e-15 
0.085 1.69073e-15 
0.0825 1.64062e-15 
0.09 1.79458e-15 
0.0875 1.74206e-15 
0.095 1.90301e-15 
0.0925 1.84824e-15 
0.1 2.01569e-15 
0.0975 1.95885e-15 
0.105 2.13223e-15 
0.1025 2.07351e-15 
0.11 2.25219e-15 
0.1075 2.19181e-15 
0.115 2.37509e-15 
0.1125 2.31331e-15 
0.12 2.50041e-15 
0.1175 2.43748e-15 
0.125 2.62755e-15 
0.1225 2.56379e-15 
0.13 2.7559e-15 
0.1275 2.69162e-15 
0.135 2.88478e-15 
0.1325 2.82032e-15 
0.14 3.01346e-15 
0.1375 2.94919e-15 
0.145 3.14118e-15 
0.1425 3.07749e-15 
0.15 3.26713e-15 
0.1475 3.20443e-15 
0.155 3.39047e-15 
0.1525 3.32918e-15 
0.16 3.51032e-15 
0.1575 3.45089e-15 
0.165 3.62581e-15 
0.1625 3.56867e-15 
0.17 3.73601e-15 
0.1675 3.68162e-15 
0.175 3.84e-15 
0.1725 3.78884e-15 
0.18 3.93689e-15 
0.1775 3.88939e-15 
0.185 4.02577e-15 
0.1825 3.98238e-15 
0.19 4.10576e-15 
0.1875 4.06692e-15 
0.195 4.17603e-15 
0.1925 4.14216e-15 
0.2 4.2358e-15 
0.1975 4.20727e-15 
0.205 4.28434e-15 
0.2025 4.26151e-15 
0.21 4.32102e-15 
0.2075 4.3042e-15 
0.215 4.34529e-15 
0.2125 4.33474e-15 
0.22 4.35669e-15 
0.2175 4.35262e-15 
0.225 4.35492e-15 
0.2225 4.35747e-15 
0.23 4.33977e-15 
0.2275 4.34902e-15 
0.235 4.31119e-15 
0.2325 4.32715e-15 
0.24 4.26928e-15 
0.2375 4.29189e-15 
0.245 4.2143e-15 
0.2425 4.2434e-15 
0.25 4.14669e-15 
0.2475 4.18204e-15 
0.255 4.06702e-15 
0.2525 4.10832e-15 
0.26 3.97607e-15 
0.2575 4.0229e-15 
0.265 3.87475e-15 
0.2625 3.92664e-15 
0.27 3.76414e-15 
0.2675 3.82053e-15 
0.275 3.64548e-15 
0.2725 3.70574e-15 
0.28 3.5201e-15 
0.2775 3.58354e-15 
0.285 3.38949e-15 
0.2825 3.45536e-15 
0.29 3.25519e-15 
0.2875 3.3227e-15 
0.295 3.11883e-15 
0.2925 3.18716e-15 
0.3 2.98206e-15 
0.2975 3.05039e-15 
0.305 2.84656e-15 
0.3025 2.91405e-15 
0.31 2.71398e-15 
0.3075 2.7798e-15 
0.315 2.58592e-15 
0.3125 2.64928e-15 
0.32 2.46391e-15 
0.3175 2.52407e-15 
0.325 2.3494e-15 
0.3225 2.40563e-15 
0.33 2.2437e-15 
0.3275 2.29537e-15 
0.335 2.14801e-15 
0.3325 2.19454e-15 
0.34 2.06338e-15 
0.3375 2.10425e-15 
0.345 1.99072e-15 
0.3425 2.0255e-15 
0.35 1.93081e-15 
0.3475 1.95913e-15 
0.355 1.88428e-15 
0.3525 1.90584e-15 
0.36 1.85168e-15 
0.3575 1.86621e-15 
0.365 1.83343e-15 
0.3625 1.84074e-15 
0.37 1.82988e-15 
0.3675 1.8298e-15 
0.375 1.84135e-15 
0.3725 1.83372e-15 
0.38 1.86811e-15 
0.3775 1.8528e-15 
0.385 1.91044e-15 
0.3825 1.88731e-15 
0.39 1.96865e-15 
0.3875 1.93754e-15 
0.395 2.04311e-15 
0.3925 2.00383e-15 
0.4 2.13427e-15 
0.3975 2.08657e-15 
0.405 2.24267e-15 
0.4025 2.18627e-15 
0.41 2.36898e-15 
0.4075 2.30353e-15 
0.415 2.51402e-15 
0.4125 2.4391e-15 
0.42 2.67879e-15 
0.4175 2.59387e-15 
0.425 2.86447e-15 
0.4225 2.76894e-15 
0.43 3.07246e-15 
0.4275 2.96558e-15 
0.435 3.30439e-15 
0.4325 3.18532e-15 
0.44 3.56218e-15 
0.4375 3.42992e-15 
0.445 3.84801e-15 
0.4425 3.70143e-15 
0.45 4.16443e-15 
0.4475 4.00222e-15 
0.455 4.51433e-15 
0.4525 4.33499e-15 
0.46 4.90104e-15 
0.4575 4.70286e-15 
0.465 5.32834e-15 
0.4625 5.10936e-15 
0.47 5.80056e-15 
0.4675 5.55854e-15 
0.475 6.3226e-15 
0.4725 6.05502e-15 
0.48 6.90005e-15 
0.4775 6.60402e-15 
0.485 7.53929e-15 
0.4825 7.21152e-15 
0.49 8.24754e-15 
0.4875 7.88429e-15 
0.495 9.03304e-15 
0.4925 8.63007e-15 
0.5 9.90515e-15 
0.4975 9.45763e-15 
0.505 1.08745e-14 
0.5025 1.0377e-14 
0.51 1.19533e-14 
0.5075 1.13994e-14 
0.515 1.31553e-14 
0.5125 1.2538e-14 
0.52 1.44961e-14 
0.5175 1.38073e-14 
0.525 1.59937e-14 
0.5225 1.52241e-14 
0.53 1.76684e-14 
0.5275 1.68075e-14 
0.535 1.95432e-14 
0.5325 1.85792e-14 
0.54 2.16444e-14 
0.5375 2.05637e-14 
0.545 2.40019e-14 
0.5425 2.27891e-14 
0.55 2.66497e-14 
0.5475 2.52872e-14 
0.555 2.96263e-14 
0.5525 2.80943e-14 
0.56 3.29756e-14 
0.5575 3.12514e-14 
0.565 3.67474e-14 
0.5625 3.48053e-14 
0.57 4.09983e-14 
0.5675 3.88092e-14 
0.575 4.57925e-14 
0.5725 4.33232e-14 
0.58 5.1203e-14 
0.5775 4.84158e-14 
0.585 5.73125e-14 
0.5825 5.41648e-14 
0.59 6.4215e-14 
0.5875 6.06583e-14 
0.595 7.20172e-14 
0.5925 6.79964e-14 
0.6 8.084e-14 
0.5975 7.62928e-14 
0.605 9.08208e-14 
0.6025 8.56763e-14 
0.61 1.02115e-13 
0.6075 9.62933e-14 
0.615 1.14901e-13 
0.6125 1.0831e-13 
0.62 1.29377e-13 
0.6175 1.21914e-13 
0.625 1.45772e-13 
0.6225 1.37319e-13 
0.63 1.64343e-13 
0.6275 1.54768e-13 
0.635 1.85384e-13 
0.6325 1.74535e-13 
0.64 2.09227e-13 
0.6375 1.96933e-13 
0.645 2.36248e-13 
0.6425 2.22315e-13 
0.65 2.66875e-13 
0.6475 2.51082e-13 
0.655 3.01592e-13 
0.6525 2.83689e-13 
0.66 3.4095e-13 
0.6575 3.20654e-13 
0.665 3.85572e-13 
0.6625 3.62561e-13 
0.67 4.36166e-13 
0.6675 4.10075e-13 
0.675 4.93535e-13 
0.6725 4.6395e-13 
0.68 5.5859e-13 
0.6775 5.2504e-13 
0.685 6.32363e-13 
0.6825 5.94317e-13 
0.69 7.16026e-13 
0.6875 6.72879e-13 
0.695 8.10909e-13 
0.6925 7.61975e-13 
0.7 9.1852e-13 
0.6975 8.63022e-13 
0.705 1.04057e-12 
0.7025 9.77624e-13 
0.71 1.179e-12 
0.7075 1.1076e-12 
0.715 1.336e-12 
0.7125 1.25503e-12 
0.72 1.51409e-12 
0.7175 1.42224e-12 
0.725 1.71608e-12 
0.7225 1.6119e-12 
0.73 1.94519e-12 
0.7275 1.82703e-12 
0.735 2.20508e-12 
0.7325 2.07104e-12 
0.74 2.49986e-12 
0.7375 2.34783e-12 
0.745 2.83424e-12 
0.7425 2.66178e-12 
0.75 3.21353e-12 
0.7475 3.01791e-12 
0.755 3.64377e-12 
0.7525 3.42188e-12 
0.76 4.13181e-12 
0.7575 3.88011e-12 
0.765 4.68542e-12 
0.7625 4.3999e-12 
0.77 5.3134e-12 
0.7675 4.98952e-12 
0.775 6.02575e-12 
0.7725 5.65835e-12 
0.78 6.83382e-12 
0.7775 6.41706e-12 
0.785 7.75046e-12 
0.7825 7.2777e-12 
0.79 8.79027e-12 
0.7875 8.25398e-12 
0.795 9.96979e-12 
0.7925 9.36145e-12 
0.8 1.13078e-11 
0.7975 1.06177e-11 
0.805 1.28256e-11 
0.8025 1.20428e-11 
0.81 1.45474e-11 
0.8075 1.36594e-11 
0.815 1.65006e-11 
0.8125 1.54932e-11 
0.82 1.87162e-11 
0.8175 1.75735e-11 
0.825 2.12296e-11 
0.8225 1.99333e-11 
0.83 2.40808e-11 
0.8275 2.26103e-11 
0.835 2.73151e-11 
0.8325 2.5647e-11 
0.84 3.09841e-11 
0.8375 2.90918e-11 
0.845 3.51462e-11 
0.8425 3.29996e-11 
0.85 3.98676e-11 
0.8475 3.74325e-11 
0.855 4.52236e-11 
0.8525 4.24612e-11 
0.86 5.12993e-11 
0.8575 4.81657e-11 
0.865 5.81917e-11 
0.8625 5.46369e-11 
0.87 6.60104e-11 
0.8675 6.19778e-11 
0.875 7.48798e-11 
0.8725 7.03053e-11 
0.88 8.49414e-11 
0.8775 7.9752e-11 
0.885 9.63552e-11 
0.8825 9.04684e-11 
0.89 1.09303e-10 
0.8875 1.02625e-10 
0.895 1.23991e-10 
0.8925 1.16416e-10 
0.9 1.40653e-10 
0.8975 1.3206e-10 
0.905 1.59555e-10 
0.9025 1.49806e-10 
0.91 1.80997e-10 
0.9075 1.69938e-10 
0.915 2.05321e-10 
0.9125 1.92776e-10 
0.92 2.32914e-10 
0.9175 2.18683e-10 
0.925 2.64217e-10 
0.9225 2.48072e-10 
0.93 2.99726e-10 
0.9275 2.81412e-10 
0.935 3.40008e-10 
0.9325 3.19232e-10 
0.94 3.85704e-10 
0.9375 3.62136e-10 
0.945 4.37543e-10 
0.9425 4.10807e-10 
0.95 4.96349e-10 
0.9475 4.66019e-10 
0.955 5.63059e-10 
0.9525 5.28653e-10 
0.96 6.38736e-10 
0.9575 5.99705e-10 
0.965 7.24585e-10 
0.9625 6.80307e-10 
0.97 8.21973e-10 
0.9675 7.71744e-10 
0.975 9.32451e-10 
0.9725 8.75471e-10 
0.98 1.05778e-09 
0.9775 9.9314e-10 
0.985 1.19995e-09 
0.9825 1.12663e-09 
0.99 1.36124e-09 
0.9875 1.27805e-09 
0.995 1.5442e-09 
0.9925 1.44984e-09 
1 1.75176e-09 
0.9975 1.64471e-09 
1.005 1.98722e-09 
1.0025 1.86578e-09 
1.01 2.25433e-09 
1.0075 2.11656e-09 
1.015 2.55734e-09 
1.0125 2.40106e-09 
1.02 2.90108e-09 
1.0175 2.72379e-09 
1.025 3.29103e-09 
1.0225 3.08991e-09 
1.03 3.7334e-09 
1.0275 3.50524e-09 
1.035 4.23523e-09 
1.0325 3.9764e-09 
1.04 4.80452e-09 
1.0375 4.5109e-09 
1.045 5.45034e-09 
1.0425 5.11725e-09 
1.05 6.18297e-09 
1.0475 5.80511e-09 
1.055 7.01408e-09 
1.0525 6.58543e-09 
1.06 7.95693e-09 
1.0575 7.47064e-09 
1.065 9.02651e-09 
1.0625 8.47486e-09 
1.07 1.02399e-08 
1.0675 9.61407e-09 
1.075 1.16164e-08 
1.0725 1.09064e-08 
1.08 1.31779e-08 
1.0775 1.23725e-08 
1.085 1.49493e-08 
1.0825 1.40357e-08 
1.09 1.69589e-08 
1.0875 1.59225e-08 
1.095 1.92387e-08 
1.0925 1.80629e-08 
1.1 2.18249e-08 
1.0975 2.0491e-08 
1.105 2.47588e-08 
1.1025 2.32456e-08 
1.11 2.80872e-08 
1.1075 2.63706e-08 
1.115 3.1863e-08 
1.1125 2.99156e-08 
1.12 3.61465e-08 
1.1175 3.39372e-08 
1.125 4.10058e-08 
1.1225 3.84995e-08 
1.13 4.65185e-08 
1.1275 4.36753e-08 
1.135 5.27723e-08 
1.1325 4.95468e-08 
1.14 5.9867e-08 
1.1375 5.62078e-08 
1.145 6.79156e-08 
1.1425 6.37644e-08 
1.15 7.70463e-08 
1.1475 7.2337e-08 
1.155 8.74048e-08 
1.1525 8.20623e-08 
1.16 9.91561e-08 
1.1575 9.30952e-08 
1.165 1.12488e-07 
1.1625 1.05612e-07 
1.17 1.27612e-07 
1.1675 1.19811e-07 
1.175 1.44769e-07 
1.1725 1.3592e-07 
1.18 1.64235e-07 
1.1775 1.54195e-07 
1.185 1.86318e-07 
1.1825 1.74928e-07 
1.19 2.1137e-07 
1.1875 1.98449e-07 
1.195 2.39792e-07 
1.1925 2.25133e-07 
1.2 2.72037e-07 
1.1975 2.55406e-07 
1.205 3.08619e-07 
1.2025 2.89751e-07 
1.21 3.50122e-07 
1.2075 3.28716e-07 
1.215 3.97207e-07 
1.2125 3.72922e-07 
1.22 4.50627e-07 
1.2175 4.23075e-07 
1.225 5.11234e-07 
1.2225 4.79975e-07 
1.23 5.79995e-07 
1.2275 5.4453e-07 
1.235 6.58009e-07 
1.2325 6.17772e-07 
1.24 7.46522e-07 
1.2375 7.00869e-07 
1.245 8.46947e-07 
1.2425 7.9515e-07 
1.25 9.60889e-07 
1.2475 9.0212e-07 
1.255 1.09017e-06 
1.2525 1.02349e-06 
1.26 1.23686e-06 
1.2575 1.1612e-06 
1.265 1.4033e-06 
1.2625 1.31745e-06 
1.27 1.59215e-06 
1.2675 1.49474e-06 
1.275 1.80645e-06 
1.2725 1.69592e-06 
1.28 2.04962e-06 
1.2775 1.92419e-06 
1.285 2.32556e-06 
1.2825 2.18323e-06 
1.29 2.63869e-06 
1.2875 2.47717e-06 
1.295 2.99404e-06 
1.2925 2.81075e-06 
1.3 3.39732e-06 
1.2975 3.18931e-06 
1.305 3.85502e-06 
1.3025 3.61893e-06 
1.31 4.37448e-06 
1.3075 4.10653e-06 
1.315 4.96408e-06 
1.3125 4.65995e-06 
1.32 5.63333e-06 
1.3175 5.28811e-06 
1.325 6.39302e-06 
1.3225 6.00114e-06 
1.33 7.25544e-06 
1.3275 6.81056e-06 
1.335 8.23454e-06 
1.3325 7.72946e-06 
1.34 9.3462e-06 
1.3375 8.77272e-06 
1.345 1.06085e-05 
1.3425 9.95728e-06 
1.35 1.20419e-05 
1.3475 1.13024e-05 
1.355 1.36699e-05 
1.3525 1.283e-05 
1.36 1.5519e-05 
1.3575 1.4565e-05 
1.365 1.76195e-05 
1.3625 1.65357e-05 
1.37 2.0006e-05 
1.3675 1.87747e-05 
1.375 2.27179e-05 
1.3725 2.13186e-05 
1.38 2.57999e-05 
1.3775 2.42096e-05 
1.385 2.93032e-05 
1.3825 2.74954e-05 
1.39 3.32864e-05 
1.3875 3.12309e-05 
1.395 3.7816e-05 
1.3925 3.54784e-05 
1.4 4.29683e-05 
1.3975 4.03091e-05 
1.405 4.88304e-05 
1.4025 4.58047e-05 
1.41 5.55022e-05 
1.4075 5.20583e-05 
1.415 6.30977e-05 
1.4125 5.91767e-05 
1.42 7.17479e-05 
1.4175 6.7282e-05 
1.425 8.16029e-05 
1.4225 7.65146e-05 
1.43 9.28352e-05 
1.4275 8.70351e-05 
1.435 0.000105643 
1.4325 9.90286e-05 
1.44 0.000120254 
1.4375 0.000112707 
1.445 0.00013693 
1.4425 0.000128316 
1.45 0.000155975 
1.4475 0.000146136 
1.455 0.000177738 
1.4525 0.000166493 
1.46 0.000202623 
1.4575 0.000189763 
1.465 0.000231096 
1.4625 0.000216379 
1.47 0.000263698 
1.4675 0.000246844 
1.475 0.000301058 
1.4725 0.000281741 
1.48 0.000343904 
1.4775 0.000321745 
1.485 0.000393082 
1.4825 0.000367643 
1.49 0.000449579 
1.4875 0.000420348 
1.495 0.000514542 
1.4925 0.000480924 
1.5 0.000589311 
1.4975 0.000550609 
1.505 0.000675448 
1.5025 0.000630851 
1.51 0.000774776 
1.5075 0.000723337 
1.515 0.000889427 
1.5125 0.00083004 
1.52 0.00102189 
1.5175 0.000953263 
1.525 0.00117509 
1.5225 0.0010957 
1.53 0.00135241 
1.5275 0.0012605 
1.535 0.00155784 
1.5325 0.00145134 
1.54 0.00179602 
1.5375 0.00167252 
1.545 0.00207238 
1.5425 0.00192906 
1.55 0.00239321 
1.5475 0.0022268 
1.555 0.00276588 
1.5525 0.00257257 
1.56 0.0031989 
1.5575 0.00297426 
1.565 0.00370215 
1.5625 0.00344107 
1.57 0.00428703 
1.5675 0.00398361 
1.575 0.00496667 
1.5725 0.00461412 
1.58 0.00575608 
1.5775 0.00534663 
1.585 0.00667241 
1.5825 0.00619722 
1.59 0.00773511 
1.5875 0.00718416 
1.595 0.00896609 
1.5925 0.0083281 
1.6 0.0103899 
1.5975 0.00965225 
1.605 0.0120338 
1.6025 0.0111825 
1.61 0.0139277 
1.6075 0.0129475 
1.615 0.0161044 
1.6125 0.0149786 
1.62 0.0185992 
1.6175 0.0173097 
1.625 0.0214496 
1.6225 0.0199775 
1.63 0.0246953 
1.6275 0.0230205 
1.635 0.0283774 
1.6325 0.0264792 
1.64 0.0325383 
1.6375 0.0303954 
1.645 0.0372207 
1.6425 0.0348116 
1.65 0.0424673 
1.6475 0.0397708 
1.655 0.0483203 
1.6525 0.0453154 
1.66 0.0548209 
1.6575 0.0514872 
1.665 0.0620089 
1.6625 0.0583266 
1.67 0.0699222 
1.6675 0.0658725 
1.675 0.0785969 
1.6725 0.0741622 
1.68 0.0880672 
1.6775 0.0832306 
1.685 0.0983647 
1.6825 0.0931107 
1.69 0.109519 
1.6875 0.103833 
1.695 0.121555 
1.6925 0.115425 
1.7 0.134496 
1.6975 0.127911 
1.705 0.148362 
1.7025 0.141313 
1.71 0.163166 
1.7075 0.155646 
1.715 0.178917 
1.7125 0.170923 
1.72 0.195615 
1.7175 0.187148 
1.725 0.213256 
1.7225 0.204319 
1.73 0.231825 
1.7275 0.222426 
1.735 0.251298 
1.7325 0.241451 
1.74 0.27164 
1.7375 0.261363 
1.745 0.292807 
1.7425 0.282124 
1.75 0.314741 
1.7475 0.303682 
1.755 0.337376 
1.7525 0.325976 
1.76 0.360634 
1.7575 0.348933 
1.765 0.384425 
1.7625 0.372468 
1.77 0.408652 
1.7675 0.39649 
1.775 0.433211 
1.7725 0.420897 
1.78 0.45799 
1.7775 0.44558 
1.785 0.482875 
1.7825 0.470427 
1.79 0.50775 
1.7875 0.495321 
1.795 0.532498 
1.7925 0.520147 
1.8 0.557006 
1.7975 0.544789 
1.805 0.581165 
1.8025 0.569136 
1.81 0.604874 
1.8075 0.593082 
1.815 0.628037 
1.8125 0.616529 
1.82 0.650571 
1.8175 0.639387 
1.825 0.672401 
1.8225 0.661578 
1.83 0.693464 
1.8275 0.683031 
1.835 0.713708 
1.8325 0.703691 
1.84 0.733094 
1.8375 0.72351 
1.845 0.751592 
1.8425 0.742455 
1.85 0.769182 
1.8475 0.760501 
1.855 0.785857 
1.8525 0.777635 
1.86 0.801617 
1.8575 0.793851 
1.865 0.816468 
1.8625 0.809155 
1.87 0.830426 
1.8675 0.823557 
1.875 0.843511 
1.8725 0.837076 
1.88 0.85575 
1.8775 0.849735 
1.885 0.867172 
1.8825 0.861562 
1.89 0.87781 
1.8875 0.872587 
1.895 0.887699 
1.8925 0.882846 
1.9 0.896875 
1.8975 0.892373 
1.905 0.905375 
1.9025 0.901207 
1.91 0.913238 
1.9075 0.909384 
1.915 0.920501 
1.9125 0.916942 
1.92 0.927201 
1.9175 0.923919 
1.925 0.933375 
1.9225 0.930352 
1.93 0.939058 
1.9275 0.936276 
1.935 0.944282 
1.9325 0.941725 
1.94 0.949082 
1.9375 0.946733 
1.945 0.953487 
1.9425 0.951332 
1.95 0.957527 
1.9475 0.955551 
1.955 0.961229 
1.9525 0.959419 
1.96 0.96462 
1.9575 0.962962 
1.965 0.967724 
1.9625 0.966207 
1.97 0.970563 
1.9675 0.969175 
1.975 0.973159 
1.9725 0.97189 
1.98 0.975532 
1.9775 0.974372 
1.985 0.977699 
1.9825 0.97664 
1.99 0.979678 
1.9875 0.978711 
1.995 0.981485 
1.9925 0.980602 
2 0.983133 
1.9975 0.982328 
2.005 0.984637 
2.0025 0.983903 
2.01 0.986009 
2.0075 0.985339 
2.015 0.98726 
2.0125 0.986649 
2.02 0.9884 
2.0175 0.987843 
2.025 0.989439 
2.0225 0.988931 
2.03 0.990386 
2.0275 0.989923 
2.035 0.991249 
2.0325 0.990827 
2.04 0.992035 
2.0375 0.991651 
2.045 0.99275 
2.0425 0.992401 
2.05 0.993402 
2.0475 0.993084 
2.055 0.993996 
2.0525 0.993706 
2.06 0.994536 
2.0575 0.994272 
2.065 0.995028 
2.0625 0.994788 
2.07 0.995476 
2.0675 0.995258 
2.075 0.995884 
2.0725 0.995685 
2.08 0.996255 
2.0775 0.996074 
2.085 0.996593 
2.0825 0.996428 
2.09 0.9969 
2.0875 0.99675 
2.095 0.99718 
2.0925 0.997043 
2.1 0.997435 
2.0975 0.99731 
2.105 0.997666 
2.1025 0.997553 
2.11 0.997877 
2.1075 0.997774 
2.115 0.998069 
2.1125 0.997975 
2.12 0.998243 
2.1175 0.998158 
2.125 0.998402 
2.1225 0.998324 
2.13 0.998546 
2.1275 0.998476 
2.135 0.998677 
2.1325 0.998613 
2.14 0.998797 
2.1375 0.998738 
2.145 0.998905 
2.1425 0.998852 
2.15 0.999004 
2.1475 0.998956 
2.155 0.999094 
2.1525 0.99905 
2.16 0.999176 
2.1575 0.999136 
2.165 0.99925 
2.1625 0.999214 
2.17 0.999318 
2.1675 0.999285 
2.175 0.999379 
2.1725 0.999349 
2.18 0.999435 
2.1775 0.999408 
2.185 0.999486 
2.1825 0.999461 
2.19 0.999532 
2.1875 0.99951 
2.195 0.999574 
2.1925 0.999554 
2.2 0.999613 
2.1975 0.999594 
2.205 0.999647 
2.2025 0.99963 
2.21 0.999679 
2.2075 0.999663 
2.215 0.999707 
2.2125 0.999693 
2.22 0.999733 
2.2175 0.999721 
2.225 0.999757 
2.2225 0.999746 
2.23 0.999779 
2.2275 0.999768 
2.235 0.999798 
2.2325 0.999788 
2.24 0.999816 
2.2375 0.999807 
2.245 0.999832 
2.2425 0.999824 
2.25 0.999846 
2.2475 0.999839 
2.255 0.999859 
2.2525 0.999853 
2.26 0.999871 
2.2575 0.999865 
2.265 0.999881 
2.2625 0.999876 
2.27 0.999891 
2.2675 0.999886 
2.275 0.9999 
2.2725 0.999895 
2.28 0.999907 
2.2775 0.999904 
2.285 0.999914 
2.2825 0.999911 
2.29 0.99992 
2.2875 0.999917 
2.295 0.999926 
2.2925 0.999923 
2.3 0.99993 
2.2975 0.999928 
2.305 0.999934 
2.3025 0.999932 
2.31 0.999938 
2.3075 0.999936 
2.315 0.999941 
2.3125 0.999939 
2.32 0.999943 
2.3175 0.999942 
2.325 0.999945 
2.3225 0.999944 
2.33 0.999947 
2.3275 0.999946 
2.335 0.999948 
2.3325 0.999947 
2.34 0.999948 
2.3375 0.999948 
2.345 0.999948 
2.3425 0.999948 
2.35 0.999948 
2.3475 0.999948 
2.355 0.999947 
2.3525 0.999947 
2.36 0.999945 
2.3575 0.999946 
2.365 0.999944 
2.3625 0.999945 
2.37 0.999941 
2.3675 0.999942 
2.375 0.999938 
2.3725 0.99994 
2.38 0.999935 
2.3775 0.999937 
2.385 0.999931 
2.3825 0.999933 
2.39 0.999927 
2.3875 0.999929 
2.395 0.999921 
2.3925 0.999924 
2.4 0.999916 
2.3975 0.999919 
2.405 0.999909 
2.4025 0.999912 
2.41 0.999902 
2.4075 0.999905 
2.415 0.999893 
2.4125 0.999898 
2.42 0.999884 
2.4175 0.999889 
2.425 0.999874 
2.4225 0.999879 
2.43 0.999863 
2.4275 0.999869 
2.435 0.999851 
2.4325 0.999857 
2.44 0.999837 
2.4375 0.999844 
2.445 0.999822 
2.4425 0.99983 
2.45 0.999805 
2.4475 0.999814 
2.455 0.999787 
2.4525 0.999796 
2.46 0.999767 
2.4575 0.999777 
2.465 0.999745 
2.4625 0.999756 
2.47 0.99972 
2.4675 0.999733 
2.475 0.999694 
2.4725 0.999707 
2.48 0.999664 
2.4775 0.999679 
2.485 0.999632 
2.4825 0.999649 
2.49 0.999597 
2.4875 0.999615 
2.495 0.999558 
2.4925 0.999578 
2.5 0.999515 
2.4975 0.999537 
2.505 0.999468 
2.5025 0.999492 
2.51 0.999417 
2.5075 0.999443 
2.515 0.999361 
2.5125 0.999389 
2.52 0.999299 
2.5175 0.99933 
2.525 0.999231 
2.5225 0.999265 
2.53 0.999156 
2.5275 0.999194 
2.535 0.999074 
2.5325 0.999116 
2.54 0.998985 
2.5375 0.999031 
2.545 0.998886 
2.5425 0.998937 
2.55 0.998778 
2.5475 0.998833 
2.555 0.99866 
2.5525 0.99872 
2.56 0.99853 
2.5575 0.998596 
2.565 0.998387 
2.5625 0.99846 
2.57 0.998231 
2.5675 0.998311 
2.575 0.998059 
2.5725 0.998147 
2.58 0.997871 
2.5775 0.997967 
2.585 0.997665 
2.5825 0.99777 
2.59 0.997439 
2.5875 0.997554 
2.595 0.99719 
2.5925 0.997317 
2.6 0.996918 
2.5975 0.997057 
2.605 0.99662 
2.6025 0.996772 
2.61 0.996292 
2.6075 0.99646 
2.615 0.995933 
2.6125 0.996117 
2.62 0.99554 
2.6175 0.995741 
2.625 0.995108 
2.6225 0.995329 
2.63 0.994635 
2.6275 0.994877 
2.635 0.994117 
2.6325 0.994382 
2.64 0.993548 
2.6375 0.993839 
2.645 0.992925 
2.6425 0.993244 
2.65 0.992243 
2.6475 0.992592 
2.655 0.991494 
2.6525 0.991877 
2.66 0.990675 
2.6575 0.991094 
2.665 0.989777 
2.6625 0.990236 
2.67 0.988793 
2.6675 0.989296 
2.675 0.987716 
2.6725 0.988267 
2.68 0.986537 
2.6775 0.98714 
2.685 0.985245 
2.6825 0.985905 
2.69 0.983832 
2.6875 0.984555 
2.695 0.982286 
2.6925 0.983076 
2.7 0.980594 
2.6975 0.981459 
2.705 0.978744 
2.7025 0.97969 
2.71 0.976722 
2.7075 0.977755 
2.715 0.974511 
2.7125 0.975641 
2.72 0.972096 
2.7175 0.97333 
2.725 0.969459 
2.7225 0.970807 
2.73 0.966581 
2.7275 0.968052 
2.735 0.963441 
2.7325 0.965045 
2.74 0.960017 
2.7375 0.961766 
2.745 0.956286 
2.7425 0.958192 
2.75 0.952224 
2.7475 0.954298 
2.755 0.947803 
2.7525 0.95006 
2.76 0.942996 
2.7575 0.94545 
2.765 0.937774 
2.7625 0.940439 
2.77 0.932107 
2.7675 0.934998 
2.775 0.925962 
2.7725 0.929096 
2.78 0.919306 
2.7775 0.9227 
2.785 0.912107 
2.7825 0.915777 
2.79 0.904329 
2.7875 0.908293 
2.795 0.895939 
2.7925 0.900213 
2.8 0.886902 
2.7975 0.891504 
2.805 0.877184 
2.8025 0.88213 
2.81 0.866752 
2.8075 0.872059 
2.815 0.855575 
2.8125 0.861258 
2.82 0.843625 
2.8175 0.849698 
2.825 0.830877 
2.8225 0.837352 
2.83 0.817308 
2.8275 0.824196 
2.835 0.802903 
2.8325 0.810211 
2.84 0.78765 
2.8375 0.795383 
2.845 0.771545 
2.8425 0.779704 
2.85 0.754591 
2.8475 0.763173 
2.855 0.736799 
2.8525 0.745798 
2.86 0.718188 
2.8575 0.727594 
2.865 0.69879 
2.8625 0.708585 
2.87 0.678641 
2.8675 0.688806 
2.875 0.657792 
2.8725 0.6683 
2.88 0.6363 
2.8775 0.647122 
2.885 0.614235 
2.8825 0.625335 
2.89 0.591672 
2.8875 0.60301 
2.895 0.568697 
2.8925 0.58023 
2.9 0.545401 
2.8975 0.557083 
2.905 0.521881 
2.9025 0.533663 
2.91 0.498238 
2.9075 0.510069 
2.915 0.474574 
2.9125 0.486402 
2.92 0.450993 
2.9175 0.462767 
2.925 0.427596 
2.9225 0.439265 
2.93 0.404481 
2.9275 0.415997 
2.935 0.381742 
2.9325 0.393059 
2.94 0.359466 
2.9375 0.370541 
2.945 0.337734 
2.9425 0.348527 
2.95 0.316615 
2.9475 0.327094 
2.955 0.296174 
2.9525 0.306307 
2.96 0.276462 
2.9575 0.286224 
2.965 0.257522 
2.9625 0.266893 
2.97 0.239387 
2.9675 0.248352 
2.975 0.222081 
2.9725 0.230629 
2.98 0.20562 
2.9775 0.213745 
2.985 0.190009 
2.9825 0.197708 
2.99 0.175248 
2.9875 0.182523 
2.995 0.161328 
2.9925 0.168184 
3 0.148237 
2.9975 0.15468 
3.005 0.135955 
3.0025 0.141996 
3.01 0.124459 
3.0075 0.13011 
3.015 0.113724 
3.0125 0.118998 
3.02 0.103719 
3.0175 0.108632 
3.025 0.0944148 
3.0225 0.0989814 
3.03 0.0857787 
3.0275 0.0900153 
3.035 0.0777778 
3.0325 0.0817009 
3.04 0.070379 
3.0375 0.0740052 
3.045 0.0635495 
3.0425 0.0668952 
3.05 0.0572569 
3.0475 0.0603381 
3.055 0.0514696 
3.0525 0.054302 
3.06 0.0461571 
3.0575 0.0487559 
3.065 0.0412901 
3.0625 0.0436697 
3.07 0.0368404 
3.0675 0.0390148 
3.075 0.0327814 
3.0725 0.0347637 
3.08 0.0290874 
3.0775 0.0308903 
3.085 0.0257344 
3.0825 0.0273698 
3.09 0.0226993 
3.0875 0.0241785 
3.095 0.0199603 
3.0925 0.0212941 
3.1 0.0174964 
3.0975 0.0186952 
3.105 0.0152877 
3.1025 0.0163614 
3.11 0.013315 
3.1075 0.014273 
3.115 0.0115597 
3.1125 0.0124113 
3.12 0.0100042 
3.1175 0.0107581 
3.125 0.00863119 
3.1225 0.00929591 
3.13 0.00742427 
3.1275 0.00800797 
3.135 0.00636766 
3.1325 0.00687813 
3.14 0.00544633 
3.1375 0.00589099 
3.145 0.0046461 
3.1425 0.00503193 
3.15 0.00395363 
3.1475 0.00428719 
3.155 0.00335656 
3.1525 0.00364391 
3.16 0.00284346 
3.1575 0.00309019 
3.165 0.0024039 
3.1625 0.0026151 
3.17 0.00202845 
3.1675 0.00220871 
3.175 0.00170861 
3.1725 0.00186207 
3.18 0.00143683 
3.1775 0.00156715 
3.185 0.00120642 
3.1825 0.00131684 
3.19 0.00101148 
3.1875 0.00110485 
3.195 0.000846887 
3.1925 0.000925687 
3.2 0.000708156 
3.1975 0.000774543 
3.205 0.000591419 
3.2025 0.000647258 
3.21 0.000493342 
3.2075 0.000540237 
3.215 0.000411061 
3.2125 0.000450389 
3.22 0.000342125 
3.2175 0.000375063 
3.225 0.000284445 
3.2225 0.000311996 
3.23 0.000236242 
3.2275 0.000259259 
3.235 0.000196006 
3.2325 0.000215213 
3.24 0.000162458 
3.2375 0.000178467 
3.245 0.000134517 
3.2425 0.000147847 
3.25 0.000111271 
3.2475 0.000122359 
3.255 9.19519e-05 
3.2525 0.000101164 
3.26 7.5912e-05 
3.2575 8.35581e-05 
3.265 6.26086e-05 
3.2625 6.89486e-05 
3.27 5.15859e-05 
3.2675 5.68375e-05 
3.275 4.2462e-05 
3.2725 4.68078e-05 
3.28 3.49174e-05 
3.2775 3.85101e-05 
3.285 2.86849e-05 
3.2825 3.1652e-05 
3.29 2.35415e-05 
3.2875 2.59895e-05 
3.295 1.93011e-05 
3.2925 2.13187e-05 
3.3 1.58086e-05 
3.2975 1.74699e-05 
3.305 1.2935e-05 
3.3025 1.43016e-05 
3.31 1.0573e-05 
3.3075 1.1696e-05 
3.315 8.63358e-06 
3.3125 9.55544e-06 
3.32 7.04265e-06 
3.3175 7.79864e-06 
3.325 5.73896e-06 
3.3225 6.35829e-06 
3.33 4.67176e-06 
3.3275 5.17861e-06 
3.335 3.79904e-06 
3.3325 4.21341e-06 
3.34 3.08611e-06 
3.3375 3.42452e-06 
3.345 2.50432e-06 
3.3425 2.7804e-06 
3.35 2.03006e-06 
3.3475 2.25505e-06 
3.355 1.64385e-06 
3.3525 1.82702e-06 
3.36 1.32969e-06 
3.3575 1.47865e-06 
3.365 1.07441e-06 
3.3625 1.19542e-06 
3.37 8.67204e-07 
3.3675 9.65395e-07 
3.375 6.99194e-07 
3.3725 7.78786e-07 
3.38 5.63117e-07 
3.3775 6.27563e-07 
3.385 4.53025e-07 
3.3825 5.05149e-07 
3.39 3.64054e-07 
3.3875 4.06166e-07 
3.395 2.92233e-07 
3.3925 3.26218e-07 
3.4 2.34319e-07 
3.3975 2.61715e-07 
3.405 1.87673e-07 
3.4025 2.09732e-07 
3.41 1.50144e-07 
3.4075 1.67886e-07 
3.415 1.19984e-07 
3.4125 1.34238e-07 
3.42 9.57743e-08 
3.4175 1.07213e-07 
3.425 7.63629e-08 
3.4225 8.55316e-08 
3.43 6.08165e-08 
3.4275 6.81574e-08 
3.435 4.83799e-08 
3.4325 5.42506e-08 
3.44 3.84424e-08 
3.4375 4.3132e-08 
3.445 3.05111e-08 
3.4425 3.42528e-08 
3.45 2.41883e-08 
3.4475 2.71703e-08 
3.455 1.91537e-08 
3.4525 2.15274e-08 
3.46 1.51494e-08 
3.4575 1.70367e-08 
3.465 1.19684e-08 
3.4625 1.34672e-08 
3.47 9.44432e-09 
3.4675 1.06332e-08 
3.475 7.44389e-09 
3.4725 8.38587e-09 
3.48 5.86033e-09 
3.4775 6.60577e-09 
3.485 4.60825e-09 
3.4825 5.19747e-09 
3.49 3.61944e-09 
3.4875 4.08462e-09 
3.495 2.83947e-09 
3.4925 3.20629e-09 
3.5 2.22496e-09 
3.4975 2.51387e-09 
3.505 1.74139e-09 
3.5025 1.96866e-09 
3.51 1.36131e-09 
3.5075 1.53989e-09 
3.515 1.06293e-09 
3.5125 1.20308e-09 
3.52 8.28971e-10 
3.5175 9.38827e-10 
3.525 6.45743e-10 
3.5225 7.31751e-10 
3.53 5.02419e-10 
3.5275 5.69674e-10 
3.535 3.90442e-10 
3.5325 4.4297e-10 
3.54 3.03062e-10 
3.5375 3.44039e-10 
3.545 2.34958e-10 
3.5425 2.66885e-10 
3.55 1.81941e-10 
3.5475 2.06787e-10 
3.555 1.4072e-10 
3.5525 1.60032e-10 
3.56 1.08708e-10 
3.5575 1.23701e-10 
3.565 8.38788e-11 
3.5625 9.5504e-11 
3.57 6.46433e-11 
3.5675 7.36464e-11 
3.575 4.97595e-11 
3.5725 5.67236e-11 
3.58 3.8257e-11 
3.5775 4.36373e-11 
3.585 2.93783e-11 
3.5825 3.35299e-11 
3.59 2.25332e-11 
3.5875 2.57329e-11 
3.595 1.72624e-11 
3.5925 1.97254e-11 
3.6 1.32087e-11 
3.5975 1.51023e-11 
3.605 1.00948e-11 
3.6025 1.15489e-11 
3.61 7.7058e-12 
3.6075 8.82108e-12 
3.615 5.87514e-12 
3.6125 6.72948e-12 
3.62 4.47403e-12 
3.6175 5.12769e-12 
3.625 3.40299e-12 
3.6225 3.9025e-12 
3.63 2.58525e-12 
3.6275 2.96651e-12 
3.635 1.96167e-12 
3.6325 2.25231e-12 
3.64 1.48672e-12 
3.6375 1.70801e-12 
3.645 1.12542e-12 
3.6425 1.2937e-12 
3.65 8.50902e-13 
3.6475 9.78724e-13 
3.655 6.42579e-13 
3.6525 7.39548e-13 
3.66 4.8468e-13 
3.6575 5.58154e-13 
3.665 3.65145e-13 
3.6625 4.20749e-13 
3.67 2.74762e-13 
3.6675 3.16792e-13 
3.675 2.06505e-13 
3.6725 2.38236e-13 
3.68 1.5502e-13 
3.6775 1.78946e-13 
3.685 1.16232e-13 
3.6825 1.34251e-13 
3.69 8.70456e-14 
3.6875 1.006e-13 
3.695 6.51106e-14 
3.6925 7.52943e-14 
3.7 4.86452e-14 
3.6975 5.62871e-14 
3.705 3.63005e-14 
3.7025 4.2028e-14 
3.71 2.70563e-14 
3.7075 3.13439e-14 
3.715 2.01424e-14 
3.7125 2.33482e-14 
3.72 1.49774e-14 
3.7175 1.73715e-14 
3.725 1.11237e-14 
3.7225 1.29094e-14 
3.73 8.25178e-15 
3.7275 9.58211e-15 
3.735 6.1141e-15 
3.7325 7.104e-15 
3.74 4.52486e-15 
3.7375 5.26055e-15 
3.745 3.34476e-15 
3.7425 3.89087e-15 
3.75 2.46952e-15 
3.7475 2.87443e-15 
3.755 1.82117e-15 
3.7525 2.12102e-15 
3.76 1.34146e-15 
3.7575 1.56324e-15 
3.765 9.8695e-16 
3.7625 1.1508e-15 
3.77 7.25276e-16 
3.7675 8.46176e-16 
3.775 5.32358e-16 
3.7725 6.21463e-16 
3.78 3.90299e-16 
3.7775 4.55892e-16 
3.785 2.85814e-16 
3.7825 3.34043e-16 
3.79 2.09058e-16 
3.7875 2.44476e-16 
3.795 1.52737e-16 
3.7925 1.78717e-16 
3.8 1.1146e-16 
3.7975 1.30494e-16 
3.805 8.12438e-17 
3.8025 9.51731e-17 
3.81 5.9151e-17 
3.8075 6.93324e-17 
3.815 4.30165e-17 
3.8125 5.04497e-17 
3.82 3.12471e-17 
3.8175 3.66676e-17 
3.825 2.2672e-17 
3.8225 2.66201e-17 
3.83 1.64314e-17 
3.8275 1.93037e-17 
3.835 1.18951e-17 
3.8325 1.39824e-17 
3.84 8.60145e-18 
3.8375 1.01165e-17 
3.845 6.21281e-18 
3.8425 7.31119e-18 
3.85 4.4825e-18 
3.8475 5.27791e-18 
3.855 3.23051e-18 
3.8525 3.80586e-18 
3.86 2.32565e-18 
3.8575 2.74135e-18 
3.865 1.67241e-18 
3.8625 1.97242e-18 
3.87 1.20136e-18 
3.8675 1.41763e-18 
3.875 8.62058e-19 
3.8725 1.01779e-18 
3.88 6.17933e-19 
3.8775 7.2995e-19 
3.885 4.42479e-19 
3.8825 5.22962e-19 
3.89 3.16517e-19 
3.8875 3.74281e-19 
3.895 2.26185e-19 
3.8925 2.67597e-19 
3.9 1.61473e-19 
3.8975 1.91131e-19 
3.905 1.15164e-19 
3.9025 1.36382e-19 
3.91 8.20583e-20 
3.9075 9.72224e-20 
3.915 5.84163e-20 
3.9125 6.92427e-20 
3.92 4.15493e-20 
3.9175 4.92711e-20 
3.925 2.95277e-20 
3.9225 3.50298e-20 
3.93 2.09676e-20 
3.9275 2.48844e-20 
3.935 1.4878e-20 
3.9325 1.76637e-20 
3.94 1.05496e-20 
3.9375 1.25292e-20 
3.945 7.47583e-21 
3.9425 8.88132e-21 
3.95 5.29468e-21 
3.9475 6.29179e-21 
3.955 3.74813e-21 
3.9525 4.45499e-21 
3.96 2.6523e-21 
3.9575 3.15307e-21 
3.965 1.87634e-21 
3.9625 2.23088e-21 
3.97 1.32718e-21 
3.9675 1.57806e-21 
3.975 9.38724e-22 
3.9725 1.11617e-21 
3.98 6.64047e-22 
3.9775 7.89504e-22 
3.985 4.69877e-22 
3.9825 5.58557e-22 
3.99 3.32641e-22 
3.9875 3.95317e-22 
3.995 2.35646e-22 
3.9925 2.79944e-22 
4 1.67084e-22 
3.9975 1.98399e-22 
4.005 1.18606e-22 
4.0025 1.4075e-22 
4.01 8.43118e-23 
4.0075 9.99793e-23 
4.015 6.0035e-23 
4.0125 7.11285e-23 
4.02 4.28334e-23 
4.0175 5.0696e-23 
4.025 3.06308e-23 
4.0225 3.62105e-23 
4.03 2.19619e-23 
4.0275 2.59275e-23 
4.035 1.57928e-23 
4.0325 1.86163e-23 
4.04 1.13936e-23 
4.0375 1.34082e-23 
4.045 8.24916e-24 
4.0425 9.69016e-24 
4.05 5.99554e-24 
4.0475 7.02911e-24 
4.055 4.3755e-24 
4.0525 5.11914e-24 
4.06 3.20702e-24 
4.0575 3.74389e-24 
4.065 2.36115e-24 
4.0625 2.75019e-24 
4.07 1.7464e-24 
4.0675 2.02945e-24 
4.075 1.29774e-24 
4.0725 1.50456e-24 
4.08 9.68846e-25 
4.0775 1.12064e-24 
4.085 7.2664e-25 
4.0825 8.38567e-25 
4.09 5.47432e-25 
4.0875 6.30352e-25 
4.095 4.14204e-25 
4.0925 4.75928e-25 
4.1 3.14687e-25 
4.0975 3.60852e-25 
4.105 2.40004e-25 
4.1025 2.74691e-25 
4.11 1.83701e-25 
4.1075 2.09882e-25 
4.115 1.41068e-25 
4.1125 1.60916e-25 
4.12 1.08653e-25 
4.1175 1.2376e-25 
4.125 8.39108e-26 
4.1225 9.54535e-26 
4.13 6.49566e-26 
4.1275 7.38072e-26 
4.135 5.03887e-26 
4.1325 5.71968e-26 
4.14 3.91585e-26 
4.1375 4.44107e-26 
4.145 3.04781e-26 
4.1425 3.45405e-26 
4.15 2.37526e-26 
4.1475 2.6902e-26 
4.155 1.85311e-26 
4.1525 2.09775e-26 
4.16 1.44699e-26 
4.1575 1.63735e-26 
4.165 1.13064e-26 
4.1625 1.27898e-26 
4.17 8.83907e-27 
4.1675 9.99636e-27 
4.175 6.91263e-27 
4.1725 7.81643e-27 
4.18 5.40725e-27 
4.1775 6.11365e-27 
4.185 4.23014e-27 
4.1825 4.78258e-27 
4.19 3.30926e-27 
4.1875 3.74149e-27 
4.195 2.58859e-27 
4.1925 2.92687e-27 
4.2 2.02449e-27 
4.1975 2.28929e-27 
4.205 1.58291e-27 
4.2025 1.7902e-27 
4.21 1.23725e-27 
4.2075 1.39951e-27 
4.215 9.667e-28 
4.2125 1.09369e-27 
4.22 7.54985e-28 
4.2175 8.54356e-28 
4.225 5.89354e-28 
4.2225 6.67089e-28 
4.23 4.59821e-28 
4.2275 5.20608e-28 
4.235 3.58559e-28 
4.2325 4.06074e-28 
4.24 2.79432e-28 
4.2375 3.16556e-28 
4.245 2.17633e-28 
4.2425 2.46623e-28 
4.25 1.69393e-28 
4.2475 1.92019e-28 
4.255 1.31758e-28 
4.2525 1.49407e-28 
4.26 1.02414e-28 
4.2575 1.16173e-28 
4.265 7.95491e-29 
4.2625 9.02682e-29 
4.27 6.17445e-29 
4.2675 7.00899e-29 
4.275 4.78896e-29 
4.2725 5.43825e-29 
4.28 3.71157e-29 
4.2775 4.21638e-29 
4.285 2.87436e-29 
4.2825 3.26656e-29 
4.29 2.22427e-29 
4.2875 2.52875e-29 
4.295 1.71985e-29 
4.2925 1.95605e-29 
4.3 1.32876e-29 
4.2975 1.51186e-29 
4.305 1.02577e-29 
4.3025 1.16759e-29 
4.31 7.91222e-30 
4.3075 9.00986e-30 
4.315 6.098e-30 
4.3125 6.94684e-30 
4.32 4.69584e-30 
4.3175 5.35174e-30 
4.325 3.61303e-30 
4.3225 4.11943e-30 
4.33 2.77754e-30 
4.3275 3.16819e-30 
4.335 2.13342e-30 
4.3325 2.43453e-30 
4.34 1.63726e-30 
4.3375 1.86915e-30 
4.345 1.25539e-30 
4.3425 1.43382e-30 
4.35 9.61742e-31 
4.3475 1.09892e-30 
4.355 7.3613e-31 
4.3525 8.41499e-31 
4.36 5.62942e-31 
4.3575 6.43808e-31 
4.365 4.30114e-31 
4.3625 4.92121e-31 
4.37 3.28332e-31 
4.3675 3.75834e-31 
4.375 2.50408e-31 
4.3725 2.86767e-31 
4.38 1.90804e-31 
4.3775 2.18608e-31 
4.385 1.45254e-31 
4.3825 1.66497e-31 
4.39 1.10477e-31 
4.3875 1.26692e-31 
4.395 8.39479e-32 
4.3925 9.63139e-32 
4.4 6.37303e-32 
4.3975 7.31522e-32 
4.405 4.83366e-32 
4.4025 5.55086e-32 
4.41 3.66268e-32 
4.4075 4.20811e-32 
4.415 2.77276e-32 
4.4125 3.18717e-32 
4.42 2.09708e-32 
4.4175 2.41165e-32 
4.425 1.58455e-32 
4.4225 1.82311e-32 
4.43 1.19614e-32 
4.4275 1.37688e-32 
4.435 9.0208e-33 
4.4325 1.03888e-32 
4.44 6.79657e-33 
4.4375 7.83102e-33 
4.445 5.11583e-33 
4.4425 5.89731e-33 
4.45 3.84701e-33 
4.4475 4.43681e-33 
4.455 2.89007e-33 
4.4525 3.33478e-33 
4.46 2.16906e-33 
4.4575 2.50404e-33 
4.465 1.62634e-33 
4.4625 1.87843e-33 
4.47 1.21823e-33 
4.4675 1.40774e-33 
4.475 9.11627e-34 
4.4725 1.05396e-33 
4.48 6.81522e-34 
4.4775 7.88316e-34 
4.485 5.08996e-34 
4.4825 5.89046e-34 
4.49 3.79769e-34 
4.4875 4.39713e-34 
4.495 2.83071e-34 
4.4925 3.27914e-34 
4.5 2.10785e-34 
4.4975 2.44298e-34 
4.505 1.56802e-34 
4.5025 1.81823e-34 
4.51 1.16528e-34 
4.5075 1.3519e-34 
4.515 8.65122e-35 
4.5125 1.00417e-34 
4.52 6.41635e-35 
4.5175 7.45136e-35 
4.525 4.75405e-35 
4.5225 5.52368e-35 
4.53 3.51887e-35 
4.5275 4.09059e-35 
4.535 2.60199e-35 
4.5325 3.02627e-35 
4.54 1.92207e-35 
4.5375 2.23661e-35 
4.545 1.41839e-35 
4.5425 1.65134e-35 
4.55 1.04564e-35 
4.5475 1.21799e-35 
4.555 7.70071e-36 
4.5525 8.9745e-36 
4.56 5.66549e-36 
4.5575 6.60598e-36 
4.565 4.16393e-36 
4.5625 4.85762e-36 
4.57 3.05723e-36 
4.5675 3.56836e-36 
4.575 2.24238e-36 
4.5725 2.61862e-36 
4.58 1.64305e-36 
4.5775 1.9197e-36 
4.585 1.20267e-36 
4.5825 1.40589e-36 
4.59 8.79425e-37 
4.5875 1.02855e-36 
4.595 6.42403e-37 
4.5925 7.51721e-37 
4.6 4.68783e-37 
4.5975 5.48836e-37 
4.605 3.41736e-37 
4.6025 4.00299e-37 
4.61 2.48865e-37 
4.6075 2.91663e-37 
4.615 1.81047e-37 
4.6125 2.12291e-37 
4.62 1.31575e-37 
4.6175 1.54361e-37 
4.625 9.55234e-38 
4.6225 1.12123e-37 
4.63 6.92785e-38 
4.6275 8.13593e-38 
4.635 5.01926e-38 
4.6325 5.89756e-38 
4.64 3.63273e-38 
4.6375 4.27061e-38 
4.645 2.62651e-38 
4.6425 3.0893e-38 
4.65 1.89705e-38 
4.6475 2.23245e-38 
4.655 1.36876e-38 
4.6525 1.6116e-38 
4.66 9.86574e-39 
4.6575 1.1622e-38 
4.665 7.10367e-39 
4.6625 8.37259e-39 
4.67 5.1096e-39 
4.6675 6.02543e-39 
4.675 3.67149e-39 
4.6725 4.33179e-39 
4.68 2.63541e-39 
4.6775 3.11099e-39 
4.685 1.88975e-39 
4.6825 2.23192e-39 
4.69 1.35366e-39 
4.6875 1.5996e-39 
4.695 9.68652e-40 
4.6925 1.14523e-39 
4.7 6.92429e-40 
4.6975 8.19077e-40 
4.705 4.94461e-40 
4.7025 5.85204e-40 
4.71 3.52728e-40 
4.7075 4.17676e-40 
4.715 2.5136e-40 
4.7125 2.97798e-40 
4.72 1.78939e-40 
4.7175 2.12106e-40 
4.725 1.27251e-40 
4.7225 1.50916e-40 
4.73 9.03997e-41 
4.7275 1.07267e-40 
4.735 6.41539e-41 
4.7325 7.61637e-41 
4.74 4.54809e-41 
4.7375 5.4023e-41 
4.745 3.22095e-41 
4.7425 3.82789e-41 
4.75 2.27871e-41 
4.7475 2.7095e-41 
4.755 1.61043e-41 
4.7525 1.91588e-41 
4.76 1.13696e-41 
4.7575 1.35331e-41 
4.765 8.01864e-42 
4.7625 9.54942e-42 
4.77 5.64942e-42 
4.7675 6.7314e-42 
4.775 3.97609e-42 
4.7725 4.74005e-42 
4.78 2.7955e-42 
4.7775 3.33435e-42 
4.785 1.96341e-42 
4.7825 2.34308e-42 
4.79 1.37757e-42 
4.7875 1.64481e-42 
4.795 9.65528e-43 
4.7925 1.15343e-42 
4.8 6.76031e-43 
4.7975 8.08013e-43 
4.805 4.72845e-43 
4.8025 5.65451e-43 
4.81 3.30385e-43 
4.8075 3.95296e-43 
4.815 2.30607e-43 
4.8125 2.76057e-43 
4.82 1.60796e-43 
4.8175 1.92587e-43 
4.825 1.12003e-43 
4.8225 1.34216e-43 
4.83 7.79348e-44 
4.8275 9.34398e-44 
4.835 5.41733e-44 
4.8325 6.49846e-44 
4.84 3.76175e-44 
4.8375 4.51481e-44 
4.845 2.60943e-44 
4.8425 3.13343e-44 
4.85 1.80823e-44 
4.8475 2.17246e-44 
4.855 1.25173e-44 
4.8525 1.50464e-44 
4.86 8.65605e-45 
4.8575 1.04104e-44 
4.865 5.97972e-45 
4.8625 7.19536e-45 
4.87 4.12661e-45 
4.8675 4.96809e-45 
4.875 2.84484e-45 
4.8725 3.42671e-45 
4.88 1.95918e-45 
4.8775 2.36112e-45 
4.885 1.34786e-45 
4.8825 1.62521e-45 
4.89 9.26328e-46 
4.8875 1.11752e-45 
4.895 6.35973e-46 
4.8925 7.67632e-46 
4.9 4.3618e-46 
4.8975 5.26749e-46 
4.905 2.98845e-46 
4.9025 3.61083e-46 
4.91 2.0454e-46 
4.9075 2.47265e-46 
4.915 1.39851e-46 
4.9125 1.6915e-46 
4.92 9.55226e-47 
4.9175 1.15594e-46 
4.925 6.51781e-47 
4.9225 7.89141e-47 
4.93 4.44277e-47 
4.9275 5.38181e-47 
4.935 3.02527e-47 
4.9325 3.66656e-47 
4.94 2.05796e-47 
4.9375 2.49546e-47 
4.945 1.39858e-47 
4.9425 1.69672e-47 
4.95 9.49593e-48 
4.9475 1.15254e-47 
4.955 6.44235e-48 
4.9525 7.8221e-48 
4.96 4.36848e-48 
4.9575 5.30515e-48 
4.965 2.96256e-48 
4.9625 3.59717e-48 
4.97 2.01211e-48 
4.9675 2.4407e-48 
4.975 1.37275e-48 
4.9725 1.66052e-48 
4.98 9.46833e-49 
4.9775 1.1378e-48 
4.985 6.69035e-49 
4.9825 7.92524e-49 
4.99 4.9655e-49 
4.9875 5.71609e-49 
4.995 4.02711e-49 
4.9925 4.40954e-49 
5 3.7297e-49 
4.9975 3.8033e-49 
