0 9.43188e-16 
0.005 9.475e-16 
0.0025 9.44266e-16 
0.01 9.6044e-16 
0.0075 9.5289e-16 
0.015 9.82024e-16 
0.0125 9.7015e-16 
0.02 1.01228e-15 
0.0175 9.96066e-16 
0.025 1.05124e-15 
0.0225 1.03067e-15 
0.03 1.09894e-15 
0.0275 1.07399e-15 
0.035 1.15543e-15 
0.0325 1.12608e-15 
0.04 1.22076e-15 
0.0375 1.18699e-15 
0.045 1.29496e-15 
0.0425 1.25675e-15 
0.05 1.37809e-15 
0.0475 1.33541e-15 
0.055 1.47016e-15 
0.0525 1.423e-15 
0.06 1.57119e-15 
0.0575 1.51956e-15 
0.065 1.68119e-15 
0.0625 1.62507e-15 
0.07 1.80011e-15 
0.0675 1.73954e-15 
0.075 1.92791e-15 
0.0725 1.86291e-15 
0.08 2.0645e-15 
0.0775 1.99511e-15 
0.085 2.20973e-15 
0.0825 2.13604e-15 
0.09 2.36344e-15 
0.0875 2.28554e-15 
0.095 2.5254e-15 
0.0925 2.44341e-15 
0.1 2.69531e-15 
0.0975 2.60938e-15 
0.105 2.87282e-15 
0.1025 2.78314e-15 
0.11 3.05753e-15 
0.1075 2.96431e-15 
0.115 3.24894e-15 
0.1125 3.15243e-15 
0.12 3.44649e-15 
0.1175 3.34698e-15 
0.125 3.64952e-15 
0.1225 3.54736e-15 
0.13 3.85732e-15 
0.1275 3.75287e-15 
0.135 4.06907e-15 
0.1325 3.96276e-15 
0.14 4.28388e-15 
0.1375 4.17616e-15 
0.145 4.50077e-15 
0.1425 4.39213e-15 
0.15 4.71868e-15 
0.1475 4.60967e-15 
0.155 4.93646e-15 
0.1525 4.82766e-15 
0.16 5.15289e-15 
0.1575 5.04492e-15 
0.165 5.3667e-15 
0.1625 5.26021e-15 
0.17 5.57653e-15 
0.1675 5.4722e-15 
0.175 5.78098e-15 
0.1725 5.67952e-15 
0.18 5.97862e-15 
0.1775 5.88074e-15 
0.185 6.16797e-15 
0.1825 6.07442e-15 
0.19 6.34756e-15 
0.1875 6.25908e-15 
0.195 6.5159e-15 
0.1925 6.43323e-15 
0.2 6.67153e-15 
0.1975 6.59539e-15 
0.205 6.81304e-15 
0.2025 6.74414e-15 
0.21 6.93907e-15 
0.2075 6.87807e-15 
0.215 7.04834e-15 
0.2125 6.99588e-15 
0.22 7.13968e-15 
0.2175 7.09632e-15 
0.225 7.21206e-15 
0.2225 7.1783e-15 
0.23 7.26457e-15 
0.2275 7.24084e-15 
0.235 7.2965e-15 
0.2325 7.28314e-15 
0.24 7.30733e-15 
0.2375 7.30458e-15 
0.245 7.29676e-15 
0.2425 7.30473e-15 
0.25 7.26472e-15 
0.2475 7.28342e-15 
0.255 7.21139e-15 
0.2525 7.2407e-15 
0.26 7.13723e-15 
0.2575 7.17688e-15 
0.265 7.04296e-15 
0.2625 7.09255e-15 
0.27 6.92957e-15 
0.2675 6.98858e-15 
0.275 6.79835e-15 
0.2725 6.8661e-15 
0.28 6.65086e-15 
0.2775 6.72654e-15 
0.285 6.48891e-15 
0.2825 6.57157e-15 
0.29 6.31454e-15 
0.2875 6.40314e-15 
0.295 6.13005e-15 
0.2925 6.22341e-15 
0.3 5.93789e-15 
0.2975 6.03477e-15 
0.305 5.74069e-15 
0.3025 5.83975e-15 
0.31 5.54117e-15 
0.3075 5.64104e-15 
0.315 5.34215e-15 
0.3125 5.44142e-15 
0.32 5.14646e-15 
0.3175 5.24371e-15 
0.325 4.95691e-15 
0.3225 5.05074e-15 
0.33 4.77625e-15 
0.3275 4.8653e-15 
0.335 4.60715e-15 
0.3325 4.6901e-15 
0.34 4.45211e-15 
0.3375 4.52772e-15 
0.345 4.31347e-15 
0.3425 4.3806e-15 
0.35 4.1934e-15 
0.3475 4.25099e-15 
0.355 4.09385e-15 
0.3525 4.14095e-15 
0.36 4.01659e-15 
0.3575 4.05233e-15 
0.365 3.96316e-15 
0.3625 3.9868e-15 
0.37 3.93497e-15 
0.3675 3.94583e-15 
0.375 3.93324e-15 
0.3725 3.93072e-15 
0.38 3.9591e-15 
0.3775 3.94265e-15 
0.385 4.01358e-15 
0.3825 3.9827e-15 
0.39 4.09769e-15 
0.3875 4.05187e-15 
0.395 4.21245e-15 
0.3925 4.15117e-15 
0.4 4.35894e-15 
0.3975 4.28166e-15 
0.405 4.53834e-15 
0.4025 4.44445e-15 
0.41 4.752e-15 
0.4075 4.6408e-15 
0.415 5.00147e-15 
0.4125 4.87215e-15 
0.42 5.28856e-15 
0.4175 5.14019e-15 
0.425 5.61538e-15 
0.4225 5.44686e-15 
0.43 5.9844e-15 
0.4275 5.79444e-15 
0.435 6.39847e-15 
0.4325 6.1856e-15 
0.44 6.86093e-15 
0.4375 6.62342e-15 
0.445 7.37562e-15 
0.4425 7.11148e-15 
0.45 7.94697e-15 
0.4475 7.65391e-15 
0.455 8.58004e-15 
0.4525 8.25544e-15 
0.46 9.28067e-15 
0.4575 8.92151e-15 
0.465 1.00555e-14 
0.4625 9.65835e-15 
0.47 1.09121e-14 
0.4675 1.0473e-14 
0.475 1.1859e-14 
0.4725 1.13737e-14 
0.48 1.29062e-14 
0.4775 1.23694e-14 
0.485 1.40648e-14 
0.4825 1.34708e-14 
0.49 1.53475e-14 
0.4875 1.46898e-14 
0.495 1.67689e-14 
0.4925 1.60399e-14 
0.5 1.83452e-14 
0.4975 1.75366e-14 
0.505 2.00954e-14 
0.5025 1.91973e-14 
0.51 2.20406e-14 
0.5075 2.10422e-14 
0.515 2.42051e-14 
0.5125 2.30938e-14 
0.52 2.66163e-14 
0.5175 2.5378e-14 
0.525 2.93057e-14 
0.5225 2.79241e-14 
0.53 3.23087e-14 
0.5275 3.07656e-14 
0.535 3.56659e-14 
0.5325 3.39403e-14 
0.54 3.94232e-14 
0.5375 3.74915e-14 
0.545 4.36329e-14 
0.5425 4.1468e-14 
0.55 4.83543e-14 
0.5475 4.59256e-14 
0.555 5.36549e-14 
0.5525 5.09276e-14 
0.56 5.96111e-14 
0.5575 5.65458e-14 
0.565 6.63099e-14 
0.5625 6.28618e-14 
0.57 7.38498e-14 
0.5675 6.9968e-14 
0.575 8.23428e-14 
0.5725 7.79696e-14 
0.58 9.19159e-14 
0.5775 8.69858e-14 
0.585 1.02713e-13 
0.5825 9.71517e-14 
0.59 1.14897e-13 
0.5875 1.08621e-13 
0.595 1.28654e-13 
0.5925 1.21567e-13 
0.6 1.44194e-13 
0.5975 1.36187e-13 
0.605 1.61754e-13 
0.6025 1.52705e-13 
0.61 1.81605e-13 
0.6075 1.71375e-13 
0.615 2.04052e-13 
0.6125 1.92483e-13 
0.62 2.29442e-13 
0.6175 2.16355e-13 
0.625 2.58168e-13 
0.6225 2.43362e-13 
0.63 2.90677e-13 
0.6275 2.7392e-13 
0.635 3.27472e-13 
0.6325 3.08505e-13 
0.64 3.69127e-13 
0.6375 3.47653e-13 
0.645 4.16289e-13 
0.6425 3.91976e-13 
0.65 4.69695e-13 
0.6475 4.42162e-13 
0.655 5.30177e-13 
0.6525 4.98995e-13 
0.66 5.98681e-13 
0.6575 5.63363e-13 
0.665 6.76275e-13 
0.6625 6.36269e-13 
0.67 7.64174e-13 
0.6675 7.18855e-13 
0.675 8.63753e-13 
0.6725 8.12411e-13 
0.68 9.76569e-13 
0.6775 9.18401e-13 
0.685 1.10439e-12 
0.6825 1.03848e-12 
0.69 1.24922e-12 
0.6875 1.17454e-12 
0.695 1.41332e-12 
0.6925 1.3287e-12 
0.7 1.59926e-12 
0.6975 1.50338e-12 
0.705 1.80997e-12 
0.7025 1.70132e-12 
0.71 2.04874e-12 
0.7075 1.92562e-12 
0.715 2.31932e-12 
0.7125 2.1798e-12 
0.72 2.62594e-12 
0.7175 2.46784e-12 
0.725 2.97343e-12 
0.7225 2.79425e-12 
0.73 3.36722e-12 
0.7275 3.16417e-12 
0.735 3.8135e-12 
0.7325 3.58339e-12 
0.74 4.31928e-12 
0.7375 4.05848e-12 
0.745 4.89247e-12 
0.7425 4.59691e-12 
0.75 5.54209e-12 
0.7475 5.20712e-12 
0.755 6.27832e-12 
0.7525 5.89869e-12 
0.76 7.11271e-12 
0.7575 6.68246e-12 
0.765 8.05837e-12 
0.7625 7.57075e-12 
0.77 9.13014e-12 
0.7675 8.57749e-12 
0.775 1.03448e-11 
0.7725 9.71848e-12 
0.78 1.17215e-11 
0.7775 1.10116e-11 
0.785 1.32818e-11 
0.7825 1.24773e-11 
0.79 1.50502e-11 
0.7875 1.41384e-11 
0.795 1.70545e-11 
0.7925 1.6021e-11 
0.8 1.93261e-11 
0.7975 1.81548e-11 
0.805 2.19007e-11 
0.8025 2.05731e-11 
0.81 2.48187e-11 
0.8075 2.33141e-11 
0.815 2.8126e-11 
0.8125 2.64206e-11 
0.82 3.18744e-11 
0.8175 2.99416e-11 
0.825 3.61229e-11 
0.8225 3.39322e-11 
0.83 4.09381e-11 
0.8275 3.84551e-11 
0.835 4.63956e-11 
0.8325 4.35814e-11 
0.84 5.25812e-11 
0.8375 4.93916e-11 
0.845 5.9592e-11 
0.8425 5.59769e-11 
0.85 6.7538e-11 
0.8475 6.34406e-11 
0.855 7.65441e-11 
0.8525 7.19001e-11 
0.86 8.67518e-11 
0.8575 8.14882e-11 
0.865 9.83212e-11 
0.8625 9.23554e-11 
0.87 1.11434e-10 
0.8675 1.04672e-10 
0.875 1.26297e-10 
0.8725 1.18633e-10 
0.88 1.43142e-10 
0.8775 1.34456e-10 
0.885 1.62235e-10 
0.8825 1.52389e-10 
0.89 1.83875e-10 
0.8875 1.72716e-10 
0.895 2.08402e-10 
0.8925 1.95754e-10 
0.9 2.36202e-10 
0.8975 2.21867e-10 
0.905 2.67711e-10 
0.9025 2.51463e-10 
0.91 3.03423e-10 
0.9075 2.85008e-10 
0.915 3.43901e-10 
0.9125 3.23029e-10 
0.92 3.8978e-10 
0.9175 3.66123e-10 
0.925 4.4178e-10 
0.9225 4.14966e-10 
0.93 5.00719e-10 
0.9275 4.70327e-10 
0.935 5.67522e-10 
0.9325 5.33075e-10 
0.94 6.43238e-10 
0.9375 6.04195e-10 
0.945 7.29058e-10 
0.9425 6.84805e-10 
0.95 8.26329e-10 
0.9475 7.76171e-10 
0.955 9.36579e-10 
0.9525 8.79728e-10 
0.96 1.06154e-09 
0.9575 9.97104e-10 
0.965 1.20318e-09 
0.9625 1.13014e-09 
0.97 1.36371e-09 
0.9675 1.28093e-09 
0.975 1.54567e-09 
0.9725 1.45184e-09 
0.98 1.75191e-09 
0.9775 1.64556e-09 
0.985 1.98567e-09 
0.9825 1.86513e-09 
0.99 2.25062e-09 
0.9875 2.114e-09 
0.995 2.55093e-09 
0.9925 2.39608e-09 
1 2.89132e-09 
0.9975 2.7158e-09 
1.005 3.27713e-09 
1.0025 3.07818e-09 
1.01 3.71442e-09 
1.0075 3.48893e-09 
1.015 4.21008e-09 
1.0125 3.95449e-09 
1.02 4.77188e-09 
1.0175 4.48218e-09 
1.025 5.40865e-09 
1.0225 5.08029e-09 
1.03 6.1304e-09 
1.0275 5.75823e-09 
1.035 6.94848e-09 
1.0325 6.52663e-09 
1.04 7.87573e-09 
1.0375 7.39759e-09 
1.045 8.92673e-09 
1.0425 8.38478e-09 
1.05 1.0118e-08 
1.0475 9.50372e-09 
1.055 1.14683e-08 
1.0525 1.0772e-08 
1.06 1.29987e-08 
1.0575 1.22095e-08 
1.065 1.47335e-08 
1.0625 1.38389e-08 
1.07 1.66997e-08 
1.0675 1.56858e-08 
1.075 1.89284e-08 
1.0725 1.77792e-08 
1.08 2.14545e-08 
1.0775 2.01519e-08 
1.085 2.43179e-08 
1.0825 2.28414e-08 
1.09 2.75634e-08 
1.0875 2.58898e-08 
1.095 3.1242e-08 
1.0925 2.93451e-08 
1.1 3.54117e-08 
1.0975 3.32616e-08 
1.105 4.0138e-08 
1.1025 3.77008e-08 
1.11 4.54951e-08 
1.1075 4.27327e-08 
1.115 5.15673e-08 
1.1125 4.84361e-08 
1.12 5.845e-08 
1.1175 5.49009e-08 
1.125 6.62515e-08 
1.1225 6.22286e-08 
1.13 7.50944e-08 
1.1275 7.05345e-08 
1.135 8.51177e-08 
1.1325 7.99491e-08 
1.14 9.64791e-08 
1.1375 9.06205e-08 
1.145 1.09357e-07 
1.1425 1.02717e-07 
1.15 1.23955e-07 
1.1475 1.16427e-07 
1.155 1.40501e-07 
1.1525 1.31969e-07 
1.16 1.59256e-07 
1.1575 1.49585e-07 
1.165 1.80515e-07 
1.1625 1.69552e-07 
1.17 2.04613e-07 
1.1675 1.92186e-07 
1.175 2.31927e-07 
1.1725 2.17842e-07 
1.18 2.6289e-07 
1.1775 2.46924e-07 
1.185 2.97986e-07 
1.1825 2.79888e-07 
1.19 3.37769e-07 
1.1875 3.17254e-07 
1.195 3.82865e-07 
1.1925 3.59611e-07 
1.2 4.33983e-07 
1.1975 4.07623e-07 
1.205 4.91927e-07 
1.2025 4.62047e-07 
1.21 5.57611e-07 
1.2075 5.2374e-07 
1.215 6.32068e-07 
1.2125 5.93673e-07 
1.22 7.16471e-07 
1.2175 6.72947e-07 
1.225 8.12148e-07 
1.2225 7.6281e-07 
1.23 9.20607e-07 
1.2275 8.64678e-07 
1.235 1.04356e-06 
1.2325 9.80156e-07 
1.24 1.18294e-06 
1.2375 1.11106e-06 
1.245 1.34094e-06 
1.2425 1.25946e-06 
1.25 1.52006e-06 
1.2475 1.42769e-06 
1.255 1.72312e-06 
1.2525 1.61841e-06 
1.26 1.95333e-06 
1.2575 1.83462e-06 
1.265 2.21432e-06 
1.2625 2.07973e-06 
1.27 2.5102e-06 
1.2675 2.35762e-06 
1.275 2.84566e-06 
1.2725 2.67267e-06 
1.28 3.22599e-06 
1.2775 3.02986e-06 
1.285 3.65721e-06 
1.2825 3.43483e-06 
1.29 4.14613e-06 
1.2875 3.89399e-06 
1.295 4.7005e-06 
1.2925 4.41461e-06 
1.3 5.3291e-06 
1.2975 5.00493e-06 
1.305 6.04189e-06 
1.3025 5.6743e-06 
1.31 6.85018e-06 
1.3075 6.43333e-06 
1.315 7.7668e-06 
1.3125 7.29408e-06 
1.32 8.80633e-06 
1.3175 8.27022e-06 
1.325 9.98529e-06 
1.3225 9.37726e-06 
1.33 1.13225e-05 
1.3275 1.06328e-05 
1.335 1.28392e-05 
1.3325 1.2057e-05 
1.34 1.45597e-05 
1.3375 1.36724e-05 
1.345 1.65115e-05 
1.3425 1.55049e-05 
1.35 1.87259e-05 
1.3475 1.75838e-05 
1.355 2.12385e-05 
1.3525 1.99425e-05 
1.36 2.40895e-05 
1.3575 2.26189e-05 
1.365 2.73251e-05 
1.3625 2.56561e-05 
1.37 3.09975e-05 
1.3675 2.91032e-05 
1.375 3.51663e-05 
1.3725 3.30158e-05 
1.38 3.98991e-05 
1.3775 3.74576e-05 
1.385 4.52732e-05 
1.3825 4.25008e-05 
1.39 5.13765e-05 
1.3875 4.82278e-05 
1.395 5.83093e-05 
1.3925 5.47324e-05 
1.4 6.61858e-05 
1.3975 6.21218e-05 
1.405 7.51366e-05 
1.4025 7.05181e-05 
1.41 8.53106e-05 
1.4075 8.00606e-05 
1.415 9.68782e-05 
1.4125 9.09087e-05 
1.42 0.000110034 
1.4175 0.000103244 
1.425 0.000125 
1.4225 0.000117276 
1.43 0.000142033 
1.4275 0.000133241 
1.435 0.000161424 
1.4325 0.000151414 
1.44 0.000183508 
1.4375 0.000172106 
1.445 0.00020867 
1.4425 0.000195678 
1.45 0.000237353 
1.4475 0.000222541 
1.455 0.000270065 
1.4525 0.000253171 
1.46 0.000307392 
1.4575 0.000288112 
1.465 0.000350008 
1.4625 0.000327992 
1.47 0.000398692 
1.4675 0.000373538 
1.475 0.000454342 
1.4725 0.000425585 
1.48 0.000517999 
1.4775 0.000485099 
1.485 0.000590862 
1.4825 0.000553197 
1.49 0.000674324 
1.4875 0.000631173 
1.495 0.000769998 
1.4925 0.000720525 
1.5 0.000879754 
1.4975 0.000822988 
1.505 0.00100576 
1.5025 0.000940579 
1.51 0.00115055 
1.5075 0.00107564 
1.515 0.00131703 
1.5125 0.00123087 
1.52 0.00150862 
1.5175 0.00140945 
1.525 0.00172926 
1.5225 0.00161504 
1.53 0.00198355 
1.5275 0.00185189 
1.535 0.00227682 
1.5325 0.00212495 
1.54 0.00261527 
1.5375 0.00243998 
1.545 0.00300605 
1.5425 0.00280363 
1.55 0.00345749 
1.5475 0.00322362 
1.555 0.00397917 
1.5525 0.00370889 
1.56 0.00458218 
1.5575 0.00426976 
1.565 0.00527925 
1.5625 0.00491809 
1.57 0.006085 
1.5675 0.00566755 
1.575 0.00701614 
1.5725 0.00653377 
1.58 0.00809168 
1.5775 0.00753458 
1.585 0.00933319 
1.5825 0.00869024 
1.59 0.0107649 
1.5875 0.0100237 
1.595 0.0124142 
1.5925 0.0115606 
1.6 0.0143112 
1.5975 0.0133297 
1.605 0.0164894 
1.6025 0.0153629 
1.61 0.0189854 
1.6075 0.0176952 
1.615 0.0218389 
1.6125 0.0203649 
1.62 0.0250926 
1.6175 0.023413 
1.625 0.0287918 
1.6225 0.0268836 
1.63 0.0329839 
1.6275 0.0308232 
1.635 0.0377181 
1.6325 0.0352801 
1.64 0.0430447 
1.6375 0.0403042 
1.645 0.0490143 
1.6425 0.0459459 
1.65 0.0556772 
1.6475 0.052256 
1.655 0.0630826 
1.6525 0.0592841 
1.66 0.0712778 
1.6575 0.0670786 
1.665 0.0803076 
1.6625 0.0756857 
1.67 0.0902138 
1.6675 0.0851487 
1.675 0.101034 
1.6725 0.0955074 
1.68 0.112802 
1.6775 0.106798 
1.685 0.125546 
1.6825 0.11905 
1.69 0.139289 
1.6875 0.132291 
1.695 0.154047 
1.6925 0.14654 
1.7 0.169831 
1.6975 0.16181 
1.705 0.18664 
1.7025 0.178107 
1.71 0.204469 
1.7075 0.195428 
1.715 0.223299 
1.7125 0.21376 
1.72 0.243104 
1.7175 0.233082 
1.725 0.263843 
1.7225 0.25336 
1.73 0.285467 
1.7275 0.274548 
1.735 0.307913 
1.7325 0.296592 
1.74 0.331105 
1.7375 0.319421 
1.745 0.354958 
1.7425 0.342955 
1.75 0.379376 
1.7475 0.367103 
1.755 0.404251 
1.7525 0.391763 
1.76 0.42947 
1.7575 0.416825 
1.765 0.454913 
1.7625 0.442171 
1.77 0.480456 
1.7675 0.46768 
1.775 0.505975 
1.7725 0.493226 
1.78 0.531345 
1.7775 0.518686 
1.785 0.556447 
1.7825 0.543937 
1.79 0.581165 
1.7875 0.568861 
1.795 0.605392 
1.7925 0.593346 
1.8 0.62903 
1.7975 0.61729 
1.805 0.651991 
1.8025 0.6406 
1.81 0.6742 
1.8075 0.663194 
1.815 0.695594 
1.8125 0.685002 
1.82 0.71612 
1.8175 0.705968 
1.825 0.73574 
1.8225 0.726045 
1.83 0.754427 
1.8275 0.745201 
1.835 0.772164 
1.8325 0.763414 
1.84 0.788945 
1.8375 0.780674 
1.845 0.804775 
1.8425 0.796978 
1.85 0.819663 
1.8475 0.812335 
1.855 0.833629 
1.8525 0.82676 
1.86 0.846698 
1.8575 0.840274 
1.865 0.858897 
1.8625 0.852904 
1.87 0.87026 
1.8675 0.864681 
1.875 0.880824 
1.8725 0.87564 
1.88 0.890626 
1.8775 0.885818 
1.885 0.899705 
1.8825 0.895253 
1.89 0.9081 
1.8875 0.903985 
1.895 0.915853 
1.8925 0.912055 
1.9 0.923002 
1.8975 0.9195 
1.905 0.929586 
1.9025 0.926362 
1.91 0.935643 
1.9075 0.932678 
1.915 0.941208 
1.9125 0.938485 
1.92 0.946318 
1.9175 0.943818 
1.925 0.951004 
1.9225 0.948712 
1.93 0.955299 
1.9275 0.953199 
1.935 0.959232 
1.9325 0.957309 
1.94 0.962831 
1.9375 0.961072 
1.945 0.966123 
1.9425 0.964514 
1.95 0.969132 
1.9475 0.967662 
1.955 0.971881 
1.9525 0.970537 
1.96 0.97439 
1.9575 0.973164 
1.965 0.976681 
1.9625 0.975562 
1.97 0.978771 
1.9675 0.97775 
1.975 0.980677 
1.9725 0.979746 
1.98 0.982415 
1.9775 0.981566 
1.985 0.983998 
1.9825 0.983225 
1.99 0.985442 
1.9875 0.984737 
1.995 0.986756 
1.9925 0.986114 
2 0.987953 
1.9975 0.987369 
2.005 0.989043 
2.0025 0.988511 
2.01 0.990036 
2.0075 0.989551 
2.015 0.990939 
2.0125 0.990498 
2.02 0.991761 
2.0175 0.99136 
2.025 0.992509 
2.0225 0.992144 
2.03 0.993189 
2.0275 0.992857 
2.035 0.993808 
2.0325 0.993506 
2.04 0.994371 
2.0375 0.994096 
2.045 0.994883 
2.0425 0.994633 
2.05 0.995349 
2.0475 0.995122 
2.055 0.995773 
2.0525 0.995566 
2.06 0.996158 
2.0575 0.99597 
2.065 0.996508 
2.0625 0.996337 
2.07 0.996826 
2.0675 0.996671 
2.075 0.997115 
2.0725 0.996974 
2.08 0.997378 
2.0775 0.99725 
2.085 0.997618 
2.0825 0.997501 
2.09 0.997835 
2.0875 0.997729 
2.095 0.998032 
2.0925 0.997936 
2.1 0.998212 
2.0975 0.998124 
2.105 0.998375 
2.1025 0.998295 
2.11 0.998523 
2.1075 0.998451 
2.115 0.998658 
2.1125 0.998592 
2.12 0.998781 
2.1175 0.998721 
2.125 0.998892 
2.1225 0.998838 
2.13 0.998993 
2.1275 0.998944 
2.135 0.999085 
2.1325 0.99904 
2.14 0.999168 
2.1375 0.999128 
2.145 0.999244 
2.1425 0.999207 
2.15 0.999313 
2.1475 0.999279 
2.155 0.999376 
2.1525 0.999345 
2.16 0.999432 
2.1575 0.999405 
2.165 0.999484 
2.1625 0.999459 
2.17 0.999531 
2.1675 0.999508 
2.175 0.999574 
2.1725 0.999553 
2.18 0.999612 
2.1775 0.999593 
2.185 0.999647 
2.1825 0.99963 
2.19 0.999679 
2.1875 0.999664 
2.195 0.999708 
2.1925 0.999694 
2.2 0.999734 
2.1975 0.999721 
2.205 0.999758 
2.2025 0.999746 
2.21 0.99978 
2.2075 0.999769 
2.215 0.999799 
2.2125 0.99979 
2.22 0.999817 
2.2175 0.999808 
2.225 0.999833 
2.2225 0.999825 
2.23 0.999847 
2.2275 0.99984 
2.235 0.99986 
2.2325 0.999854 
2.24 0.999872 
2.2375 0.999866 
2.245 0.999883 
2.2425 0.999878 
2.25 0.999892 
2.2475 0.999888 
2.255 0.999901 
2.2525 0.999897 
2.26 0.999909 
2.2575 0.999905 
2.265 0.999915 
2.2625 0.999912 
2.27 0.999921 
2.2675 0.999918 
2.275 0.999927 
2.2725 0.999924 
2.28 0.999931 
2.2775 0.999929 
2.285 0.999935 
2.2825 0.999933 
2.29 0.999939 
2.2875 0.999937 
2.295 0.999942 
2.2925 0.99994 
2.3 0.999944 
2.2975 0.999943 
2.305 0.999946 
2.3025 0.999945 
2.31 0.999947 
2.3075 0.999947 
2.315 0.999948 
2.3125 0.999948 
2.32 0.999948 
2.3175 0.999948 
2.325 0.999948 
2.3225 0.999949 
2.33 0.999948 
2.3275 0.999948 
2.335 0.999947 
2.3325 0.999948 
2.34 0.999946 
2.3375 0.999946 
2.345 0.999944 
2.3425 0.999945 
2.35 0.999941 
2.3475 0.999942 
2.355 0.999938 
2.3525 0.99994 
2.36 0.999935 
2.3575 0.999937 
2.365 0.999931 
2.3625 0.999933 
2.37 0.999926 
2.3675 0.999928 
2.375 0.999921 
2.3725 0.999924 
2.38 0.999915 
2.3775 0.999918 
2.385 0.999908 
2.3825 0.999912 
2.39 0.999901 
2.3875 0.999904 
2.395 0.999892 
2.3925 0.999896 
2.4 0.999883 
2.3975 0.999888 
2.405 0.999872 
2.4025 0.999878 
2.41 0.999861 
2.4075 0.999867 
2.415 0.999848 
2.4125 0.999855 
2.42 0.999834 
2.4175 0.999842 
2.425 0.999819 
2.4225 0.999827 
2.43 0.999802 
2.4275 0.999811 
2.435 0.999783 
2.4325 0.999793 
2.44 0.999763 
2.4375 0.999773 
2.445 0.99974 
2.4425 0.999752 
2.45 0.999715 
2.4475 0.999728 
2.455 0.999688 
2.4525 0.999702 
2.46 0.999658 
2.4575 0.999673 
2.465 0.999625 
2.4625 0.999642 
2.47 0.999589 
2.4675 0.999607 
2.475 0.999549 
2.4725 0.999569 
2.48 0.999505 
2.4775 0.999527 
2.485 0.999457 
2.4825 0.999482 
2.49 0.999404 
2.4875 0.999431 
2.495 0.999347 
2.4925 0.999376 
2.5 0.999283 
2.4975 0.999316 
2.505 0.999213 
2.5025 0.999249 
2.51 0.999137 
2.5075 0.999176 
2.515 0.999053 
2.5125 0.999096 
2.52 0.998961 
2.5175 0.999008 
2.525 0.99886 
2.5225 0.998912 
2.53 0.998749 
2.5275 0.998806 
2.535 0.998627 
2.5325 0.998689 
2.54 0.998494 
2.5375 0.998562 
2.545 0.998347 
2.5425 0.998422 
2.55 0.998186 
2.5475 0.998268 
2.555 0.99801 
2.5525 0.9981 
2.56 0.997816 
2.5575 0.997915 
2.565 0.997604 
2.5625 0.997712 
2.57 0.997371 
2.5675 0.99749 
2.575 0.997115 
2.5725 0.997246 
2.58 0.996834 
2.5775 0.996978 
2.585 0.996527 
2.5825 0.996684 
2.59 0.996189 
2.5875 0.996362 
2.595 0.995819 
2.5925 0.996008 
2.6 0.995413 
2.5975 0.99562 
2.605 0.994967 
2.6025 0.995195 
2.61 0.994479 
2.6075 0.994729 
2.615 0.993943 
2.6125 0.994217 
2.62 0.993356 
2.6175 0.993657 
2.625 0.992712 
2.6225 0.993042 
2.63 0.992006 
2.6275 0.992368 
2.635 0.991233 
2.6325 0.991629 
2.64 0.990385 
2.6375 0.990819 
2.645 0.989456 
2.6425 0.989931 
2.65 0.988437 
2.6475 0.988958 
2.655 0.987322 
2.6525 0.987892 
2.66 0.9861 
2.6575 0.986725 
2.665 0.984762 
2.6625 0.985446 
2.67 0.983297 
2.6675 0.984046 
2.675 0.981694 
2.6725 0.982513 
2.68 0.979939 
2.6775 0.980836 
2.685 0.978019 
2.6825 0.979001 
2.69 0.97592 
2.6875 0.976993 
2.695 0.973625 
2.6925 0.974798 
2.7 0.971116 
2.6975 0.972398 
2.705 0.968377 
2.7025 0.969777 
2.71 0.965385 
2.7075 0.966914 
2.715 0.96212 
2.7125 0.963788 
2.72 0.95856 
2.7175 0.960378 
2.725 0.954678 
2.7225 0.956661 
2.73 0.950451 
2.7275 0.95261 
2.735 0.945849 
2.7325 0.948198 
2.74 0.940844 
2.7375 0.943399 
2.745 0.935406 
2.7425 0.938181 
2.75 0.929502 
2.7475 0.932514 
2.755 0.9231 
2.7525 0.926365 
2.76 0.916164 
2.7575 0.919701 
2.765 0.908661 
2.7625 0.912486 
2.77 0.900555 
2.7675 0.904686 
2.775 0.891809 
2.7725 0.896264 
2.78 0.882389 
2.7775 0.887186 
2.785 0.87226 
2.7825 0.877415 
2.79 0.861387 
2.7875 0.866918 
2.795 0.849741 
2.7925 0.855663 
2.8 0.837292 
2.7975 0.843619 
2.805 0.824016 
2.8025 0.830759 
2.81 0.809892 
2.8075 0.817061 
2.815 0.794904 
2.8125 0.802507 
2.82 0.779045 
2.8175 0.787084 
2.825 0.762312 
2.8225 0.770787 
2.83 0.744712 
2.8275 0.75362 
2.835 0.726261 
2.8325 0.735592 
2.84 0.706983 
2.8375 0.716724 
2.845 0.686914 
2.8425 0.697045 
2.85 0.666099 
2.8475 0.676597 
2.855 0.644593 
2.8525 0.655429 
2.86 0.622464 
2.8575 0.633602 
2.865 0.599785 
2.8625 0.611188 
2.87 0.576643 
2.8675 0.588266 
2.875 0.553128 
2.8725 0.564926 
2.88 0.52934 
2.8775 0.541262 
2.885 0.505381 
2.8825 0.517375 
2.89 0.481359 
2.8875 0.493372 
2.895 0.45738 
2.8925 0.469358 
2.9 0.433551 
2.8975 0.44544 
2.905 0.409976 
2.9025 0.421726 
2.91 0.386754 
2.9075 0.398315 
2.915 0.363979 
2.9125 0.375306 
2.92 0.341737 
2.9175 0.352787 
2.925 0.320104 
2.9225 0.33084 
2.93 0.299149 
2.9275 0.309538 
2.935 0.278929 
2.9325 0.288944 
2.94 0.259492 
2.9375 0.26911 
2.945 0.240875 
2.9425 0.250079 
2.95 0.223106 
2.9475 0.231883 
2.955 0.206202 
2.9525 0.214545 
2.96 0.190172 
2.9575 0.198077 
2.965 0.175017 
2.9625 0.182485 
2.97 0.160731 
2.9675 0.167766 
2.975 0.1473 
2.9725 0.15391 
2.98 0.134707 
2.9775 0.140901 
2.985 0.122929 
2.9825 0.128718 
2.99 0.11194 
2.9875 0.117338 
2.995 0.10171 
2.9925 0.106732 
3 0.0922075 
2.9975 0.0968696 
3.005 0.0834011 
3.0025 0.0877194 
3.01 0.0752569 
3.0075 0.0792483 
3.015 0.0677414 
3.0125 0.0714226 
3.02 0.0608212 
3.0175 0.0642089 
3.025 0.0544634 
3.0225 0.057574 
3.03 0.048636 
3.0275 0.0514854 
3.035 0.0433078 
3.0325 0.0459114 
3.04 0.0384486 
3.0375 0.0408214 
3.045 0.0340296 
3.0425 0.0361858 
3.05 0.0300228 
3.0475 0.0319763 
3.055 0.0264015 
3.0525 0.0281656 
3.06 0.0231398 
3.0575 0.0247273 
3.065 0.0202127 
3.0625 0.021636 
3.07 0.0175962 
3.0675 0.0188671 
3.075 0.0152666 
3.0725 0.0163969 
3.08 0.0132013 
3.0775 0.0142023 
3.085 0.011378 
3.0825 0.0122607 
3.09 0.00977552 
3.0875 0.0105505 
3.095 0.00837308 
3.0925 0.00905054 
3.1 0.00715094 
3.0975 0.00774067 
3.105 0.00609033 
3.1025 0.00660158 
3.11 0.00517355 
3.1075 0.00561503 
3.115 0.00438408 
3.1125 0.00476389 
3.12 0.00370665 
3.1175 0.00403226 
3.125 0.00312728 
3.1225 0.00340553 
3.13 0.0026333 
3.1275 0.00287036 
3.135 0.00221331 
3.1325 0.00241472 
3.14 0.00185716 
3.1375 0.00202785 
3.145 0.00155587 
3.1425 0.00170018 
3.15 0.00130154 
3.1475 0.00142329 
3.155 0.00108728 
3.1525 0.00118979 
3.16 0.000907103 
3.1575 0.000993268 
3.165 0.000755853 
3.1625 0.000828156 
3.17 0.000629082 
3.1675 0.000689659 
3.175 0.000522982 
3.1725 0.000573663 
3.18 0.000434304 
3.1775 0.000476648 
3.185 0.000360283 
3.1825 0.000395617 
3.19 0.000298571 
3.1875 0.00032802 
3.195 0.000247182 
3.1925 0.000271698 
3.2 0.000204436 
3.1975 0.000224822 
3.205 0.000168917 
3.2025 0.000185852 
3.21 0.000139436 
3.2075 0.000153488 
3.215 0.00011499 
3.2125 0.000126639 
3.22 9.47396e-05 
3.2175 0.000104387 
3.225 7.79817e-05 
3.2225 8.59633e-05 
3.23 6.41273e-05 
3.2275 7.07243e-05 
3.235 5.26845e-05 
3.2325 5.81319e-05 
3.24 4.32426e-05 
3.2375 4.77363e-05 
3.245 3.54592e-05 
3.2425 3.91626e-05 
3.25 2.9049e-05 
3.2475 3.20982e-05 
3.255 2.37749e-05 
3.2525 2.62831e-05 
3.26 1.94398e-05 
3.2575 2.15009e-05 
3.265 1.58797e-05 
3.2625 1.75719e-05 
3.27 1.29591e-05 
3.2675 1.4347e-05 
3.275 1.05654e-05 
3.2725 1.17026e-05 
3.28 8.60533e-06 
3.2775 9.53627e-06 
3.285 7.00203e-06 
3.2825 7.76335e-06 
3.29 5.69181e-06 
3.2875 6.3138e-06 
3.295 4.62216e-06 
3.2925 5.12982e-06 
3.3 3.74978e-06 
3.2975 4.1637e-06 
3.305 3.03899e-06 
3.3025 3.37615e-06 
3.31 2.46045e-06 
3.3075 2.73481e-06 
3.315 1.99003e-06 
3.3125 2.21305e-06 
3.32 1.6079e-06 
3.3175 1.78902e-06 
3.325 1.29782e-06 
3.3225 1.44475e-06 
3.33 1.04646e-06 
3.3275 1.16553e-06 
3.335 8.42909e-07 
3.3325 9.39307e-07 
3.34 6.78246e-07 
3.3375 7.56206e-07 
3.345 5.45181e-07 
3.3425 6.08164e-07 
3.35 4.37762e-07 
3.3475 4.88592e-07 
3.355 3.51139e-07 
3.3525 3.92117e-07 
3.36 2.81359e-07 
3.3575 3.1436e-07 
3.365 2.25207e-07 
3.3625 2.51755e-07 
3.37 1.80069e-07 
3.3675 2.01404e-07 
3.375 1.43825e-07 
3.3725 1.60951e-07 
3.38 1.14752e-07 
3.3775 1.28486e-07 
3.385 9.14583e-08 
3.3825 1.02459e-07 
3.39 7.28142e-08 
3.3875 8.16164e-08 
3.395 5.7908e-08 
3.3925 6.49435e-08 
3.4 4.60034e-08 
3.3975 5.16205e-08 
3.405 3.65063e-08 
3.4025 4.09862e-08 
3.41 2.89383e-08 
3.4075 3.25071e-08 
3.415 2.2914e-08 
3.4125 2.57541e-08 
3.42 1.8124e-08 
3.4175 2.03815e-08 
3.425 1.43196e-08 
3.4225 1.61121e-08 
3.43 1.13012e-08 
3.4275 1.27229e-08 
3.435 8.9093e-09 
3.4325 1.00356e-08 
3.44 7.01585e-09 
3.4375 7.90718e-09 
3.445 5.51869e-09 
3.4425 6.22326e-09 
3.45 4.33619e-09 
3.4475 4.89251e-09 
3.455 3.40329e-09 
3.4525 3.84205e-09 
3.46 2.66811e-09 
3.4575 3.01378e-09 
3.465 2.08942e-09 
3.4625 2.36143e-09 
3.47 1.63441e-09 
3.4675 1.84822e-09 
3.475 1.27706e-09 
3.4725 1.44493e-09 
3.48 9.96718e-10 
3.4775 1.12837e-09 
3.485 7.77048e-10 
3.4825 8.80177e-10 
3.49 6.0511e-10 
3.4875 6.85806e-10 
3.495 4.70688e-10 
3.4925 5.33758e-10 
3.5 3.65715e-10 
3.4975 4.14952e-10 
3.505 2.83833e-10 
3.5025 3.22228e-10 
3.51 2.20036e-10 
3.5075 2.49941e-10 
3.515 1.70386e-10 
3.5125 1.93653e-10 
3.52 1.3179e-10 
3.5175 1.49871e-10 
3.525 1.01822e-10 
3.5225 1.15857e-10 
3.53 7.8579e-11 
3.5275 8.94609e-11 
3.535 6.05733e-11 
3.5325 6.90008e-11 
3.54 4.66406e-11 
3.5375 5.31598e-11 
3.545 3.5872e-11 
3.5425 4.09091e-11 
3.55 2.75584e-11 
3.5475 3.1446e-11 
3.555 2.11475e-11 
3.5525 2.41444e-11 
3.56 1.62096e-11 
3.5575 1.85173e-11 
3.565 1.24106e-11 
3.5625 1.41855e-11 
3.57 9.4912e-12 
3.5675 1.08547e-11 
3.575 7.2503e-12 
3.5725 8.29658e-12 
3.58 5.5322e-12 
3.5775 6.33414e-12 
3.585 4.21645e-12 
3.5825 4.8304e-12 
3.59 3.20998e-12 
3.5875 3.67947e-12 
3.595 2.44099e-12 
3.5925 2.79959e-12 
3.6 1.85411e-12 
3.5975 2.1277e-12 
3.605 1.40674e-12 
3.6025 1.61523e-12 
3.61 1.0661e-12 
3.6075 1.2248e-12 
3.615 8.07032e-13 
3.6125 9.27694e-13 
3.62 6.10226e-13 
3.6175 7.01861e-13 
3.625 4.60892e-13 
3.6225 5.30402e-13 
3.63 3.47709e-13 
3.6275 4.00375e-13 
3.635 2.62023e-13 
3.6325 3.01882e-13 
3.64 1.9723e-13 
3.6375 2.27361e-13 
3.645 1.48291e-13 
3.6425 1.71043e-13 
3.65 1.1137e-13 
3.6475 1.28529e-13 
3.655 8.35468e-14 
3.6525 9.64736e-14 
3.66 6.2604e-14 
3.6575 7.23312e-14 
3.665 4.68581e-14 
3.6625 5.41693e-14 
3.67 3.50331e-14 
3.6675 4.05221e-14 
3.675 2.61629e-14 
3.6725 3.0279e-14 
3.68 1.95166e-14 
3.6775 2.25998e-14 
3.685 1.45424e-14 
3.6825 1.68492e-14 
3.69 1.08239e-14 
3.6875 1.25478e-14 
3.695 8.04716e-15 
3.6925 9.33407e-15 
3.7 5.97612e-15 
3.6975 6.93569e-15 
3.705 4.43315e-15 
3.7025 5.14784e-15 
3.71 3.28491e-15 
3.7075 3.8166e-15 
3.715 2.43139e-15 
3.7125 2.82649e-15 
3.72 1.79765e-15 
3.7175 2.09092e-15 
3.725 1.32763e-15 
3.7225 1.54507e-15 
3.73 9.79426e-16 
3.7275 1.14046e-15 
3.735 7.21758e-16 
3.7325 8.4089e-16 
3.74 5.31299e-16 
3.7375 6.19331e-16 
3.745 3.90674e-16 
3.7425 4.55653e-16 
3.75 2.86961e-16 
3.7475 3.34869e-16 
3.755 2.10554e-16 
3.7525 2.45838e-16 
3.76 1.54327e-16 
3.7575 1.80284e-16 
3.765 1.12995e-16 
3.7625 1.3207e-16 
3.77 8.26453e-17 
3.7675 9.6648e-17 
3.775 6.03845e-17 
3.7725 7.06523e-17 
3.78 4.40742e-17 
3.7775 5.15951e-17 
3.785 3.21365e-17 
3.7825 3.76396e-17 
3.79 2.34086e-17 
3.7875 2.74308e-17 
3.795 1.70341e-17 
3.7925 1.99709e-17 
3.8 1.23833e-17 
3.7975 1.45254e-17 
3.805 8.99363e-18 
3.8025 1.05544e-17 
3.81 6.52565e-18 
3.8075 7.66175e-18 
3.815 4.73056e-18 
3.8125 5.55668e-18 
3.82 3.42619e-18 
3.8175 4.02631e-18 
3.825 2.47931e-18 
3.8225 2.91484e-18 
3.83 1.79261e-18 
3.8275 2.10839e-18 
3.835 1.29507e-18 
3.8325 1.52381e-18 
3.84 9.34899e-19 
3.8375 1.10044e-18 
3.845 6.74409e-19 
3.8425 7.94108e-19 
3.85 4.86171e-19 
3.8475 5.7265e-19 
3.855 3.50257e-19 
3.8525 4.12684e-19 
3.86 2.52198e-19 
3.8575 2.97228e-19 
3.865 1.81503e-19 
3.8625 2.13961e-19 
3.87 1.30572e-19 
3.8675 1.53951e-19 
3.875 9.39016e-20 
3.8725 1.10732e-19 
3.88 6.75147e-20 
3.8775 7.96237e-20 
3.885 4.85368e-20 
3.8825 5.72447e-20 
3.89 3.48935e-20 
3.8875 4.1153e-20 
3.895 2.50885e-20 
3.8925 2.95867e-20 
3.9 1.80437e-20 
3.8975 2.12754e-20 
3.905 1.29828e-20 
3.9025 1.53044e-20 
3.91 9.34705e-21 
3.9075 1.10149e-20 
3.915 6.73488e-21 
3.9125 7.93324e-21 
3.92 4.85761e-21 
3.9175 5.71891e-21 
3.925 3.5079e-21 
3.9225 4.12724e-21 
3.93 2.53691e-21 
3.9275 2.98255e-21 
3.935 1.83781e-21 
3.9325 2.15874e-21 
3.94 1.33396e-21 
3.9375 1.56533e-21 
3.945 9.70392e-22 
3.9425 1.13741e-21 
3.95 7.07658e-22 
3.9475 8.28403e-22 
3.955 5.17468e-22 
3.9525 6.04918e-22 
3.96 3.79522e-22 
3.9575 4.42986e-22 
3.965 2.79243e-22 
3.9625 3.25407e-22 
3.97 2.06165e-22 
3.9675 2.39831e-22 
3.975 1.52762e-22 
3.9725 1.77384e-22 
3.98 1.13619e-22 
3.9775 1.31681e-22 
3.985 8.4835e-23 
3.9825 9.81292e-23 
3.99 6.35942e-23 
3.9875 7.34138e-23 
3.995 4.78624e-23 
3.9925 5.51426e-23 
4 3.61662e-23 
3.9975 4.15845e-23 
4.005 2.74357e-23 
4.0025 3.14845e-23 
4.01 2.08928e-23 
4.0075 2.39304e-23 
4.015 1.59693e-23 
4.0125 1.82576e-23 
4.02 1.22493e-23 
4.0175 1.39801e-23 
4.025 9.4274e-24 
4.0225 1.07417e-23 
4.03 7.27837e-24 
4.0275 8.28033e-24 
4.035 5.63559e-24 
4.0325 6.40227e-24 
4.04 4.37528e-24 
4.0375 4.96401e-24 
4.045 3.40509e-24 
4.0425 3.85869e-24 
4.05 2.65585e-24 
4.0475 3.00644e-24 
4.055 2.07554e-24 
4.0525 2.34728e-24 
4.06 1.62484e-24 
4.0575 1.83604e-24 
4.065 1.27395e-24 
4.0625 1.43848e-24 
4.07 1.00015e-24 
4.0675 1.1286e-24 
4.075 7.86076e-25 
4.0725 8.86557e-25 
4.08 6.18413e-25 
4.0775 6.97146e-25 
4.085 4.86895e-25 
4.0825 5.48678e-25 
4.09 3.83593e-25 
4.0875 4.32137e-25 
4.095 3.02361e-25 
4.0925 3.40544e-25 
4.1 2.38422e-25 
4.0975 2.68484e-25 
4.105 1.88056e-25 
4.1025 2.11741e-25 
4.11 1.48355e-25 
4.1075 1.67027e-25 
4.115 1.17045e-25 
4.1125 1.31772e-25 
4.12 9.23431e-26 
4.1175 1.03963e-25 
4.125 7.28494e-26 
4.1225 8.20201e-26 
4.13 5.7463e-26 
4.1275 6.47017e-26 
4.135 4.53176e-26 
4.1325 5.10316e-26 
4.14 3.57305e-26 
4.1375 4.02408e-26 
4.145 2.81633e-26 
4.1425 3.17232e-26 
4.15 2.21912e-26 
4.1475 2.50006e-26 
4.155 1.7479e-26 
4.1525 1.96956e-26 
4.16 1.37618e-26 
4.1575 1.55102e-26 
4.165 1.08303e-26 
4.1625 1.2209e-26 
4.17 8.51928e-27 
4.1675 9.60611e-27 
4.175 6.69807e-27 
4.1725 7.55446e-27 
4.18 5.26346e-27 
4.1775 5.93798e-27 
4.185 4.13387e-27 
4.1825 4.66491e-27 
4.19 3.24487e-27 
4.1875 3.66275e-27 
4.195 2.54558e-27 
4.1925 2.87424e-27 
4.2 1.99579e-27 
4.1975 2.25415e-27 
4.205 1.56378e-27 
4.2025 1.76676e-27 
4.21 1.22451e-27 
4.2075 1.38389e-27 
4.215 9.58223e-28 
4.2125 1.0833e-27 
4.22 7.49351e-28 
4.2175 8.47445e-28 
4.225 5.85615e-28 
4.2225 6.62498e-28 
4.23 4.57341e-28 
4.2275 5.17563e-28 
4.235 3.56916e-28 
4.2325 4.04055e-28 
4.24 2.78345e-28 
4.2375 3.15219e-28 
4.245 2.16915e-28 
4.2425 2.45739e-28 
4.25 1.68918e-28 
4.2475 1.91435e-28 
4.255 1.31445e-28 
4.2525 1.49022e-28 
4.26 1.02208e-28 
4.2575 1.15919e-28 
4.265 7.94133e-29 
4.2625 9.01008e-29 
4.27 6.16552e-29 
4.2675 6.99798e-29 
4.275 4.7831e-29 
4.2725 5.43102e-29 
4.28 3.70772e-29 
4.2775 4.21163e-29 
4.285 2.87184e-29 
4.2825 3.26344e-29 
4.29 2.22261e-29 
4.2875 2.52671e-29 
4.295 1.71877e-29 
4.2925 1.95472e-29 
4.3 1.32805e-29 
4.2975 1.51098e-29 
4.305 1.02531e-29 
4.3025 1.16702e-29 
4.31 7.90921e-30 
4.3075 9.00613e-30 
4.315 6.09604e-30 
4.3125 6.94441e-30 
4.32 4.69456e-30 
4.3175 5.35016e-30 
4.325 3.6122e-30 
4.3225 4.1184e-30 
4.33 2.77701e-30 
4.3275 3.16753e-30 
4.335 2.13307e-30 
4.3325 2.43409e-30 
4.34 1.63703e-30 
4.3375 1.86887e-30 
4.345 1.25524e-30 
4.3425 1.43364e-30 
4.35 9.61648e-31 
4.3475 1.0988e-30 
4.355 7.36069e-31 
4.3525 8.41423e-31 
4.36 5.62903e-31 
4.3575 6.43759e-31 
4.365 4.30089e-31 
4.3625 4.92089e-31 
4.37 3.28315e-31 
4.3675 3.75814e-31 
4.375 2.50397e-31 
4.3725 2.86753e-31 
4.38 1.90797e-31 
4.3775 2.18599e-31 
4.385 1.4525e-31 
4.3825 1.66492e-31 
4.39 1.10474e-31 
4.3875 1.26688e-31 
4.395 8.39461e-32 
4.3925 9.63117e-32 
4.4 6.37291e-32 
4.3975 7.31507e-32 
4.405 4.83359e-32 
4.4025 5.55077e-32 
4.41 3.66263e-32 
4.4075 4.20805e-32 
4.415 2.77273e-32 
4.4125 3.18714e-32 
4.42 2.09707e-32 
4.4175 2.41163e-32 
4.425 1.58454e-32 
4.4225 1.82309e-32 
4.43 1.19614e-32 
4.4275 1.37687e-32 
4.435 9.02075e-33 
4.4325 1.03887e-32 
4.44 6.79654e-33 
4.4375 7.83098e-33 
4.445 5.11581e-33 
4.4425 5.89729e-33 
4.45 3.84699e-33 
4.4475 4.43679e-33 
4.455 2.89006e-33 
4.4525 3.33477e-33 
4.46 2.16906e-33 
4.4575 2.50404e-33 
4.465 1.62634e-33 
4.4625 1.87842e-33 
4.47 1.21822e-33 
4.4675 1.40774e-33 
4.475 9.11626e-34 
4.4725 1.05396e-33 
4.48 6.81521e-34 
4.4775 7.88315e-34 
4.485 5.08996e-34 
4.4825 5.89045e-34 
4.49 3.79769e-34 
4.4875 4.39713e-34 
4.495 2.83071e-34 
4.4925 3.27914e-34 
4.5 2.10785e-34 
4.4975 2.44298e-34 
4.505 1.56802e-34 
4.5025 1.81823e-34 
4.51 1.16528e-34 
4.5075 1.3519e-34 
4.515 8.65122e-35 
4.5125 1.00417e-34 
4.52 6.41635e-35 
4.5175 7.45136e-35 
4.525 4.75405e-35 
4.5225 5.52368e-35 
4.53 3.51887e-35 
4.5275 4.09059e-35 
4.535 2.60199e-35 
4.5325 3.02627e-35 
4.54 1.92207e-35 
4.5375 2.23661e-35 
4.545 1.41839e-35 
4.5425 1.65134e-35 
4.55 1.04564e-35 
4.5475 1.21799e-35 
4.555 7.70071e-36 
4.5525 8.97449e-36 
4.56 5.66549e-36 
4.5575 6.60598e-36 
4.565 4.16393e-36 
4.5625 4.85762e-36 
4.57 3.05723e-36 
4.5675 3.56836e-36 
4.575 2.24238e-36 
4.5725 2.61862e-36 
4.58 1.64305e-36 
4.5775 1.9197e-36 
4.585 1.20267e-36 
4.5825 1.40589e-36 
4.59 8.79425e-37 
4.5875 1.02855e-36 
4.595 6.42403e-37 
4.5925 7.51721e-37 
4.6 4.68783e-37 
4.5975 5.48836e-37 
4.605 3.41736e-37 
4.6025 4.00299e-37 
4.61 2.48865e-37 
4.6075 2.91663e-37 
4.615 1.81047e-37 
4.6125 2.12291e-37 
4.62 1.31575e-37 
4.6175 1.54361e-37 
4.625 9.55234e-38 
4.6225 1.12123e-37 
4.63 6.92785e-38 
4.6275 8.13593e-38 
4.635 5.01926e-38 
4.6325 5.89756e-38 
4.64 3.63273e-38 
4.6375 4.27061e-38 
4.645 2.62651e-38 
4.6425 3.0893e-38 
4.65 1.89705e-38 
4.6475 2.23245e-38 
4.655 1.36876e-38 
4.6525 1.6116e-38 
4.66 9.86574e-39 
4.6575 1.1622e-38 
4.665 7.10367e-39 
4.6625 8.37259e-39 
4.67 5.1096e-39 
4.6675 6.02543e-39 
4.675 3.67149e-39 
4.6725 4.33179e-39 
4.68 2.63541e-39 
4.6775 3.11099e-39 
4.685 1.88975e-39 
4.6825 2.23192e-39 
4.69 1.35366e-39 
4.6875 1.5996e-39 
4.695 9.68652e-40 
4.6925 1.14523e-39 
4.7 6.92429e-40 
4.6975 8.19077e-40 
4.705 4.94461e-40 
4.7025 5.85204e-40 
4.71 3.52728e-40 
4.7075 4.17676e-40 
4.715 2.5136e-40 
4.7125 2.97798e-40 
4.72 1.78939e-40 
4.7175 2.12106e-40 
4.725 1.27251e-40 
4.7225 1.50916e-40 
4.73 9.03997e-41 
4.7275 1.07267e-40 
4.735 6.41539e-41 
4.7325 7.61637e-41 
4.74 4.54809e-41 
4.7375 5.4023e-41 
4.745 3.22095e-41 
4.7425 3.82789e-41 
4.75 2.27871e-41 
4.7475 2.7095e-41 
4.755 1.61043e-41 
4.7525 1.91588e-41 
4.76 1.13696e-41 
4.7575 1.35331e-41 
4.765 8.01864e-42 
4.7625 9.54942e-42 
4.77 5.64942e-42 
4.7675 6.7314e-42 
4.775 3.97609e-42 
4.7725 4.74005e-42 
4.78 2.7955e-42 
4.7775 3.33435e-42 
4.785 1.96341e-42 
4.7825 2.34308e-42 
4.79 1.37757e-42 
4.7875 1.64481e-42 
4.795 9.65528e-43 
4.7925 1.15343e-42 
4.8 6.76031e-43 
4.7975 8.08013e-43 
4.805 4.72845e-43 
4.8025 5.65451e-43 
4.81 3.30385e-43 
4.8075 3.95296e-43 
4.815 2.30607e-43 
4.8125 2.76057e-43 
4.82 1.60796e-43 
4.8175 1.92587e-43 
4.825 1.12003e-43 
4.8225 1.34216e-43 
4.83 7.79348e-44 
4.8275 9.34398e-44 
4.835 5.41733e-44 
4.8325 6.49846e-44 
4.84 3.76175e-44 
4.8375 4.51481e-44 
4.845 2.60943e-44 
4.8425 3.13343e-44 
4.85 1.80823e-44 
4.8475 2.17246e-44 
4.855 1.25173e-44 
4.8525 1.50464e-44 
4.86 8.65605e-45 
4.8575 1.04104e-44 
4.865 5.97972e-45 
4.8625 7.19536e-45 
4.87 4.12661e-45 
4.8675 4.96809e-45 
4.875 2.84484e-45 
4.8725 3.42671e-45 
4.88 1.95918e-45 
4.8775 2.36112e-45 
4.885 1.34786e-45 
4.8825 1.62521e-45 
4.89 9.26328e-46 
4.8875 1.11752e-45 
4.895 6.35973e-46 
4.8925 7.67632e-46 
4.9 4.3618e-46 
4.8975 5.26749e-46 
4.905 2.98845e-46 
4.9025 3.61083e-46 
4.91 2.0454e-46 
4.9075 2.47265e-46 
4.915 1.39851e-46 
4.9125 1.6915e-46 
4.92 9.55226e-47 
4.9175 1.15594e-46 
4.925 6.51781e-47 
4.9225 7.89141e-47 
4.93 4.44277e-47 
4.9275 5.38181e-47 
4.935 3.02527e-47 
4.9325 3.66656e-47 
4.94 2.05796e-47 
4.9375 2.49546e-47 
4.945 1.39858e-47 
4.9425 1.69672e-47 
4.95 9.49593e-48 
4.9475 1.15254e-47 
4.955 6.44235e-48 
4.9525 7.8221e-48 
4.96 4.36848e-48 
4.9575 5.30515e-48 
4.965 2.96256e-48 
4.9625 3.59717e-48 
4.97 2.01211e-48 
4.9675 2.4407e-48 
4.975 1.37275e-48 
4.9725 1.66052e-48 
4.98 9.46833e-49 
4.9775 1.1378e-48 
4.985 6.69035e-49 
4.9825 7.92524e-49 
4.99 4.9655e-49 
4.9875 5.71609e-49 
4.995 4.02711e-49 
4.9925 4.40954e-49 
5 3.7297e-49 
4.9975 3.8033e-49 
