0 1.38858e-15 
0.005 1.39997e-15 
0.0025 1.39143e-15 
0.01 1.43425e-15 
0.0075 1.41424e-15 
0.015 1.49175e-15 
0.0125 1.46007e-15 
0.02 1.57301e-15 
0.0175 1.52937e-15 
0.025 1.6788e-15 
0.0225 1.62279e-15 
0.03 1.81011e-15 
0.0275 1.7412e-15 
0.035 1.96812e-15 
0.0325 1.88569e-15 
0.04 2.15426e-15 
0.0375 2.05758e-15 
0.045 2.37015e-15 
0.0425 2.25838e-15 
0.05 2.61763e-15 
0.0475 2.48982e-15 
0.055 2.89875e-15 
0.0525 2.75385e-15 
0.06 3.21576e-15 
0.0575 3.05262e-15 
0.065 3.5711e-15 
0.0625 3.38847e-15 
0.07 3.96741e-15 
0.0675 3.76396e-15 
0.075 4.40753e-15 
0.0725 4.18181e-15 
0.08 4.89443e-15 
0.0775 4.64494e-15 
0.085 5.43128e-15 
0.0825 5.15641e-15 
0.09 6.02138e-15 
0.0875 5.71946e-15 
0.095 6.66815e-15 
0.0925 6.33746e-15 
0.1 7.37515e-15 
0.0975 7.0139e-15 
0.105 8.146e-15 
0.1025 7.75237e-15 
0.11 8.98439e-15 
0.1075 8.55652e-15 
0.115 9.89406e-15 
0.1125 9.43008e-15 
0.12 1.08787e-14 
0.1175 1.03768e-14 
0.125 1.19421e-14 
0.1225 1.14004e-14 
0.13 1.30879e-14 
0.1275 1.25045e-14 
0.135 1.43195e-14 
0.1325 1.36927e-14 
0.14 1.56404e-14 
0.1375 1.49686e-14 
0.145 1.70537e-14 
0.1425 1.63353e-14 
0.15 1.85624e-14 
0.1475 1.7796e-14 
0.155 2.01692e-14 
0.1525 1.93534e-14 
0.16 2.18763e-14 
0.1575 2.10101e-14 
0.165 2.36857e-14 
0.1625 2.27682e-14 
0.17 2.55988e-14 
0.1675 2.46293e-14 
0.175 2.76166e-14 
0.1725 2.65946e-14 
0.18 2.97395e-14 
0.1775 2.86649e-14 
0.185 3.19671e-14 
0.1825 3.08402e-14 
0.19 3.42988e-14 
0.1875 3.31201e-14 
0.195 3.6733e-14 
0.1925 3.55032e-14 
0.2 3.92672e-14 
0.1975 3.79877e-14 
0.205 4.18986e-14 
0.2025 4.0571e-14 
0.21 4.46233e-14 
0.2075 4.32496e-14 
0.215 4.74367e-14 
0.2125 4.60192e-14 
0.22 5.03334e-14 
0.2175 4.8875e-14 
0.225 5.33071e-14 
0.2225 5.1811e-14 
0.23 5.63511e-14 
0.2275 5.48208e-14 
0.235 5.94577e-14 
0.2325 5.78971e-14 
0.24 6.26186e-14 
0.2375 6.10319e-14 
0.245 6.5825e-14 
0.2425 6.42166e-14 
0.25 6.90676e-14 
0.2475 6.74423e-14 
0.255 7.23368e-14 
0.2525 7.06995e-14 
0.26 7.56229e-14 
0.2575 7.39784e-14 
0.265 7.8916e-14 
0.2625 7.72692e-14 
0.27 8.22064e-14 
0.2675 8.05621e-14 
0.275 8.5485e-14 
0.2725 8.38478e-14 
0.28 8.8743e-14 
0.2775 8.71171e-14 
0.285 9.19726e-14 
0.2825 9.03618e-14 
0.29 9.51673e-14 
0.2875 9.35747e-14 
0.295 9.83217e-14 
0.2925 9.67498e-14 
0.3 1.01432e-13 
0.2975 9.98827e-14 
0.305 1.04498e-13 
0.3025 1.02971e-13 
0.31 1.07519e-13 
0.3075 1.06014e-13 
0.315 1.10499e-13 
0.3125 1.09014e-13 
0.32 1.13444e-13 
0.3175 1.11975e-13 
0.325 1.16365e-13 
0.3225 1.14907e-13 
0.33 1.19273e-13 
0.3275 1.1782e-13 
0.335 1.22186e-13 
0.3325 1.20728e-13 
0.34 1.25125e-13 
0.3375 1.23651e-13 
0.345 1.28113e-13 
0.3425 1.26611e-13 
0.35 1.3118e-13 
0.3475 1.29635e-13 
0.355 1.34358e-13 
0.3525 1.32753e-13 
0.36 1.37685e-13 
0.3575 1.36001e-13 
0.365 1.41201e-13 
0.3625 1.39417e-13 
0.37 1.44952e-13 
0.3675 1.43044e-13 
0.375 1.48987e-13 
0.3725 1.4693e-13 
0.38 1.53358e-13 
0.3775 1.51127e-13 
0.385 1.58124e-13 
0.3825 1.55688e-13 
0.39 1.63344e-13 
0.3875 1.60673e-13 
0.395 1.69082e-13 
0.3925 1.66144e-13 
0.4 1.75407e-13 
0.3975 1.72167e-13 
0.405 1.82391e-13 
0.4025 1.78812e-13 
0.41 1.90108e-13 
0.4075 1.86153e-13 
0.415 1.9864e-13 
0.4125 1.94267e-13 
0.42 2.0807e-13 
0.4175 2.03237e-13 
0.425 2.18491e-13 
0.4225 2.13151e-13 
0.43 2.29998e-13 
0.4275 2.24102e-13 
0.435 2.42697e-13 
0.4325 2.36192e-13 
0.44 2.56699e-13 
0.4375 2.49527e-13 
0.445 2.72129e-13 
0.4425 2.64227e-13 
0.45 2.8912e-13 
0.4475 2.8042e-13 
0.455 3.0782e-13 
0.4525 2.98246e-13 
0.46 3.28394e-13 
0.4575 3.17862e-13 
0.465 3.51022e-13 
0.4625 3.39439e-13 
0.47 3.75908e-13 
0.4675 3.63169e-13 
0.475 4.03277e-13 
0.4725 3.89267e-13 
0.48 4.33382e-13 
0.4775 4.1797e-13 
0.485 4.66509e-13 
0.4825 4.49549e-13 
0.49 5.02977e-13 
0.4875 4.84304e-13 
0.495 5.43148e-13 
0.4925 5.22575e-13 
0.5 5.87427e-13 
0.4975 5.64746e-13 
0.505 6.36274e-13 
0.5025 6.11248e-13 
0.51 6.90209e-13 
0.5075 6.62571e-13 
0.515 7.49817e-13 
0.5125 7.19264e-13 
0.52 8.15761e-13 
0.5175 7.81952e-13 
0.525 8.8879e-13 
0.5225 8.51339e-13 
0.53 9.69752e-13 
0.5275 9.28222e-13 
0.535 1.0596e-12 
0.5325 1.0135e-12 
0.54 1.15943e-12 
0.5375 1.1082e-12 
0.545 1.27045e-12 
0.5425 1.21346e-12 
0.55 1.39405e-12 
0.5475 1.33059e-12 
0.555 1.53179e-12 
0.5525 1.46105e-12 
0.56 1.68544e-12 
0.5575 1.60651e-12 
0.565 1.85697e-12 
0.5625 1.76883e-12 
0.57 2.04864e-12 
0.5675 1.95014e-12 
0.575 2.26298e-12 
0.5725 2.15281e-12 
0.58 2.50285e-12 
0.5775 2.37953e-12 
0.585 2.77146e-12 
0.5825 2.63334e-12 
0.59 3.07244e-12 
0.5875 2.91765e-12 
0.595 3.40988e-12 
0.5925 3.23632e-12 
0.6 3.78839e-12 
0.5975 3.59369e-12 
0.605 4.21315e-12 
0.6025 3.99464e-12 
0.61 4.69002e-12 
0.6075 4.44468e-12 
0.615 5.22558e-12 
0.6125 4.95002e-12 
0.62 5.82724e-12 
0.6175 5.51765e-12 
0.625 6.50335e-12 
0.6225 6.15543e-12 
0.63 7.26332e-12 
0.6275 6.87222e-12 
0.635 8.11772e-12 
0.6325 7.678e-12 
0.64 9.07847e-12 
0.6375 8.584e-12 
0.645 1.0159e-11 
0.6425 9.60286e-12 
0.65 1.13744e-11 
0.6475 1.07488e-11 
0.655 1.27417e-11 
0.6525 1.20379e-11 
0.66 1.42801e-11 
0.6575 1.34882e-11 
0.665 1.60111e-11 
0.6625 1.512e-11 
0.67 1.79589e-11 
0.6675 1.69562e-11 
0.675 2.0151e-11 
0.6725 1.90226e-11 
0.68 2.26181e-11 
0.6775 2.13481e-11 
0.685 2.53948e-11 
0.6825 2.39654e-11 
0.69 2.85201e-11 
0.6875 2.69112e-11 
0.695 3.20381e-11 
0.6925 3.02271e-11 
0.7 3.5998e-11 
0.6975 3.39595e-11 
0.705 4.04557e-11 
0.7025 3.81609e-11 
0.71 4.54737e-11 
0.7075 4.28904e-11 
0.715 5.11228e-11 
0.7125 4.82146e-11 
0.72 5.74822e-11 
0.7175 5.42083e-11 
0.725 6.46416e-11 
0.7225 6.09559e-11 
0.73 7.27017e-11 
0.7275 6.85523e-11 
0.735 8.1776e-11 
0.7325 7.71044e-11 
0.74 9.1992e-11 
0.7375 8.67327e-11 
0.745 1.03494e-10 
0.7425 9.75725e-11 
0.75 1.16443e-10 
0.7475 1.09777e-10 
0.755 1.31023e-10 
0.7525 1.23517e-10 
0.76 1.47437e-10 
0.7575 1.38987e-10 
0.765 1.65918e-10 
0.7625 1.56404e-10 
0.77 1.86726e-10 
0.7675 1.76014e-10 
0.775 2.10154e-10 
0.7725 1.98093e-10 
0.78 2.36531e-10 
0.7775 2.22952e-10 
0.785 2.6623e-10 
0.7825 2.50941e-10 
0.79 2.99669e-10 
0.7875 2.82454e-10 
0.795 3.3732e-10 
0.7925 3.17936e-10 
0.8 3.79712e-10 
0.7975 3.57887e-10 
0.805 4.27443e-10 
0.8025 4.02869e-10 
0.81 4.81185e-10 
0.8075 4.53517e-10 
0.815 5.41697e-10 
0.8125 5.10544e-10 
0.82 6.09832e-10 
0.8175 5.74754e-10 
0.825 6.86549e-10 
0.8225 6.47053e-10 
0.83 7.7293e-10 
0.8275 7.28459e-10 
0.835 8.70194e-10 
0.8325 8.2012e-10 
0.84 9.79711e-10 
0.8375 9.23328e-10 
0.845 1.10303e-09 
0.8425 1.03954e-09 
0.85 1.24188e-09 
0.8475 1.17039e-09 
0.855 1.39822e-09 
0.8525 1.31773e-09 
0.86 1.57427e-09 
0.8575 1.48363e-09 
0.865 1.7725e-09 
0.8625 1.67044e-09 
0.87 1.9957e-09 
0.8675 1.88079e-09 
0.875 2.24704e-09 
0.8725 2.11764e-09 
0.88 2.53004e-09 
0.8775 2.38434e-09 
0.885 2.84872e-09 
0.8825 2.68465e-09 
0.89 3.20755e-09 
0.8875 3.02281e-09 
0.895 3.61161e-09 
0.8925 3.40359e-09 
0.9 4.06659e-09 
0.8975 3.83235e-09 
0.905 4.57892e-09 
0.9025 4.31516e-09 
0.91 5.15583e-09 
0.9075 4.85882e-09 
0.915 5.80545e-09 
0.9125 5.471e-09 
0.92 6.53696e-09 
0.9175 6.16035e-09 
0.925 7.36069e-09 
0.9225 6.9366e-09 
0.93 8.28825e-09 
0.9275 7.8107e-09 
0.935 9.33275e-09 
0.9325 8.795e-09 
0.94 1.05089e-08 
0.9375 9.90338e-09 
0.945 1.18334e-08 
0.9425 1.11515e-08 
0.95 1.33248e-08 
0.9475 1.2557e-08 
0.955 1.50043e-08 
0.9525 1.41397e-08 
0.96 1.68956e-08 
0.9575 1.59219e-08 
0.965 1.90253e-08 
0.9625 1.79288e-08 
0.97 2.14236e-08 
0.9675 2.01888e-08 
0.975 2.41243e-08 
0.9725 2.27338e-08 
0.98 2.71655e-08 
0.9775 2.55998e-08 
0.985 3.05903e-08 
0.9825 2.88271e-08 
0.99 3.4447e-08 
0.9875 3.24614e-08 
0.995 3.87901e-08 
0.9925 3.65541e-08 
1 4.3681e-08 
0.9975 4.11629e-08 
1.005 4.91887e-08 
1.0025 4.6353e-08 
1.01 5.5391e-08 
1.0075 5.21978e-08 
1.015 6.23757e-08 
1.0125 5.87797e-08 
1.02 7.02415e-08 
1.0175 6.61918e-08 
1.025 7.90994e-08 
1.0225 7.45389e-08 
1.03 8.90747e-08 
1.0275 8.3939e-08 
1.035 1.00308e-07 
1.0325 9.45248e-08 
1.04 1.12959e-07 
1.0375 1.06446e-07 
1.045 1.27206e-07 
1.0425 1.19871e-07 
1.05 1.43251e-07 
1.0475 1.3499e-07 
1.055 1.61319e-07 
1.0525 1.52017e-07 
1.06 1.81668e-07 
1.0575 1.71191e-07 
1.065 2.04584e-07 
1.0625 1.92785e-07 
1.07 2.30391e-07 
1.0675 2.17104e-07 
1.075 2.59455e-07 
1.0725 2.44492e-07 
1.08 2.92187e-07 
1.0775 2.75335e-07 
1.085 3.29049e-07 
1.0825 3.1007e-07 
1.09 3.70563e-07 
1.0875 3.49189e-07 
1.095 4.17316e-07 
1.0925 3.93245e-07 
1.1 4.6997e-07 
1.0975 4.42861e-07 
1.105 5.2927e-07 
1.1025 4.98739e-07 
1.11 5.96054e-07 
1.1075 5.6167e-07 
1.115 6.71268e-07 
1.1125 6.32543e-07 
1.12 7.55976e-07 
1.1175 7.12363e-07 
1.125 8.51376e-07 
1.1225 8.02259e-07 
1.13 9.5882e-07 
1.1275 9.03502e-07 
1.135 1.07983e-06 
1.1325 1.01753e-06 
1.14 1.21611e-06 
1.1375 1.14595e-06 
1.145 1.36961e-06 
1.1425 1.29058e-06 
1.15 1.54248e-06 
1.1475 1.45347e-06 
1.155 1.73718e-06 
1.1525 1.63693e-06 
1.16 1.95646e-06 
1.1575 1.84356e-06 
1.165 2.20343e-06 
1.1625 2.07628e-06 
1.17 2.4816e-06 
1.1675 2.33838e-06 
1.175 2.79489e-06 
1.1725 2.63359e-06 
1.18 3.14775e-06 
1.1775 2.96607e-06 
1.185 3.54518e-06 
1.1825 3.34056e-06 
1.19 3.9928e-06 
1.1875 3.76234e-06 
1.195 4.49697e-06 
1.1925 4.23739e-06 
1.2 5.06484e-06 
1.1975 4.77246e-06 
1.205 5.70444e-06 
1.2025 5.37513e-06 
1.21 6.42485e-06 
1.2075 6.05393e-06 
1.215 7.23629e-06 
1.2125 6.8185e-06 
1.22 8.15026e-06 
1.2175 7.67968e-06 
1.225 9.17974e-06 
1.2225 8.64969e-06 
1.23 1.03393e-05 
1.2275 9.74228e-06 
1.235 1.16455e-05 
1.2325 1.0973e-05 
1.24 1.31167e-05 
1.2375 1.23592e-05 
1.245 1.4774e-05 
1.2425 1.39207e-05 
1.25 1.66408e-05 
1.2475 1.56796e-05 
1.255 1.87436e-05 
1.2525 1.76609e-05 
1.26 2.11124e-05 
1.2575 1.98927e-05 
1.265 2.37807e-05 
1.2625 2.24068e-05 
1.27 2.67867e-05 
1.2675 2.52389e-05 
1.275 3.01729e-05 
1.2725 2.84293e-05 
1.28 3.39875e-05 
1.2775 3.20234e-05 
1.285 3.8285e-05 
1.2825 3.60723e-05 
1.29 4.31264e-05 
1.2875 4.06336e-05 
1.295 4.85808e-05 
1.2925 4.57724e-05 
1.3 5.47259e-05 
1.2975 5.15618e-05 
1.305 6.16494e-05 
1.3025 5.80844e-05 
1.31 6.94499e-05 
1.3075 6.54333e-05 
1.315 7.8239e-05 
1.3125 7.37134e-05 
1.32 8.81421e-05 
1.3175 8.30428e-05 
1.325 9.93009e-05 
1.3225 9.3555e-05 
1.33 0.000111875 
1.3275 0.0001054 
1.335 0.000126045 
1.3325 0.000118748 
1.34 0.000142013 
1.3375 0.00013379 
1.345 0.000160008 
1.3425 0.000150742 
1.35 0.00018029 
1.3475 0.000169846 
1.355 0.000203149 
1.3525 0.000191378 
1.36 0.000228915 
1.3575 0.000215646 
1.365 0.000257958 
1.3625 0.000243002 
1.37 0.000290699 
1.3675 0.000273838 
1.375 0.000327609 
1.3725 0.000308601 
1.38 0.000369223 
1.3775 0.000347792 
1.385 0.000416145 
1.3825 0.00039198 
1.39 0.000469055 
1.3875 0.000441806 
1.395 0.000528723 
1.3925 0.000497993 
1.4 0.000596019 
1.3975 0.000561359 
1.405 0.000671925 
1.4025 0.00063283 
1.41 0.000757552 
1.4075 0.000713449 
1.415 0.000854156 
1.4125 0.000804397 
1.42 0.000963157 
1.4175 0.000907011 
1.425 0.00108616 
1.4225 0.0010228 
1.43 0.00122499 
1.4275 0.00115347 
1.435 0.00138169 
1.4325 0.00130096 
1.44 0.0015586 
1.4375 0.00146746 
1.445 0.00175835 
1.4425 0.00165544 
1.45 0.00198392 
1.4475 0.00186771 
1.455 0.00223871 
1.4525 0.00210744 
1.46 0.00252652 
1.4575 0.00237823 
1.465 0.00285171 
1.4625 0.00268415 
1.47 0.00321919 
1.4675 0.00302983 
1.475 0.00363453 
1.4725 0.0034205 
1.48 0.00410403 
1.4775 0.00386208 
1.485 0.00463486 
1.4825 0.0043613 
1.49 0.0052351 
1.4875 0.00492575 
1.495 0.00591394 
1.4925 0.00556408 
1.5 0.00668177 
1.4975 0.00628603 
1.505 0.00755033 
1.5025 0.00710267 
1.51 0.00853293 
1.5075 0.00802648 
1.515 0.00964458 
1.5125 0.00907161 
1.52 0.0109022 
1.5175 0.010254 
1.525 0.012325 
1.5225 0.0115917 
1.53 0.0139345 
1.5275 0.013105 
1.535 0.0157547 
1.5325 0.0148166 
1.54 0.0178129 
1.5375 0.0167522 
1.545 0.0201393 
1.5425 0.0189405 
1.55 0.0227677 
1.5475 0.0214135 
1.555 0.0257357 
1.5525 0.0242068 
1.56 0.0290848 
1.5575 0.0273599 
1.565 0.0328608 
1.5625 0.0309164 
1.57 0.0371136 
1.5675 0.0349242 
1.575 0.0418977 
1.5725 0.0394357 
1.58 0.0472721 
1.5775 0.0445073 
1.585 0.0532997 
1.5825 0.0502002 
1.59 0.0600472 
1.5875 0.0565791 
1.595 0.0675847 
1.5925 0.0637127 
1.6 0.0759844 
1.5975 0.0716722 
1.605 0.0853199 
1.6025 0.0805306 
1.61 0.0956646 
1.6075 0.0903616 
1.615 0.10709 
1.6125 0.101238 
1.62 0.119663 
1.6175 0.113229 
1.625 0.133445 
1.6225 0.126399 
1.63 0.148488 
1.6275 0.140806 
1.635 0.164834 
1.6325 0.156496 
1.64 0.182508 
1.6375 0.173503 
1.645 0.20152 
1.6425 0.191847 
1.65 0.221862 
1.6475 0.211526 
1.655 0.243503 
1.6525 0.232523 
1.66 0.266392 
1.6575 0.254796 
1.665 0.290454 
1.6625 0.278282 
1.67 0.315591 
1.6675 0.302895 
1.675 0.341685 
1.6725 0.328527 
1.68 0.368597 
1.6775 0.355048 
1.685 0.396172 
1.6825 0.382312 
1.69 0.424242 
1.6875 0.410156 
1.695 0.45263 
1.6925 0.438408 
1.7 0.481152 
1.6975 0.466885 
1.705 0.509625 
1.7025 0.495406 
1.71 0.537872 
1.7075 0.523788 
1.715 0.565721 
1.7125 0.551856 
1.72 0.593013 
1.7175 0.579446 
1.725 0.619605 
1.7225 0.606405 
1.73 0.645372 
1.7275 0.632599 
1.735 0.670204 
1.7325 0.657911 
1.74 0.694016 
1.7375 0.682243 
1.745 0.716739 
1.7425 0.705517 
1.75 0.738324 
1.7475 0.727676 
1.755 0.75874 
1.7525 0.748679 
1.76 0.777974 
1.7575 0.768505 
1.765 0.796027 
1.7625 0.787148 
1.77 0.812911 
1.7675 0.804614 
1.775 0.828653 
1.7725 0.820923 
1.78 0.843286 
1.7775 0.836106 
1.785 0.85685 
1.7825 0.850199 
1.79 0.869392 
1.7875 0.863246 
1.795 0.880963 
1.7925 0.875296 
1.8 0.891614 
1.7975 0.8864 
1.805 0.9014 
1.8025 0.896612 
1.81 0.910376 
1.8075 0.905986 
1.815 0.918596 
1.8125 0.914577 
1.82 0.926111 
1.8175 0.922438 
1.825 0.932974 
1.8225 0.929621 
1.83 0.939234 
1.8275 0.936177 
1.835 0.944937 
1.8325 0.942152 
1.84 0.950127 
1.8375 0.947593 
1.845 0.954848 
1.8425 0.952544 
1.85 0.959136 
1.8475 0.957044 
1.855 0.96303 
1.8525 0.961131 
1.86 0.966564 
1.8575 0.96484 
1.865 0.969768 
1.8625 0.968205 
1.87 0.972672 
1.8675 0.971256 
1.875 0.975303 
1.8725 0.97402 
1.88 0.977685 
1.8775 0.976523 
1.885 0.979841 
1.8825 0.97879 
1.89 0.981792 
1.8875 0.980841 
1.895 0.983556 
1.8925 0.982696 
1.9 0.985152 
1.8975 0.984374 
1.905 0.986595 
1.9025 0.985892 
1.91 0.987898 
1.9075 0.987263 
1.915 0.989076 
1.9125 0.988502 
1.92 0.990141 
1.9175 0.989622 
1.925 0.991102 
1.9225 0.990634 
1.93 0.99197 
1.9275 0.991547 
1.935 0.992754 
1.9325 0.992372 
1.94 0.993462 
1.9375 0.993117 
1.945 0.994101 
1.9425 0.99379 
1.95 0.994678 
1.9475 0.994397 
1.955 0.995199 
1.9525 0.994945 
1.96 0.995669 
1.9575 0.99544 
1.965 0.996093 
1.9625 0.995886 
1.97 0.996475 
1.9675 0.996289 
1.975 0.996821 
1.9725 0.996652 
1.98 0.997132 
1.9775 0.99698 
1.985 0.997413 
1.9825 0.997276 
1.99 0.997667 
1.9875 0.997543 
1.995 0.997896 
1.9925 0.997784 
2 0.998102 
1.9975 0.998002 
2.005 0.998288 
2.0025 0.998198 
2.01 0.998456 
2.0075 0.998374 
2.015 0.998608 
2.0125 0.998534 
2.02 0.998744 
2.0175 0.998678 
2.025 0.998867 
2.0225 0.998807 
2.03 0.998979 
2.0275 0.998924 
2.035 0.999079 
2.0325 0.99903 
2.04 0.999169 
2.0375 0.999125 
2.045 0.999251 
2.0425 0.999211 
2.05 0.999324 
2.0475 0.999288 
2.055 0.99939 
2.0525 0.999358 
2.06 0.99945 
2.0575 0.999421 
2.065 0.999504 
2.0625 0.999478 
2.07 0.999553 
2.0675 0.999529 
2.075 0.999596 
2.0725 0.999575 
2.08 0.999636 
2.0775 0.999617 
2.085 0.999671 
2.0825 0.999654 
2.09 0.999703 
2.0875 0.999688 
2.095 0.999732 
2.0925 0.999718 
2.1 0.999758 
2.0975 0.999746 
2.105 0.999782 
2.1025 0.99977 
2.11 0.999803 
2.1075 0.999793 
2.115 0.999822 
2.1125 0.999813 
2.12 0.999839 
2.1175 0.999831 
2.125 0.999854 
2.1225 0.999847 
2.13 0.999868 
2.1275 0.999861 
2.135 0.999881 
2.1325 0.999875 
2.14 0.999892 
2.1375 0.999886 
2.145 0.999902 
2.1425 0.999897 
2.15 0.999911 
2.1475 0.999906 
2.155 0.999919 
2.1525 0.999915 
2.16 0.999926 
2.1575 0.999922 
2.165 0.999932 
2.1625 0.999929 
2.17 0.999938 
2.1675 0.999935 
2.175 0.999943 
2.1725 0.99994 
2.18 0.999947 
2.1775 0.999945 
2.185 0.999951 
2.1825 0.999949 
2.19 0.999954 
2.1875 0.999952 
2.195 0.999957 
2.1925 0.999955 
2.2 0.999959 
2.1975 0.999958 
2.205 0.999961 
2.2025 0.99996 
2.21 0.999963 
2.2075 0.999962 
2.215 0.999964 
2.2125 0.999963 
2.22 0.999964 
2.2175 0.999964 
2.225 0.999965 
2.2225 0.999965 
2.23 0.999965 
2.2275 0.999965 
2.235 0.999964 
2.2325 0.999965 
2.24 0.999964 
2.2375 0.999964 
2.245 0.999963 
2.2425 0.999963 
2.25 0.999961 
2.2475 0.999962 
2.255 0.99996 
2.2525 0.999961 
2.26 0.999958 
2.2575 0.999959 
2.265 0.999955 
2.2625 0.999956 
2.27 0.999952 
2.2675 0.999954 
2.275 0.999949 
2.2725 0.99995 
2.28 0.999945 
2.2775 0.999947 
2.285 0.99994 
2.2825 0.999942 
2.29 0.999935 
2.2875 0.999938 
2.295 0.99993 
2.2925 0.999932 
2.3 0.999923 
2.2975 0.999927 
2.305 0.999916 
2.3025 0.99992 
2.31 0.999909 
2.3075 0.999913 
2.315 0.9999 
2.3125 0.999904 
2.32 0.99989 
2.3175 0.999895 
2.325 0.99988 
2.3225 0.999885 
2.33 0.999868 
2.3275 0.999874 
2.335 0.999855 
2.3325 0.999862 
2.34 0.999841 
2.3375 0.999848 
2.345 0.999825 
2.3425 0.999833 
2.35 0.999808 
2.3475 0.999817 
2.355 0.999789 
2.3525 0.999798 
2.36 0.999768 
2.3575 0.999778 
2.365 0.999744 
2.3625 0.999756 
2.37 0.999719 
2.3675 0.999732 
2.375 0.99969 
2.3725 0.999705 
2.38 0.999659 
2.3775 0.999675 
2.385 0.999625 
2.3825 0.999643 
2.39 0.999587 
2.3875 0.999607 
2.395 0.999546 
2.3925 0.999567 
2.4 0.9995 
2.3975 0.999523 
2.405 0.999449 
2.4025 0.999475 
2.41 0.999394 
2.4075 0.999422 
2.415 0.999333 
2.4125 0.999364 
2.42 0.999265 
2.4175 0.9993 
2.425 0.999191 
2.4225 0.999229 
2.43 0.99911 
2.4275 0.999151 
2.435 0.99902 
2.4325 0.999066 
2.44 0.998921 
2.4375 0.998971 
2.445 0.998812 
2.4425 0.998868 
2.45 0.998692 
2.4475 0.998753 
2.455 0.99856 
2.4525 0.998627 
2.46 0.998414 
2.4575 0.998489 
2.465 0.998254 
2.4625 0.998336 
2.47 0.998078 
2.4675 0.998168 
2.475 0.997884 
2.4725 0.997983 
2.48 0.99767 
2.4775 0.99778 
2.485 0.997435 
2.4825 0.997555 
2.49 0.997176 
2.4875 0.997309 
2.495 0.996891 
2.4925 0.997037 
2.5 0.996578 
2.4975 0.996738 
2.505 0.996232 
2.5025 0.996409 
2.51 0.995853 
2.5075 0.996047 
2.515 0.995434 
2.5125 0.995648 
2.52 0.994974 
2.5175 0.99521 
2.525 0.994468 
2.5225 0.994727 
2.53 0.99391 
2.5275 0.994196 
2.535 0.993297 
2.5325 0.993611 
2.54 0.992622 
2.5375 0.992968 
2.545 0.99188 
2.5425 0.99226 
2.55 0.991063 
2.5475 0.991481 
2.555 0.990165 
2.5525 0.990625 
2.56 0.989177 
2.5575 0.989683 
2.565 0.988091 
2.5625 0.988647 
2.57 0.986896 
2.5675 0.987507 
2.575 0.985583 
2.5725 0.986255 
2.58 0.984139 
2.5775 0.984878 
2.585 0.982553 
2.5825 0.983365 
2.59 0.98081 
2.5875 0.981702 
2.595 0.978896 
2.5925 0.979876 
2.6 0.976794 
2.5975 0.97787 
2.605 0.974487 
2.6025 0.975668 
2.61 0.971955 
2.6075 0.973251 
2.615 0.969178 
2.6125 0.970599 
2.62 0.966133 
2.6175 0.96769 
2.625 0.962796 
2.6225 0.964502 
2.63 0.95914 
2.6275 0.961009 
2.635 0.955138 
2.6325 0.957184 
2.64 0.95076 
2.6375 0.952998 
2.645 0.945975 
2.6425 0.948421 
2.65 0.940747 
2.6475 0.943418 
2.655 0.935041 
2.6525 0.937956 
2.66 0.92882 
2.6575 0.931998 
2.665 0.922045 
2.6625 0.925504 
2.67 0.914674 
2.6675 0.918436 
2.675 0.906666 
2.6725 0.910752 
2.68 0.897977 
2.6775 0.902409 
2.685 0.888565 
2.6825 0.893364 
2.69 0.878387 
2.6875 0.883574 
2.695 0.867399 
2.6925 0.872997 
2.7 0.855563 
2.6975 0.86159 
2.705 0.84284 
2.7025 0.849315 
2.71 0.829196 
2.7075 0.836135 
2.715 0.814601 
2.7125 0.822019 
2.72 0.799031 
2.7175 0.806939 
2.725 0.782471 
2.7225 0.790876 
2.73 0.764911 
2.7275 0.773816 
2.735 0.746355 
2.7325 0.755757 
2.74 0.726814 
2.7375 0.736706 
2.745 0.706313 
2.7425 0.716682 
2.75 0.68489 
2.7475 0.695714 
2.755 0.662594 
2.7525 0.673847 
2.76 0.639491 
2.7575 0.651139 
2.765 0.615656 
2.7625 0.62766 
2.77 0.591181 
2.7675 0.603493 
2.775 0.566167 
2.7725 0.578735 
2.78 0.540726 
2.7775 0.553493 
2.785 0.514977 
2.7825 0.527882 
2.79 0.489046 
2.7875 0.502026 
2.795 0.463065 
2.7925 0.476054 
2.8 0.437163 
2.7975 0.450096 
2.805 0.411471 
2.8025 0.424283 
2.81 0.386114 
2.8075 0.398743 
2.815 0.361211 
2.8125 0.373598 
2.82 0.336873 
2.8175 0.348965 
2.825 0.313203 
2.8225 0.324949 
2.83 0.290288 
2.8275 0.301646 
2.835 0.268207 
2.8325 0.279139 
2.84 0.247023 
2.8375 0.257499 
2.845 0.22679 
2.8425 0.236785 
2.85 0.207546 
2.8475 0.217043 
2.855 0.189319 
2.8525 0.198304 
2.86 0.172125 
2.8575 0.180592 
2.865 0.15597 
2.8625 0.163918 
2.87 0.140852 
2.8675 0.148282 
2.875 0.126758 
2.8725 0.133678 
2.88 0.113673 
2.8775 0.120091 
2.885 0.101572 
2.8825 0.107501 
2.89 0.090426 
2.8875 0.0958813 
2.895 0.0802032 
2.8925 0.0852014 
2.9 0.0708673 
2.8975 0.0754268 
2.905 0.0623792 
2.9025 0.0665198 
2.91 0.0546973 
2.9075 0.0584401 
2.915 0.0477782 
2.9125 0.0511452 
2.92 0.0415764 
2.9175 0.0445905 
2.925 0.0360452 
2.9225 0.03873 
2.93 0.031137 
2.9275 0.0335163 
2.935 0.0268035 
2.9325 0.0289015 
2.94 0.0229965 
2.9375 0.0248372 
2.945 0.0196682 
2.9425 0.0212754 
2.95 0.0167721 
2.9475 0.018169 
2.955 0.0142634 
2.9525 0.0154721 
2.96 0.0120994 
2.9575 0.0131409 
2.965 0.0102401 
2.9625 0.0111341 
2.97 0.00864828 
2.9675 0.00941293 
2.975 0.00729003 
2.9725 0.00794196 
2.98 0.00613453 
2.9775 0.00668874 
2.985 0.00515416 
2.9825 0.00562406 
2.99 0.00432439 
2.9875 0.00472186 
2.995 0.0036236 
2.9925 0.00395911 
3 0.00303288 
2.9975 0.00331556 
3.005 0.00253579 
3.0025 0.00277357 
3.01 0.00211814 
3.0075 0.00231785 
3.015 0.00176772 
3.0125 0.00193522 
3.02 0.00147405 
3.0175 0.00161438 
3.025 0.00122823 
3.0225 0.00134567 
3.03 0.00102267 
3.0275 0.00112085 
3.035 0.000850924 
3.0325 0.00093293 
3.04 0.000707558 
3.0375 0.000775999 
3.045 0.000587976 
3.0425 0.000645052 
3.05 0.000488306 
3.0475 0.000535869 
3.055 0.000405289 
3.0525 0.000444898 
3.06 0.000336189 
3.0575 0.000369152 
3.065 0.00027871 
3.0625 0.000306125 
3.07 0.000230926 
3.0675 0.000253714 
3.075 0.000191227 
3.0725 0.000210156 
3.08 0.000158262 
3.0775 0.000173978 
3.085 0.000130907 
3.0825 0.000143946 
3.09 0.000108218 
3.0875 0.000119031 
3.095 8.94109e-05 
3.0925 9.83729e-05 
3.1 7.38301e-05 
3.0975 8.12537e-05 
3.105 6.09294e-05 
3.1025 6.70751e-05 
3.11 5.02537e-05 
3.1075 5.53387e-05 
3.115 4.14243e-05 
3.1125 4.56292e-05 
3.12 3.4126e-05 
3.1175 3.76012e-05 
3.125 2.80968e-05 
3.1225 3.09673e-05 
3.13 2.31188e-05 
3.1275 2.54885e-05 
3.135 1.90112e-05 
3.1325 2.09663e-05 
3.14 1.56238e-05 
3.1375 1.72358e-05 
3.145 1.2832e-05 
3.1425 1.41603e-05 
3.15 1.05323e-05 
3.1475 1.16263e-05 
3.155 8.63934e-06 
3.1525 9.53976e-06 
3.16 7.08199e-06 
3.1575 7.82263e-06 
3.165 5.80159e-06 
3.1625 6.41042e-06 
3.17 4.74955e-06 
3.1675 5.24971e-06 
3.175 3.88569e-06 
3.1725 4.29632e-06 
3.18 3.17681e-06 
3.1775 3.51371e-06 
3.185 2.59548e-06 
3.1825 2.87171e-06 
3.19 2.11907e-06 
3.1875 2.34541e-06 
3.195 1.7289e-06 
3.1925 1.91423e-06 
3.2 1.40958e-06 
3.1975 1.56123e-06 
3.205 1.14842e-06 
3.2025 1.27242e-06 
3.21 9.34969e-07 
3.2075 1.0363e-06 
3.215 7.60643e-07 
3.2125 8.4339e-07 
3.22 6.18367e-07 
3.2175 6.85888e-07 
3.225 5.02332e-07 
3.2225 5.57389e-07 
3.23 4.07766e-07 
3.2275 4.52628e-07 
3.235 3.30754e-07 
3.2325 3.67281e-07 
3.24 2.68082e-07 
3.2375 2.97802e-07 
3.245 2.1712e-07 
3.2425 2.41282e-07 
3.25 1.75709e-07 
3.2475 1.95339e-07 
3.255 1.42086e-07 
3.2525 1.58021e-07 
3.26 1.14807e-07 
3.2575 1.27733e-07 
3.265 9.26917e-08 
3.2625 1.03169e-07 
3.27 7.47769e-08 
3.2675 8.3262e-08 
3.275 6.02761e-08 
3.2725 6.71428e-08 
3.28 4.8548e-08 
3.2775 5.41006e-08 
3.285 3.90701e-08 
3.2825 4.35564e-08 
3.29 3.14168e-08 
3.2875 3.50386e-08 
3.295 2.52418e-08 
3.2925 2.81634e-08 
3.3 2.02637e-08 
3.2975 2.26185e-08 
3.305 1.62537e-08 
3.3025 1.81502e-08 
3.31 1.30264e-08 
3.3075 1.45524e-08 
3.315 1.0431e-08 
3.3125 1.16579e-08 
3.32 8.3457e-09 
3.3175 9.33127e-09 
3.325 6.67155e-09 
3.3225 7.46261e-09 
3.33 5.32867e-09 
3.3275 5.96306e-09 
3.335 4.25242e-09 
3.3325 4.76073e-09 
3.34 3.39061e-09 
3.3375 3.79755e-09 
3.345 2.70111e-09 
3.3425 3.02661e-09 
3.35 2.14994e-09 
3.3475 2.41008e-09 
3.355 1.70975e-09 
3.3525 1.91746e-09 
3.36 1.35849e-09 
3.3575 1.5242e-09 
3.365 1.07844e-09 
3.3625 1.21052e-09 
3.37 8.55364e-10 
3.3675 9.60551e-10 
3.375 6.77831e-10 
3.3725 7.61524e-10 
3.38 5.36668e-10 
3.3775 6.032e-10 
3.385 4.24525e-10 
3.3825 4.77367e-10 
3.39 3.35516e-10 
3.3875 3.77447e-10 
3.395 2.64932e-10 
3.3925 2.98175e-10 
3.4 2.09009e-10 
3.3975 2.35341e-10 
3.405 1.64743e-10 
3.4025 1.85582e-10 
3.41 1.29736e-10 
3.4075 1.46212e-10 
3.415 1.02076e-10 
3.4125 1.15091e-10 
3.42 8.02408e-11 
3.4175 9.05122e-11 
3.425 6.30199e-11 
3.4225 7.11188e-11 
3.43 4.94504e-11 
3.4275 5.58305e-11 
3.435 3.8768e-11 
3.4325 4.37894e-11 
3.44 3.0366e-11 
3.4375 3.43145e-11 
3.445 2.37636e-11 
3.4425 2.68657e-11 
3.45 1.85802e-11 
3.4475 2.1015e-11 
3.455 1.45145e-11 
3.4525 1.64238e-11 
3.46 1.13284e-11 
3.4575 1.28243e-11 
3.465 8.83387e-12 
3.4625 1.00048e-11 
3.47 6.88258e-12 
3.4675 7.79826e-12 
3.475 5.35761e-12 
3.4725 6.07306e-12 
3.48 4.16689e-12 
3.4775 4.72539e-12 
3.485 3.23801e-12 
3.4825 3.67359e-12 
3.49 2.51403e-12 
3.4875 2.85344e-12 
3.495 1.95025e-12 
3.4925 2.2145e-12 
3.5 1.51163e-12 
3.4975 1.71717e-12 
3.505 1.17067e-12 
3.5025 1.33041e-12 
3.51 9.05872e-13 
3.5075 1.0299e-12 
3.515 7.00393e-13 
3.5125 7.96613e-13 
3.52 5.41085e-13 
3.5175 6.15668e-13 
3.525 4.1768e-13 
3.5225 4.75441e-13 
3.53 3.22167e-13 
3.5275 3.66863e-13 
3.535 2.48304e-13 
3.5325 2.82861e-13 
3.54 1.91231e-13 
3.5375 2.17927e-13 
3.545 1.47168e-13 
3.5425 1.67774e-13 
3.55 1.13176e-13 
3.5475 1.29069e-13 
3.555 8.69738e-14 
3.5525 9.92219e-14 
3.56 6.67924e-14 
3.5575 7.62242e-14 
3.565 5.126e-14 
3.5625 5.85177e-14 
3.57 3.93146e-14 
3.5675 4.48951e-14 
3.575 3.01344e-14 
3.5725 3.44223e-14 
3.58 2.30844e-14 
3.5775 2.63767e-14 
3.585 1.76739e-14 
3.5825 2.02001e-14 
3.59 1.35244e-14 
3.5875 1.54615e-14 
3.595 1.03441e-14 
3.5925 1.18285e-14 
3.6 7.908e-15 
3.5975 9.04485e-15 
3.605 6.04311e-15 
3.6025 6.91328e-15 
3.61 4.61626e-15 
3.6075 5.28194e-15 
3.615 3.52513e-15 
3.6125 4.03412e-15 
3.62 2.69113e-15 
3.6175 3.08012e-15 
3.625 2.05395e-15 
3.6225 2.35111e-15 
3.63 1.56733e-15 
3.6275 1.79425e-15 
3.635 1.19584e-15 
3.6325 1.36906e-15 
3.64 9.12326e-16 
3.6375 1.04451e-15 
3.645 6.96013e-16 
3.6425 7.9686e-16 
3.65 5.31009e-16 
3.6475 6.07931e-16 
3.655 4.05163e-16 
3.6525 4.63828e-16 
3.66 3.09194e-16 
3.6575 3.53931e-16 
3.665 2.36012e-16 
3.6625 2.70126e-16 
3.67 1.80207e-16 
3.6675 2.06221e-16 
3.675 1.37648e-16 
3.6725 1.57488e-16 
3.68 1.05188e-16 
3.6775 1.20321e-16 
3.685 8.04244e-17 
3.6825 9.19698e-17 
3.69 6.15274e-17 
3.6875 7.03384e-17 
3.695 4.71021e-17 
3.6925 5.38288e-17 
3.7 3.60856e-17 
3.6975 4.12234e-17 
3.705 2.76683e-17 
3.7025 3.15945e-17 
3.71 2.12331e-17 
3.7075 2.42352e-17 
3.715 1.63101e-17 
3.7125 1.86072e-17 
3.72 1.25413e-17 
3.7175 1.43002e-17 
3.725 9.6537e-18 
3.7225 1.10016e-17 
3.73 7.43937e-18 
3.7275 8.47327e-18 
3.735 5.73972e-18 
3.7325 6.53352e-18 
3.74 4.43382e-18 
3.7375 5.04389e-18 
3.745 3.42937e-18 
3.7425 3.89875e-18 
3.75 2.65591e-18 
3.7475 3.01746e-18 
3.755 2.05962e-18 
3.7525 2.33844e-18 
3.76 1.59934e-18 
3.7575 1.81464e-18 
3.765 1.24361e-18 
3.7625 1.41006e-18 
3.77 9.68312e-19 
3.7675 1.09717e-18 
3.775 7.54977e-19 
3.7725 8.5487e-19 
3.78 5.89435e-19 
3.7775 6.66978e-19 
3.785 4.60801e-19 
3.7825 5.21077e-19 
3.79 3.6071e-19 
3.7875 4.07629e-19 
3.795 2.8272e-19 
3.7925 3.19292e-19 
3.8 2.21868e-19 
3.7975 2.50414e-19 
3.805 1.74323e-19 
3.8025 1.96635e-19 
3.81 1.37127e-19 
3.8075 1.54588e-19 
3.815 1.07988e-19 
3.8125 1.21671e-19 
3.82 8.51317e-20 
3.8175 9.58683e-20 
3.825 6.71817e-20 
3.8225 7.56164e-20 
3.83 5.30678e-20 
3.8275 5.9702e-20 
3.835 4.19574e-20 
3.8325 4.71814e-20 
3.84 3.32017e-20 
3.8375 3.73197e-20 
3.845 2.62945e-20 
3.8425 2.9544e-20 
3.85 2.084e-20 
3.8475 2.34067e-20 
3.855 1.65286e-20 
3.8525 1.85579e-20 
3.86 1.31177e-20 
3.8575 1.47235e-20 
3.865 1.0417e-20 
3.8625 1.16888e-20 
3.87 8.27695e-21 
3.8675 9.2849e-21 
3.875 6.57988e-21 
3.8725 7.37933e-21 
3.88 5.23321e-21 
3.8775 5.8677e-21 
3.885 4.16391e-21 
3.8825 4.6678e-21 
3.89 3.31436e-21 
3.8875 3.71476e-21 
3.895 2.63905e-21 
3.8925 2.95737e-21 
3.9 2.10198e-21 
3.8975 2.35517e-21 
3.905 1.67466e-21 
3.9025 1.87613e-21 
3.91 1.33453e-21 
3.9075 1.49491e-21 
3.915 1.0637e-21 
3.9125 1.19142e-21 
3.92 8.47984e-22 
3.9175 9.49717e-22 
3.925 6.76114e-22 
3.9225 7.57174e-22 
3.93 5.39145e-22 
3.9275 6.03749e-22 
3.935 4.29965e-22 
3.9325 4.81464e-22 
3.94 3.42919e-22 
3.9375 3.8398e-22 
3.945 2.7351e-22 
3.9425 3.06253e-22 
3.95 2.18156e-22 
3.9475 2.44269e-22 
3.955 1.74007e-22 
3.9525 1.94835e-22 
3.96 1.3879e-22 
3.9575 1.55404e-22 
3.965 1.10698e-22 
3.9625 1.23951e-22 
3.97 8.82878e-23 
3.9675 9.88605e-23 
3.975 7.04099e-23 
3.9725 7.88444e-23 
3.98 5.61478e-23 
3.9775 6.28764e-23 
3.985 4.47702e-23 
3.9825 5.01379e-23 
3.99 3.56942e-23 
3.9875 3.9976e-23 
3.995 2.84545e-23 
3.9925 3.18699e-23 
4 2.268e-23 
3.9975 2.54041e-23 
4.005 1.80746e-23 
4.0025 2.02472e-23 
4.01 1.44019e-23 
4.0075 1.61344e-23 
4.015 1.14734e-23 
4.0125 1.28548e-23 
4.02 9.13857e-24 
4.0175 1.02399e-23 
4.025 7.27735e-24 
4.0225 8.15525e-24 
4.03 5.79391e-24 
4.0275 6.49359e-24 
4.035 4.61177e-24 
4.0325 5.16931e-24 
4.04 3.6699e-24 
4.0375 4.1141e-24 
4.045 2.91963e-24 
4.0425 3.27345e-24 
4.05 2.3221e-24 
4.0475 2.60387e-24 
4.055 1.84633e-24 
4.0525 2.07067e-24 
4.06 1.4676e-24 
4.0575 1.64617e-24 
4.065 1.16618e-24 
4.0625 1.30829e-24 
4.07 9.26373e-25 
4.0675 1.03943e-24 
4.075 7.35625e-25 
4.0725 8.25543e-25 
4.08 5.83948e-25 
4.0775 6.55442e-25 
4.085 4.63376e-25 
4.0825 5.20204e-25 
4.09 3.6756e-25 
4.0875 4.12716e-25 
4.095 2.91443e-25 
4.0925 3.27312e-25 
4.1 2.30995e-25 
4.0975 2.59477e-25 
4.105 1.83009e-25 
4.1025 2.05617e-25 
4.11 1.44928e-25 
4.1075 1.62868e-25 
4.115 1.14721e-25 
4.1125 1.2895e-25 
4.12 9.07691e-26 
4.1175 1.02051e-25 
4.125 7.17842e-26 
4.1225 8.07251e-26 
4.13 5.6743e-26 
4.1275 6.38258e-26 
4.135 4.48314e-26 
4.1325 5.04398e-26 
4.14 3.54024e-26 
4.1375 3.98414e-26 
4.145 2.79422e-26 
4.1425 3.14539e-26 
4.15 2.20424e-26 
4.1475 2.48192e-26 
4.155 1.73789e-26 
4.1525 1.95736e-26 
4.16 1.36945e-26 
4.1575 1.54282e-26 
4.165 1.07852e-26 
4.1625 1.2154e-26 
4.17 8.48903e-27 
4.1675 9.56916e-27 
4.175 6.67782e-27 
4.1725 7.5297e-27 
4.18 5.2499e-27 
4.1775 5.92141e-27 
4.185 4.12481e-27 
4.1825 4.65383e-27 
4.19 3.23883e-27 
4.1875 3.65535e-27 
4.195 2.54154e-27 
4.1925 2.8693e-27 
4.2 1.9931e-27 
4.1975 2.25086e-27 
4.205 1.56199e-27 
4.2025 1.76457e-27 
4.21 1.22332e-27 
4.2075 1.38243e-27 
4.215 9.57433e-28 
4.2125 1.08233e-27 
4.22 7.48827e-28 
4.2175 8.46801e-28 
4.225 5.85267e-28 
4.2225 6.62071e-28 
4.23 4.57111e-28 
4.2275 5.1728e-28 
4.235 3.56764e-28 
4.2325 4.03868e-28 
4.24 2.78245e-28 
4.2375 3.15096e-28 
4.245 2.16848e-28 
4.2425 2.45658e-28 
4.25 1.68874e-28 
4.2475 1.91381e-28 
4.255 1.31416e-28 
4.2525 1.48986e-28 
4.26 1.02189e-28 
4.2575 1.15895e-28 
4.265 7.94008e-29 
4.2625 9.00854e-29 
4.27 6.1647e-29 
4.2675 6.99697e-29 
4.275 4.78256e-29 
4.2725 5.43035e-29 
4.28 3.70737e-29 
4.2775 4.21119e-29 
4.285 2.87161e-29 
4.2825 3.26315e-29 
4.29 2.22246e-29 
4.2875 2.52652e-29 
4.295 1.71867e-29 
4.2925 1.95459e-29 
4.3 1.32799e-29 
4.2975 1.5109e-29 
4.305 1.02527e-29 
4.3025 1.16697e-29 
4.31 7.90894e-30 
4.3075 9.00579e-30 
4.315 6.09586e-30 
4.3125 6.94419e-30 
4.32 4.69444e-30 
4.3175 5.35001e-30 
4.325 3.61213e-30 
4.3225 4.11831e-30 
4.33 2.77696e-30 
4.3275 3.16747e-30 
4.335 2.13304e-30 
4.3325 2.43406e-30 
4.34 1.63701e-30 
4.3375 1.86884e-30 
4.345 1.25523e-30 
4.3425 1.43362e-30 
4.35 9.61639e-31 
4.3475 1.09879e-30 
4.355 7.36063e-31 
4.3525 8.41416e-31 
4.36 5.62899e-31 
4.3575 6.43755e-31 
4.365 4.30087e-31 
4.3625 4.92086e-31 
4.37 3.28314e-31 
4.3675 3.75812e-31 
4.375 2.50396e-31 
4.3725 2.86752e-31 
4.38 1.90796e-31 
4.3775 2.18599e-31 
4.385 1.45249e-31 
4.3825 1.66491e-31 
4.39 1.10474e-31 
4.3875 1.26688e-31 
4.395 8.39459e-32 
4.3925 9.63115e-32 
4.4 6.3729e-32 
4.3975 7.31506e-32 
4.405 4.83358e-32 
4.4025 5.55076e-32 
4.41 3.66263e-32 
4.4075 4.20805e-32 
4.415 2.77273e-32 
4.4125 3.18713e-32 
4.42 2.09706e-32 
4.4175 2.41163e-32 
4.425 1.58454e-32 
4.4225 1.82309e-32 
4.43 1.19614e-32 
4.4275 1.37687e-32 
4.435 9.02075e-33 
4.4325 1.03887e-32 
4.44 6.79654e-33 
4.4375 7.83098e-33 
4.445 5.11581e-33 
4.4425 5.89728e-33 
4.45 3.84699e-33 
4.4475 4.43679e-33 
4.455 2.89006e-33 
4.4525 3.33477e-33 
4.46 2.16906e-33 
4.4575 2.50404e-33 
4.465 1.62634e-33 
4.4625 1.87842e-33 
4.47 1.21822e-33 
4.4675 1.40773e-33 
4.475 9.11626e-34 
4.4725 1.05396e-33 
4.48 6.81521e-34 
4.4775 7.88315e-34 
4.485 5.08996e-34 
4.4825 5.89045e-34 
4.49 3.79769e-34 
4.4875 4.39713e-34 
4.495 2.83071e-34 
4.4925 3.27914e-34 
4.5 2.10785e-34 
4.4975 2.44298e-34 
4.505 1.56802e-34 
4.5025 1.81823e-34 
4.51 1.16528e-34 
4.5075 1.3519e-34 
4.515 8.65122e-35 
4.5125 1.00417e-34 
4.52 6.41635e-35 
4.5175 7.45136e-35 
4.525 4.75405e-35 
4.5225 5.52368e-35 
4.53 3.51887e-35 
4.5275 4.09059e-35 
4.535 2.60199e-35 
4.5325 3.02627e-35 
4.54 1.92207e-35 
4.5375 2.23661e-35 
4.545 1.41839e-35 
4.5425 1.65134e-35 
4.55 1.04564e-35 
4.5475 1.21799e-35 
4.555 7.70071e-36 
4.5525 8.97449e-36 
4.56 5.66549e-36 
4.5575 6.60598e-36 
4.565 4.16393e-36 
4.5625 4.85762e-36 
4.57 3.05723e-36 
4.5675 3.56836e-36 
4.575 2.24238e-36 
4.5725 2.61862e-36 
4.58 1.64305e-36 
4.5775 1.9197e-36 
4.585 1.20267e-36 
4.5825 1.40589e-36 
4.59 8.79425e-37 
4.5875 1.02855e-36 
4.595 6.42403e-37 
4.5925 7.51721e-37 
4.6 4.68783e-37 
4.5975 5.48836e-37 
4.605 3.41736e-37 
4.6025 4.00299e-37 
4.61 2.48865e-37 
4.6075 2.91663e-37 
4.615 1.81047e-37 
4.6125 2.12291e-37 
4.62 1.31575e-37 
4.6175 1.54361e-37 
4.625 9.55234e-38 
4.6225 1.12123e-37 
4.63 6.92785e-38 
4.6275 8.13593e-38 
4.635 5.01926e-38 
4.6325 5.89756e-38 
4.64 3.63273e-38 
4.6375 4.27061e-38 
4.645 2.62651e-38 
4.6425 3.0893e-38 
4.65 1.89705e-38 
4.6475 2.23245e-38 
4.655 1.36876e-38 
4.6525 1.6116e-38 
4.66 9.86574e-39 
4.6575 1.1622e-38 
4.665 7.10367e-39 
4.6625 8.37259e-39 
4.67 5.1096e-39 
4.6675 6.02543e-39 
4.675 3.67149e-39 
4.6725 4.33179e-39 
4.68 2.63541e-39 
4.6775 3.11099e-39 
4.685 1.88975e-39 
4.6825 2.23192e-39 
4.69 1.35366e-39 
4.6875 1.5996e-39 
4.695 9.68652e-40 
4.6925 1.14523e-39 
4.7 6.92429e-40 
4.6975 8.19077e-40 
4.705 4.94461e-40 
4.7025 5.85204e-40 
4.71 3.52728e-40 
4.7075 4.17676e-40 
4.715 2.5136e-40 
4.7125 2.97798e-40 
4.72 1.78939e-40 
4.7175 2.12106e-40 
4.725 1.27251e-40 
4.7225 1.50916e-40 
4.73 9.03997e-41 
4.7275 1.07267e-40 
4.735 6.41539e-41 
4.7325 7.61637e-41 
4.74 4.54809e-41 
4.7375 5.4023e-41 
4.745 3.22095e-41 
4.7425 3.82789e-41 
4.75 2.27871e-41 
4.7475 2.7095e-41 
4.755 1.61043e-41 
4.7525 1.91588e-41 
4.76 1.13696e-41 
4.7575 1.35331e-41 
4.765 8.01864e-42 
4.7625 9.54942e-42 
4.77 5.64942e-42 
4.7675 6.7314e-42 
4.775 3.97609e-42 
4.7725 4.74005e-42 
4.78 2.7955e-42 
4.7775 3.33435e-42 
4.785 1.96341e-42 
4.7825 2.34308e-42 
4.79 1.37757e-42 
4.7875 1.64481e-42 
4.795 9.65528e-43 
4.7925 1.15343e-42 
4.8 6.76031e-43 
4.7975 8.08013e-43 
4.805 4.72845e-43 
4.8025 5.65451e-43 
4.81 3.30385e-43 
4.8075 3.95296e-43 
4.815 2.30607e-43 
4.8125 2.76057e-43 
4.82 1.60796e-43 
4.8175 1.92587e-43 
4.825 1.12003e-43 
4.8225 1.34216e-43 
4.83 7.79348e-44 
4.8275 9.34398e-44 
4.835 5.41733e-44 
4.8325 6.49846e-44 
4.84 3.76175e-44 
4.8375 4.51481e-44 
4.845 2.60943e-44 
4.8425 3.13343e-44 
4.85 1.80823e-44 
4.8475 2.17246e-44 
4.855 1.25173e-44 
4.8525 1.50464e-44 
4.86 8.65605e-45 
4.8575 1.04104e-44 
4.865 5.97972e-45 
4.8625 7.19536e-45 
4.87 4.12661e-45 
4.8675 4.96809e-45 
4.875 2.84484e-45 
4.8725 3.42671e-45 
4.88 1.95918e-45 
4.8775 2.36112e-45 
4.885 1.34786e-45 
4.8825 1.62521e-45 
4.89 9.26328e-46 
4.8875 1.11752e-45 
4.895 6.35973e-46 
4.8925 7.67632e-46 
4.9 4.3618e-46 
4.8975 5.26749e-46 
4.905 2.98845e-46 
4.9025 3.61083e-46 
4.91 2.0454e-46 
4.9075 2.47265e-46 
4.915 1.39851e-46 
4.9125 1.6915e-46 
4.92 9.55226e-47 
4.9175 1.15594e-46 
4.925 6.51781e-47 
4.9225 7.89141e-47 
4.93 4.44277e-47 
4.9275 5.38181e-47 
4.935 3.02527e-47 
4.9325 3.66656e-47 
4.94 2.05796e-47 
4.9375 2.49546e-47 
4.945 1.39858e-47 
4.9425 1.69672e-47 
4.95 9.49593e-48 
4.9475 1.15254e-47 
4.955 6.44235e-48 
4.9525 7.8221e-48 
4.96 4.36848e-48 
4.9575 5.30515e-48 
4.965 2.96256e-48 
4.9625 3.59717e-48 
4.97 2.01211e-48 
4.9675 2.4407e-48 
4.975 1.37275e-48 
4.9725 1.66052e-48 
4.98 9.46833e-49 
4.9775 1.1378e-48 
4.985 6.69035e-49 
4.9825 7.92524e-49 
4.99 4.9655e-49 
4.9875 5.71609e-49 
4.995 4.02711e-49 
4.9925 4.40954e-49 
5 3.7297e-49 
4.9975 3.8033e-49 
