0 9.02101e-18 
0.005 9.26937e-18 
0.0025 9.08289e-18 
0.01 1.00269e-17 
0.0075 9.58271e-18 
0.015 1.13314e-17 
0.0125 1.06074e-17 
0.02 1.3248e-17 
0.0175 1.2208e-17 
0.025 1.58716e-17 
0.0225 1.44642e-17 
0.03 1.93316e-17 
0.0275 1.74875e-17 
0.035 2.37969e-17 
0.0325 2.14262e-17 
0.04 2.94842e-17 
0.0375 2.64722e-17 
0.045 3.66663e-17 
0.0425 3.28687e-17 
0.05 4.56845e-17 
0.0475 4.09214e-17 
0.055 5.69627e-17 
0.0525 5.10108e-17 
0.06 7.1025e-17 
0.0575 6.36085e-17 
0.065 8.85176e-17 
0.0625 7.92966e-17 
0.07 1.10234e-16 
0.0675 9.87916e-17 
0.075 1.37149e-16 
0.0725 1.22973e-16 
0.08 1.70455e-16 
0.0775 1.52919e-16 
0.085 2.11607e-16 
0.0825 1.89947e-16 
0.09 2.62383e-16 
0.0875 2.35667e-16 
0.095 3.24948e-16 
0.0925 2.92039e-16 
0.1 4.01934e-16 
0.0975 3.61453e-16 
0.105 4.96538e-16 
0.1025 4.46809e-16 
0.11 6.12636e-16 
0.1075 5.51628e-16 
0.115 7.54921e-16 
0.1125 6.80175e-16 
0.12 9.29065e-16 
0.1175 8.37612e-16 
0.125 1.14192e-15 
0.1225 1.03017e-15 
0.13 1.40173e-15 
0.1275 1.26538e-15 
0.135 1.71845e-15 
0.1325 1.55228e-15 
0.14 2.104e-15 
0.1375 1.90178e-15 
0.145 2.57271e-15 
0.1425 2.32696e-15 
0.15 3.14175e-15 
0.1475 2.84349e-15 
0.155 3.83164e-15 
0.1525 3.47015e-15 
0.16 4.66691e-15 
0.1575 4.22939e-15 
0.165 5.6768e-15 
0.1625 5.14799e-15 
0.17 6.89613e-15 
0.1675 6.25786e-15 
0.175 8.36632e-15 
0.1725 7.59699e-15 
0.18 1.01365e-14 
0.1775 9.21049e-15 
0.185 1.22649e-14 
0.1825 1.11519e-14 
0.19 1.48204e-14 
0.1875 1.34845e-14 
0.195 1.78844e-14 
0.1925 1.62832e-14 
0.2 2.1553e-14 
0.1975 1.96365e-14 
0.205 2.59391e-14 
0.2025 2.36485e-14 
0.21 3.11756e-14 
0.2075 2.84419e-14 
0.215 3.74185e-14 
0.2125 3.41605e-14 
0.22 4.48504e-14 
0.2175 4.09732e-14 
0.225 5.3685e-14 
0.2225 4.90776e-14 
0.23 6.41718e-14 
0.2275 5.87047e-14 
0.235 7.66015e-14 
0.2325 7.01238e-14 
0.24 9.13125e-14 
0.2375 8.36486e-14 
0.245 1.08698e-13 
0.2425 9.96438e-14 
0.25 1.29212e-13 
0.2475 1.18533e-13 
0.255 1.53384e-13 
0.2525 1.40805e-13 
0.26 1.81822e-13 
0.2575 1.67028e-13 
0.265 2.15227e-13 
0.2625 1.97856e-13 
0.27 2.54408e-13 
0.2675 2.34041e-13 
0.275 3.00293e-13 
0.2725 2.76449e-13 
0.28 3.53945e-13 
0.2775 3.26076e-13 
0.285 4.1658e-13 
0.2825 3.84057e-13 
0.29 4.89588e-13 
0.2875 4.51693e-13 
0.295 5.74551e-13 
0.2925 5.30468e-13 
0.3 6.73267e-13 
0.2975 6.22068e-13 
0.305 7.87776e-13 
0.3025 7.28409e-13 
0.31 9.20388e-13 
0.3075 8.51664e-13 
0.315 1.07371e-12 
0.3125 9.94285e-13 
0.32 1.25068e-12 
0.3175 1.15904e-12 
0.325 1.4546e-12 
0.3225 1.34905e-12 
0.33 1.68917e-12 
0.3275 1.56781e-12 
0.335 1.95854e-12 
0.3325 1.81923e-12 
0.34 2.26732e-12 
0.3375 2.10769e-12 
0.345 2.62065e-12 
0.3425 2.43807e-12 
0.35 3.02423e-12 
0.3475 2.81578e-12 
0.355 3.4844e-12 
0.3525 3.24682e-12 
0.36 4.0081e-12 
0.3575 3.73784e-12 
0.365 4.60303e-12 
0.3625 4.29616e-12 
0.37 5.27762e-12 
0.3675 4.92981e-12 
0.375 6.04109e-12 
0.3725 5.64763e-12 
0.38 6.90354e-12 
0.3775 6.45927e-12 
0.385 7.87595e-12 
0.3825 7.37527e-12 
0.39 8.9703e-12 
0.3875 8.4071e-12 
0.395 1.01995e-11 
0.3925 9.56721e-12 
0.4 1.15778e-11 
0.3975 1.08691e-11 
0.405 1.31201e-11 
0.4025 1.23274e-11 
0.41 1.48431e-11 
0.4075 1.3958e-11 
0.415 1.67644e-11 
0.4125 1.57778e-11 
0.42 1.89032e-11 
0.4175 1.78054e-11 
0.425 2.12802e-11 
0.4225 2.00606e-11 
0.43 2.39179e-11 
0.4275 2.2565e-11 
0.435 2.68405e-11 
0.4325 2.5342e-11 
0.44 3.00744e-11 
0.4375 2.84168e-11 
0.445 3.36484e-11 
0.4425 3.1817e-11 
0.45 3.7594e-11 
0.4475 3.55727e-11 
0.455 4.19456e-11 
0.4525 3.97167e-11 
0.46 4.67413e-11 
0.4575 4.42854e-11 
0.465 5.20232e-11 
0.4625 4.93187e-11 
0.47 5.78379e-11 
0.4675 5.48608e-11 
0.475 6.42375e-11 
0.4725 6.09611e-11 
0.48 7.128e-11 
0.4775 6.76745e-11 
0.485 7.90304e-11 
0.4825 7.50623e-11 
0.49 8.75617e-11 
0.4875 8.31935e-11 
0.495 9.6956e-11 
0.4925 9.21455e-11 
0.5 1.07305e-10 
0.4975 1.02005e-10 
0.505 1.18714e-10 
0.5025 1.1287e-10 
0.51 1.31299e-10 
0.5075 1.24852e-10 
0.515 1.45192e-10 
0.5125 1.38073e-10 
0.52 1.60541e-10 
0.5175 1.52674e-10 
0.525 1.77515e-10 
0.5225 1.68814e-10 
0.53 1.96301e-10 
0.5275 1.86668e-10 
0.535 2.17111e-10 
0.5325 2.06438e-10 
0.54 2.40184e-10 
0.5375 2.28348e-10 
0.545 2.65787e-10 
0.5425 2.52651e-10 
0.55 2.94221e-10 
0.5475 2.7963e-10 
0.555 3.25825e-10 
0.5525 3.09605e-10 
0.56 3.60978e-10 
0.5575 3.42933e-10 
0.565 4.00104e-10 
0.5625 3.80016e-10 
0.57 4.4368e-10 
0.5675 4.21304e-10 
0.575 4.92241e-10 
0.5725 4.67301e-10 
0.58 5.46384e-10 
0.5775 5.18574e-10 
0.585 6.06781e-10 
0.5825 5.75756e-10 
0.59 6.74182e-10 
0.5875 6.39555e-10 
0.595 7.49426e-10 
0.5925 7.10767e-10 
0.6 8.33454e-10 
0.5975 7.90279e-10 
0.605 9.27319e-10 
0.6025 8.79087e-10 
0.61 1.0322e-09 
0.6075 9.78303e-10 
0.615 1.14941e-09 
0.6125 1.08917e-09 
0.62 1.28042e-09 
0.6175 1.21309e-09 
0.625 1.42689e-09 
0.6225 1.35162e-09 
0.63 1.59066e-09 
0.6275 1.50649e-09 
0.635 1.77379e-09 
0.6325 1.67966e-09 
0.64 1.97858e-09 
0.6375 1.87332e-09 
0.645 2.20763e-09 
0.6425 2.0899e-09 
0.65 2.46381e-09 
0.6475 2.33213e-09 
0.655 2.75035e-09 
0.6525 2.60307e-09 
0.66 3.07087e-09 
0.6575 2.90612e-09 
0.665 3.4294e-09 
0.6625 3.24511e-09 
0.67 3.83047e-09 
0.6675 3.62432e-09 
0.675 4.27912e-09 
0.6725 4.04851e-09 
0.68 4.781e-09 
0.6775 4.52302e-09 
0.685 5.34243e-09 
0.6825 5.05385e-09 
0.69 5.97049e-09 
0.6875 5.64766e-09 
0.695 6.67307e-09 
0.6925 6.31194e-09 
0.7 7.45903e-09 
0.6975 7.05504e-09 
0.705 8.33824e-09 
0.7025 7.88631e-09 
0.71 9.32176e-09 
0.7075 8.81622e-09 
0.715 1.0422e-08 
0.7125 9.85646e-09 
0.72 1.16527e-08 
0.7175 1.10201e-08 
0.725 1.30294e-08 
0.7225 1.23218e-08 
0.73 1.45694e-08 
0.7275 1.37779e-08 
0.735 1.62921e-08 
0.7325 1.54067e-08 
0.74 1.82191e-08 
0.7375 1.72286e-08 
0.745 2.03745e-08 
0.7425 1.92666e-08 
0.75 2.27856e-08 
0.7475 2.15463e-08 
0.755 2.54825e-08 
0.7525 2.40963e-08 
0.76 2.84991e-08 
0.7575 2.69486e-08 
0.765 3.18733e-08 
0.7625 3.0139e-08 
0.77 3.56475e-08 
0.7675 3.37076e-08 
0.775 3.9869e-08 
0.7725 3.76992e-08 
0.78 4.45909e-08 
0.7775 4.21639e-08 
0.785 4.98723e-08 
0.7825 4.71577e-08 
0.79 5.57796e-08 
0.7875 5.27433e-08 
0.795 6.23869e-08 
0.7925 5.89908e-08 
0.8 6.97772e-08 
0.7975 6.59786e-08 
0.805 7.8043e-08 
0.8025 7.37944e-08 
0.81 8.72882e-08 
0.8075 8.25362e-08 
0.815 9.76287e-08 
0.8125 9.23137e-08 
0.82 1.09194e-07 
0.8175 1.0325e-07 
0.825 1.2213e-07 
0.8225 1.15481e-07 
0.83 1.36598e-07 
0.8275 1.29161e-07 
0.835 1.5278e-07 
0.8325 1.44462e-07 
0.84 1.70879e-07 
0.8375 1.61576e-07 
0.845 1.91121e-07 
0.8425 1.80717e-07 
0.85 2.13762e-07 
0.8475 2.02125e-07 
0.855 2.39084e-07 
0.8525 2.26068e-07 
0.86 2.67405e-07 
0.8575 2.52848e-07 
0.865 2.99081e-07 
0.8625 2.828e-07 
0.87 3.34508e-07 
0.8675 3.16299e-07 
0.875 3.74132e-07 
0.8725 3.53766e-07 
0.88 4.18449e-07 
0.8775 3.95671e-07 
0.885 4.68015e-07 
0.8825 4.42539e-07 
0.89 5.23452e-07 
0.8875 4.94958e-07 
0.895 5.85454e-07 
0.8925 5.53586e-07 
0.9 6.548e-07 
0.8975 6.19157e-07 
0.905 7.3236e-07 
0.9025 6.92495e-07 
0.91 8.19106e-07 
0.9075 7.74519e-07 
0.915 9.16126e-07 
0.9125 8.66259e-07 
0.92 1.02464e-06 
0.9175 9.68864e-07 
0.925 1.146e-06 
0.9225 1.08362e-06 
0.93 1.28174e-06 
0.9275 1.21197e-06 
0.935 1.43356e-06 
0.9325 1.35553e-06 
0.94 1.60336e-06 
0.9375 1.51608e-06 
0.945 1.79327e-06 
0.9425 1.69566e-06 
0.95 2.00568e-06 
0.9475 1.8965e-06 
0.955 2.24324e-06 
0.9525 2.12114e-06 
0.96 2.50895e-06 
0.9575 2.37238e-06 
0.965 2.80614e-06 
0.9625 2.65339e-06 
0.97 3.13852e-06 
0.9675 2.96768e-06 
0.975 3.51028e-06 
0.9725 3.3192e-06 
0.98 3.92608e-06 
0.9775 3.71236e-06 
0.985 4.39114e-06 
0.9825 4.1521e-06 
0.99 4.91129e-06 
0.9875 4.64393e-06 
0.995 5.49306e-06 
0.9925 5.19403e-06 
1 6.14375e-06 
0.9975 5.8093e-06 
1.005 6.87153e-06 
1.0025 6.49746e-06 
1.01 7.68553e-06 
1.0075 7.26714e-06 
1.015 8.59597e-06 
1.0125 8.12801e-06 
1.02 9.61428e-06 
1.0175 9.09088e-06 
1.025 1.07532e-05 
1.0225 1.01678e-05 
1.03 1.20271e-05 
1.0275 1.13724e-05 
1.035 1.3452e-05 
1.0325 1.27196e-05 
1.04 1.50457e-05 
1.0375 1.42265e-05 
1.045 1.68282e-05 
1.0425 1.5912e-05 
1.05 1.88219e-05 
1.0475 1.77971e-05 
1.055 2.10518e-05 
1.0525 1.99056e-05 
1.06 2.3546e-05 
1.0575 2.2264e-05 
1.065 2.63357e-05 
1.0625 2.49018e-05 
1.07 2.9456e-05 
1.0675 2.78522e-05 
1.075 3.29461e-05 
1.0725 3.11522e-05 
1.08 3.68498e-05 
1.0775 3.48433e-05 
1.085 4.1216e-05 
1.0825 3.89718e-05 
1.09 4.60997e-05 
1.0875 4.35895e-05 
1.095 5.15621e-05 
1.0925 4.87544e-05 
1.1 5.76719e-05 
1.0975 5.45315e-05 
1.105 6.45057e-05 
1.1025 6.09931e-05 
1.11 7.21494e-05 
1.1075 6.82205e-05 
1.115 8.06989e-05 
1.1125 7.63045e-05 
1.12 9.02617e-05 
1.1175 8.53465e-05 
1.125 0.000100958 
1.1225 9.546e-05 
1.13 0.000112921 
1.1275 0.000106772 
1.135 0.000126303 
1.1325 0.000119425 
1.14 0.00014127 
1.1375 0.000133577 
1.145 0.000158012 
1.1425 0.000149407 
1.15 0.000176737 
1.1475 0.000167112 
1.155 0.000197681 
1.1525 0.000186916 
1.16 0.000221107 
1.1575 0.000209066 
1.165 0.00024731 
1.1625 0.000233842 
1.17 0.000276617 
1.1675 0.000261553 
1.175 0.000309397 
1.1725 0.000292548 
1.18 0.000346061 
1.1775 0.000327216 
1.185 0.000387069 
1.1825 0.000365991 
1.19 0.000432936 
1.1875 0.000409361 
1.195 0.000484237 
1.1925 0.000457869 
1.2 0.000541615 
1.1975 0.000512124 
1.205 0.00060579 
1.2025 0.000572805 
1.21 0.000677565 
1.2075 0.000640674 
1.215 0.000757841 
1.2125 0.00071658 
1.22 0.000847622 
1.2175 0.000801476 
1.225 0.000948032 
1.2225 0.000896423 
1.23 0.00106033 
1.2275 0.00100261 
1.235 0.00118592 
1.2325 0.00112137 
1.24 0.00132636 
1.2375 0.00125418 
1.245 0.00148342 
1.2425 0.0014027 
1.25 0.00165906 
1.2475 0.00156879 
1.255 0.00185546 
1.2525 0.00175452 
1.26 0.00207507 
1.2575 0.0019622 
1.265 0.00232062 
1.2625 0.00219442 
1.27 0.00259518 
1.2675 0.00245407 
1.275 0.00290213 
1.2725 0.00274437 
1.28 0.00324529 
1.2775 0.00306893 
1.285 0.0036289 
1.2825 0.00343175 
1.29 0.0040577 
1.2875 0.00383733 
1.295 0.00453696 
1.2925 0.00429067 
1.3 0.00507258 
1.2975 0.00479733 
1.305 0.00567111 
1.3025 0.00536354 
1.31 0.00633987 
1.3075 0.00599622 
1.315 0.00708699 
1.3125 0.00670309 
1.32 0.00792151 
1.3175 0.00749272 
1.325 0.00885352 
1.3225 0.00837466 
1.33 0.00989419 
1.3275 0.00935953 
1.335 0.0110559 
1.3325 0.0104591 
1.34 0.0123525 
1.3375 0.0116864 
1.345 0.0137992 
1.3425 0.0130561 
1.35 0.0154129 
1.3475 0.014584 
1.355 0.0172121 
1.3525 0.0162881 
1.36 0.0192176 
1.3575 0.0181877 
1.365 0.021452 
1.3625 0.0203047 
1.37 0.0239402 
1.3675 0.0226627 
1.375 0.0267096 
1.3725 0.0252879 
1.38 0.02979 
1.3775 0.0282089 
1.385 0.0332141 
1.3825 0.0314569 
1.39 0.0370174 
1.3875 0.035066 
1.395 0.0412384 
1.3925 0.0390732 
1.4 0.0459187 
1.3975 0.0435184 
1.405 0.0511028 
1.4025 0.0484448 
1.41 0.0568384 
1.4075 0.0538985 
1.415 0.0631762 
1.4125 0.0599288 
1.42 0.0701696 
1.4175 0.0665875 
1.425 0.0778743 
1.4225 0.0739295 
1.43 0.0863483 
1.4275 0.0820115 
1.435 0.0956506 
1.4325 0.0908922 
1.44 0.105841 
1.4375 0.100631 
1.445 0.116979 
1.4425 0.111288 
1.45 0.129122 
1.4475 0.122922 
1.455 0.142325 
1.4525 0.135588 
1.46 0.156638 
1.4575 0.14934 
1.465 0.172104 
1.4625 0.164225 
1.47 0.188758 
1.4675 0.180281 
1.475 0.206624 
1.4725 0.197538 
1.48 0.225712 
1.4775 0.216015 
1.485 0.246019 
1.4825 0.235714 
1.49 0.267523 
1.4875 0.256623 
1.495 0.290185 
1.4925 0.278713 
1.5 0.313943 
1.4975 0.301931 
1.505 0.338719 
1.5025 0.32621 
1.51 0.36441 
1.5075 0.351457 
1.515 0.390897 
1.5125 0.377562 
1.52 0.418039 
1.5175 0.404395 
1.525 0.445683 
1.5225 0.431809 
1.53 0.473664 
1.5275 0.459642 
1.535 0.501805 
1.5325 0.487725 
1.54 0.529929 
1.5375 0.51588 
1.545 0.557857 
1.5425 0.543929 
1.55 0.585417 
1.5475 0.571694 
1.555 0.612445 
1.5525 0.599008 
1.56 0.63879 
1.5575 0.625712 
1.565 0.664318 
1.5625 0.651664 
1.57 0.688912 
1.5675 0.676738 
1.575 0.712476 
1.5725 0.700828 
1.58 0.734933 
1.5775 0.723847 
1.585 0.756229 
1.5825 0.745729 
1.59 0.776328 
1.5875 0.76643 
1.595 0.795212 
1.5925 0.785922 
1.6 0.812879 
1.5975 0.804197 
1.605 0.829343 
1.6025 0.82126 
1.61 0.84463 
1.6075 0.837131 
1.615 0.858776 
1.6125 0.851843 
1.62 0.871825 
1.6175 0.865434 
1.625 0.883827 
1.6225 0.877953 
1.63 0.894838 
1.6275 0.889453 
1.635 0.904914 
1.6325 0.899989 
1.64 0.914114 
1.6375 0.90962 
1.645 0.922499 
1.6425 0.918405 
1.65 0.930125 
1.6475 0.926403 
1.655 0.93705 
1.6525 0.933672 
1.66 0.943329 
1.6575 0.940267 
1.665 0.949015 
1.6625 0.946243 
1.67 0.954157 
1.6675 0.951651 
1.675 0.958801 
1.6725 0.956538 
1.68 0.962993 
1.6775 0.960951 
1.685 0.966772 
1.6825 0.964932 
1.69 0.970177 
1.6875 0.968519 
1.695 0.973242 
1.6925 0.97175 
1.7 0.975999 
1.6975 0.974657 
1.705 0.978478 
1.7025 0.977272 
1.71 0.980706 
1.7075 0.979622 
1.715 0.982707 
1.7125 0.981734 
1.72 0.984504 
1.7175 0.98363 
1.725 0.986116 
1.7225 0.985332 
1.73 0.987563 
1.7275 0.986859 
1.735 0.98886 
1.7325 0.988229 
1.74 0.990024 
1.7375 0.989458 
1.745 0.991067 
1.7425 0.99056 
1.75 0.992001 
1.7475 0.991547 
1.755 0.992839 
1.7525 0.992432 
1.76 0.993589 
1.7575 0.993225 
1.765 0.994262 
1.7625 0.993935 
1.77 0.994864 
1.7675 0.994571 
1.775 0.995403 
1.7725 0.995141 
1.78 0.995886 
1.7775 0.995651 
1.785 0.996318 
1.7825 0.996108 
1.79 0.996705 
1.7875 0.996517 
1.795 0.997051 
1.7925 0.996883 
1.8 0.997361 
1.7975 0.997211 
1.805 0.997639 
1.8025 0.997504 
1.81 0.997887 
1.8075 0.997766 
1.815 0.99811 
1.8125 0.998001 
1.82 0.998308 
1.8175 0.998212 
1.825 0.998487 
1.8225 0.9984 
1.83 0.998646 
1.8275 0.998568 
1.835 0.998788 
1.8325 0.998719 
1.84 0.998916 
1.8375 0.998854 
1.845 0.99903 
1.8425 0.998975 
1.85 0.999132 
1.8475 0.999083 
1.855 0.999224 
1.8525 0.999179 
1.86 0.999305 
1.8575 0.999266 
1.865 0.999378 
1.8625 0.999343 
1.87 0.999444 
1.8675 0.999412 
1.875 0.999502 
1.8725 0.999474 
1.88 0.999555 
1.8775 0.999529 
1.885 0.999601 
1.8825 0.999579 
1.89 0.999643 
1.8875 0.999623 
1.895 0.999681 
1.8925 0.999663 
1.9 0.999714 
1.8975 0.999698 
1.905 0.999744 
1.9025 0.99973 
1.91 0.999771 
1.9075 0.999758 
1.915 0.999795 
1.9125 0.999783 
1.92 0.999816 
1.9175 0.999806 
1.925 0.999835 
1.9225 0.999826 
1.93 0.999852 
1.9275 0.999844 
1.935 0.999867 
1.9325 0.99986 
1.94 0.999881 
1.9375 0.999874 
1.945 0.999893 
1.9425 0.999887 
1.95 0.999904 
1.9475 0.999899 
1.955 0.999913 
1.9525 0.999909 
1.96 0.999922 
1.9575 0.999918 
1.965 0.999929 
1.9625 0.999926 
1.97 0.999936 
1.9675 0.999933 
1.975 0.999942 
1.9725 0.999939 
1.98 0.999947 
1.9775 0.999945 
1.985 0.999952 
1.9825 0.999949 
1.99 0.999956 
1.9875 0.999954 
1.995 0.999959 
1.9925 0.999957 
2 0.999962 
1.9975 0.99996 
2.005 0.999964 
2.0025 0.999963 
2.01 0.999966 
2.0075 0.999965 
2.015 0.999968 
2.0125 0.999967 
2.02 0.999969 
2.0175 0.999968 
2.025 0.99997 
2.0225 0.999969 
2.03 0.99997 
2.0275 0.99997 
2.035 0.99997 
2.0325 0.99997 
2.04 0.99997 
2.0375 0.99997 
2.045 0.99997 
2.0425 0.99997 
2.05 0.999969 
2.0475 0.999969 
2.055 0.999968 
2.0525 0.999968 
2.06 0.999966 
2.0575 0.999967 
2.065 0.999964 
2.0625 0.999965 
2.07 0.999962 
2.0675 0.999963 
2.075 0.999959 
2.0725 0.99996 
2.08 0.999956 
2.0775 0.999957 
2.085 0.999952 
2.0825 0.999954 
2.09 0.999948 
2.0875 0.99995 
2.095 0.999943 
2.0925 0.999946 
2.1 0.999938 
2.0975 0.999941 
2.105 0.999932 
2.1025 0.999935 
2.11 0.999925 
2.1075 0.999929 
2.115 0.999918 
2.1125 0.999921 
2.12 0.999909 
2.1175 0.999913 
2.125 0.9999 
2.1225 0.999905 
2.13 0.999889 
2.1275 0.999895 
2.135 0.999878 
2.1325 0.999884 
2.14 0.999865 
2.1375 0.999872 
2.145 0.999851 
2.1425 0.999858 
2.15 0.999835 
2.1475 0.999843 
2.155 0.999817 
2.1525 0.999826 
2.16 0.999798 
2.1575 0.999808 
2.165 0.999776 
2.1625 0.999787 
2.17 0.999752 
2.1675 0.999764 
2.175 0.999726 
2.1725 0.999739 
2.18 0.999696 
2.1775 0.999711 
2.185 0.999663 
2.1825 0.99968 
2.19 0.999627 
2.1875 0.999646 
2.195 0.999587 
2.1925 0.999608 
2.2 0.999543 
2.1975 0.999566 
2.205 0.999494 
2.2025 0.999519 
2.21 0.999439 
2.2075 0.999467 
2.215 0.999379 
2.2125 0.99941 
2.22 0.999312 
2.2175 0.999346 
2.225 0.999238 
2.2225 0.999276 
2.23 0.999156 
2.2275 0.999198 
2.235 0.999065 
2.2325 0.999111 
2.24 0.998964 
2.2375 0.999016 
2.245 0.998853 
2.2425 0.99891 
2.25 0.998729 
2.2475 0.998793 
2.255 0.998593 
2.2525 0.998663 
2.26 0.998441 
2.2575 0.998519 
2.265 0.998274 
2.2625 0.99836 
2.27 0.998088 
2.2675 0.998183 
2.275 0.997883 
2.2725 0.997988 
2.28 0.997655 
2.2775 0.997772 
2.285 0.997404 
2.2825 0.997533 
2.29 0.997125 
2.2875 0.997268 
2.295 0.996816 
2.2925 0.996974 
2.3 0.996474 
2.2975 0.99665 
2.305 0.996096 
2.3025 0.99629 
2.31 0.995678 
2.3075 0.995892 
2.315 0.995214 
2.3125 0.995452 
2.32 0.994702 
2.3175 0.994964 
2.325 0.994134 
2.3225 0.994425 
2.33 0.993507 
2.3275 0.993828 
2.335 0.992812 
2.3325 0.993168 
2.34 0.992044 
2.3375 0.992438 
2.345 0.991194 
2.3425 0.99163 
2.35 0.990255 
2.3475 0.990736 
2.355 0.989216 
2.3525 0.989749 
2.36 0.988068 
2.3575 0.988656 
2.365 0.986799 
2.3625 0.987449 
2.37 0.985396 
2.3675 0.986115 
2.375 0.983847 
2.3725 0.984641 
2.38 0.982136 
2.3775 0.983013 
2.385 0.980247 
2.3825 0.981215 
2.39 0.978162 
2.3875 0.97923 
2.395 0.975861 
2.3925 0.97704 
2.4 0.973324 
2.3975 0.974623 
2.405 0.970527 
2.4025 0.971959 
2.41 0.967445 
2.4075 0.969023 
2.415 0.964051 
2.4125 0.965789 
2.42 0.960316 
2.4175 0.962229 
2.425 0.956208 
2.4225 0.958311 
2.43 0.951693 
2.4275 0.954004 
2.435 0.946735 
2.4325 0.949272 
2.44 0.941295 
2.4375 0.944078 
2.445 0.935332 
2.4425 0.938382 
2.45 0.928803 
2.4475 0.932141 
2.455 0.921662 
2.4525 0.925312 
2.46 0.913863 
2.4575 0.917848 
2.465 0.905356 
2.4625 0.909701 
2.47 0.896091 
2.4675 0.900821 
2.475 0.886019 
2.4725 0.891159 
2.48 0.875089 
2.4775 0.880664 
2.485 0.863252 
2.4825 0.869287 
2.49 0.85046 
2.4875 0.856978 
2.495 0.836671 
2.4925 0.843693 
2.5 0.821843 
2.4975 0.829389 
2.505 0.805945 
2.5025 0.81403 
2.51 0.788949 
2.5075 0.797585 
2.515 0.77084 
2.5125 0.780034 
2.52 0.75161 
2.5175 0.761365 
2.525 0.731268 
2.5225 0.741577 
2.53 0.709834 
2.5275 0.720686 
2.535 0.687344 
2.5325 0.698718 
2.54 0.663852 
2.5375 0.675719 
2.545 0.639427 
2.5425 0.651751 
2.55 0.614158 
2.5475 0.626892 
2.555 0.588149 
2.5525 0.601239 
2.56 0.561522 
2.5575 0.574905 
2.565 0.534412 
2.5625 0.548019 
2.57 0.506967 
2.5675 0.520722 
2.575 0.479343 
2.5725 0.493167 
2.58 0.451703 
2.5775 0.465515 
2.585 0.424214 
2.5825 0.437929 
2.59 0.397038 
2.5875 0.410577 
2.595 0.370335 
2.5925 0.383618 
2.6 0.344255 
2.5975 0.357208 
2.605 0.318935 
2.6025 0.331492 
2.61 0.294499 
2.6075 0.3066 
2.615 0.271052 
2.6125 0.282646 
2.62 0.248683 
2.6175 0.259729 
2.625 0.22746 
2.6225 0.237925 
2.63 0.207432 
2.6275 0.217295 
2.635 0.18863 
2.6325 0.197877 
2.64 0.171066 
2.6375 0.179693 
2.645 0.154737 
2.6425 0.162748 
2.65 0.139624 
2.6475 0.14703 
2.655 0.125696 
2.6525 0.132514 
2.66 0.112913 
2.6575 0.119165 
2.665 0.101225 
2.6625 0.106936 
2.67 0.0905761 
2.6675 0.0957745 
2.675 0.0809056 
2.6725 0.0856224 
2.68 0.0721508 
2.6775 0.0764178 
2.685 0.0642474 
2.6825 0.0680967 
2.69 0.0571312 
2.6875 0.0605949 
2.695 0.0507392 
2.6925 0.0538486 
2.7 0.0450103 
2.6975 0.0477956 
2.705 0.0398859 
2.7025 0.042376 
2.71 0.0353107 
2.7075 0.037533 
2.715 0.0312325 
2.7125 0.0332126 
2.72 0.0276029 
2.7175 0.0293645 
2.725 0.0243768 
2.7225 0.0259421 
2.73 0.0215131 
2.7275 0.0229021 
2.735 0.0189738 
2.7325 0.0202051 
2.74 0.0167244 
2.7375 0.0178149 
2.745 0.0147338 
2.7425 0.0156986 
2.75 0.0129735 
2.7475 0.0138265 
2.755 0.0114181 
2.7525 0.0121717 
2.76 0.0100448 
2.7575 0.0107101 
2.765 0.00883294 
2.7625 0.00941988 
2.77 0.00776418 
2.7675 0.00828174 
2.775 0.00682213 
2.7725 0.00727827 
2.78 0.00599218 
2.7775 0.00639399 
2.785 0.00526132 
2.7825 0.00561512 
2.79 0.004618 
2.7875 0.00492939 
2.795 0.00405196 
2.7925 0.00432591 
2.8 0.0035541 
2.7975 0.00379503 
2.805 0.00311638 
2.8025 0.00332819 
2.81 0.00273166 
2.8075 0.00291781 
2.815 0.00239364 
2.8125 0.00255718 
2.82 0.00209676 
2.8175 0.00224038 
2.825 0.00183608 
2.8225 0.00196217 
2.83 0.00160726 
2.8275 0.00171794 
2.835 0.00140648 
2.8325 0.00150359 
2.84 0.00123036 
2.8375 0.00131553 
2.845 0.0010759 
2.8425 0.00115059 
2.85 0.000940505 
2.8475 0.00100597 
2.855 0.000821844 
2.8525 0.000879215 
2.86 0.000717886 
2.8575 0.000768144 
2.865 0.000626839 
2.8625 0.000670852 
2.87 0.000547126 
2.8675 0.000585657 
2.875 0.00047736 
2.8725 0.00051108 
2.88 0.000416322 
2.8775 0.00044582 
2.885 0.000362937 
2.8825 0.000388734 
2.89 0.000316263 
2.8875 0.000338815 
2.895 0.000275473 
2.8925 0.00029518 
2.9 0.000239837 
2.8975 0.000257052 
2.905 0.000208716 
2.9025 0.000223749 
2.91 0.00018155 
2.9075 0.000194671 
2.915 0.000157845 
2.9125 0.000169293 
2.92 0.00013717 
2.9175 0.000147154 
2.925 0.000119144 
2.9225 0.000127847 
2.93 0.000103435 
2.9275 0.000111019 
2.935 8.97517e-05 
2.9325 9.6357e-05 
2.94 7.7838e-05 
2.9375 8.35883e-05 
2.945 6.747e-05 
2.9425 7.24736e-05 
2.95 5.84516e-05 
2.9475 6.28034e-05 
2.955 5.06109e-05 
2.9525 5.43939e-05 
2.96 4.37975e-05 
2.9575 4.70844e-05 
2.965 3.788e-05 
2.9625 4.07343e-05 
2.97 3.27431e-05 
2.9675 3.52206e-05 
2.975 2.82863e-05 
2.9725 3.04355e-05 
2.98 2.44217e-05 
2.9775 2.6285e-05 
2.985 2.10724e-05 
2.9825 2.2687e-05 
2.99 1.81714e-05 
2.9875 1.95697e-05 
2.995 1.566e-05 
2.9925 1.68703e-05 
3 1.34873e-05 
2.9975 1.45343e-05 
3.005 1.16087e-05 
3.0025 1.25138e-05 
3.01 9.98534e-06 
3.0075 1.07673e-05 
3.015 8.58341e-06 
3.0125 9.25863e-06 
3.02 7.37347e-06 
3.0175 7.95612e-06 
3.025 6.32987e-06 
3.0225 6.83234e-06 
3.03 5.43034e-06 
3.0275 5.86337e-06 
3.035 4.65547e-06 
3.0325 5.02843e-06 
3.04 3.98845e-06 
3.0375 4.30944e-06 
3.045 3.41463e-06 
3.0425 3.69072e-06 
3.05 2.92133e-06 
3.0475 3.15864e-06 
3.055 2.49753e-06 
3.0525 2.70137e-06 
3.06 2.1337e-06 
3.0575 2.30867e-06 
3.065 1.82157e-06 
3.0625 1.97165e-06 
3.07 1.55398e-06 
3.0675 1.68262e-06 
3.075 1.32474e-06 
3.0725 1.43492e-06 
3.08 1.12848e-06 
3.0775 1.22279e-06 
3.085 9.60599e-07 
3.0825 1.04126e-06 
3.09 8.17084e-07 
3.0875 8.86022e-07 
3.095 6.94494e-07 
3.0925 7.5337e-07 
3.1 5.89853e-07 
3.0975 6.40099e-07 
3.105 5.00602e-07 
3.1025 5.4345e-07 
3.11 4.24534e-07 
3.1075 4.61045e-07 
3.115 3.59751e-07 
3.1125 3.9084e-07 
3.12 3.04621e-07 
3.1175 3.31072e-07 
3.125 2.57741e-07 
3.1225 2.80229e-07 
3.13 2.17908e-07 
3.1275 2.37012e-07 
3.135 1.84088e-07 
3.1325 2.00305e-07 
3.14 1.55397e-07 
3.1375 1.69152e-07 
3.145 1.31076e-07 
3.1425 1.42733e-07 
3.15 1.10474e-07 
3.1475 1.20347e-07 
3.155 9.30384e-08 
3.1525 1.01392e-07 
3.16 7.82928e-08 
3.1575 8.53561e-08 
3.165 6.58325e-08 
3.1625 7.17999e-08 
3.17 5.53118e-08 
3.1675 6.03492e-08 
3.175 4.64358e-08 
3.1725 5.06848e-08 
3.18 3.89534e-08 
3.1775 4.25345e-08 
3.185 3.26509e-08 
3.1825 3.56667e-08 
3.19 2.73465e-08 
3.1875 2.98842e-08 
3.195 2.28858e-08 
3.1925 2.50194e-08 
3.2 1.91376e-08 
3.1975 2.093e-08 
3.205 1.59906e-08 
3.2025 1.74952e-08 
3.21 1.33506e-08 
3.2075 1.46125e-08 
3.215 1.11376e-08 
3.2125 1.21952e-08 
3.22 9.2842e-09 
3.2175 1.01698e-08 
3.225 7.73311e-09 
3.2225 8.47406e-09 
3.23 6.4361e-09 
3.2275 7.05555e-09 
3.235 5.35244e-09 
3.2325 5.86988e-09 
3.24 4.44775e-09 
3.2375 4.87964e-09 
3.245 3.6931e-09 
3.2425 4.05329e-09 
3.25 3.06411e-09 
3.2475 3.36426e-09 
3.255 2.54028e-09 
3.2525 2.7902e-09 
3.26 2.10437e-09 
3.2575 2.3123e-09 
3.265 1.74193e-09 
3.2625 1.91478e-09 
3.27 1.44081e-09 
3.2675 1.58438e-09 
3.275 1.19083e-09 
3.2725 1.30999e-09 
3.28 9.83477e-10 
3.2775 1.0823e-09 
3.285 8.11617e-10 
3.2825 8.93508e-10 
3.29 6.69286e-10 
3.2875 7.37092e-10 
3.295 5.51504e-10 
3.2925 6.07604e-10 
3.3 4.54113e-10 
3.2975 5.00491e-10 
3.305 3.73645e-10 
3.3025 4.11956e-10 
3.31 3.0721e-10 
3.3075 3.38834e-10 
3.315 2.52405e-10 
3.3125 2.78488e-10 
3.32 2.07227e-10 
3.3175 2.28724e-10 
3.325 1.70014e-10 
3.3225 1.87717e-10 
3.33 1.39385e-10 
3.3275 1.53953e-10 
3.335 1.14194e-10 
3.3325 1.26173e-10 
3.34 9.34903e-11 
3.3375 1.03334e-10 
3.345 7.64877e-11 
3.3425 8.45699e-11 
3.35 6.25346e-11 
3.3475 6.9166e-11 
3.355 5.10924e-11 
3.3525 5.65294e-11 
3.36 4.17161e-11 
3.3575 4.61706e-11 
3.365 3.4038e-11 
3.3625 3.7685e-11 
3.37 2.7755e-11 
3.3675 3.07388e-11 
3.375 2.26173e-11 
3.3725 2.50568e-11 
3.38 1.84189e-11 
3.3775 2.0412e-11 
3.385 1.49905e-11 
3.3825 1.66178e-11 
3.39 1.21928e-11 
3.3875 1.35205e-11 
3.395 9.91114e-12 
3.3925 1.09937e-11 
3.4 8.05166e-12 
3.3975 8.9338e-12 
3.405 6.53721e-12 
3.4025 7.25555e-12 
3.41 5.30455e-12 
3.4075 5.88913e-12 
3.415 4.30188e-12 
3.4125 4.77732e-12 
3.42 3.4868e-12 
3.4175 3.87322e-12 
3.425 2.8246e-12 
3.4225 3.13849e-12 
3.43 2.28694e-12 
3.4275 2.54176e-12 
3.435 1.85066e-12 
3.4325 2.0574e-12 
3.44 1.49683e-12 
3.4375 1.66447e-12 
3.445 1.21005e-12 
3.4425 1.3459e-12 
3.45 9.77728e-13 
3.4475 1.08777e-12 
3.455 7.89634e-13 
3.4525 8.78713e-13 
3.46 6.37427e-13 
3.4575 7.09501e-13 
3.465 5.14325e-13 
3.4625 5.72609e-13 
3.47 4.14812e-13 
3.4675 4.61921e-13 
3.475 3.34409e-13 
3.4725 3.72467e-13 
3.48 2.69478e-13 
3.4775 3.00208e-13 
3.485 2.17065e-13 
3.4825 2.41868e-13 
3.49 1.74778e-13 
3.4875 1.94787e-13 
3.495 1.40675e-13 
3.4925 1.56809e-13 
3.5 1.13184e-13 
3.4975 1.26189e-13 
3.505 9.1033e-14 
3.5025 1.0151e-13 
3.51 7.31917e-14 
3.5075 8.16297e-14 
3.515 5.88276e-14 
3.5125 6.56204e-14 
3.52 4.72672e-14 
3.5175 5.27335e-14 
3.525 3.79669e-14 
3.5225 4.23642e-14 
3.53 3.04875e-14 
3.5275 3.40235e-14 
3.535 2.44745e-14 
3.5325 2.7317e-14 
3.54 1.96421e-14 
3.5375 2.19263e-14 
3.545 1.57598e-14 
3.5425 1.75947e-14 
3.55 1.26416e-14 
3.5475 1.41153e-14 
3.555 1.0138e-14 
3.5525 1.13211e-14 
3.56 8.12838e-15 
3.5575 9.07799e-15 
3.565 6.51572e-15 
3.5625 7.2777e-15 
3.57 5.22194e-15 
3.5675 5.83321e-15 
3.575 4.18425e-15 
3.5725 4.6745e-15 
3.58 3.35216e-15 
3.5775 3.74525e-15 
3.585 2.68507e-15 
3.5825 3.00019e-15 
3.59 2.15039e-15 
3.5875 2.40295e-15 
3.595 1.72191e-15 
3.5925 1.9243e-15 
3.6 1.37862e-15 
3.5975 1.54076e-15 
3.605 1.10362e-15 
3.6025 1.2335e-15 
3.61 8.83361e-16 
3.6075 9.8738e-16 
3.615 7.0698e-16 
3.6125 7.90275e-16 
3.62 5.65756e-16 
3.6175 6.32446e-16 
3.625 4.52697e-16 
3.6225 5.06085e-16 
3.63 3.62198e-16 
3.6275 4.04931e-16 
3.635 2.89766e-16 
3.6325 3.23967e-16 
3.64 2.318e-16 
3.6375 2.59169e-16 
3.645 1.85417e-16 
3.6425 2.07317e-16 
3.65 1.48305e-16 
3.6475 1.65827e-16 
3.655 1.18614e-16 
3.6525 1.32632e-16 
3.66 9.48623e-17 
3.6575 1.06076e-16 
3.665 7.58629e-17 
3.6625 8.48327e-17 
3.67 6.06661e-17 
3.6675 6.78406e-17 
3.675 4.85116e-17 
3.6725 5.42497e-17 
3.68 3.87909e-17 
3.6775 4.338e-17 
3.685 3.10171e-17 
3.6825 3.4687e-17 
3.69 2.48005e-17 
3.6875 2.77352e-17 
3.695 1.98294e-17 
3.6925 2.21761e-17 
3.7 1.58544e-17 
3.6975 1.77309e-17 
3.705 1.2676e-17 
3.7025 1.41764e-17 
3.71 1.01346e-17 
3.7075 1.13343e-17 
3.715 8.10265e-18 
3.7125 9.06185e-18 
3.72 6.47802e-18 
3.7175 7.24494e-18 
3.725 5.1791e-18 
3.7225 5.79226e-18 
3.73 4.1406e-18 
3.7275 4.63082e-18 
3.735 3.31031e-18 
3.7325 3.70225e-18 
3.74 2.64651e-18 
3.7375 2.95986e-18 
3.745 2.11581e-18 
3.7425 2.36633e-18 
3.75 1.69153e-18 
3.7475 1.89181e-18 
3.755 1.35232e-18 
3.7525 1.51244e-18 
3.76 1.08114e-18 
3.7575 1.20915e-18 
3.765 8.64334e-19 
3.7625 9.66675e-19 
3.77 6.91005e-19 
3.7675 7.72825e-19 
3.775 5.52435e-19 
3.7725 6.17847e-19 
3.78 4.41652e-19 
3.7775 4.93947e-19 
3.785 3.53085e-19 
3.7825 3.94893e-19 
3.79 2.82278e-19 
3.7875 3.15702e-19 
3.795 2.2567e-19 
3.7925 2.52392e-19 
3.8 1.80414e-19 
3.7975 2.01777e-19 
3.805 1.44233e-19 
3.8025 1.61312e-19 
3.81 1.15307e-19 
3.8075 1.28961e-19 
3.815 9.21819e-20 
3.8125 1.03098e-19 
3.82 7.36939e-20 
3.8175 8.24211e-20 
3.825 5.89133e-20 
3.8225 6.58904e-20 
3.83 4.70968e-20 
3.8275 5.26747e-20 
3.835 3.76499e-20 
3.8325 4.21092e-20 
3.84 3.00974e-20 
3.8375 3.36625e-20 
3.845 2.40596e-20 
3.8425 2.69097e-20 
3.85 1.92327e-20 
3.8475 2.15112e-20 
3.855 1.53738e-20 
3.8525 1.71954e-20 
3.86 1.22889e-20 
3.8575 1.37451e-20 
3.865 9.82279e-21 
3.8625 1.09869e-20 
3.87 7.85133e-21 
3.8675 8.78193e-21 
3.875 6.27535e-21 
3.8725 7.01927e-21 
3.88 5.01553e-21 
3.8775 5.6102e-21 
3.885 4.00848e-21 
3.8825 4.48384e-21 
3.89 3.20349e-21 
3.8875 3.58347e-21 
3.895 2.56005e-21 
3.8925 2.86377e-21 
3.9 2.04574e-21 
3.8975 2.2885e-21 
3.905 1.63467e-21 
3.9025 1.8287e-21 
3.91 1.30612e-21 
3.9075 1.4612e-21 
3.915 1.04354e-21 
3.9125 1.16748e-21 
3.92 8.33687e-22 
3.9175 9.32736e-22 
3.925 6.65988e-22 
3.9225 7.45141e-22 
3.93 5.3198e-22 
3.9275 5.9523e-22 
3.935 4.24901e-22 
3.9325 4.7544e-22 
3.94 3.39344e-22 
3.9375 3.79724e-22 
3.945 2.70988e-22 
3.9425 3.03249e-22 
3.95 2.16379e-22 
3.9475 2.42152e-22 
3.955 1.72755e-22 
3.9525 1.93343e-22 
3.96 1.3791e-22 
3.9575 1.54355e-22 
3.965 1.1008e-22 
3.9625 1.23214e-22 
3.97 8.7854e-23 
3.9675 9.83426e-23 
3.975 7.01058e-23 
3.9725 7.84811e-23 
3.98 5.59347e-23 
3.9775 6.26217e-23 
3.985 4.46211e-23 
3.9825 4.99596e-23 
3.99 3.559e-23 
3.9875 3.98513e-23 
3.995 2.83817e-23 
3.9925 3.17828e-23 
4 2.26292e-23 
3.9975 2.53434e-23 
4.005 1.80392e-23 
4.0025 2.02048e-23 
4.01 1.43773e-23 
4.0075 1.61049e-23 
4.015 1.14563e-23 
4.0125 1.28343e-23 
4.02 9.12666e-24 
4.0175 1.02256e-23 
4.025 7.26909e-24 
4.0225 8.14533e-24 
4.03 5.78818e-24 
4.0275 6.4867e-24 
4.035 4.6078e-24 
4.0325 5.16454e-24 
4.04 3.66716e-24 
4.0375 4.11079e-24 
4.045 2.91773e-24 
4.0425 3.27116e-24 
4.05 2.32079e-24 
4.0475 2.60229e-24 
4.055 1.84542e-24 
4.0525 2.06958e-24 
4.06 1.46697e-24 
4.0575 1.64542e-24 
4.065 1.16575e-24 
4.0625 1.30777e-24 
4.07 9.26077e-25 
4.0675 1.03907e-24 
4.075 7.35422e-25 
4.0725 8.25297e-25 
4.08 5.83809e-25 
4.0775 6.55274e-25 
4.085 4.6328e-25 
4.0825 5.20088e-25 
4.09 3.67494e-25 
4.0875 4.12636e-25 
4.095 2.91398e-25 
4.0925 3.27257e-25 
4.1 2.30964e-25 
4.0975 2.5944e-25 
4.105 1.82988e-25 
4.1025 2.05592e-25 
4.11 1.44914e-25 
4.1075 1.62851e-25 
4.115 1.14712e-25 
4.1125 1.28939e-25 
4.12 9.07625e-26 
4.1175 1.02043e-25 
4.125 7.17797e-26 
4.1225 8.07196e-26 
4.13 5.67399e-26 
4.1275 6.38221e-26 
4.135 4.48293e-26 
4.1325 5.04373e-26 
4.14 3.5401e-26 
4.1375 3.98397e-26 
4.145 2.79412e-26 
4.1425 3.14527e-26 
4.15 2.20417e-26 
4.1475 2.48184e-26 
4.155 1.73785e-26 
4.1525 1.9573e-26 
4.16 1.36942e-26 
4.1575 1.54278e-26 
4.165 1.0785e-26 
4.1625 1.21537e-26 
4.17 8.4889e-27 
4.1675 9.56899e-27 
4.175 6.67772e-27 
4.1725 7.52959e-27 
4.18 5.24984e-27 
4.1775 5.92133e-27 
4.185 4.12477e-27 
4.1825 4.65378e-27 
4.19 3.2388e-27 
4.1875 3.65532e-27 
4.195 2.54153e-27 
4.1925 2.86928e-27 
4.2 1.99309e-27 
4.1975 2.25084e-27 
4.205 1.56198e-27 
4.2025 1.76456e-27 
4.21 1.22331e-27 
4.2075 1.38243e-27 
4.215 9.57429e-28 
4.2125 1.08233e-27 
4.22 7.48825e-28 
4.2175 8.46798e-28 
4.225 5.85265e-28 
4.2225 6.62069e-28 
4.23 4.5711e-28 
4.2275 5.17278e-28 
4.235 3.56763e-28 
4.2325 4.03867e-28 
4.24 2.78244e-28 
4.2375 3.15095e-28 
4.245 2.16848e-28 
4.2425 2.45657e-28 
4.25 1.68874e-28 
4.2475 1.91381e-28 
4.255 1.31416e-28 
4.2525 1.48986e-28 
4.26 1.02188e-28 
4.2575 1.15895e-28 
4.265 7.94008e-29 
4.2625 9.00853e-29 
4.27 6.1647e-29 
4.2675 6.99696e-29 
4.275 4.78255e-29 
4.2725 5.43035e-29 
4.28 3.70736e-29 
4.2775 4.21119e-29 
4.285 2.8716e-29 
4.2825 3.26315e-29 
4.29 2.22246e-29 
4.2875 2.52652e-29 
4.295 1.71867e-29 
4.2925 1.95459e-29 
4.3 1.32799e-29 
4.2975 1.5109e-29 
4.305 1.02527e-29 
4.3025 1.16697e-29 
4.31 7.90894e-30 
4.3075 9.00579e-30 
4.315 6.09586e-30 
4.3125 6.94419e-30 
4.32 4.69444e-30 
4.3175 5.35001e-30 
4.325 3.61213e-30 
4.3225 4.11831e-30 
4.33 2.77696e-30 
4.3275 3.16747e-30 
4.335 2.13304e-30 
4.3325 2.43406e-30 
4.34 1.63701e-30 
4.3375 1.86884e-30 
4.345 1.25523e-30 
4.3425 1.43362e-30 
4.35 9.61639e-31 
4.3475 1.09879e-30 
4.355 7.36063e-31 
4.3525 8.41416e-31 
4.36 5.62899e-31 
4.3575 6.43755e-31 
4.365 4.30087e-31 
4.3625 4.92086e-31 
4.37 3.28314e-31 
4.3675 3.75812e-31 
4.375 2.50396e-31 
4.3725 2.86752e-31 
4.38 1.90796e-31 
4.3775 2.18599e-31 
4.385 1.45249e-31 
4.3825 1.66491e-31 
4.39 1.10474e-31 
4.3875 1.26688e-31 
4.395 8.39459e-32 
4.3925 9.63115e-32 
4.4 6.3729e-32 
4.3975 7.31506e-32 
4.405 4.83358e-32 
4.4025 5.55076e-32 
4.41 3.66263e-32 
4.4075 4.20805e-32 
4.415 2.77273e-32 
4.4125 3.18713e-32 
4.42 2.09706e-32 
4.4175 2.41163e-32 
4.425 1.58454e-32 
4.4225 1.82309e-32 
4.43 1.19614e-32 
4.4275 1.37687e-32 
4.435 9.02075e-33 
4.4325 1.03887e-32 
4.44 6.79654e-33 
4.4375 7.83098e-33 
4.445 5.11581e-33 
4.4425 5.89728e-33 
4.45 3.84699e-33 
4.4475 4.43679e-33 
4.455 2.89006e-33 
4.4525 3.33477e-33 
4.46 2.16906e-33 
4.4575 2.50404e-33 
4.465 1.62634e-33 
4.4625 1.87842e-33 
4.47 1.21822e-33 
4.4675 1.40773e-33 
4.475 9.11626e-34 
4.4725 1.05396e-33 
4.48 6.81521e-34 
4.4775 7.88315e-34 
4.485 5.08996e-34 
4.4825 5.89045e-34 
4.49 3.79769e-34 
4.4875 4.39713e-34 
4.495 2.83071e-34 
4.4925 3.27914e-34 
4.5 2.10785e-34 
4.4975 2.44298e-34 
4.505 1.56802e-34 
4.5025 1.81823e-34 
4.51 1.16528e-34 
4.5075 1.3519e-34 
4.515 8.65122e-35 
4.5125 1.00417e-34 
4.52 6.41635e-35 
4.5175 7.45136e-35 
4.525 4.75405e-35 
4.5225 5.52368e-35 
4.53 3.51887e-35 
4.5275 4.09059e-35 
4.535 2.60199e-35 
4.5325 3.02627e-35 
4.54 1.92207e-35 
4.5375 2.23661e-35 
4.545 1.41839e-35 
4.5425 1.65134e-35 
4.55 1.04564e-35 
4.5475 1.21799e-35 
4.555 7.70071e-36 
4.5525 8.97449e-36 
4.56 5.66549e-36 
4.5575 6.60598e-36 
4.565 4.16393e-36 
4.5625 4.85762e-36 
4.57 3.05723e-36 
4.5675 3.56836e-36 
4.575 2.24238e-36 
4.5725 2.61862e-36 
4.58 1.64305e-36 
4.5775 1.9197e-36 
4.585 1.20267e-36 
4.5825 1.40589e-36 
4.59 8.79425e-37 
4.5875 1.02855e-36 
4.595 6.42403e-37 
4.5925 7.51721e-37 
4.6 4.68783e-37 
4.5975 5.48836e-37 
4.605 3.41736e-37 
4.6025 4.00299e-37 
4.61 2.48865e-37 
4.6075 2.91663e-37 
4.615 1.81047e-37 
4.6125 2.12291e-37 
4.62 1.31575e-37 
4.6175 1.54361e-37 
4.625 9.55234e-38 
4.6225 1.12123e-37 
4.63 6.92785e-38 
4.6275 8.13593e-38 
4.635 5.01926e-38 
4.6325 5.89756e-38 
4.64 3.63273e-38 
4.6375 4.27061e-38 
4.645 2.62651e-38 
4.6425 3.0893e-38 
4.65 1.89705e-38 
4.6475 2.23245e-38 
4.655 1.36876e-38 
4.6525 1.6116e-38 
4.66 9.86574e-39 
4.6575 1.1622e-38 
4.665 7.10367e-39 
4.6625 8.37259e-39 
4.67 5.1096e-39 
4.6675 6.02543e-39 
4.675 3.67149e-39 
4.6725 4.33179e-39 
4.68 2.63541e-39 
4.6775 3.11099e-39 
4.685 1.88975e-39 
4.6825 2.23192e-39 
4.69 1.35366e-39 
4.6875 1.5996e-39 
4.695 9.68652e-40 
4.6925 1.14523e-39 
4.7 6.92429e-40 
4.6975 8.19077e-40 
4.705 4.94461e-40 
4.7025 5.85204e-40 
4.71 3.52728e-40 
4.7075 4.17676e-40 
4.715 2.5136e-40 
4.7125 2.97798e-40 
4.72 1.78939e-40 
4.7175 2.12106e-40 
4.725 1.27251e-40 
4.7225 1.50916e-40 
4.73 9.03997e-41 
4.7275 1.07267e-40 
4.735 6.41539e-41 
4.7325 7.61637e-41 
4.74 4.54809e-41 
4.7375 5.4023e-41 
4.745 3.22095e-41 
4.7425 3.82789e-41 
4.75 2.27871e-41 
4.7475 2.7095e-41 
4.755 1.61043e-41 
4.7525 1.91588e-41 
4.76 1.13696e-41 
4.7575 1.35331e-41 
4.765 8.01864e-42 
4.7625 9.54942e-42 
4.77 5.64942e-42 
4.7675 6.7314e-42 
4.775 3.97609e-42 
4.7725 4.74005e-42 
4.78 2.7955e-42 
4.7775 3.33435e-42 
4.785 1.96341e-42 
4.7825 2.34308e-42 
4.79 1.37757e-42 
4.7875 1.64481e-42 
4.795 9.65528e-43 
4.7925 1.15343e-42 
4.8 6.76031e-43 
4.7975 8.08013e-43 
4.805 4.72845e-43 
4.8025 5.65451e-43 
4.81 3.30385e-43 
4.8075 3.95296e-43 
4.815 2.30607e-43 
4.8125 2.76057e-43 
4.82 1.60796e-43 
4.8175 1.92587e-43 
4.825 1.12003e-43 
4.8225 1.34216e-43 
4.83 7.79348e-44 
4.8275 9.34398e-44 
4.835 5.41733e-44 
4.8325 6.49846e-44 
4.84 3.76175e-44 
4.8375 4.51481e-44 
4.845 2.60943e-44 
4.8425 3.13343e-44 
4.85 1.80823e-44 
4.8475 2.17246e-44 
4.855 1.25173e-44 
4.8525 1.50464e-44 
4.86 8.65605e-45 
4.8575 1.04104e-44 
4.865 5.97972e-45 
4.8625 7.19536e-45 
4.87 4.12661e-45 
4.8675 4.96809e-45 
4.875 2.84484e-45 
4.8725 3.42671e-45 
4.88 1.95918e-45 
4.8775 2.36112e-45 
4.885 1.34786e-45 
4.8825 1.62521e-45 
4.89 9.26328e-46 
4.8875 1.11752e-45 
4.895 6.35973e-46 
4.8925 7.67632e-46 
4.9 4.3618e-46 
4.8975 5.26749e-46 
4.905 2.98845e-46 
4.9025 3.61083e-46 
4.91 2.0454e-46 
4.9075 2.47265e-46 
4.915 1.39851e-46 
4.9125 1.6915e-46 
4.92 9.55226e-47 
4.9175 1.15594e-46 
4.925 6.51781e-47 
4.9225 7.89141e-47 
4.93 4.44277e-47 
4.9275 5.38181e-47 
4.935 3.02527e-47 
4.9325 3.66656e-47 
4.94 2.05796e-47 
4.9375 2.49546e-47 
4.945 1.39858e-47 
4.9425 1.69672e-47 
4.95 9.49593e-48 
4.9475 1.15254e-47 
4.955 6.44235e-48 
4.9525 7.8221e-48 
4.96 4.36848e-48 
4.9575 5.30515e-48 
4.965 2.96256e-48 
4.9625 3.59717e-48 
4.97 2.01211e-48 
4.9675 2.4407e-48 
4.975 1.37275e-48 
4.9725 1.66052e-48 
4.98 9.46833e-49 
4.9775 1.1378e-48 
4.985 6.69035e-49 
4.9825 7.92524e-49 
4.99 4.9655e-49 
4.9875 5.71609e-49 
4.995 4.02711e-49 
4.9925 4.40954e-49 
5 3.7297e-49 
4.9975 3.8033e-49 
