0 1.02508e-15 
0.005 1.03015e-15 
0.0025 1.02634e-15 
0.01 1.04537e-15 
0.0075 1.03649e-15 
0.015 1.07079e-15 
0.0125 1.0568e-15 
0.02 1.10644e-15 
0.0175 1.08733e-15 
0.025 1.15241e-15 
0.0225 1.12813e-15 
0.03 1.20877e-15 
0.0275 1.17928e-15 
0.035 1.27565e-15 
0.0325 1.24089e-15 
0.04 1.35314e-15 
0.0375 1.31306e-15 
0.045 1.44137e-15 
0.0425 1.3959e-15 
0.05 1.54046e-15 
0.0475 1.48955e-15 
0.055 1.65053e-15 
0.0525 1.59412e-15 
0.06 1.77171e-15 
0.0575 1.70973e-15 
0.065 1.90407e-15 
0.0625 1.83648e-15 
0.07 2.04771e-15 
0.0675 1.97448e-15 
0.075 2.20266e-15 
0.0725 2.12377e-15 
0.08 2.36896e-15 
0.0775 2.28439e-15 
0.085 2.54656e-15 
0.0825 2.45635e-15 
0.09 2.7354e-15 
0.0875 2.63959e-15 
0.095 2.93535e-15 
0.0925 2.834e-15 
0.1 3.14619e-15 
0.0975 3.03942e-15 
0.105 3.36768e-15 
0.1025 3.25563e-15 
0.11 3.59945e-15 
0.1075 3.4823e-15 
0.115 3.84107e-15 
0.1125 3.71906e-15 
0.12 4.092e-15 
0.1175 3.96541e-15 
0.125 4.35164e-15 
0.1225 4.22078e-15 
0.13 4.61923e-15 
0.1275 4.48449e-15 
0.135 4.89393e-15 
0.1325 4.75575e-15 
0.14 5.17481e-15 
0.1375 5.03366e-15 
0.145 5.46078e-15 
0.1425 5.31723e-15 
0.15 5.75067e-15 
0.1475 5.60531e-15 
0.155 6.04318e-15 
0.1525 5.89668e-15 
0.16 6.3369e-15 
0.1575 6.18998e-15 
0.165 6.63034e-15 
0.1625 6.48376e-15 
0.17 6.92186e-15 
0.1675 6.77644e-15 
0.175 7.20978e-15 
0.1725 7.06638e-15 
0.18 7.49231e-15 
0.1775 7.35183e-15 
0.185 7.76759e-15 
0.1825 7.63097e-15 
0.19 8.03374e-15 
0.1875 7.90193e-15 
0.195 8.28881e-15 
0.1925 8.16278e-15 
0.2 8.53085e-15 
0.1975 8.41158e-15 
0.205 8.75793e-15 
0.2025 8.64638e-15 
0.21 8.96815e-15 
0.2075 8.86527e-15 
0.215 9.15964e-15 
0.2125 9.06635e-15 
0.22 9.33067e-15 
0.2175 9.24782e-15 
0.225 9.47958e-15 
0.2225 9.40799e-15 
0.23 9.6049e-15 
0.2275 9.54528e-15 
0.235 9.7053e-15 
0.2325 9.65828e-15 
0.24 9.77968e-15 
0.2375 9.7458e-15 
0.245 9.82719e-15 
0.2425 9.80684e-15 
0.25 9.84725e-15 
0.2475 9.84068e-15 
0.255 9.83954e-15 
0.2525 9.84687e-15 
0.26 9.80412e-15 
0.2575 9.82528e-15 
0.265 9.74135e-15 
0.2625 9.77612e-15 
0.27 9.65197e-15 
0.2675 9.69993e-15 
0.275 9.53708e-15 
0.2725 9.59763e-15 
0.28 9.39815e-15 
0.2775 9.47051e-15 
0.285 9.23705e-15 
0.2825 9.32024e-15 
0.29 9.05597e-15 
0.2875 9.14885e-15 
0.295 8.85747e-15 
0.2925 8.95873e-15 
0.3 8.64444e-15 
0.2975 8.75258e-15 
0.305 8.42002e-15 
0.3025 8.53345e-15 
0.31 8.18763e-15 
0.3075 8.3046e-15 
0.315 7.95086e-15 
0.3125 8.06956e-15 
0.32 7.71346e-15 
0.3175 7.832e-15 
0.325 7.47926e-15 
0.3225 7.59572e-15 
0.33 7.25213e-15 
0.3275 7.36457e-15 
0.335 7.03588e-15 
0.3325 7.1424e-15 
0.34 6.83427e-15 
0.3375 6.93302e-15 
0.345 6.65092e-15 
0.3425 6.74009e-15 
0.35 6.48926e-15 
0.3475 6.56717e-15 
0.355 6.35252e-15 
0.3525 6.41758e-15 
0.36 6.24371e-15 
0.3575 6.29445e-15 
0.365 6.1656e-15 
0.3625 6.20066e-15 
0.37 6.12072e-15 
0.3675 6.13885e-15 
0.375 6.11139e-15 
0.3725 6.11147e-15 
0.38 6.13975e-15 
0.3775 6.12073e-15 
0.385 6.20781e-15 
0.3825 6.1687e-15 
0.39 6.31746e-15 
0.3875 6.25732e-15 
0.395 6.47057e-15 
0.3925 6.38846e-15 
0.4 6.66905e-15 
0.3975 6.56402e-15 
0.405 6.9149e-15 
0.4025 6.78592e-15 
0.41 7.21027e-15 
0.4075 7.05625e-15 
0.415 7.55757e-15 
0.4125 7.37726e-15 
0.42 7.95951e-15 
0.4175 7.75152e-15 
0.425 8.41919e-15 
0.4225 8.18192e-15 
0.43 8.94017e-15 
0.4275 8.67178e-15 
0.435 9.52656e-15 
0.4325 9.22491e-15 
0.44 1.01831e-14 
0.4375 9.84572e-15 
0.445 1.09151e-14 
0.4425 1.05393e-14 
0.45 1.17289e-14 
0.4475 1.13114e-14 
0.455 1.26316e-14 
0.4525 1.21687e-14 
0.46 1.36315e-14 
0.4575 1.31189e-14 
0.465 1.47377e-14 
0.4625 1.41706e-14 
0.47 1.59609e-14 
0.4675 1.53339e-14 
0.475 1.73133e-14 
0.4725 1.66201e-14 
0.48 1.88085e-14 
0.4775 1.80421e-14 
0.485 2.04624e-14 
0.4825 1.96146e-14 
0.49 2.22927e-14 
0.4875 2.13543e-14 
0.495 2.43198e-14 
0.4925 2.32803e-14 
0.5 2.65666e-14 
0.4975 2.54141e-14 
0.505 2.90594e-14 
0.5025 2.77804e-14 
0.51 3.1828e-14 
0.5075 3.04072e-14 
0.515 3.49063e-14 
0.5125 3.33261e-14 
0.52 3.83328e-14 
0.5175 3.65734e-14 
0.525 4.21513e-14 
0.5225 4.019e-14 
0.53 4.64115e-14 
0.5275 4.42228e-14 
0.535 5.11701e-14 
0.5325 4.87247e-14 
0.54 5.64912e-14 
0.5375 5.37559e-14 
0.545 6.24477e-14 
0.5425 5.93851e-14 
0.55 6.91227e-14 
0.5475 6.56898e-14 
0.555 7.661e-14 
0.5525 7.27584e-14 
0.56 8.50164e-14 
0.5575 8.06911e-14 
0.565 9.44631e-14 
0.5625 8.96015e-14 
0.57 1.05087e-13 
0.5675 9.96187e-14 
0.575 1.17045e-13 
0.5725 1.10889e-13 
0.58 1.30513e-13 
0.5775 1.23578e-13 
0.585 1.45691e-13 
0.5825 1.37875e-13 
0.59 1.62807e-13 
0.5875 1.53992e-13 
0.595 1.82117e-13 
0.5925 1.7217e-13 
0.6 2.03914e-13 
0.5975 1.92685e-13 
0.605 2.28528e-13 
0.6025 2.15847e-13 
0.61 2.56333e-13 
0.6075 2.42006e-13 
0.615 2.87753e-13 
0.6125 2.71563e-13 
0.62 3.23269e-13 
0.6175 3.04967e-13 
0.625 3.63425e-13 
0.6225 3.4273e-13 
0.63 4.08838e-13 
0.6275 3.85433e-13 
0.635 4.60206e-13 
0.6325 4.3373e-13 
0.64 5.1832e-13 
0.6375 4.88366e-13 
0.645 5.84076e-13 
0.6425 5.50182e-13 
0.65 6.5849e-13 
0.6475 6.20132e-13 
0.655 7.4271e-13 
0.6525 6.99297e-13 
0.66 8.3804e-13 
0.6575 7.88899e-13 
0.665 9.45954e-13 
0.6625 8.90325e-13 
0.67 1.06812e-12 
0.6675 1.00514e-12 
0.675 1.20644e-12 
0.6725 1.13514e-12 
0.68 1.36305e-12 
0.6775 1.28231e-12 
0.685 1.54037e-12 
0.6825 1.44896e-12 
0.69 1.74117e-12 
0.6875 1.63765e-12 
0.695 1.96855e-12 
0.6925 1.85132e-12 
0.7 2.22604e-12 
0.6975 2.09329e-12 
0.705 2.51764e-12 
0.7025 2.36731e-12 
0.71 2.84788e-12 
0.7075 2.67762e-12 
0.715 3.22188e-12 
0.7125 3.02906e-12 
0.72 3.64545e-12 
0.7175 3.42708e-12 
0.725 4.12518e-12 
0.7225 3.87785e-12 
0.73 4.66851e-12 
0.7275 4.38839e-12 
0.735 5.28388e-12 
0.7325 4.96662e-12 
0.74 5.98087e-12 
0.7375 5.62153e-12 
0.745 6.77029e-12 
0.7425 6.36329e-12 
0.75 7.66442e-12 
0.7475 7.20343e-12 
0.755 8.67715e-12 
0.7525 8.15502e-12 
0.76 9.82422e-12 
0.7575 9.23283e-12 
0.765 1.11235e-11 
0.7625 1.04536e-11 
0.77 1.25951e-11 
0.7675 1.18364e-11 
0.775 1.4262e-11 
0.7725 1.34026e-11 
0.78 1.615e-11 
0.7775 1.51766e-11 
0.785 1.82886e-11 
0.7825 1.7186e-11 
0.79 2.07109e-11 
0.7875 1.94621e-11 
0.795 2.34547e-11 
0.7925 2.20401e-11 
0.8 2.65626e-11 
0.7975 2.49603e-11 
0.805 3.00829e-11 
0.8025 2.8268e-11 
0.81 3.40704e-11 
0.8075 3.20146e-11 
0.815 3.85871e-11 
0.8125 3.62585e-11 
0.82 4.37033e-11 
0.8175 4.10655e-11 
0.825 4.94984e-11 
0.8225 4.65106e-11 
0.83 5.60627e-11 
0.8275 5.26783e-11 
0.835 6.34982e-11 
0.8325 5.96647e-11 
0.84 7.19206e-11 
0.8375 6.75783e-11 
0.845 8.14609e-11 
0.8425 7.65422e-11 
0.85 9.22675e-11 
0.8475 8.66959e-11 
0.855 1.04509e-10 
0.8525 9.81974e-11 
0.86 1.18374e-10 
0.8575 1.11225e-10 
0.865 1.34081e-10 
0.8625 1.25983e-10 
0.87 1.51872e-10 
0.8675 1.42699e-10 
0.875 1.72025e-10 
0.8725 1.61634e-10 
0.88 1.94852e-10 
0.8775 1.83083e-10 
0.885 2.20711e-10 
0.8825 2.07379e-10 
0.89 2.50001e-10 
0.8875 2.349e-10 
0.895 2.83181e-10 
0.8925 2.66074e-10 
0.9 3.20764e-10 
0.8975 3.01387e-10 
0.905 3.63337e-10 
0.9025 3.41387e-10 
0.91 4.11562e-10 
0.9075 3.86698e-10 
0.915 4.66188e-10 
0.9125 4.38024e-10 
0.92 5.28067e-10 
0.9175 4.96164e-10 
0.925 5.98161e-10 
0.9225 5.62022e-10 
0.93 6.7756e-10 
0.9275 6.36623e-10 
0.935 7.675e-10 
0.9325 7.21129e-10 
0.94 8.69382e-10 
0.9375 8.16854e-10 
0.945 9.84789e-10 
0.9425 9.25288e-10 
0.95 1.11552e-09 
0.9475 1.04812e-09 
0.955 1.26361e-09 
0.9525 1.18726e-09 
0.96 1.43135e-09 
0.9575 1.34487e-09 
0.965 1.62137e-09 
0.9625 1.5234e-09 
0.97 1.83662e-09 
0.9675 1.72565e-09 
0.975 2.08045e-09 
0.9725 1.95474e-09 
0.98 2.35666e-09 
0.9775 2.21425e-09 
0.985 2.66954e-09 
0.9825 2.50822e-09 
0.99 3.02396e-09 
0.9875 2.84122e-09 
0.995 3.42544e-09 
0.9925 3.21844e-09 
1 3.88023e-09 
0.9975 3.64575e-09 
1.005 4.39542e-09 
1.0025 4.1298e-09 
1.01 4.97901e-09 
1.0075 4.67812e-09 
1.015 5.64009e-09 
1.0125 5.29925e-09 
1.02 6.38896e-09 
1.0175 6.00286e-09 
1.025 7.23728e-09 
1.0225 6.7999e-09 
1.03 8.19824e-09 
1.0275 7.70279e-09 
1.035 9.28682e-09 
1.0325 8.72557e-09 
1.04 1.052e-08 
1.0375 9.88417e-09 
1.045 1.19168e-08 
1.0425 1.11966e-08 
1.05 1.34992e-08 
1.0475 1.26834e-08 
1.055 1.52918e-08 
1.0525 1.43676e-08 
1.06 1.73224e-08 
1.0575 1.62754e-08 
1.065 1.96227e-08 
1.0625 1.84367e-08 
1.07 2.22284e-08 
1.0675 2.08849e-08 
1.075 2.51803e-08 
1.0725 2.36584e-08 
1.08 2.85242e-08 
1.0775 2.68001e-08 
1.085 3.23122e-08 
1.0825 3.03591e-08 
1.09 3.66032e-08 
1.0875 3.43908e-08 
1.095 4.14643e-08 
1.0925 3.8958e-08 
1.1 4.69709e-08 
1.0975 4.41318e-08 
1.105 5.3209e-08 
1.1025 4.99928e-08 
1.11 6.02757e-08 
1.1075 5.66322e-08 
1.115 6.8281e-08 
1.1125 6.41535e-08 
1.12 7.73496e-08 
1.1175 7.26739e-08 
1.125 8.76228e-08 
1.1225 8.23261e-08 
1.13 9.92607e-08 
1.1275 9.32603e-08 
1.135 1.12444e-07 
1.1325 1.05647e-07 
1.14 1.2738e-07 
1.1375 1.19679e-07 
1.145 1.44299e-07 
1.1425 1.35576e-07 
1.15 1.63466e-07 
1.1475 1.53584e-07 
1.155 1.85179e-07 
1.1525 1.73984e-07 
1.16 2.09777e-07 
1.1575 1.97094e-07 
1.165 2.37643e-07 
1.1625 2.23275e-07 
1.17 2.69211e-07 
1.1675 2.52935e-07 
1.175 3.04974e-07 
1.1725 2.86535e-07 
1.18 3.45488e-07 
1.1775 3.24599e-07 
1.185 3.91386e-07 
1.1825 3.67722e-07 
1.19 4.43383e-07 
1.1875 4.16574e-07 
1.195 5.0229e-07 
1.1925 4.71918e-07 
1.2 5.69026e-07 
1.1975 5.34617e-07 
1.205 6.4463e-07 
1.2025 6.05649e-07 
1.21 7.30283e-07 
1.2075 6.86121e-07 
1.215 8.27321e-07 
1.2125 7.77289e-07 
1.22 9.37258e-07 
1.2175 8.80575e-07 
1.225 1.06181e-06 
1.2225 9.97591e-07 
1.23 1.20292e-06 
1.2275 1.13016e-06 
1.235 1.36279e-06 
1.2325 1.28036e-06 
1.24 1.54392e-06 
1.2375 1.45053e-06 
1.245 1.74914e-06 
1.2425 1.64333e-06 
1.25 1.98165e-06 
1.2475 1.86176e-06 
1.255 2.24508e-06 
1.2525 2.10925e-06 
1.26 2.54356e-06 
1.2575 2.38966e-06 
1.265 2.88176e-06 
1.2625 2.70738e-06 
1.27 3.26495e-06 
1.2675 3.06737e-06 
1.275 3.69915e-06 
1.2725 3.47527e-06 
1.28 4.19114e-06 
1.2775 3.93746e-06 
1.285 4.74864e-06 
1.2825 4.46118e-06 
1.29 5.38038e-06 
1.2875 5.05464e-06 
1.295 6.09627e-06 
1.2925 5.72713e-06 
1.3 6.90754e-06 
1.2975 6.48922e-06 
1.305 7.82693e-06 
1.3025 7.35286e-06 
1.31 8.8689e-06 
1.3075 8.33162e-06 
1.315 1.00498e-05 
1.3125 9.44089e-06 
1.32 1.13883e-05 
1.3175 1.06981e-05 
1.325 1.29054e-05 
1.3225 1.21231e-05 
1.33 1.46251e-05 
1.3275 1.37383e-05 
1.335 1.65746e-05 
1.3325 1.55693e-05 
1.34 1.87846e-05 
1.3375 1.76449e-05 
1.345 2.12902e-05 
1.3425 1.99981e-05 
1.35 2.41312e-05 
1.3475 2.26661e-05 
1.355 2.73526e-05 
1.3525 2.56913e-05 
1.36 3.10058e-05 
1.3575 2.91218e-05 
1.365 3.51491e-05 
1.3625 3.30122e-05 
1.37 3.98487e-05 
1.3675 3.74249e-05 
1.375 4.518e-05 
1.3725 4.24303e-05 
1.38 5.12287e-05 
1.3775 4.81089e-05 
1.385 5.80923e-05 
1.3825 5.4552e-05 
1.39 6.58818e-05 
1.3875 6.18638e-05 
1.395 7.47236e-05 
1.3925 7.01626e-05 
1.4 8.47618e-05 
1.3975 7.95834e-05 
1.405 9.61606e-05 
1.4025 9.028e-05 
1.41 0.000109107 
1.4075 0.000102428 
1.415 0.000123816 
1.4125 0.000116227 
1.42 0.00014053 
1.4175 0.000131905 
1.425 0.000159528 
1.4225 0.000149724 
1.43 0.00018113 
1.4275 0.000169982 
1.435 0.0002057 
1.4325 0.000193019 
1.44 0.000233656 
1.4375 0.000219227 
1.445 0.000265478 
1.4425 0.000249051 
1.45 0.000301713 
1.4475 0.000283006 
1.455 0.000342993 
1.4525 0.00032168 
1.46 0.000390043 
1.4575 0.000365747 
1.465 0.000443694 
1.4625 0.000415986 
1.47 0.000504906 
1.4675 0.000473289 
1.475 0.000574783 
1.4725 0.000538686 
1.48 0.000654598 
1.4775 0.000613361 
1.485 0.000745822 
1.4825 0.000698684 
1.49 0.000850149 
1.4875 0.000796232 
1.495 0.000969542 
1.4925 0.000907829 
1.5 0.00110627 
1.4975 0.00103558 
1.505 0.00126295 
1.5025 0.00118194 
1.51 0.00144262 
1.5075 0.00134971 
1.515 0.00164881 
1.5125 0.00154216 
1.52 0.00188557 
1.5175 0.00176309 
1.525 0.00215764 
1.5225 0.00201687 
1.53 0.00247045 
1.5275 0.00230858 
1.535 0.00283035 
1.5325 0.00264408 
1.54 0.00324461 
1.5375 0.00303018 
1.545 0.00372169 
1.5425 0.00347473 
1.55 0.00427132 
1.5475 0.00398678 
1.555 0.0049047 
1.5525 0.00457678 
1.56 0.00563471 
1.5575 0.00525675 
1.565 0.0064761 
1.5625 0.00604048 
1.57 0.00744575 
1.5675 0.00694375 
1.575 0.00856285 
1.5725 0.00798457 
1.58 0.00984919 
1.5775 0.0091834 
1.585 0.0113294 
1.5825 0.0105634 
1.59 0.0130309 
1.5875 0.0121506 
1.595 0.0149847 
1.5925 0.0139742 
1.6 0.0172249 
1.5975 0.0160667 
1.605 0.0197889 
1.6025 0.0184639 
1.61 0.0227179 
1.6075 0.0212051 
1.615 0.0260559 
1.6125 0.0243329 
1.62 0.0298505 
1.6175 0.0278931 
1.625 0.0341515 
1.6225 0.0319344 
1.63 0.0390114 
1.6275 0.0365082 
1.635 0.0444839 
1.6325 0.0416677 
1.64 0.0506241 
1.6375 0.0474671 
1.645 0.0574866 
1.6425 0.0539616 
1.65 0.0651256 
1.6475 0.0612057 
1.655 0.0735933 
1.6525 0.0692527 
1.66 0.0829394 
1.6575 0.0781536 
1.665 0.0932098 
1.6625 0.0879563 
1.67 0.104446 
1.6675 0.0987048 
1.675 0.116684 
1.6725 0.110438 
1.68 0.129955 
1.6775 0.123189 
1.685 0.14428 
1.6825 0.136984 
1.69 0.159675 
1.6875 0.151843 
1.695 0.176146 
1.6925 0.167776 
1.7 0.193689 
1.6975 0.184784 
1.705 0.212291 
1.7025 0.202859 
1.71 0.231927 
1.7075 0.221982 
1.715 0.252558 
1.7125 0.242121 
1.72 0.274135 
1.7175 0.263232 
1.725 0.296596 
1.7225 0.28526 
1.73 0.319866 
1.7275 0.308135 
1.735 0.343855 
1.7325 0.331776 
1.74 0.368467 
1.7375 0.35609 
1.745 0.393591 
1.7425 0.380972 
1.75 0.41911 
1.7475 0.406309 
1.755 0.444898 
1.7525 0.431978 
1.76 0.470829 
1.7575 0.457854 
1.765 0.496769 
1.7625 0.483806 
1.77 0.52259 
1.7675 0.509703 
1.775 0.548165 
1.7725 0.535416 
1.78 0.573372 
1.7775 0.560822 
1.785 0.598097 
1.7825 0.585802 
1.79 0.622237 
1.7875 0.610246 
1.795 0.645698 
1.7925 0.634058 
1.8 0.668399 
1.7975 0.657148 
1.805 0.690272 
1.8025 0.679443 
1.81 0.711262 
1.8075 0.700881 
1.815 0.731327 
1.8125 0.721412 
1.82 0.750436 
1.8175 0.741002 
1.825 0.768572 
1.8225 0.759627 
1.83 0.785728 
1.8275 0.777273 
1.835 0.801905 
1.8325 0.793938 
1.84 0.817116 
1.8375 0.80963 
1.845 0.831379 
1.8425 0.824364 
1.85 0.844718 
1.8475 0.838162 
1.855 0.857165 
1.8525 0.851051 
1.86 0.868752 
1.8575 0.863063 
1.865 0.879518 
1.8625 0.874235 
1.87 0.889501 
1.8675 0.884604 
1.875 0.898741 
1.8725 0.894211 
1.88 0.907281 
1.8775 0.903096 
1.885 0.915162 
1.8825 0.911302 
1.89 0.922424 
1.8875 0.918868 
1.895 0.929107 
1.8925 0.925835 
1.9 0.935251 
1.8975 0.932244 
1.905 0.940892 
1.9025 0.938132 
1.91 0.946068 
1.9075 0.943536 
1.915 0.950811 
1.9125 0.948491 
1.92 0.955155 
1.9175 0.953031 
1.925 0.95913 
1.9225 0.957187 
1.93 0.962765 
1.9275 0.960988 
1.935 0.966087 
1.9325 0.964463 
1.94 0.969121 
1.9375 0.967638 
1.945 0.971891 
1.9425 0.970537 
1.95 0.974418 
1.9475 0.973183 
1.955 0.976723 
1.9525 0.975597 
1.96 0.978824 
1.9575 0.977798 
1.965 0.980739 
1.9625 0.979804 
1.97 0.982483 
1.9675 0.981631 
1.975 0.984072 
1.9725 0.983296 
1.98 0.985519 
1.9775 0.984813 
1.985 0.986836 
1.9825 0.986193 
1.99 0.988034 
1.9875 0.987449 
1.995 0.989125 
1.9925 0.988592 
2 0.990117 
1.9975 0.989632 
2.005 0.991019 
2.0025 0.990578 
2.01 0.991839 
2.0075 0.991439 
2.015 0.992585 
2.0125 0.992221 
2.02 0.993264 
2.0175 0.992933 
2.025 0.99388 
2.0225 0.993579 
2.03 0.994441 
2.0275 0.994167 
2.035 0.99495 
2.0325 0.994701 
2.04 0.995413 
2.0375 0.995187 
2.045 0.995833 
2.0425 0.995628 
2.05 0.996216 
2.0475 0.996029 
2.055 0.996563 
2.0525 0.996393 
2.06 0.996878 
2.0575 0.996724 
2.065 0.997165 
2.0625 0.997025 
2.07 0.997425 
2.0675 0.997298 
2.075 0.997662 
2.0725 0.997546 
2.08 0.997876 
2.0775 0.997772 
2.085 0.998071 
2.0825 0.997976 
2.09 0.998249 
2.0875 0.998162 
2.095 0.99841 
2.0925 0.998331 
2.1 0.998556 
2.0975 0.998484 
2.105 0.998688 
2.1025 0.998624 
2.11 0.998809 
2.1075 0.99875 
2.115 0.998918 
2.1125 0.998865 
2.12 0.999018 
2.1175 0.998969 
2.125 0.999108 
2.1225 0.999064 
2.13 0.99919 
2.1275 0.99915 
2.135 0.999264 
2.1325 0.999228 
2.14 0.999332 
2.1375 0.999299 
2.145 0.999393 
2.1425 0.999363 
2.15 0.999449 
2.1475 0.999422 
2.155 0.999499 
2.1525 0.999475 
2.16 0.999545 
2.1575 0.999523 
2.165 0.999587 
2.1625 0.999566 
2.17 0.999624 
2.1675 0.999606 
2.175 0.999659 
2.1725 0.999642 
2.18 0.99969 
2.1775 0.999674 
2.185 0.999718 
2.1825 0.999704 
2.19 0.999743 
2.1875 0.999731 
2.195 0.999766 
2.1925 0.999755 
2.2 0.999787 
2.1975 0.999777 
2.205 0.999806 
2.2025 0.999797 
2.21 0.999823 
2.2075 0.999815 
2.215 0.999839 
2.2125 0.999831 
2.22 0.999853 
2.2175 0.999846 
2.225 0.999866 
2.2225 0.999859 
2.23 0.999877 
2.2275 0.999871 
2.235 0.999887 
2.2325 0.999882 
2.24 0.999896 
2.2375 0.999892 
2.245 0.999905 
2.2425 0.999901 
2.25 0.999912 
2.2475 0.999908 
2.255 0.999919 
2.2525 0.999915 
2.26 0.999924 
2.2575 0.999922 
2.265 0.999929 
2.2625 0.999927 
2.27 0.999934 
2.2675 0.999932 
2.275 0.999938 
2.2725 0.999936 
2.28 0.999941 
2.2775 0.999939 
2.285 0.999944 
2.2825 0.999942 
2.29 0.999946 
2.2875 0.999945 
2.295 0.999948 
2.2925 0.999947 
2.3 0.999949 
2.2975 0.999948 
2.305 0.999949 
2.3025 0.999949 
2.31 0.99995 
2.3075 0.99995 
2.315 0.99995 
2.3125 0.99995 
2.32 0.999949 
2.3175 0.999949 
2.325 0.999948 
2.3225 0.999948 
2.33 0.999946 
2.3275 0.999947 
2.335 0.999944 
2.3325 0.999945 
2.34 0.999942 
2.3375 0.999943 
2.345 0.999939 
2.3425 0.99994 
2.35 0.999935 
2.3475 0.999937 
2.355 0.999931 
2.3525 0.999933 
2.36 0.999926 
2.3575 0.999929 
2.365 0.999921 
2.3625 0.999924 
2.37 0.999915 
2.3675 0.999918 
2.375 0.999908 
2.3725 0.999912 
2.38 0.9999 
2.3775 0.999904 
2.385 0.999892 
2.3825 0.999896 
2.39 0.999882 
2.3875 0.999887 
2.395 0.999872 
2.3925 0.999877 
2.4 0.99986 
2.3975 0.999866 
2.405 0.999848 
2.4025 0.999854 
2.41 0.999833 
2.4075 0.999841 
2.415 0.999818 
2.4125 0.999826 
2.42 0.999801 
2.4175 0.999809 
2.425 0.999782 
2.4225 0.999791 
2.43 0.999761 
2.4275 0.999772 
2.435 0.999738 
2.4325 0.99975 
2.44 0.999713 
2.4375 0.999726 
2.445 0.999685 
2.4425 0.999699 
2.45 0.999655 
2.4475 0.99967 
2.455 0.999621 
2.4525 0.999638 
2.46 0.999585 
2.4575 0.999603 
2.465 0.999544 
2.4625 0.999565 
2.47 0.9995 
2.4675 0.999523 
2.475 0.999451 
2.4725 0.999476 
2.48 0.999398 
2.4775 0.999425 
2.485 0.999339 
2.4825 0.999369 
2.49 0.999275 
2.4875 0.999308 
2.495 0.999204 
2.4925 0.999241 
2.5 0.999127 
2.4975 0.999166 
2.505 0.999042 
2.5025 0.999085 
2.51 0.998948 
2.5075 0.998996 
2.515 0.998845 
2.5125 0.998898 
2.52 0.998733 
2.5175 0.99879 
2.525 0.998609 
2.5225 0.998672 
2.53 0.998473 
2.5275 0.998543 
2.535 0.998324 
2.5325 0.998401 
2.54 0.998161 
2.5375 0.998245 
2.545 0.997982 
2.5425 0.998073 
2.55 0.997785 
2.5475 0.997885 
2.555 0.997569 
2.5525 0.997679 
2.56 0.997331 
2.5575 0.997453 
2.565 0.997071 
2.5625 0.997204 
2.57 0.996786 
2.5675 0.996932 
2.575 0.996472 
2.5725 0.996633 
2.58 0.996128 
2.5775 0.996304 
2.585 0.995751 
2.5825 0.995944 
2.59 0.995337 
2.5875 0.995549 
2.595 0.994883 
2.5925 0.995116 
2.6 0.994385 
2.5975 0.99464 
2.605 0.993839 
2.6025 0.994119 
2.61 0.99324 
2.6075 0.993547 
2.615 0.992583 
2.6125 0.992919 
2.62 0.991863 
2.6175 0.992231 
2.625 0.991073 
2.6225 0.991477 
2.63 0.990207 
2.6275 0.99065 
2.635 0.989257 
2.6325 0.989743 
2.64 0.988217 
2.6375 0.988749 
2.645 0.987077 
2.6425 0.98766 
2.65 0.985828 
2.6475 0.986467 
2.655 0.98446 
2.6525 0.985159 
2.66 0.982961 
2.6575 0.983727 
2.665 0.981321 
2.6625 0.982159 
2.67 0.979525 
2.6675 0.980443 
2.675 0.977559 
2.6725 0.978564 
2.68 0.97541 
2.6775 0.976509 
2.685 0.973059 
2.6825 0.97426 
2.69 0.970489 
2.6875 0.971802 
2.695 0.967681 
2.6925 0.969116 
2.7 0.964615 
2.6975 0.966182 
2.705 0.961267 
2.7025 0.962978 
2.71 0.957616 
2.7075 0.959481 
2.715 0.953634 
2.7125 0.955668 
2.72 0.949297 
2.7175 0.951512 
2.725 0.944574 
2.7225 0.946985 
2.73 0.939437 
2.7275 0.942059 
2.735 0.933854 
2.7325 0.936703 
2.74 0.927792 
2.7375 0.930885 
2.745 0.921216 
2.7425 0.92457 
2.75 0.914093 
2.7475 0.917726 
2.755 0.906386 
2.7525 0.910315 
2.76 0.898058 
2.7575 0.902302 
2.765 0.889074 
2.7625 0.893651 
2.77 0.879397 
2.7675 0.884324 
2.775 0.868991 
2.7725 0.874287 
2.78 0.857823 
2.7775 0.863504 
2.785 0.845862 
2.7825 0.851944 
2.79 0.83308 
2.7875 0.839575 
2.795 0.819451 
2.7925 0.826372 
2.8 0.804956 
2.7975 0.812313 
2.805 0.789582 
2.8025 0.79738 
2.81 0.773321 
2.8075 0.781562 
2.815 0.756174 
2.8125 0.764858 
2.82 0.73815 
2.8175 0.747271 
2.825 0.719268 
2.8225 0.728815 
2.83 0.699557 
2.8275 0.709514 
2.835 0.679055 
2.8325 0.689402 
2.84 0.657813 
2.8375 0.668523 
2.845 0.63589 
2.8425 0.646932 
2.85 0.613359 
2.8475 0.624696 
2.855 0.590299 
2.8525 0.60189 
2.86 0.566801 
2.8575 0.578599 
2.865 0.54296 
2.8625 0.554917 
2.87 0.51888 
2.8675 0.530943 
2.875 0.494667 
2.8725 0.506783 
2.88 0.470432 
2.8775 0.482546 
2.885 0.446285 
2.8825 0.458341 
2.89 0.422333 
2.8875 0.434278 
2.895 0.398681 
2.8925 0.410463 
2.9 0.375428 
2.8975 0.386999 
2.905 0.352668 
2.9025 0.363981 
2.91 0.330485 
2.9075 0.341499 
2.915 0.308952 
2.9125 0.319633 
2.92 0.288136 
2.9175 0.298451 
2.925 0.268091 
2.9225 0.278015 
2.93 0.248861 
2.9275 0.258372 
2.935 0.230479 
2.9325 0.239563 
2.94 0.212969 
2.9375 0.221614 
2.945 0.196345 
2.9425 0.204546 
2.95 0.180611 
2.9475 0.188366 
2.955 0.165765 
2.9525 0.173077 
2.96 0.151798 
2.9575 0.158672 
2.965 0.138693 
2.9625 0.145139 
2.97 0.126431 
2.9675 0.132458 
2.975 0.114985 
2.9725 0.120607 
2.98 0.104329 
2.9775 0.10956 
2.985 0.0944308 
2.9825 0.099287 
2.99 0.0852591 
2.9875 0.0897562 
2.995 0.0767804 
2.9925 0.0809352 
3 0.0689609 
2.9975 0.0727904 
3.005 0.0617669 
3.0025 0.0652878 
3.01 0.055165 
3.0075 0.058394 
3.015 0.0491222 
3.0125 0.0520757 
3.02 0.0436066 
3.0175 0.0463005 
3.025 0.0385869 
3.0225 0.0410367 
3.03 0.034033 
3.0275 0.0362536 
3.035 0.0299156 
3.0325 0.0319216 
3.04 0.0262062 
3.0375 0.0280116 
3.045 0.0228771 
3.0425 0.0244958 
3.05 0.0199013 
3.0475 0.0213467 
3.055 0.0172526 
3.0525 0.0185377 
3.06 0.0149053 
3.0575 0.0160429 
3.065 0.0128342 
3.0625 0.0138368 
3.07 0.0110151 
3.0675 0.0118947 
3.075 0.0094244 
3.0725 0.0101926 
3.08 0.0080395 
3.0775 0.0087076 
3.085 0.00683888 
3.0825 0.00741745 
3.09 0.00580225 
3.0875 0.00630128 
3.095 0.00491064 
3.0925 0.00533945 
3.1 0.00414654 
3.0975 0.00451369 
3.105 0.00349391 
3.1025 0.00380724 
3.11 0.00293822 
3.1075 0.0032048 
3.115 0.00246642 
3.1125 0.0026926 
3.12 0.0020669 
3.1175 0.0022583 
3.125 0.00172938 
3.1225 0.00189097 
3.13 0.00144486 
3.1275 0.00158101 
3.135 0.00120551 
3.1325 0.00131999 
3.14 0.00100452 
3.1375 0.00110061 
3.145 0.000836027 
3.1425 0.000916545 
3.15 0.000694991 
3.1475 0.000762361 
3.155 0.000577111 
3.1525 0.000633399 
3.16 0.000478716 
3.1575 0.000525684 
3.165 0.000396689 
3.1625 0.000435831 
3.17 0.000328389 
3.1675 0.000360971 
3.175 0.000271583 
3.1725 0.000298674 
3.18 0.000224389 
3.1775 0.00024689 
3.185 0.000185221 
3.1825 0.00020389 
3.19 0.000152747 
3.1875 0.000168221 
3.195 0.00012585 
3.1925 0.000138664 
3.2 0.000103594 
3.1975 0.000114194 
3.205 8.51962e-05 
3.2025 9.39567e-05 
3.21 7.00015e-05 
3.2075 7.72348e-05 
3.215 5.74642e-05 
3.2125 6.3431e-05 
3.22 4.71292e-05 
3.2175 5.20467e-05 
3.225 3.86175e-05 
3.2225 4.26665e-05 
3.23 3.1614e-05 
3.2275 3.49447e-05 
3.235 2.58568e-05 
3.2325 2.85941e-05 
3.24 2.11284e-05 
3.2375 2.3376e-05 
3.245 1.72487e-05 
3.2425 1.90924e-05 
3.25 1.40682e-05 
3.2475 1.55793e-05 
3.255 1.14634e-05 
3.2525 1.27007e-05 
3.26 9.33208e-06 
3.2575 1.03442e-05 
3.265 7.58982e-06 
3.2625 8.41698e-06 
3.27 6.16695e-06 
3.2675 6.84231e-06 
3.275 5.00603e-06 
3.2725 5.55691e-06 
3.28 4.05973e-06 
3.2775 4.50866e-06 
3.285 3.28913e-06 
3.2825 3.65462e-06 
3.29 2.66221e-06 
3.2875 2.95947e-06 
3.295 2.15268e-06 
3.2925 2.39422e-06 
3.3 1.73895e-06 
3.2975 1.93502e-06 
3.305 1.40336e-06 
3.3025 1.56236e-06 
3.31 1.1314e-06 
3.3075 1.26022e-06 
3.315 9.11242e-07 
3.3125 1.0155e-06 
3.32 7.33188e-07 
3.3175 8.17483e-07 
3.325 5.89332e-07 
3.3225 6.57418e-07 
3.33 4.73223e-07 
3.3275 5.28162e-07 
3.335 3.79605e-07 
3.3325 4.2389e-07 
3.34 3.04197e-07 
3.3375 3.39859e-07 
3.345 2.4352e-07 
3.3425 2.72208e-07 
3.35 1.94747e-07 
3.3475 2.178e-07 
3.355 1.55581e-07 
3.3525 1.74088e-07 
3.36 1.24164e-07 
3.3575 1.39006e-07 
3.365 9.89886e-08 
3.3625 1.10878e-07 
3.37 7.88356e-08 
3.3675 8.83507e-08 
3.375 6.27201e-08 
3.3725 7.03268e-08 
3.38 4.98468e-08 
3.3775 5.59214e-08 
3.385 3.95742e-08 
3.3825 4.44202e-08 
3.39 3.13855e-08 
3.3875 3.52474e-08 
3.395 2.48651e-08 
3.3925 2.79393e-08 
3.4 1.96784e-08 
3.3975 2.21231e-08 
3.405 1.55572e-08 
3.4025 1.74992e-08 
3.41 1.2286e-08 
3.4075 1.3827e-08 
3.415 9.69228e-09 
3.4125 1.09138e-08 
3.42 7.63799e-09 
3.4175 8.60517e-09 
3.425 6.01267e-09 
3.4225 6.77767e-09 
3.43 4.72815e-09 
3.4275 5.33257e-09 
3.435 3.71405e-09 
3.4325 4.19109e-09 
3.44 2.91433e-09 
3.4375 3.29042e-09 
3.445 2.28434e-09 
3.4425 2.58052e-09 
3.45 1.7886e-09 
3.4475 2.0216e-09 
3.455 1.39894e-09 
3.4525 1.58203e-09 
3.46 1.09298e-09 
3.4575 1.2367e-09 
3.465 8.53014e-10 
3.4625 9.657e-10 
3.47 6.6501e-10 
3.4675 7.53269e-10 
3.475 5.17879e-10 
3.4725 5.8693e-10 
3.48 4.02862e-10 
3.4775 4.56826e-10 
3.485 3.13048e-10 
3.4825 3.55175e-10 
3.49 2.42992e-10 
3.4875 2.75842e-10 
3.495 1.88408e-10 
3.4925 2.13995e-10 
3.5 1.45926e-10 
3.4975 1.65834e-10 
3.505 1.12899e-10 
3.5025 1.28372e-10 
3.51 8.72515e-11 
3.5075 9.92636e-11 
3.515 6.73566e-11 
3.5125 7.66717e-11 
3.52 5.19411e-11 
3.5175 5.91568e-11 
3.525 4.00098e-11 
3.5225 4.55929e-11 
3.53 3.07854e-11 
3.5275 3.51006e-11 
3.535 2.36618e-11 
3.5325 2.69932e-11 
3.54 1.81666e-11 
3.5375 2.07357e-11 
3.545 1.39322e-11 
3.5425 1.59113e-11 
3.55 1.06731e-11 
3.5475 1.21959e-11 
3.555 8.16744e-12 
3.5525 9.33787e-12 
3.56 6.24313e-12 
3.5575 7.14172e-12 
3.565 4.76696e-12 
3.5625 5.45608e-12 
3.57 3.63583e-12 
3.5675 4.16372e-12 
3.575 2.77005e-12 
3.5725 3.17398e-12 
3.58 2.10812e-12 
3.5775 2.41685e-12 
3.585 1.6026e-12 
3.5825 1.83831e-12 
3.59 1.21696e-12 
3.5875 1.39672e-12 
3.595 9.23108e-13 
3.5925 1.06004e-12 
3.6 6.99442e-13 
3.5975 8.03638e-13 
3.605 5.29387e-13 
3.6025 6.08584e-13 
3.61 4.00239e-13 
3.6075 4.60368e-13 
3.615 3.02266e-13 
3.6125 3.47867e-13 
3.62 2.28026e-13 
3.6175 2.6257e-13 
3.625 1.71831e-13 
3.6225 1.97971e-13 
3.63 1.29344e-13 
3.6275 1.49102e-13 
3.635 9.72562e-14 
3.6325 1.12173e-13 
3.64 7.30489e-14 
3.6375 8.42991e-14 
3.645 5.48071e-14 
3.6425 6.32824e-14 
3.65 4.1076e-14 
3.6475 4.74537e-14 
3.655 3.07516e-14 
3.6525 3.55456e-14 
3.66 2.29973e-14 
3.6575 2.65968e-14 
3.665 1.71798e-14 
3.6625 1.98795e-14 
3.67 1.282e-14 
3.6675 1.48426e-14 
3.675 9.55637e-15 
3.6725 1.107e-14 
3.68 7.11593e-15 
3.6775 8.24743e-15 
3.685 5.29305e-15 
3.6825 6.13797e-15 
3.69 3.93294e-15 
3.6875 4.56318e-15 
3.695 2.91923e-15 
3.6925 3.38882e-15 
3.7 2.16451e-15 
3.6975 2.51402e-15 
3.705 1.60323e-15 
3.7025 1.86309e-15 
3.71 1.18625e-15 
3.7075 1.37924e-15 
3.715 8.76813e-16 
3.7125 1.01999e-15 
3.72 6.47424e-16 
3.7175 7.53532e-16 
3.725 4.77558e-16 
3.7225 5.5611e-16 
3.73 3.51902e-16 
3.7275 4.09993e-16 
3.735 2.59049e-16 
3.7325 3.01963e-16 
3.74 1.90506e-16 
3.7375 2.22176e-16 
3.745 1.39961e-16 
3.7425 1.63309e-16 
3.75 1.02728e-16 
3.7475 1.19922e-16 
3.755 7.53272e-17 
3.7525 8.7977e-17 
3.76 5.51835e-17 
3.7575 6.44806e-17 
3.765 4.03893e-17 
3.7625 4.72155e-17 
3.77 2.95348e-17 
3.7675 3.45419e-17 
3.775 2.15784e-17 
3.7725 2.52477e-17 
3.78 1.57521e-17 
3.7775 1.84384e-17 
3.785 1.14894e-17 
3.7825 1.34542e-17 
3.79 8.37367e-18 
3.7875 9.8095e-18 
3.795 6.09827e-18 
3.7925 7.14659e-18 
3.8 4.438e-18 
3.7975 5.20274e-18 
3.805 3.22758e-18 
3.8025 3.78499e-18 
3.81 2.34584e-18 
3.8075 2.75181e-18 
3.815 1.70403e-18 
3.8125 1.99947e-18 
3.82 1.23719e-18 
3.8175 1.45204e-18 
3.825 8.97857e-19 
3.8225 1.054e-18 
3.83 6.51365e-19 
3.8275 7.6477e-19 
3.835 4.72416e-19 
3.8325 5.54733e-19 
3.84 3.42568e-19 
3.8375 4.02291e-19 
3.845 2.48392e-19 
3.8425 2.91703e-19 
3.85 1.80114e-19 
3.8475 2.11512e-19 
3.855 1.30626e-19 
3.8525 1.53381e-19 
3.86 9.47635e-20 
3.8575 1.11253e-19 
3.865 6.87782e-20 
3.8625 8.07262e-20 
3.87 4.99489e-20 
3.8675 5.86068e-20 
3.875 3.63031e-20 
3.8725 4.25779e-20 
3.88 2.64109e-20 
3.8775 3.09601e-20 
3.885 1.92366e-20 
3.8825 2.25364e-20 
3.89 1.40305e-20 
3.8875 1.64255e-20 
3.895 1.02496e-20 
3.8925 1.19893e-20 
3.9 7.50116e-21 
3.8975 8.76619e-21 
3.905 5.5009e-21 
3.9025 6.42188e-21 
3.91 4.04316e-21 
3.9075 4.71462e-21 
3.915 2.97911e-21 
3.9125 3.46945e-21 
3.92 2.20101e-21 
3.9175 2.55977e-21 
3.925 1.63086e-21 
3.9225 1.89389e-21 
3.93 1.21213e-21 
3.9275 1.40543e-21 
3.935 9.03829e-22 
3.9325 1.04625e-21 
3.94 6.76224e-22 
3.9375 7.81448e-22 
3.945 5.07698e-22 
3.9425 5.85672e-22 
3.95 3.82526e-22 
3.9475 4.40491e-22 
3.955 2.89251e-22 
3.9525 3.32484e-22 
3.96 2.19505e-22 
3.9575 2.51863e-22 
3.965 1.67169e-22 
3.9625 1.91473e-22 
3.97 1.27755e-22 
3.9675 1.46076e-22 
3.975 9.79638e-23 
3.9725 1.11825e-22 
3.98 7.53641e-23 
3.9775 8.58897e-23 
3.985 5.81576e-23 
3.9825 6.61791e-23 
3.99 4.50109e-23 
3.9875 5.11455e-23 
3.995 3.49314e-23 
3.9925 3.9639e-23 
4 2.7178e-23 
3.9975 3.08023e-23 
4.005 2.11949e-23 
4.0025 2.3994e-23 
4.01 1.65643e-23 
4.0075 1.87323e-23 
4.015 1.29703e-23 
4.0125 1.46542e-23 
4.02 1.01738e-23 
4.0175 1.14849e-23 
4.025 7.99247e-24 
4.0225 9.01575e-24 
4.03 6.2874e-24 
4.0275 7.08772e-24 
4.035 4.95196e-24 
4.0325 5.57909e-24 
4.04 3.90417e-24 
4.0375 4.39643e-24 
4.045 3.08078e-24 
4.0425 3.46777e-24 
4.05 2.43285e-24 
4.0475 2.73748e-24 
4.055 1.92235e-24 
4.0525 2.16244e-24 
4.06 1.51973e-24 
4.0575 1.70913e-24 
4.065 1.2019e-24 
4.0625 1.35144e-24 
4.07 9.50812e-25 
4.0675 1.06897e-24 
4.075 7.52332e-25 
4.0725 8.45751e-25 
4.08 5.95357e-25 
4.0775 6.6925e-25 
4.085 4.71159e-25 
4.0825 5.29628e-25 
4.09 3.72864e-25 
4.0875 4.19142e-25 
4.095 2.95053e-25 
4.0925 3.31688e-25 
4.1 2.33451e-25 
4.0975 2.62455e-25 
4.105 1.84677e-25 
4.1025 2.07641e-25 
4.11 1.46061e-25 
4.1075 1.64242e-25 
4.115 1.15489e-25 
4.1125 1.29883e-25 
4.12 9.12889e-26 
4.1175 1.02682e-25 
4.125 7.21359e-26 
4.1225 8.11527e-26 
4.13 5.69807e-26 
4.1275 6.4115e-26 
4.135 4.49918e-26 
4.1325 5.06351e-26 
4.14 3.55107e-26 
4.1375 3.99732e-26 
4.145 2.80151e-26 
4.1425 3.15427e-26 
4.15 2.20915e-26 
4.1475 2.4879e-26 
4.155 1.74119e-26 
4.1525 1.96138e-26 
4.16 1.37167e-26 
4.1575 1.54552e-26 
4.165 1.08001e-26 
4.1625 1.21721e-26 
4.17 8.49901e-27 
4.1675 9.58134e-27 
4.175 6.68449e-27 
4.1725 7.53786e-27 
4.18 5.25437e-27 
4.1775 5.92687e-27 
4.185 4.1278e-27 
4.1825 4.65748e-27 
4.19 3.24082e-27 
4.1875 3.65779e-27 
4.195 2.54287e-27 
4.1925 2.87093e-27 
4.2 1.99399e-27 
4.1975 2.25194e-27 
4.205 1.56258e-27 
4.2025 1.76529e-27 
4.21 1.22371e-27 
4.2075 1.38291e-27 
4.215 9.57693e-28 
4.2125 1.08265e-27 
4.22 7.49e-28 
4.2175 8.47013e-28 
4.225 5.85382e-28 
4.2225 6.62212e-28 
4.23 4.57187e-28 
4.2275 5.17373e-28 
4.235 3.56814e-28 
4.2325 4.0393e-28 
4.24 2.78278e-28 
4.2375 3.15136e-28 
4.245 2.1687e-28 
4.2425 2.45685e-28 
4.25 1.68889e-28 
4.2475 1.91399e-28 
4.255 1.31425e-28 
4.2525 1.48998e-28 
4.26 1.02195e-28 
4.2575 1.15903e-28 
4.265 7.94049e-29 
4.2625 9.00905e-29 
4.27 6.16497e-29 
4.2675 6.9973e-29 
4.275 4.78273e-29 
4.2725 5.43057e-29 
4.28 3.70748e-29 
4.2775 4.21133e-29 
4.285 2.87168e-29 
4.2825 3.26325e-29 
4.29 2.22251e-29 
4.2875 2.52658e-29 
4.295 1.7187e-29 
4.2925 1.95464e-29 
4.3 1.32801e-29 
4.2975 1.51093e-29 
4.305 1.02528e-29 
4.3025 1.16699e-29 
4.31 7.90903e-30 
4.3075 9.00591e-30 
4.315 6.09592e-30 
4.3125 6.94426e-30 
4.32 4.69448e-30 
4.3175 5.35006e-30 
4.325 3.61215e-30 
4.3225 4.11834e-30 
4.33 2.77697e-30 
4.3275 3.16749e-30 
4.335 2.13305e-30 
4.3325 2.43407e-30 
4.34 1.63702e-30 
4.3375 1.86885e-30 
4.345 1.25524e-30 
4.3425 1.43363e-30 
4.35 9.61642e-31 
4.3475 1.09879e-30 
4.355 7.36065e-31 
4.3525 8.41418e-31 
4.36 5.629e-31 
4.3575 6.43756e-31 
4.365 4.30087e-31 
4.3625 4.92087e-31 
4.37 3.28314e-31 
4.3675 3.75812e-31 
4.375 2.50397e-31 
4.3725 2.86753e-31 
4.38 1.90797e-31 
4.3775 2.18599e-31 
4.385 1.4525e-31 
4.3825 1.66491e-31 
4.39 1.10474e-31 
4.3875 1.26688e-31 
4.395 8.3946e-32 
4.3925 9.63116e-32 
4.4 6.3729e-32 
4.3975 7.31506e-32 
4.405 4.83358e-32 
4.4025 5.55076e-32 
4.41 3.66263e-32 
4.4075 4.20805e-32 
4.415 2.77273e-32 
4.4125 3.18714e-32 
4.42 2.09706e-32 
4.4175 2.41163e-32 
4.425 1.58454e-32 
4.4225 1.82309e-32 
4.43 1.19614e-32 
4.4275 1.37687e-32 
4.435 9.02075e-33 
4.4325 1.03887e-32 
4.44 6.79654e-33 
4.4375 7.83098e-33 
4.445 5.11581e-33 
4.4425 5.89728e-33 
4.45 3.84699e-33 
4.4475 4.43679e-33 
4.455 2.89006e-33 
4.4525 3.33477e-33 
4.46 2.16906e-33 
4.4575 2.50404e-33 
4.465 1.62634e-33 
4.4625 1.87842e-33 
4.47 1.21822e-33 
4.4675 1.40773e-33 
4.475 9.11626e-34 
4.4725 1.05396e-33 
4.48 6.81521e-34 
4.4775 7.88315e-34 
4.485 5.08996e-34 
4.4825 5.89045e-34 
4.49 3.79769e-34 
4.4875 4.39713e-34 
4.495 2.83071e-34 
4.4925 3.27914e-34 
4.5 2.10785e-34 
4.4975 2.44298e-34 
4.505 1.56802e-34 
4.5025 1.81823e-34 
4.51 1.16528e-34 
4.5075 1.3519e-34 
4.515 8.65122e-35 
4.5125 1.00417e-34 
4.52 6.41635e-35 
4.5175 7.45136e-35 
4.525 4.75405e-35 
4.5225 5.52368e-35 
4.53 3.51887e-35 
4.5275 4.09059e-35 
4.535 2.60199e-35 
4.5325 3.02627e-35 
4.54 1.92207e-35 
4.5375 2.23661e-35 
4.545 1.41839e-35 
4.5425 1.65134e-35 
4.55 1.04564e-35 
4.5475 1.21799e-35 
4.555 7.70071e-36 
4.5525 8.97449e-36 
4.56 5.66549e-36 
4.5575 6.60598e-36 
4.565 4.16393e-36 
4.5625 4.85762e-36 
4.57 3.05723e-36 
4.5675 3.56836e-36 
4.575 2.24238e-36 
4.5725 2.61862e-36 
4.58 1.64305e-36 
4.5775 1.9197e-36 
4.585 1.20267e-36 
4.5825 1.40589e-36 
4.59 8.79425e-37 
4.5875 1.02855e-36 
4.595 6.42403e-37 
4.5925 7.51721e-37 
4.6 4.68783e-37 
4.5975 5.48836e-37 
4.605 3.41736e-37 
4.6025 4.00299e-37 
4.61 2.48865e-37 
4.6075 2.91663e-37 
4.615 1.81047e-37 
4.6125 2.12291e-37 
4.62 1.31575e-37 
4.6175 1.54361e-37 
4.625 9.55234e-38 
4.6225 1.12123e-37 
4.63 6.92785e-38 
4.6275 8.13593e-38 
4.635 5.01926e-38 
4.6325 5.89756e-38 
4.64 3.63273e-38 
4.6375 4.27061e-38 
4.645 2.62651e-38 
4.6425 3.0893e-38 
4.65 1.89705e-38 
4.6475 2.23245e-38 
4.655 1.36876e-38 
4.6525 1.6116e-38 
4.66 9.86574e-39 
4.6575 1.1622e-38 
4.665 7.10367e-39 
4.6625 8.37259e-39 
4.67 5.1096e-39 
4.6675 6.02543e-39 
4.675 3.67149e-39 
4.6725 4.33179e-39 
4.68 2.63541e-39 
4.6775 3.11099e-39 
4.685 1.88975e-39 
4.6825 2.23192e-39 
4.69 1.35366e-39 
4.6875 1.5996e-39 
4.695 9.68652e-40 
4.6925 1.14523e-39 
4.7 6.92429e-40 
4.6975 8.19077e-40 
4.705 4.94461e-40 
4.7025 5.85204e-40 
4.71 3.52728e-40 
4.7075 4.17676e-40 
4.715 2.5136e-40 
4.7125 2.97798e-40 
4.72 1.78939e-40 
4.7175 2.12106e-40 
4.725 1.27251e-40 
4.7225 1.50916e-40 
4.73 9.03997e-41 
4.7275 1.07267e-40 
4.735 6.41539e-41 
4.7325 7.61637e-41 
4.74 4.54809e-41 
4.7375 5.4023e-41 
4.745 3.22095e-41 
4.7425 3.82789e-41 
4.75 2.27871e-41 
4.7475 2.7095e-41 
4.755 1.61043e-41 
4.7525 1.91588e-41 
4.76 1.13696e-41 
4.7575 1.35331e-41 
4.765 8.01864e-42 
4.7625 9.54942e-42 
4.77 5.64942e-42 
4.7675 6.7314e-42 
4.775 3.97609e-42 
4.7725 4.74005e-42 
4.78 2.7955e-42 
4.7775 3.33435e-42 
4.785 1.96341e-42 
4.7825 2.34308e-42 
4.79 1.37757e-42 
4.7875 1.64481e-42 
4.795 9.65528e-43 
4.7925 1.15343e-42 
4.8 6.76031e-43 
4.7975 8.08013e-43 
4.805 4.72845e-43 
4.8025 5.65451e-43 
4.81 3.30385e-43 
4.8075 3.95296e-43 
4.815 2.30607e-43 
4.8125 2.76057e-43 
4.82 1.60796e-43 
4.8175 1.92587e-43 
4.825 1.12003e-43 
4.8225 1.34216e-43 
4.83 7.79348e-44 
4.8275 9.34398e-44 
4.835 5.41733e-44 
4.8325 6.49846e-44 
4.84 3.76175e-44 
4.8375 4.51481e-44 
4.845 2.60943e-44 
4.8425 3.13343e-44 
4.85 1.80823e-44 
4.8475 2.17246e-44 
4.855 1.25173e-44 
4.8525 1.50464e-44 
4.86 8.65605e-45 
4.8575 1.04104e-44 
4.865 5.97972e-45 
4.8625 7.19536e-45 
4.87 4.12661e-45 
4.8675 4.96809e-45 
4.875 2.84484e-45 
4.8725 3.42671e-45 
4.88 1.95918e-45 
4.8775 2.36112e-45 
4.885 1.34786e-45 
4.8825 1.62521e-45 
4.89 9.26328e-46 
4.8875 1.11752e-45 
4.895 6.35973e-46 
4.8925 7.67632e-46 
4.9 4.3618e-46 
4.8975 5.26749e-46 
4.905 2.98845e-46 
4.9025 3.61083e-46 
4.91 2.0454e-46 
4.9075 2.47265e-46 
4.915 1.39851e-46 
4.9125 1.6915e-46 
4.92 9.55226e-47 
4.9175 1.15594e-46 
4.925 6.51781e-47 
4.9225 7.89141e-47 
4.93 4.44277e-47 
4.9275 5.38181e-47 
4.935 3.02527e-47 
4.9325 3.66656e-47 
4.94 2.05796e-47 
4.9375 2.49546e-47 
4.945 1.39858e-47 
4.9425 1.69672e-47 
4.95 9.49593e-48 
4.9475 1.15254e-47 
4.955 6.44235e-48 
4.9525 7.8221e-48 
4.96 4.36848e-48 
4.9575 5.30515e-48 
4.965 2.96256e-48 
4.9625 3.59717e-48 
4.97 2.01211e-48 
4.9675 2.4407e-48 
4.975 1.37275e-48 
4.9725 1.66052e-48 
4.98 9.46833e-49 
4.9775 1.1378e-48 
4.985 6.69035e-49 
4.9825 7.92524e-49 
4.99 4.9655e-49 
4.9875 5.71609e-49 
4.995 4.02711e-49 
4.9925 4.40954e-49 
5 3.7297e-49 
4.9975 3.8033e-49 
