0 1.22851e-15 
0.005 1.23596e-15 
0.0025 1.23037e-15 
0.01 1.25833e-15 
0.0075 1.24527e-15 
0.015 1.29574e-15 
0.0125 1.27514e-15 
0.02 1.34835e-15 
0.0175 1.32013e-15 
0.025 1.41642e-15 
0.0225 1.38044e-15 
0.03 1.50026e-15 
0.0275 1.45635e-15 
0.035 1.60022e-15 
0.0325 1.54819e-15 
0.04 1.71673e-15 
0.0375 1.65638e-15 
0.045 1.85028e-15 
0.0425 1.78134e-15 
0.05 2.00138e-15 
0.0475 1.9236e-15 
0.055 2.17058e-15 
0.0525 2.08368e-15 
0.06 2.35849e-15 
0.0575 2.26216e-15 
0.065 2.5657e-15 
0.0625 2.45964e-15 
0.07 2.79284e-15 
0.0675 2.67674e-15 
0.075 3.04051e-15 
0.0725 2.91407e-15 
0.08 3.30934e-15 
0.0775 3.17224e-15 
0.085 3.59989e-15 
0.0825 3.45186e-15 
0.09 3.91272e-15 
0.0875 3.75349e-15 
0.095 4.24832e-15 
0.0925 4.07765e-15 
0.1 4.6071e-15 
0.0975 4.42479e-15 
0.105 4.98941e-15 
0.1025 4.7953e-15 
0.11 5.3955e-15 
0.1075 5.18947e-15 
0.115 5.82549e-15 
0.1125 5.60751e-15 
0.12 6.27938e-15 
0.1175 6.04946e-15 
0.125 6.75703e-15 
0.1225 6.51525e-15 
0.13 7.25811e-15 
0.1275 7.00467e-15 
0.135 7.78214e-15 
0.1325 7.5173e-15 
0.14 8.32843e-15 
0.1375 8.05255e-15 
0.145 8.89608e-15 
0.1425 8.60965e-15 
0.15 9.48398e-15 
0.1475 9.18758e-15 
0.155 1.00908e-14 
0.1525 9.78511e-15 
0.16 1.07149e-14 
0.1575 1.04008e-14 
0.165 1.13544e-14 
0.1625 1.10329e-14 
0.17 1.20074e-14 
0.1675 1.16794e-14 
0.175 1.26714e-14 
0.1725 1.23382e-14 
0.18 1.33438e-14 
0.1775 1.30067e-14 
0.185 1.40218e-14 
0.1825 1.36822e-14 
0.19 1.47023e-14 
0.1875 1.43619e-14 
0.195 1.5382e-14 
0.1925 1.50424e-14 
0.2 1.60574e-14 
0.1975 1.57204e-14 
0.205 1.67248e-14 
0.2025 1.63923e-14 
0.21 1.73805e-14 
0.2075 1.70544e-14 
0.215 1.80204e-14 
0.2125 1.77027e-14 
0.22 1.86406e-14 
0.2175 1.83332e-14 
0.225 1.9237e-14 
0.2225 1.8942e-14 
0.23 1.98057e-14 
0.2275 1.95251e-14 
0.235 2.03427e-14 
0.2325 2.00784e-14 
0.24 2.08441e-14 
0.2375 2.05981e-14 
0.245 2.13066e-14 
0.2425 2.10804e-14 
0.25 2.17266e-14 
0.2475 2.15221e-14 
0.255 2.21014e-14 
0.2525 2.19198e-14 
0.26 2.24282e-14 
0.2575 2.22709e-14 
0.265 2.27052e-14 
0.2625 2.25731e-14 
0.27 2.29307e-14 
0.2675 2.28244e-14 
0.275 2.31039e-14 
0.2725 2.30239e-14 
0.28 2.32246e-14 
0.2775 2.31708e-14 
0.285 2.32933e-14 
0.2825 2.32654e-14 
0.29 2.33114e-14 
0.2875 2.33086e-14 
0.295 2.32811e-14 
0.2925 2.33021e-14 
0.3 2.32052e-14 
0.2975 2.32486e-14 
0.305 2.30877e-14 
0.3025 2.31514e-14 
0.31 2.29333e-14 
0.3075 2.30148e-14 
0.315 2.27476e-14 
0.3125 2.2844e-14 
0.32 2.25368e-14 
0.3175 2.26449e-14 
0.325 2.23081e-14 
0.3225 2.24243e-14 
0.33 2.20693e-14 
0.3275 2.21895e-14 
0.335 2.18286e-14 
0.3325 2.19486e-14 
0.34 2.15948e-14 
0.3375 2.17103e-14 
0.345 2.13773e-14 
0.3425 2.14835e-14 
0.35 2.11854e-14 
0.3475 2.12775e-14 
0.355 2.10289e-14 
0.3525 2.11021e-14 
0.36 2.09173e-14 
0.3575 2.09669e-14 
0.365 2.08605e-14 
0.3625 2.08814e-14 
0.37 2.08679e-14 
0.3675 2.08555e-14 
0.375 2.09489e-14 
0.3725 2.08986e-14 
0.38 2.11128e-14 
0.3775 2.10199e-14 
0.385 2.13686e-14 
0.3825 2.12286e-14 
0.39 2.1725e-14 
0.3875 2.15337e-14 
0.395 2.21909e-14 
0.3925 2.19438e-14 
0.4 2.27749e-14 
0.3975 2.24676e-14 
0.405 2.34858e-14 
0.4025 2.31139e-14 
0.41 2.43325e-14 
0.4075 2.38916e-14 
0.415 2.53245e-14 
0.4125 2.48098e-14 
0.42 2.64716e-14 
0.4175 2.5878e-14 
0.425 2.77846e-14 
0.4225 2.71067e-14 
0.43 2.92751e-14 
0.4275 2.85069e-14 
0.435 3.0956e-14 
0.4325 3.00909e-14 
0.44 3.28416e-14 
0.4375 3.18722e-14 
0.445 3.49479e-14 
0.4425 3.38661e-14 
0.45 3.7293e-14 
0.4475 3.60894e-14 
0.455 3.98972e-14 
0.4525 3.85613e-14 
0.46 4.27836e-14 
0.4575 4.13036e-14 
0.465 4.59783e-14 
0.4625 4.43407e-14 
0.47 4.95109e-14 
0.4675 4.77004e-14 
0.475 5.34149e-14 
0.4725 5.14142e-14 
0.48 5.77283e-14 
0.4775 5.55178e-14 
0.485 6.24942e-14 
0.4825 6.00517e-14 
0.49 6.77618e-14 
0.4875 6.5062e-14 
0.495 7.35865e-14 
0.4925 7.06007e-14 
0.5 8.00315e-14 
0.4975 7.67272e-14 
0.505 8.71683e-14 
0.5025 8.35085e-14 
0.51 9.50783e-14 
0.5075 9.10211e-14 
0.515 1.03854e-13 
0.5125 9.93515e-14 
0.52 1.13599e-13 
0.5175 1.08598e-13 
0.525 1.24434e-13 
0.5225 1.18872e-13 
0.53 1.36492e-13 
0.5275 1.30301e-13 
0.535 1.49927e-13 
0.5325 1.43027e-13 
0.54 1.64913e-13 
0.5375 1.57215e-13 
0.545 1.81646e-13 
0.5425 1.73048e-13 
0.55 2.0035e-13 
0.5475 1.90737e-13 
0.555 2.21278e-13 
0.5525 2.10519e-13 
0.56 2.44715e-13 
0.5575 2.32663e-13 
0.565 2.70987e-13 
0.5625 2.57475e-13 
0.57 3.00462e-13 
0.5675 2.853e-13 
0.575 3.33556e-13 
0.5725 3.16529e-13 
0.58 3.70739e-13 
0.5775 3.51605e-13 
0.585 4.12546e-13 
0.5825 3.91029e-13 
0.59 4.5958e-13 
0.5875 4.35369e-13 
0.595 5.12522e-13 
0.5925 4.85266e-13 
0.6 5.72145e-13 
0.5975 5.41446e-13 
0.605 6.39321e-13 
0.6025 6.0473e-13 
0.61 7.15039e-13 
0.6075 6.76046e-13 
0.615 8.00413e-13 
0.6125 7.56443e-13 
0.62 8.96706e-13 
0.6175 8.47109e-13 
0.625 1.00534e-12 
0.6225 9.49386e-13 
0.63 1.12794e-12 
0.6275 1.06479e-12 
0.635 1.26632e-12 
0.6325 1.19504e-12 
0.64 1.42254e-12 
0.6375 1.34206e-12 
0.645 1.59894e-12 
0.6425 1.50806e-12 
0.65 1.79814e-12 
0.6475 1.69551e-12 
0.655 2.02312e-12 
0.6525 1.9072e-12 
0.66 2.27725e-12 
0.6575 2.14631e-12 
0.665 2.56434e-12 
0.6625 2.41642e-12 
0.67 2.88868e-12 
0.6675 2.72156e-12 
0.675 3.25513e-12 
0.6725 3.06631e-12 
0.68 3.66919e-12 
0.6775 3.45584e-12 
0.685 4.13707e-12 
0.6825 3.89599e-12 
0.69 4.6658e-12 
0.6875 4.39336e-12 
0.695 5.2633e-12 
0.6925 4.95542e-12 
0.7 5.93855e-12 
0.6975 5.5906e-12 
0.705 6.7017e-12 
0.7025 6.30845e-12 
0.71 7.5642e-12 
0.7075 7.11975e-12 
0.715 8.53901e-12 
0.7125 8.03669e-12 
0.72 9.6408e-12 
0.7175 9.07305e-12 
0.725 1.08861e-11 
0.7225 1.02444e-11 
0.73 1.22937e-11 
0.7275 1.15683e-11 
0.735 1.38846e-11 
0.7325 1.30648e-11 
0.74 1.5683e-11 
0.7375 1.47563e-11 
0.745 1.77157e-11 
0.7425 1.66682e-11 
0.75 2.00133e-11 
0.7475 1.88293e-11 
0.755 2.26105e-11 
0.7525 2.12721e-11 
0.76 2.55462e-11 
0.7575 2.40334e-11 
0.765 2.88647e-11 
0.7625 2.71547e-11 
0.77 3.26159e-11 
0.7675 3.06829e-11 
0.775 3.68562e-11 
0.7725 3.46711e-11 
0.78 4.16495e-11 
0.7775 3.91795e-11 
0.785 4.70678e-11 
0.7825 4.42757e-11 
0.79 5.31928e-11 
0.7875 5.00365e-11 
0.795 6.01165e-11 
0.7925 5.65486e-11 
0.8 6.79433e-11 
0.7975 6.391e-11 
0.805 7.67909e-11 
0.8025 7.22315e-11 
0.81 8.67925e-11 
0.8075 8.16385e-11 
0.815 9.80987e-11 
0.8125 9.22724e-11 
0.82 1.1088e-10 
0.8175 1.04293e-10 
0.825 1.25328e-10 
0.8225 1.17882e-10 
0.83 1.41661e-10 
0.8275 1.33244e-10 
0.835 1.60125e-10 
0.8325 1.5061e-10 
0.84 1.80997e-10 
0.8375 1.70241e-10 
0.845 2.04592e-10 
0.8425 1.92433e-10 
0.85 2.31266e-10 
0.8475 2.1752e-10 
0.855 2.6142e-10 
0.8525 2.45881e-10 
0.86 2.95508e-10 
0.8575 2.77941e-10 
0.865 3.34043e-10 
0.8625 3.14185e-10 
0.87 3.77607e-10 
0.8675 3.55157e-10 
0.875 4.26855e-10 
0.8725 4.01476e-10 
0.88 4.82528e-10 
0.8775 4.53838e-10 
0.885 5.45467e-10 
0.8825 5.13033e-10 
0.89 6.16618e-10 
0.8875 5.79952e-10 
0.895 6.97054e-10 
0.8925 6.55603e-10 
0.9 7.87986e-10 
0.8975 7.41126e-10 
0.905 8.90785e-10 
0.9025 8.3781e-10 
0.91 1.007e-09 
0.9075 9.47111e-10 
0.915 1.13838e-09 
0.9125 1.07068e-09 
0.92 1.28691e-09 
0.9175 1.21037e-09 
0.925 1.45482e-09 
0.9225 1.36829e-09 
0.93 1.64464e-09 
0.9275 1.54682e-09 
0.935 1.85924e-09 
0.9325 1.74865e-09 
0.94 2.10185e-09 
0.9375 1.97683e-09 
0.945 2.37613e-09 
0.9425 2.23479e-09 
0.95 2.6862e-09 
0.9475 2.52641e-09 
0.955 3.03675e-09 
0.9525 2.8561e-09 
0.96 3.43306e-09 
0.9575 3.22883e-09 
0.965 3.8811e-09 
0.9625 3.65021e-09 
0.97 4.38762e-09 
0.9675 4.12659e-09 
0.975 4.96026e-09 
0.9725 4.66516e-09 
0.98 5.60766e-09 
0.9775 5.27403e-09 
0.985 6.33957e-09 
0.9825 5.96239e-09 
0.99 7.16703e-09 
0.9875 6.74061e-09 
0.995 8.10251e-09 
0.9925 7.62042e-09 
1 9.16012e-09 
0.9975 8.6151e-09 
1.005 1.03558e-08 
1.0025 9.73963e-09 
1.01 1.17076e-08 
1.0075 1.1011e-08 
1.015 1.32359e-08 
1.0125 1.24483e-08 
1.02 1.49637e-08 
1.0175 1.40733e-08 
1.025 1.69172e-08 
1.0225 1.59105e-08 
1.03 1.91257e-08 
1.0275 1.79875e-08 
1.035 2.16225e-08 
1.0325 2.03358e-08 
1.04 2.44454e-08 
1.0375 2.29907e-08 
1.045 2.76369e-08 
1.0425 2.59922e-08 
1.05 3.12452e-08 
1.0475 2.93857e-08 
1.055 3.53246e-08 
1.0525 3.32223e-08 
1.06 3.99368e-08 
1.0575 3.756e-08 
1.065 4.51513e-08 
1.0625 4.24641e-08 
1.07 5.10468e-08 
1.0675 4.80086e-08 
1.075 5.77122e-08 
1.0725 5.42772e-08 
1.08 6.52481e-08 
1.0775 6.13645e-08 
1.085 7.37682e-08 
1.0825 6.93775e-08 
1.09 8.34012e-08 
1.0875 7.84369e-08 
1.095 9.42922e-08 
1.0925 8.86796e-08 
1.1 1.06606e-07 
1.0975 1.0026e-07 
1.105 1.20528e-07 
1.1025 1.13353e-07 
1.11 1.36268e-07 
1.1075 1.28157e-07 
1.115 1.54065e-07 
1.1125 1.44894e-07 
1.12 1.74186e-07 
1.1175 1.63817e-07 
1.125 1.96936e-07 
1.1225 1.85212e-07 
1.13 2.22658e-07 
1.1275 2.09402e-07 
1.135 2.5174e-07 
1.1325 2.36753e-07 
1.14 2.84622e-07 
1.1375 2.67676e-07 
1.145 3.21799e-07 
1.1425 3.0264e-07 
1.15 3.63834e-07 
1.1475 3.42172e-07 
1.155 4.11361e-07 
1.1525 3.86868e-07 
1.16 4.65098e-07 
1.1575 4.37405e-07 
1.165 5.25857e-07 
1.1625 4.94545e-07 
1.17 5.94555e-07 
1.1675 5.59152e-07 
1.175 6.72231e-07 
1.1725 6.32201e-07 
1.18 7.60057e-07 
1.1775 7.14796e-07 
1.185 8.59362e-07 
1.1825 8.08186e-07 
1.19 9.71646e-07 
1.1875 9.1378e-07 
1.195 1.09861e-06 
1.1925 1.03318e-06 
1.2 1.24216e-06 
1.1975 1.16818e-06 
1.205 1.40448e-06 
1.2025 1.32083e-06 
1.21 1.58802e-06 
1.2075 1.49343e-06 
1.215 1.79555e-06 
1.2125 1.6886e-06 
1.22 2.03022e-06 
1.2175 1.90928e-06 
1.225 2.29558e-06 
1.2225 2.15882e-06 
1.23 2.59563e-06 
1.2275 2.44099e-06 
1.235 2.93492e-06 
1.2325 2.76006e-06 
1.24 3.31859e-06 
1.2375 3.12086e-06 
1.245 3.75244e-06 
1.2425 3.52885e-06 
1.25 4.24305e-06 
1.2475 3.99021e-06 
1.255 4.79785e-06 
1.2525 4.51192e-06 
1.26 5.42524e-06 
1.2575 5.1019e-06 
1.265 6.13473e-06 
1.2625 5.76908e-06 
1.27 6.93709e-06 
1.2675 6.52358e-06 
1.275 7.84448e-06 
1.2725 7.37684e-06 
1.28 8.87068e-06 
1.2775 8.3418e-06 
1.285 1.00313e-05 
1.2825 9.43312e-06 
1.29 1.13439e-05 
1.2875 1.06674e-05 
1.295 1.28284e-05 
1.2925 1.20633e-05 
1.3 1.45075e-05 
1.2975 1.36421e-05 
1.305 1.64067e-05 
1.3025 1.54279e-05 
1.31 1.85549e-05 
1.3075 1.74478e-05 
1.315 2.09849e-05 
1.3125 1.97325e-05 
1.32 2.37337e-05 
1.3175 2.23169e-05 
1.325 2.68432e-05 
1.3225 2.52405e-05 
1.33 3.0361e-05 
1.3275 2.85479e-05 
1.335 3.43409e-05 
1.3325 3.22896e-05 
1.34 3.88438e-05 
1.3375 3.65229e-05 
1.345 4.39388e-05 
1.3425 4.13126e-05 
1.35 4.97041e-05 
1.3475 4.67324e-05 
1.355 5.62283e-05 
1.3525 5.28653e-05 
1.36 6.36118e-05 
1.3575 5.98058e-05 
1.365 7.19687e-05 
1.3625 6.76609e-05 
1.37 8.14281e-05 
1.3675 7.65519e-05 
1.375 9.21363e-05 
1.3725 8.66162e-05 
1.38 0.00010426 
1.3775 9.80099e-05 
1.385 0.000117987 
1.3825 0.00011091 
1.39 0.000133532 
1.3875 0.000125518 
1.395 0.000151138 
1.3925 0.000142061 
1.4 0.000171081 
1.3975 0.000160798 
1.405 0.000193675 
1.4025 0.000182025 
1.41 0.000219276 
1.4075 0.000206075 
1.415 0.000248292 
1.4125 0.00023333 
1.42 0.000281182 
1.4175 0.000264221 
1.425 0.000318474 
1.4225 0.000299242 
1.43 0.000360765 
1.4275 0.000338954 
1.435 0.000408738 
1.4325 0.000383995 
1.44 0.000463171 
1.4375 0.000435094 
1.445 0.00052495 
1.4425 0.000493082 
1.45 0.00059509 
1.4475 0.000558906 
1.455 0.000674746 
1.4525 0.00063365 
1.46 0.000765241 
1.4575 0.000718549 
1.465 0.000868086 
1.4625 0.000815017 
1.47 0.000985011 
1.4675 0.000924671 
1.475 0.001118 
1.4725 0.00104936 
1.48 0.00126931 
1.4775 0.00119121 
1.485 0.00144155 
1.4825 0.00135264 
1.49 0.0016377 
1.4875 0.00153643 
1.495 0.00186117 
1.4925 0.00174579 
1.5 0.0021159 
1.4975 0.00198436 
1.505 0.00240637 
1.5025 0.00225636 
1.51 0.00273776 
1.5075 0.0025666 
1.515 0.00311599 
1.5125 0.00292062 
1.52 0.00354788 
1.5175 0.00332477 
1.525 0.00404123 
1.5225 0.00378634 
1.53 0.00460499 
1.5275 0.0043137 
1.535 0.00524942 
1.5325 0.00491643 
1.54 0.00598626 
1.5375 0.0056055 
1.545 0.00682893 
1.5425 0.00639346 
1.55 0.00779274 
1.5475 0.00729466 
1.555 0.00889513 
1.5525 0.00832543 
1.56 0.0101559 
1.5575 0.00950438 
1.565 0.0115975 
1.5625 0.0108526 
1.57 0.0132454 
1.5675 0.012394 
1.575 0.0151279 
1.5725 0.0141554 
1.58 0.0172771 
1.5775 0.016167 
1.585 0.0197285 
1.5825 0.0184627 
1.59 0.0225216 
1.5875 0.0210798 
1.595 0.0256998 
1.5925 0.0240597 
1.6 0.0293105 
1.5975 0.027448 
1.605 0.0334051 
1.6025 0.031294 
1.61 0.0380388 
1.6075 0.035651 
1.615 0.04327 
1.6125 0.0405759 
1.62 0.0491605 
1.6175 0.0461289 
1.625 0.0557738 
1.6225 0.0523728 
1.63 0.0631751 
1.6275 0.0593719 
1.635 0.0714295 
1.6325 0.0671916 
1.64 0.0806012 
1.6375 0.0758967 
1.645 0.0907518 
1.6425 0.0855504 
1.65 0.101939 
1.6475 0.0962124 
1.655 0.114214 
1.6525 0.107938 
1.66 0.127623 
1.6575 0.120775 
1.665 0.142199 
1.6625 0.134763 
1.67 0.157969 
1.6675 0.149934 
1.675 0.174944 
1.6725 0.166305 
1.68 0.193123 
1.6775 0.183883 
1.685 0.212492 
1.6825 0.202661 
1.69 0.23302 
1.6875 0.222614 
1.695 0.254658 
1.6925 0.243704 
1.7 0.277345 
1.6975 0.265875 
1.705 0.301 
1.7025 0.289057 
1.71 0.325527 
1.7075 0.313161 
1.715 0.350818 
1.7125 0.338085 
1.72 0.376749 
1.7175 0.363712 
1.725 0.403187 
1.7225 0.389914 
1.73 0.42999 
1.7275 0.416552 
1.735 0.45701 
1.7325 0.443482 
1.74 0.484096 
1.7375 0.470554 
1.745 0.511099 
1.7425 0.497617 
1.75 0.537872 
1.7475 0.524523 
1.755 0.564275 
1.7525 0.551128 
1.76 0.590177 
1.7575 0.577296 
1.765 0.61546 
1.7625 0.602903 
1.77 0.640016 
1.7675 0.627835 
1.775 0.663754 
1.7725 0.651992 
1.78 0.686596 
1.7775 0.675291 
1.785 0.708483 
1.7825 0.697662 
1.79 0.729366 
1.7875 0.719052 
1.795 0.749215 
1.7925 0.739421 
1.8 0.768011 
1.7975 0.758745 
1.805 0.785748 
1.8025 0.777011 
1.81 0.802431 
1.8075 0.79422 
1.815 0.818076 
1.8125 0.810382 
1.82 0.832705 
1.8175 0.825516 
1.825 0.846349 
1.8225 0.839648 
1.83 0.859042 
1.8275 0.852812 
1.835 0.870825 
1.8325 0.865045 
1.84 0.881739 
1.8375 0.876388 
1.845 0.891829 
1.8425 0.886884 
1.85 0.901141 
1.8475 0.89658 
1.855 0.909721 
1.8525 0.90552 
1.86 0.917615 
1.8575 0.913751 
1.865 0.924867 
1.8625 0.921319 
1.87 0.931522 
1.8675 0.928267 
1.875 0.937621 
1.8725 0.934638 
1.88 0.943205 
1.8775 0.940475 
1.885 0.948313 
1.8825 0.945816 
1.89 0.952981 
1.8875 0.950699 
1.895 0.957243 
1.8925 0.95516 
1.9 0.961133 
1.8975 0.959233 
1.905 0.96468 
1.9025 0.962947 
1.91 0.967912 
1.9075 0.966333 
1.915 0.970856 
1.9125 0.969418 
1.92 0.973536 
1.9175 0.972228 
1.925 0.975976 
1.9225 0.974785 
1.93 0.978194 
1.9275 0.977111 
1.935 0.980211 
1.9325 0.979227 
1.94 0.982045 
1.9375 0.98115 
1.945 0.983711 
1.9425 0.982898 
1.95 0.985224 
1.9475 0.984486 
1.955 0.986599 
1.9525 0.985928 
1.96 0.987847 
1.9575 0.987238 
1.965 0.98898 
1.9625 0.988427 
1.97 0.990008 
1.9675 0.989506 
1.975 0.990941 
1.9725 0.990486 
1.98 0.991788 
1.9775 0.991375 
1.985 0.992556 
1.9825 0.992181 
1.99 0.993252 
1.9875 0.992912 
1.995 0.993884 
1.9925 0.993576 
2 0.994457 
1.9975 0.994177 
2.005 0.994976 
2.0025 0.994723 
2.01 0.995447 
2.0075 0.995218 
2.015 0.995874 
2.0125 0.995666 
2.02 0.996261 
2.0175 0.996073 
2.025 0.996612 
2.0225 0.996441 
2.03 0.99693 
2.0275 0.996775 
2.035 0.997219 
2.0325 0.997078 
2.04 0.99748 
2.0375 0.997352 
2.045 0.997717 
2.0425 0.997601 
2.05 0.997931 
2.0475 0.997826 
2.055 0.998125 
2.0525 0.998031 
2.06 0.998302 
2.0575 0.998216 
2.065 0.998461 
2.0625 0.998383 
2.07 0.998606 
2.0675 0.998535 
2.075 0.998737 
2.0725 0.998673 
2.08 0.998856 
2.0775 0.998798 
2.085 0.998963 
2.0825 0.998911 
2.09 0.999061 
2.0875 0.999013 
2.095 0.999149 
2.0925 0.999106 
2.1 0.999229 
2.0975 0.99919 
2.105 0.999301 
2.1025 0.999266 
2.11 0.999367 
2.1075 0.999335 
2.115 0.999426 
2.1125 0.999397 
2.12 0.99948 
2.1175 0.999454 
2.125 0.999529 
2.1225 0.999505 
2.13 0.999573 
2.1275 0.999551 
2.135 0.999613 
2.1325 0.999593 
2.14 0.999649 
2.1375 0.999631 
2.145 0.999682 
2.1425 0.999666 
2.15 0.999711 
2.1475 0.999697 
2.155 0.999738 
2.1525 0.999725 
2.16 0.999762 
2.1575 0.999751 
2.165 0.999784 
2.1625 0.999774 
2.17 0.999804 
2.1675 0.999795 
2.175 0.999822 
2.1725 0.999813 
2.18 0.999838 
2.1775 0.99983 
2.185 0.999853 
2.1825 0.999846 
2.19 0.999866 
2.1875 0.99986 
2.195 0.999878 
2.1925 0.999872 
2.2 0.999888 
2.1975 0.999883 
2.205 0.999898 
2.2025 0.999893 
2.21 0.999906 
2.2075 0.999902 
2.215 0.999914 
2.2125 0.99991 
2.22 0.999921 
2.2175 0.999918 
2.225 0.999927 
2.2225 0.999924 
2.23 0.999932 
2.2275 0.99993 
2.235 0.999937 
2.2325 0.999935 
2.24 0.999941 
2.2375 0.999939 
2.245 0.999944 
2.2425 0.999943 
2.25 0.999947 
2.2475 0.999946 
2.255 0.99995 
2.2525 0.999949 
2.26 0.999952 
2.2575 0.999951 
2.265 0.999953 
2.2625 0.999953 
2.27 0.999954 
2.2675 0.999954 
2.275 0.999955 
2.2725 0.999955 
2.28 0.999955 
2.2775 0.999955 
2.285 0.999955 
2.2825 0.999955 
2.29 0.999954 
2.2875 0.999955 
2.295 0.999953 
2.2925 0.999954 
2.3 0.999952 
2.2975 0.999953 
2.305 0.99995 
2.3025 0.999951 
2.31 0.999948 
2.3075 0.999949 
2.315 0.999945 
2.3125 0.999946 
2.32 0.999942 
2.3175 0.999943 
2.325 0.999938 
2.3225 0.99994 
2.33 0.999933 
2.3275 0.999936 
2.335 0.999928 
2.3325 0.999931 
2.34 0.999923 
2.3375 0.999925 
2.345 0.999916 
2.3425 0.999919 
2.35 0.999909 
2.3475 0.999913 
2.355 0.999901 
2.3525 0.999905 
2.36 0.999892 
2.3575 0.999897 
2.365 0.999883 
2.3625 0.999888 
2.37 0.999872 
2.3675 0.999877 
2.375 0.99986 
2.3725 0.999866 
2.38 0.999847 
2.3775 0.999853 
2.385 0.999832 
2.3825 0.99984 
2.39 0.999816 
2.3875 0.999824 
2.395 0.999798 
2.3925 0.999807 
2.4 0.999779 
2.3975 0.999789 
2.405 0.999757 
2.4025 0.999768 
2.41 0.999734 
2.4075 0.999746 
2.415 0.999708 
2.4125 0.999721 
2.42 0.999679 
2.4175 0.999694 
2.425 0.999648 
2.4225 0.999664 
2.43 0.999613 
2.4275 0.999631 
2.435 0.999575 
2.4325 0.999595 
2.44 0.999534 
2.4375 0.999555 
2.445 0.999488 
2.4425 0.999511 
2.45 0.999437 
2.4475 0.999463 
2.455 0.999382 
2.4525 0.99941 
2.46 0.999321 
2.4575 0.999352 
2.465 0.999254 
2.4625 0.999288 
2.47 0.999181 
2.4675 0.999218 
2.475 0.9991 
2.4725 0.999141 
2.48 0.999011 
2.4775 0.999056 
2.485 0.998913 
2.4825 0.998963 
2.49 0.998806 
2.4875 0.998861 
2.495 0.998689 
2.4925 0.998749 
2.5 0.998559 
2.4975 0.998625 
2.505 0.998417 
2.5025 0.99849 
2.51 0.998261 
2.5075 0.998341 
2.515 0.998089 
2.5125 0.998177 
2.52 0.997901 
2.5175 0.997997 
2.525 0.997694 
2.5225 0.9978 
2.53 0.997467 
2.5275 0.997583 
2.535 0.997217 
2.5325 0.997345 
2.54 0.996942 
2.5375 0.997083 
2.545 0.996641 
2.5425 0.996795 
2.55 0.99631 
2.5475 0.996479 
2.555 0.995946 
2.5525 0.996132 
2.56 0.995547 
2.5575 0.995752 
2.565 0.995109 
2.5625 0.995333 
2.57 0.994627 
2.5675 0.994874 
2.575 0.994099 
2.5725 0.994369 
2.58 0.993518 
2.5775 0.993815 
2.585 0.992881 
2.5825 0.993207 
2.59 0.992181 
2.5875 0.992539 
2.595 0.991413 
2.5925 0.991806 
2.6 0.990571 
2.5975 0.991002 
2.605 0.989646 
2.6025 0.990119 
2.61 0.988631 
2.6075 0.98915 
2.615 0.987517 
2.6125 0.988087 
2.62 0.986296 
2.6175 0.986921 
2.625 0.984957 
2.6225 0.985642 
2.63 0.983488 
2.6275 0.984239 
2.635 0.981878 
2.6325 0.982701 
2.64 0.980113 
2.6375 0.981016 
2.645 0.97818 
2.6425 0.979168 
2.65 0.976062 
2.6475 0.977145 
2.655 0.973743 
2.6525 0.974928 
2.66 0.971204 
2.6575 0.972502 
2.665 0.968427 
2.6625 0.969846 
2.67 0.965389 
2.6675 0.966942 
2.675 0.962068 
2.6725 0.963765 
2.68 0.95844 
2.6775 0.960294 
2.685 0.954479 
2.6825 0.956503 
2.69 0.950157 
2.6875 0.952365 
2.695 0.945444 
2.6925 0.947851 
2.7 0.94031 
2.6975 0.942932 
2.705 0.934721 
2.7025 0.937574 
2.71 0.928642 
2.7075 0.931745 
2.715 0.922039 
2.7125 0.925409 
2.72 0.914874 
2.7175 0.918529 
2.725 0.907109 
2.7225 0.911069 
2.73 0.898705 
2.7275 0.90299 
2.735 0.889624 
2.7325 0.894252 
2.74 0.879826 
2.7375 0.884817 
2.745 0.869274 
2.7425 0.874647 
2.75 0.857932 
2.7475 0.863704 
2.755 0.845765 
2.7525 0.851953 
2.76 0.832742 
2.7575 0.839362 
2.765 0.818837 
2.7625 0.825902 
2.77 0.804029 
2.7675 0.811547 
2.775 0.788301 
2.7725 0.79628 
2.78 0.771645 
2.7775 0.780089 
2.785 0.754062 
2.7825 0.762969 
2.79 0.735561 
2.7875 0.744925 
2.795 0.716162 
2.7925 0.725972 
2.8 0.695895 
2.7975 0.706134 
2.805 0.674803 
2.8025 0.685449 
2.81 0.652939 
2.8075 0.663963 
2.815 0.630369 
2.8125 0.641738 
2.82 0.60717 
2.8175 0.618843 
2.825 0.583429 
2.8225 0.595362 
2.83 0.559243 
2.8275 0.571385 
2.835 0.534716 
2.8325 0.547015 
2.84 0.50996 
2.8375 0.52236 
2.845 0.48509 
2.8425 0.497532 
2.85 0.460222 
2.8475 0.472648 
2.855 0.435475 
2.8525 0.447826 
2.86 0.410963 
2.8575 0.423182 
2.865 0.386796 
2.8625 0.39883 
2.87 0.36308 
2.8675 0.374876 
2.875 0.33991 
2.8725 0.351421 
2.88 0.317374 
2.8775 0.328558 
2.885 0.295548 
2.8825 0.306368 
2.89 0.274497 
2.8875 0.284922 
2.895 0.254276 
2.8925 0.26428 
2.9 0.234928 
2.8975 0.244491 
2.905 0.216484 
2.9025 0.225591 
2.91 0.198964 
2.9075 0.207607 
2.915 0.182382 
2.9125 0.190556 
2.92 0.166738 
2.9175 0.174443 
2.925 0.152027 
2.9225 0.159267 
2.93 0.138237 
2.9275 0.145018 
2.935 0.12535 
2.9325 0.131682 
2.94 0.113342 
2.9375 0.119237 
2.945 0.102186 
2.9425 0.107659 
2.95 0.0918522 
2.9475 0.0969181 
2.955 0.0823091 
2.9525 0.0869839 
2.96 0.0735228 
2.9575 0.0778235 
2.965 0.0654588 
2.9625 0.0694027 
2.97 0.058082 
2.9675 0.0616867 
2.975 0.0513572 
2.9725 0.0546403 
2.98 0.0452491 
2.9775 0.0482282 
2.985 0.0397225 
2.9825 0.0424153 
2.99 0.0347425 
2.9875 0.0371664 
2.995 0.0302742 
2.9925 0.0324466 
3 0.026283 
2.9975 0.0282212 
3.005 0.0227345 
3.0025 0.0244556 
3.01 0.0195945 
3.0075 0.0211156 
3.015 0.0168294 
3.0125 0.0181672 
3.02 0.014406 
3.0175 0.015577 
3.025 0.0122923 
3.0225 0.0133124 
3.03 0.010457 
3.0275 0.0113417 
3.035 0.00887063 
3.0325 0.0096345 
3.04 0.0075051 
3.0375 0.00816193 
3.045 0.00633432 
3.0425 0.00689692 
3.05 0.00533418 
3.0475 0.00581434 
3.055 0.0044827 
3.0525 0.00489115 
3.06 0.00376002 
3.0575 0.00410642 
3.065 0.00314838 
3.0625 0.00344135 
3.07 0.00263204 
3.0675 0.0028792 
3.075 0.00219715 
3.0725 0.00240521 
3.08 0.00183164 
3.0775 0.00200641 
3.085 0.00152501 
3.0825 0.00167156 
3.09 0.00126823 
3.0875 0.00139091 
3.095 0.00105352 
3.0925 0.00115606 
3.1 0.000874255 
3.0975 0.000959833 
3.105 0.000724773 
3.1025 0.000796108 
3.11 0.000600281 
3.1075 0.000659673 
3.115 0.00049672 
3.1125 0.000546112 
3.12 0.000410662 
3.1175 0.000451695 
3.125 0.000339223 
3.1225 0.000373277 
3.13 0.000279975 
3.1275 0.00030821 
3.135 0.000230885 
3.1325 0.000254274 
3.14 0.000190247 
3.1375 0.000209604 
3.145 0.000156635 
3.1425 0.000172642 
3.15 0.000128858 
3.1475 0.000142083 
3.155 0.000105922 
3.1525 0.00011684 
3.16 8.69999e-05 
3.1575 9.60055e-05 
3.165 7.14012e-05 
3.1625 7.88234e-05 
3.17 5.85527e-05 
3.1675 6.4665e-05 
3.175 4.79781e-05 
3.1725 5.30075e-05 
3.18 3.92819e-05 
3.1775 4.34171e-05 
3.185 3.21361e-05 
3.1825 3.55333e-05 
3.19 2.62692e-05 
3.1875 2.90578e-05 
3.195 2.1456e-05 
3.1925 2.37433e-05 
3.2 1.75105e-05 
3.1975 1.93851e-05 
3.205 1.42789e-05 
3.2025 1.58139e-05 
3.21 1.16341e-05 
3.2075 1.28901e-05 
3.215 9.47139e-06 
3.2125 1.04983e-05 
3.22 7.70433e-06 
3.2175 8.54317e-06 
3.225 6.26172e-06 
3.2225 6.94639e-06 
3.23 5.08496e-06 
3.2275 5.64334e-06 
3.235 4.12587e-06 
3.2325 4.58086e-06 
3.24 3.34484e-06 
3.2375 3.71528e-06 
3.245 2.70934e-06 
3.2425 3.01069e-06 
3.25 2.1927e-06 
3.2475 2.43763e-06 
3.255 1.77305e-06 
3.2525 1.97195e-06 
3.26 1.43247e-06 
3.2575 1.59386e-06 
3.265 1.1563e-06 
3.2625 1.28713e-06 
3.27 9.32551e-07 
3.2675 1.03853e-06 
3.275 7.51438e-07 
3.2725 8.37203e-07 
3.28 6.04963e-07 
3.2775 6.74309e-07 
3.285 4.86606e-07 
3.2825 5.42627e-07 
3.29 3.91054e-07 
3.2875 4.3627e-07 
3.295 3.13982e-07 
3.2925 3.50445e-07 
3.3 2.51873e-07 
3.2975 2.8125e-07 
3.305 2.01866e-07 
3.3025 2.25513e-07 
3.31 1.6164e-07 
3.3075 1.80657e-07 
3.315 1.29311e-07 
3.3125 1.44591e-07 
3.32 1.03353e-07 
3.3175 1.15619e-07 
3.325 8.25292e-08 
3.3225 9.23665e-08 
3.33 6.584e-08 
3.3275 7.37223e-08 
3.335 5.24769e-08 
3.3325 5.87867e-08 
3.34 4.17868e-08 
3.3375 4.68332e-08 
3.345 3.32432e-08 
3.3425 3.72753e-08 
3.35 2.64215e-08 
3.3475 2.96402e-08 
3.355 2.09797e-08 
3.3525 2.35467e-08 
3.36 1.6643e-08 
3.3575 1.86882e-08 
3.365 1.31901e-08 
3.3625 1.4818e-08 
3.37 1.04436e-08 
3.3675 1.17382e-08 
3.375 8.26107e-09 
3.3725 9.28956e-09 
3.38 6.52837e-09 
3.3775 7.34467e-09 
3.385 5.15411e-09 
3.3825 5.80137e-09 
3.39 4.06521e-09 
3.3875 4.57794e-09 
3.395 3.20325e-09 
3.3925 3.60901e-09 
3.4 2.52159e-09 
3.3975 2.8424e-09 
3.405 1.98306e-09 
3.4025 2.23645e-09 
3.41 1.55802e-09 
3.4075 1.75795e-09 
3.415 1.22288e-09 
3.4125 1.38048e-09 
3.42 9.5889e-10 
3.4175 1.083e-09 
3.425 7.51148e-10 
3.4225 8.48789e-10 
3.43 5.87832e-10 
3.4275 6.64572e-10 
3.435 4.5957e-10 
3.4325 5.19823e-10 
3.44 3.58938e-10 
3.4375 4.06199e-10 
3.445 2.80064e-10 
3.4425 3.17096e-10 
3.45 2.18304e-10 
3.4475 2.47293e-10 
3.455 1.69994e-10 
3.4525 1.92664e-10 
3.46 1.32243e-10 
3.4575 1.49954e-10 
3.465 1.02773e-10 
3.4625 1.16595e-10 
3.47 7.97899e-11 
3.4675 9.05662e-11 
3.475 6.18847e-11 
3.4725 7.0278e-11 
3.48 4.79494e-11 
3.4775 5.448e-11 
3.485 3.71148e-11 
3.4825 4.21909e-11 
3.49 2.86995e-11 
3.4875 3.2641e-11 
3.495 2.21699e-11 
3.4925 2.52274e-11 
3.5 1.71087e-11 
3.4975 1.9478e-11 
3.505 1.31896e-11 
3.5025 1.50238e-11 
3.51 1.01581e-11 
3.5075 1.15765e-11 
3.515 7.81542e-12 
3.5125 8.91119e-12 
3.52 6.00697e-12 
3.5175 6.85263e-12 
3.525 4.61234e-12 
3.5225 5.26432e-12 
3.53 3.53793e-12 
3.5275 4.04007e-12 
3.535 2.71107e-12 
3.5325 3.09741e-12 
3.54 2.07536e-12 
3.5375 2.3723e-12 
3.545 1.58712e-12 
3.5425 1.81512e-12 
3.55 1.21253e-12 
3.5475 1.38741e-12 
3.555 9.25417e-13 
3.5525 1.05942e-12 
3.56 7.05583e-13 
3.5575 8.08157e-13 
3.565 5.37433e-13 
3.5625 6.1587e-13 
3.57 4.08948e-13 
3.5675 4.68866e-13 
3.575 3.1087e-13 
3.5725 3.56596e-13 
3.58 2.3608e-13 
3.5775 2.70939e-13 
3.585 1.79106e-13 
3.5825 2.05654e-13 
3.59 1.35748e-13 
3.5875 1.55946e-13 
3.595 1.02786e-13 
3.5925 1.18137e-13 
3.6 7.77511e-14 
3.5975 8.94069e-14 
3.605 5.87569e-14 
3.6025 6.7598e-14 
3.61 4.43601e-14 
3.6075 5.10595e-14 
3.615 3.34587e-14 
3.6125 3.85302e-14 
3.62 2.52124e-14 
3.6175 2.90477e-14 
3.625 1.89805e-14 
3.6225 2.18781e-14 
3.63 1.42757e-14 
3.6275 1.64627e-14 
3.635 1.07271e-14 
3.6325 1.23762e-14 
3.64 8.05332e-15 
3.6375 9.2956e-15 
3.645 6.04052e-15 
3.6425 6.97544e-15 
3.65 4.52676e-15 
3.6475 5.2297e-15 
3.655 3.38939e-15 
3.6525 3.91742e-15 
3.66 2.53562e-15 
3.6575 2.93189e-15 
3.665 1.89531e-15 
3.6625 2.19243e-15 
3.67 1.41554e-15 
3.6675 1.63812e-15 
3.675 1.05637e-15 
3.6725 1.22296e-15 
3.68 7.87729e-16 
3.6775 9.12299e-16 
3.685 5.86963e-16 
3.6825 6.80036e-16 
3.69 4.37052e-16 
3.6875 5.06534e-16 
3.695 3.25205e-16 
3.6925 3.77033e-16 
3.7 2.41823e-16 
3.6975 2.80453e-16 
3.705 1.7971e-16 
3.7025 2.0848e-16 
3.71 1.33474e-16 
3.7075 1.54886e-16 
3.715 9.90821e-17 
3.7125 1.15006e-16 
3.72 7.35168e-17 
3.7175 8.5352e-17 
3.725 5.4525e-17 
3.7225 6.33156e-17 
3.73 4.04248e-17 
3.7275 4.69503e-17 
3.735 2.99622e-17 
3.7325 3.48035e-17 
3.74 2.22024e-17 
3.7375 2.57926e-17 
3.745 1.645e-17 
3.7425 1.91111e-17 
3.75 1.21871e-17 
3.7475 1.4159e-17 
3.755 9.02921e-18 
3.7525 1.04899e-17 
3.76 6.6904e-18 
3.7575 7.77212e-18 
3.765 4.95852e-18 
3.7625 5.7595e-18 
3.77 3.6762e-18 
3.7675 4.26926e-18 
3.775 2.72674e-18 
3.7725 3.16586e-18 
3.78 2.02367e-18 
3.7775 2.34885e-18 
3.785 1.50294e-18 
3.7825 1.7438e-18 
3.79 1.11715e-18 
3.7875 1.29561e-18 
3.795 8.31204e-19 
3.7925 9.63497e-19 
3.8 6.19147e-19 
3.7975 7.17271e-19 
3.805 4.61778e-19 
3.8025 5.34611e-19 
3.81 3.44897e-19 
3.8075 3.99005e-19 
3.815 2.58005e-19 
3.8125 2.98241e-19 
3.82 1.93335e-19 
3.8175 2.23291e-19 
3.825 1.45144e-19 
3.8225 1.67474e-19 
3.83 1.09181e-19 
3.8275 1.25852e-19 
3.835 8.23029e-20 
3.8325 9.47681e-20 
3.84 6.21795e-20 
3.8375 7.15164e-20 
3.845 4.70856e-20 
3.8425 5.40926e-20 
3.85 3.57416e-20 
3.8475 4.10107e-20 
3.855 2.71979e-20 
3.8525 3.11686e-20 
3.86 2.07487e-20 
3.8575 2.37478e-20 
3.865 1.58691e-20 
3.8625 1.81398e-20 
3.87 1.21683e-20 
3.8675 1.38916e-20 
3.875 9.35431e-21 
3.8725 1.06655e-20 
3.88 7.20924e-21 
3.8775 8.20944e-21 
3.885 5.56982e-21 
3.8825 6.33478e-21 
3.89 4.3136e-21 
3.8875 4.90016e-21 
3.895 3.34851e-21 
3.8925 3.79945e-21 
3.9 2.60516e-21 
3.8975 2.95273e-21 
3.905 2.03117e-21 
3.9025 2.29973e-21 
3.91 1.58686e-21 
3.9075 1.79488e-21 
3.915 1.2421e-21 
3.9125 1.40361e-21 
3.92 9.73989e-22 
3.9175 1.09967e-21 
3.925 7.65018e-22 
3.9225 8.63028e-22 
3.93 6.01806e-22 
3.9275 6.78395e-22 
3.935 4.74083e-22 
3.9325 5.34049e-22 
3.94 3.73951e-22 
3.9375 4.20985e-22 
3.945 2.95313e-22 
3.9425 3.32267e-22 
3.95 2.3346e-22 
3.9475 2.62538e-22 
3.955 1.84737e-22 
3.9525 2.0765e-22 
3.96 1.46306e-22 
3.9575 1.64386e-22 
3.965 1.15957e-22 
3.9625 1.30239e-22 
3.97 9.19636e-23 
3.9675 1.03258e-22 
3.975 7.29766e-23 
3.9725 8.19163e-23 
3.98 5.79381e-23 
3.9775 6.50202e-23 
3.985 4.60177e-23 
3.9825 5.16325e-23 
3.99 3.65626e-23 
3.9875 4.10169e-23 
3.995 2.90584e-23 
3.9925 3.25941e-23 
4 2.30995e-23 
3.9975 2.59075e-23 
4.005 1.83657e-23 
4.0025 2.05966e-23 
4.01 1.46037e-23 
4.0075 1.63768e-23 
4.015 1.16131e-23 
4.0125 1.30227e-23 
4.02 9.23524e-24 
4.0175 1.03561e-23 
4.025 7.34416e-24 
4.0225 8.23562e-24 
4.03 5.84003e-24 
4.0275 6.5491e-24 
4.035 4.64358e-24 
4.0325 5.20761e-24 
4.04 3.69182e-24 
4.0375 4.1405e-24 
4.045 2.93471e-24 
4.0425 3.29163e-24 
4.05 2.33247e-24 
4.0475 2.61638e-24 
4.055 1.85345e-24 
4.0525 2.07926e-24 
4.06 1.47248e-24 
4.0575 1.65207e-24 
4.065 1.16953e-24 
4.0625 1.31234e-24 
4.07 9.28667e-25 
4.0675 1.0422e-24 
4.075 7.37194e-25 
4.0725 8.2744e-25 
4.08 5.85021e-25 
4.0775 6.56739e-25 
4.085 4.64108e-25 
4.0825 5.2109e-25 
4.09 3.68059e-25 
4.0875 4.1332e-25 
4.095 2.91783e-25 
4.0925 3.27724e-25 
4.1 2.31226e-25 
4.0975 2.59758e-25 
4.105 1.83166e-25 
4.1025 2.05808e-25 
4.11 1.45035e-25 
4.1075 1.62998e-25 
4.115 1.14794e-25 
4.1125 1.29038e-25 
4.12 9.08183e-26 
4.1175 1.0211e-25 
4.125 7.18175e-26 
4.1225 8.07655e-26 
4.13 5.67655e-26 
4.1275 6.38532e-26 
4.135 4.48466e-26 
4.1325 5.04583e-26 
4.14 3.54127e-26 
4.1375 3.98539e-26 
4.145 2.79491e-26 
4.1425 3.14623e-26 
4.15 2.20471e-26 
4.1475 2.48249e-26 
4.155 1.73821e-26 
4.1525 1.95774e-26 
4.16 1.36966e-26 
4.1575 1.54308e-26 
4.165 1.07866e-26 
4.1625 1.21557e-26 
4.17 8.48998e-27 
4.1675 9.57032e-27 
4.175 6.67845e-27 
4.1725 7.53048e-27 
4.18 5.25033e-27 
4.1775 5.92193e-27 
4.185 4.1251e-27 
4.1825 4.65418e-27 
4.19 3.23902e-27 
4.1875 3.65558e-27 
4.195 2.54167e-27 
4.1925 2.86946e-27 
4.2 1.99319e-27 
4.1975 2.25096e-27 
4.205 1.56205e-27 
4.2025 1.76464e-27 
4.21 1.22336e-27 
4.2075 1.38248e-27 
4.215 9.57458e-28 
4.2125 1.08236e-27 
4.22 7.48844e-28 
4.2175 8.46822e-28 
4.225 5.85278e-28 
4.2225 6.62085e-28 
4.23 4.57119e-28 
4.2275 5.17289e-28 
4.235 3.56769e-28 
4.2325 4.03874e-28 
4.24 2.78248e-28 
4.2375 3.15099e-28 
4.245 2.1685e-28 
4.2425 2.4566e-28 
4.25 1.68876e-28 
4.2475 1.91383e-28 
4.255 1.31417e-28 
4.2525 1.48987e-28 
4.26 1.02189e-28 
4.2575 1.15896e-28 
4.265 7.94012e-29 
4.2625 9.00859e-29 
4.27 6.16473e-29 
4.2675 6.997e-29 
4.275 4.78257e-29 
4.2725 5.43037e-29 
4.28 3.70738e-29 
4.2775 4.21121e-29 
4.285 2.87161e-29 
4.2825 3.26316e-29 
4.29 2.22247e-29 
4.2875 2.52653e-29 
4.295 1.71867e-29 
4.2925 1.9546e-29 
4.3 1.32799e-29 
4.2975 1.51091e-29 
4.305 1.02527e-29 
4.3025 1.16697e-29 
4.31 7.90895e-30 
4.3075 9.00581e-30 
4.315 6.09587e-30 
4.3125 6.94419e-30 
4.32 4.69445e-30 
4.3175 5.35002e-30 
4.325 3.61213e-30 
4.3225 4.11831e-30 
4.33 2.77696e-30 
4.3275 3.16747e-30 
4.335 2.13304e-30 
4.3325 2.43406e-30 
4.34 1.63701e-30 
4.3375 1.86884e-30 
4.345 1.25523e-30 
4.3425 1.43362e-30 
4.35 9.61639e-31 
4.3475 1.09879e-30 
4.355 7.36064e-31 
4.3525 8.41416e-31 
4.36 5.62899e-31 
4.3575 6.43755e-31 
4.365 4.30087e-31 
4.3625 4.92086e-31 
4.37 3.28314e-31 
4.3675 3.75812e-31 
4.375 2.50396e-31 
4.3725 2.86752e-31 
4.38 1.90796e-31 
4.3775 2.18599e-31 
4.385 1.45249e-31 
4.3825 1.66491e-31 
4.39 1.10474e-31 
4.3875 1.26688e-31 
4.395 8.39459e-32 
4.3925 9.63115e-32 
4.4 6.3729e-32 
4.3975 7.31506e-32 
4.405 4.83358e-32 
4.4025 5.55076e-32 
4.41 3.66263e-32 
4.4075 4.20805e-32 
4.415 2.77273e-32 
4.4125 3.18713e-32 
4.42 2.09706e-32 
4.4175 2.41163e-32 
4.425 1.58454e-32 
4.4225 1.82309e-32 
4.43 1.19614e-32 
4.4275 1.37687e-32 
4.435 9.02075e-33 
4.4325 1.03887e-32 
4.44 6.79654e-33 
4.4375 7.83098e-33 
4.445 5.11581e-33 
4.4425 5.89728e-33 
4.45 3.84699e-33 
4.4475 4.43679e-33 
4.455 2.89006e-33 
4.4525 3.33477e-33 
4.46 2.16906e-33 
4.4575 2.50404e-33 
4.465 1.62634e-33 
4.4625 1.87842e-33 
4.47 1.21822e-33 
4.4675 1.40773e-33 
4.475 9.11626e-34 
4.4725 1.05396e-33 
4.48 6.81521e-34 
4.4775 7.88315e-34 
4.485 5.08996e-34 
4.4825 5.89045e-34 
4.49 3.79769e-34 
4.4875 4.39713e-34 
4.495 2.83071e-34 
4.4925 3.27914e-34 
4.5 2.10785e-34 
4.4975 2.44298e-34 
4.505 1.56802e-34 
4.5025 1.81823e-34 
4.51 1.16528e-34 
4.5075 1.3519e-34 
4.515 8.65122e-35 
4.5125 1.00417e-34 
4.52 6.41635e-35 
4.5175 7.45136e-35 
4.525 4.75405e-35 
4.5225 5.52368e-35 
4.53 3.51887e-35 
4.5275 4.09059e-35 
4.535 2.60199e-35 
4.5325 3.02627e-35 
4.54 1.92207e-35 
4.5375 2.23661e-35 
4.545 1.41839e-35 
4.5425 1.65134e-35 
4.55 1.04564e-35 
4.5475 1.21799e-35 
4.555 7.70071e-36 
4.5525 8.97449e-36 
4.56 5.66549e-36 
4.5575 6.60598e-36 
4.565 4.16393e-36 
4.5625 4.85762e-36 
4.57 3.05723e-36 
4.5675 3.56836e-36 
4.575 2.24238e-36 
4.5725 2.61862e-36 
4.58 1.64305e-36 
4.5775 1.9197e-36 
4.585 1.20267e-36 
4.5825 1.40589e-36 
4.59 8.79425e-37 
4.5875 1.02855e-36 
4.595 6.42403e-37 
4.5925 7.51721e-37 
4.6 4.68783e-37 
4.5975 5.48836e-37 
4.605 3.41736e-37 
4.6025 4.00299e-37 
4.61 2.48865e-37 
4.6075 2.91663e-37 
4.615 1.81047e-37 
4.6125 2.12291e-37 
4.62 1.31575e-37 
4.6175 1.54361e-37 
4.625 9.55234e-38 
4.6225 1.12123e-37 
4.63 6.92785e-38 
4.6275 8.13593e-38 
4.635 5.01926e-38 
4.6325 5.89756e-38 
4.64 3.63273e-38 
4.6375 4.27061e-38 
4.645 2.62651e-38 
4.6425 3.0893e-38 
4.65 1.89705e-38 
4.6475 2.23245e-38 
4.655 1.36876e-38 
4.6525 1.6116e-38 
4.66 9.86574e-39 
4.6575 1.1622e-38 
4.665 7.10367e-39 
4.6625 8.37259e-39 
4.67 5.1096e-39 
4.6675 6.02543e-39 
4.675 3.67149e-39 
4.6725 4.33179e-39 
4.68 2.63541e-39 
4.6775 3.11099e-39 
4.685 1.88975e-39 
4.6825 2.23192e-39 
4.69 1.35366e-39 
4.6875 1.5996e-39 
4.695 9.68652e-40 
4.6925 1.14523e-39 
4.7 6.92429e-40 
4.6975 8.19077e-40 
4.705 4.94461e-40 
4.7025 5.85204e-40 
4.71 3.52728e-40 
4.7075 4.17676e-40 
4.715 2.5136e-40 
4.7125 2.97798e-40 
4.72 1.78939e-40 
4.7175 2.12106e-40 
4.725 1.27251e-40 
4.7225 1.50916e-40 
4.73 9.03997e-41 
4.7275 1.07267e-40 
4.735 6.41539e-41 
4.7325 7.61637e-41 
4.74 4.54809e-41 
4.7375 5.4023e-41 
4.745 3.22095e-41 
4.7425 3.82789e-41 
4.75 2.27871e-41 
4.7475 2.7095e-41 
4.755 1.61043e-41 
4.7525 1.91588e-41 
4.76 1.13696e-41 
4.7575 1.35331e-41 
4.765 8.01864e-42 
4.7625 9.54942e-42 
4.77 5.64942e-42 
4.7675 6.7314e-42 
4.775 3.97609e-42 
4.7725 4.74005e-42 
4.78 2.7955e-42 
4.7775 3.33435e-42 
4.785 1.96341e-42 
4.7825 2.34308e-42 
4.79 1.37757e-42 
4.7875 1.64481e-42 
4.795 9.65528e-43 
4.7925 1.15343e-42 
4.8 6.76031e-43 
4.7975 8.08013e-43 
4.805 4.72845e-43 
4.8025 5.65451e-43 
4.81 3.30385e-43 
4.8075 3.95296e-43 
4.815 2.30607e-43 
4.8125 2.76057e-43 
4.82 1.60796e-43 
4.8175 1.92587e-43 
4.825 1.12003e-43 
4.8225 1.34216e-43 
4.83 7.79348e-44 
4.8275 9.34398e-44 
4.835 5.41733e-44 
4.8325 6.49846e-44 
4.84 3.76175e-44 
4.8375 4.51481e-44 
4.845 2.60943e-44 
4.8425 3.13343e-44 
4.85 1.80823e-44 
4.8475 2.17246e-44 
4.855 1.25173e-44 
4.8525 1.50464e-44 
4.86 8.65605e-45 
4.8575 1.04104e-44 
4.865 5.97972e-45 
4.8625 7.19536e-45 
4.87 4.12661e-45 
4.8675 4.96809e-45 
4.875 2.84484e-45 
4.8725 3.42671e-45 
4.88 1.95918e-45 
4.8775 2.36112e-45 
4.885 1.34786e-45 
4.8825 1.62521e-45 
4.89 9.26328e-46 
4.8875 1.11752e-45 
4.895 6.35973e-46 
4.8925 7.67632e-46 
4.9 4.3618e-46 
4.8975 5.26749e-46 
4.905 2.98845e-46 
4.9025 3.61083e-46 
4.91 2.0454e-46 
4.9075 2.47265e-46 
4.915 1.39851e-46 
4.9125 1.6915e-46 
4.92 9.55226e-47 
4.9175 1.15594e-46 
4.925 6.51781e-47 
4.9225 7.89141e-47 
4.93 4.44277e-47 
4.9275 5.38181e-47 
4.935 3.02527e-47 
4.9325 3.66656e-47 
4.94 2.05796e-47 
4.9375 2.49546e-47 
4.945 1.39858e-47 
4.9425 1.69672e-47 
4.95 9.49593e-48 
4.9475 1.15254e-47 
4.955 6.44235e-48 
4.9525 7.8221e-48 
4.96 4.36848e-48 
4.9575 5.30515e-48 
4.965 2.96256e-48 
4.9625 3.59717e-48 
4.97 2.01211e-48 
4.9675 2.4407e-48 
4.975 1.37275e-48 
4.9725 1.66052e-48 
4.98 9.46833e-49 
4.9775 1.1378e-48 
4.985 6.69035e-49 
4.9825 7.92524e-49 
4.99 4.9655e-49 
4.9875 5.71609e-49 
4.995 4.02711e-49 
4.9925 4.40954e-49 
5 3.7297e-49 
4.9975 3.8033e-49 
