0 1.15594e-15 
0.005 1.16244e-15 
0.0025 1.15757e-15 
0.01 1.18195e-15 
0.0075 1.17056e-15 
0.015 1.21454e-15 
0.0125 1.1966e-15 
0.02 1.26034e-15 
0.0175 1.23578e-15 
0.025 1.31951e-15 
0.0225 1.28824e-15 
0.03 1.39225e-15 
0.0275 1.35417e-15 
0.035 1.47882e-15 
0.0325 1.43379e-15 
0.04 1.5795e-15 
0.0375 1.52738e-15 
0.045 1.69459e-15 
0.0425 1.63522e-15 
0.05 1.82444e-15 
0.0475 1.75765e-15 
0.055 1.96939e-15 
0.0525 1.895e-15 
0.06 2.12981e-15 
0.0575 2.04764e-15 
0.065 2.30606e-15 
0.0625 2.21593e-15 
0.07 2.49851e-15 
0.0675 2.40024e-15 
0.075 2.7075e-15 
0.0725 2.60091e-15 
0.08 2.93334e-15 
0.0775 2.81829e-15 
0.085 3.17632e-15 
0.0825 3.05267e-15 
0.09 3.43667e-15 
0.0875 3.30431e-15 
0.095 3.71457e-15 
0.0925 3.57342e-15 
0.1 4.01013e-15 
0.0975 3.86014e-15 
0.105 4.32336e-15 
0.1025 4.16453e-15 
0.11 4.65418e-15 
0.1075 4.48658e-15 
0.115 5.00243e-15 
0.1125 4.82614e-15 
0.12 5.36779e-15 
0.1175 5.18299e-15 
0.125 5.74982e-15 
0.1225 5.55675e-15 
0.13 6.14797e-15 
0.1275 5.94693e-15 
0.135 6.56148e-15 
0.1325 6.35286e-15 
0.14 6.98948e-15 
0.1375 6.77373e-15 
0.145 7.43089e-15 
0.1425 7.20858e-15 
0.15 7.88446e-15 
0.1475 7.65624e-15 
0.155 8.34878e-15 
0.1525 8.11537e-15 
0.16 8.82222e-15 
0.1575 8.58446e-15 
0.165 9.30298e-15 
0.1625 9.0618e-15 
0.17 9.78908e-15 
0.1675 9.54549e-15 
0.175 1.02783e-14 
0.1725 1.00335e-14 
0.18 1.07684e-14 
0.1775 1.05234e-14 
0.185 1.12568e-14 
0.1825 1.1013e-14 
0.19 1.17408e-14 
0.1875 1.14995e-14 
0.195 1.22177e-14 
0.1925 1.19803e-14 
0.2 1.26845e-14 
0.1975 1.24525e-14 
0.205 1.31383e-14 
0.2025 1.29132e-14 
0.21 1.3576e-14 
0.2075 1.33593e-14 
0.215 1.39945e-14 
0.2125 1.37878e-14 
0.22 1.43909e-14 
0.2175 1.41957e-14 
0.225 1.4762e-14 
0.2225 1.45798e-14 
0.23 1.51051e-14 
0.2275 1.49372e-14 
0.235 1.54173e-14 
0.2325 1.52652e-14 
0.24 1.56961e-14 
0.2375 1.5561e-14 
0.245 1.59392e-14 
0.2425 1.58222e-14 
0.25 1.61445e-14 
0.2475 1.60467e-14 
0.255 1.63105e-14 
0.2525 1.62325e-14 
0.26 1.64358e-14 
0.2575 1.63783e-14 
0.265 1.65195e-14 
0.2625 1.64829e-14 
0.27 1.65615e-14 
0.2675 1.65458e-14 
0.275 1.65619e-14 
0.2725 1.65669e-14 
0.28 1.65214e-14 
0.2775 1.65467e-14 
0.285 1.64415e-14 
0.2825 1.64863e-14 
0.29 1.6324e-14 
0.2875 1.63873e-14 
0.295 1.61717e-14 
0.2925 1.6252e-14 
0.3 1.59877e-14 
0.2975 1.60835e-14 
0.305 1.57759e-14 
0.3025 1.5885e-14 
0.31 1.55406e-14 
0.3075 1.56609e-14 
0.315 1.52868e-14 
0.3125 1.54157e-14 
0.32 1.50199e-14 
0.3175 1.51547e-14 
0.325 1.47457e-14 
0.3225 1.48834e-14 
0.33 1.44704e-14 
0.3275 1.46078e-14 
0.335 1.42003e-14 
0.3325 1.43343e-14 
0.34 1.39421e-14 
0.3375 1.40693e-14 
0.345 1.37025e-14 
0.3425 1.38196e-14 
0.35 1.34881e-14 
0.3475 1.35917e-14 
0.355 1.33055e-14 
0.3525 1.33924e-14 
0.36 1.31612e-14 
0.3575 1.32282e-14 
0.365 1.30615e-14 
0.3625 1.31054e-14 
0.37 1.30122e-14 
0.3675 1.30302e-14 
0.375 1.30193e-14 
0.3725 1.30084e-14 
0.38 1.30882e-14 
0.3775 1.30457e-14 
0.385 1.32241e-14 
0.3825 1.31475e-14 
0.39 1.34322e-14 
0.3875 1.33189e-14 
0.395 1.37174e-14 
0.3925 1.35649e-14 
0.4 1.40847e-14 
0.3975 1.38905e-14 
0.405 1.4539e-14 
0.4025 1.43007e-14 
0.41 1.50856e-14 
0.4075 1.48005e-14 
0.415 1.57299e-14 
0.4125 1.53952e-14 
0.42 1.64777e-14 
0.4175 1.60904e-14 
0.425 1.73357e-14 
0.4225 1.68925e-14 
0.43 1.83109e-14 
0.4275 1.78081e-14 
0.435 1.94115e-14 
0.4325 1.8845e-14 
0.44 2.06466e-14 
0.4375 2.00116e-14 
0.445 2.20265e-14 
0.4425 2.13177e-14 
0.45 2.35629e-14 
0.4475 2.27743e-14 
0.455 2.52691e-14 
0.4525 2.43939e-14 
0.46 2.71604e-14 
0.4575 2.61906e-14 
0.465 2.9254e-14 
0.4625 2.81808e-14 
0.47 3.15695e-14 
0.4675 3.03827e-14 
0.475 3.41292e-14 
0.4725 3.28173e-14 
0.48 3.69584e-14 
0.4775 3.55084e-14 
0.485 4.00859e-14 
0.4825 3.84829e-14 
0.49 4.35446e-14 
0.4875 4.17717e-14 
0.495 4.73714e-14 
0.4925 4.54095e-14 
0.5 5.16088e-14 
0.4975 4.94359e-14 
0.505 5.63046e-14 
0.5025 5.38961e-14 
0.51 6.15133e-14 
0.5075 5.88411e-14 
0.515 6.72969e-14 
0.5125 6.4329e-14 
0.52 7.37256e-14 
0.5175 7.04258e-14 
0.525 8.08794e-14 
0.5225 7.72065e-14 
0.53 8.88488e-14 
0.5275 8.4756e-14 
0.535 9.77369e-14 
0.5325 9.31711e-14 
0.54 1.0766e-13 
0.5375 1.02561e-13 
0.545 1.18752e-13 
0.5425 1.13051e-13 
0.55 1.31162e-13 
0.5475 1.24782e-13 
0.555 1.45062e-13 
0.5525 1.37914e-13 
0.56 1.60643e-13 
0.5575 1.52629e-13 
0.565 1.78127e-13 
0.5625 1.69133e-13 
0.57 1.97761e-13 
0.5675 1.87658e-13 
0.575 2.19827e-13 
0.5725 2.08471e-13 
0.58 2.44644e-13 
0.5775 2.3187e-13 
0.585 2.72573e-13 
0.5825 2.58195e-13 
0.59 3.04023e-13 
0.5875 2.8783e-13 
0.595 3.39457e-13 
0.5925 3.2121e-13 
0.6 3.79399e-13 
0.5975 3.58829e-13 
0.605 4.24442e-13 
0.6025 4.01243e-13 
0.61 4.75258e-13 
0.6075 4.49083e-13 
0.615 5.32606e-13 
0.6125 5.03064e-13 
0.62 5.97346e-13 
0.6175 5.63994e-13 
0.625 6.70451e-13 
0.6225 6.32787e-13 
0.63 7.53021e-13 
0.6275 7.10478e-13 
0.635 8.46301e-13 
0.6325 7.98238e-13 
0.64 9.51699e-13 
0.6375 8.9739e-13 
0.645 1.07081e-12 
0.6425 1.00943e-12 
0.65 1.20544e-12 
0.6475 1.13606e-12 
0.655 1.35762e-12 
0.6525 1.2792e-12 
0.66 1.52967e-12 
0.6575 1.44101e-12 
0.665 1.72419e-12 
0.6625 1.62394e-12 
0.67 1.94414e-12 
0.6675 1.83078e-12 
0.675 2.19286e-12 
0.6725 2.06468e-12 
0.68 2.47413e-12 
0.6775 2.32917e-12 
0.685 2.79223e-12 
0.6825 2.62829e-12 
0.69 3.152e-12 
0.6875 2.96658e-12 
0.695 3.55891e-12 
0.6925 3.34919e-12 
0.7 4.01915e-12 
0.6975 3.78194e-12 
0.705 4.53974e-12 
0.7025 4.27143e-12 
0.71 5.12861e-12 
0.7075 4.82511e-12 
0.715 5.79472e-12 
0.7125 5.4514e-12 
0.72 6.54821e-12 
0.7175 6.15986e-12 
0.725 7.40059e-12 
0.7225 6.96127e-12 
0.73 8.36482e-12 
0.7275 7.86784e-12 
0.735 9.45561e-12 
0.7325 8.89341e-12 
0.74 1.06896e-11 
0.7375 1.00536e-11 
0.745 1.20856e-11 
0.7425 1.13661e-11 
0.75 1.36648e-11 
0.7475 1.28509e-11 
0.755 1.54515e-11 
0.7525 1.45306e-11 
0.76 1.74727e-11 
0.7575 1.64309e-11 
0.765 1.97594e-11 
0.7625 1.85808e-11 
0.77 2.23464e-11 
0.7675 2.1013e-11 
0.775 2.52731e-11 
0.7725 2.37646e-11 
0.78 2.85843e-11 
0.7775 2.68776e-11 
0.785 3.23304e-11 
0.7825 3.03996e-11 
0.79 3.65686e-11 
0.7875 3.43841e-11 
0.795 4.13635e-11 
0.7925 3.88921e-11 
0.8 4.67882e-11 
0.7975 4.39922e-11 
0.805 5.29257e-11 
0.8025 4.97623e-11 
0.81 5.98694e-11 
0.8075 5.62905e-11 
0.815 6.77255e-11 
0.8125 6.36763e-11 
0.82 7.66136e-11 
0.8175 7.20324e-11 
0.825 8.66696e-11 
0.8225 8.14865e-11 
0.83 9.80467e-11 
0.8275 9.21826e-11 
0.835 1.10919e-10 
0.8325 1.04284e-10 
0.84 1.25482e-10 
0.8375 1.17976e-10 
0.845 1.41959e-10 
0.8425 1.33467e-10 
0.85 1.60601e-10 
0.8475 1.50993e-10 
0.855 1.81693e-10 
0.8525 1.70822e-10 
0.86 2.05557e-10 
0.8575 1.93257e-10 
0.865 2.32556e-10 
0.8625 2.1864e-10 
0.87 2.63104e-10 
0.8675 2.47359e-10 
0.875 2.97666e-10 
0.8725 2.79851e-10 
0.88 3.3677e-10 
0.8775 3.16614e-10 
0.885 3.81013e-10 
0.8825 3.58208e-10 
0.89 4.3107e-10 
0.8875 4.05269e-10 
0.895 4.87707e-10 
0.8925 4.58515e-10 
0.9 5.51787e-10 
0.8975 5.18758e-10 
0.905 6.2429e-10 
0.9025 5.8692e-10 
0.91 7.06321e-10 
0.9075 6.6404e-10 
0.915 7.99135e-10 
0.9125 7.51296e-10 
0.92 9.04148e-10 
0.9175 8.50021e-10 
0.925 1.02296e-09 
0.9225 9.61722e-10 
0.93 1.1574e-09 
0.9275 1.08811e-09 
0.935 1.3095e-09 
0.9325 1.2311e-09 
0.94 1.4816e-09 
0.9375 1.39289e-09 
0.945 1.67632e-09 
0.9425 1.57596e-09 
0.95 1.89664e-09 
0.9475 1.78308e-09 
0.955 2.14592e-09 
0.9525 2.01743e-09 
0.96 2.42797e-09 
0.9575 2.28259e-09 
0.965 2.74709e-09 
0.9625 2.5826e-09 
0.97 3.10817e-09 
0.9675 2.92206e-09 
0.975 3.51672e-09 
0.9725 3.30614e-09 
0.98 3.97898e-09 
0.9775 3.74072e-09 
0.985 4.50202e-09 
0.9825 4.23243e-09 
0.99 5.09381e-09 
0.9875 4.78878e-09 
0.995 5.76342e-09 
0.9925 5.41828e-09 
1 6.52106e-09 
0.9975 6.13054e-09 
1.005 7.37832e-09 
1.0025 6.93646e-09 
1.01 8.34829e-09 
1.0075 7.84833e-09 
1.015 9.44579e-09 
1.0125 8.8801e-09 
1.02 1.06876e-08 
1.0175 1.00475e-08 
1.025 1.20927e-08 
1.0225 1.13685e-08 
1.03 1.36826e-08 
1.0275 1.28631e-08 
1.035 1.54815e-08 
1.0325 1.45542e-08 
1.04 1.75169e-08 
1.0375 1.64678e-08 
1.045 1.982e-08 
1.0425 1.86329e-08 
1.05 2.2426e-08 
1.0475 2.10828e-08 
1.055 2.53747e-08 
1.0525 2.38548e-08 
1.06 2.87112e-08 
1.0575 2.69914e-08 
1.065 3.24864e-08 
1.0625 3.05405e-08 
1.07 3.67581e-08 
1.0675 3.45563e-08 
1.075 4.15916e-08 
1.0725 3.91002e-08 
1.08 4.70608e-08 
1.0775 4.42417e-08 
1.085 5.32493e-08 
1.0825 5.00595e-08 
1.09 6.02517e-08 
1.0875 5.66424e-08 
1.095 6.81751e-08 
1.0925 6.40911e-08 
1.1 7.71407e-08 
1.0975 7.25195e-08 
1.105 8.72855e-08 
1.1025 8.20565e-08 
1.11 9.87648e-08 
1.1075 9.28479e-08 
1.115 1.11754e-07 
1.1125 1.05059e-07 
1.12 1.26452e-07 
1.1175 1.18876e-07 
1.125 1.43083e-07 
1.1225 1.3451e-07 
1.13 1.61902e-07 
1.1275 1.52202e-07 
1.135 1.83197e-07 
1.1325 1.7222e-07 
1.14 2.07293e-07 
1.1375 1.94872e-07 
1.145 2.34559e-07 
1.1425 2.20505e-07 
1.15 2.65412e-07 
1.1475 2.49509e-07 
1.155 3.00325e-07 
1.1525 2.82329e-07 
1.16 3.39831e-07 
1.1575 3.19467e-07 
1.165 3.84535e-07 
1.1625 3.61492e-07 
1.17 4.35121e-07 
1.1675 4.09047e-07 
1.175 4.92364e-07 
1.1725 4.62858e-07 
1.18 5.5714e-07 
1.1775 5.23751e-07 
1.185 6.30439e-07 
1.1825 5.92657e-07 
1.19 7.13386e-07 
1.1875 6.70631e-07 
1.195 8.07249e-07 
1.1925 7.58867e-07 
1.2 9.13465e-07 
1.1975 8.58716e-07 
1.205 1.03366e-06 
1.2025 9.71707e-07 
1.21 1.16968e-06 
1.2075 1.09957e-06 
1.215 1.32361e-06 
1.2125 1.24427e-06 
1.22 1.4978e-06 
1.2175 1.40801e-06 
1.225 1.69492e-06 
1.2225 1.59331e-06 
1.23 1.918e-06 
1.2275 1.80301e-06 
1.235 2.17045e-06 
1.2325 2.04032e-06 
1.24 2.45615e-06 
1.2375 2.30888e-06 
1.245 2.77948e-06 
1.2425 2.61281e-06 
1.25 3.14539e-06 
1.2475 2.95678e-06 
1.255 3.55951e-06 
1.2525 3.34605e-06 
1.26 4.02819e-06 
1.2575 3.7866e-06 
1.265 4.55864e-06 
1.2625 4.28521e-06 
1.27 5.15898e-06 
1.2675 4.84952e-06 
1.275 5.83847e-06 
1.2725 5.48821e-06 
1.28 6.60753e-06 
1.2775 6.21109e-06 
1.285 7.478e-06 
1.2825 7.02929e-06 
1.29 8.46327e-06 
1.2875 7.95538e-06 
1.295 9.57852e-06 
1.2925 9.00362e-06 
1.3 1.08409e-05 
1.2975 1.01902e-05 
1.305 1.227e-05 
1.3025 1.15333e-05 
1.31 1.38877e-05 
1.3075 1.30537e-05 
1.315 1.5719e-05 
1.3125 1.47749e-05 
1.32 1.77923e-05 
1.3175 1.67235e-05 
1.325 2.01396e-05 
1.3225 1.89295e-05 
1.33 2.27973e-05 
1.3275 2.14272e-05 
1.335 2.58065e-05 
1.3325 2.42551e-05 
1.34 2.9214e-05 
1.3375 2.74573e-05 
1.345 3.30726e-05 
1.3425 3.10833e-05 
1.35 3.74426e-05 
1.3475 3.51896e-05 
1.355 4.23919e-05 
1.3525 3.98402e-05 
1.36 4.79978e-05 
1.3575 4.51076e-05 
1.365 5.43481e-05 
1.3625 5.1074e-05 
1.37 6.15422e-05 
1.3675 5.7833e-05 
1.375 6.96932e-05 
1.3725 6.54905e-05 
1.38 7.89294e-05 
1.3775 7.4167e-05 
1.385 8.93966e-05 
1.3825 8.39992e-05 
1.39 0.00010126 
1.3875 9.51427e-05 
1.395 0.000114709 
1.3925 0.000107774 
1.4 0.000129957 
1.3975 0.000122094 
1.405 0.000147249 
1.4025 0.000138331 
1.41 0.00016686 
1.4075 0.000156745 
1.415 0.000189108 
1.4125 0.000177633 
1.42 0.000214353 
1.4175 0.000201331 
1.425 0.000243004 
1.4225 0.000228225 
1.43 0.00027553 
1.4275 0.000258751 
1.435 0.000312466 
1.4325 0.000293411 
1.44 0.000354422 
1.4375 0.000332775 
1.445 0.000402094 
1.4425 0.000377496 
1.45 0.000456281 
1.4475 0.000428319 
1.455 0.000517896 
1.4525 0.000486098 
1.46 0.000587983 
1.4575 0.000551809 
1.465 0.00066774 
1.4625 0.000626571 
1.47 0.00075854 
1.4675 0.000711666 
1.475 0.000861959 
1.4725 0.000808565 
1.48 0.000979808 
1.4775 0.000918957 
1.485 0.00111416 
1.4825 0.00104478 
1.49 0.00126742 
1.4875 0.00118827 
1.495 0.00144232 
1.4925 0.00135198 
1.5 0.00164204 
1.4975 0.00153886 
1.505 0.00187021 
1.5025 0.00175232 
1.51 0.00213103 
1.5075 0.00199625 
1.515 0.00242934 
1.5125 0.00227517 
1.52 0.00277069 
1.5175 0.00259425 
1.525 0.00316149 
1.5225 0.00295947 
1.53 0.00360912 
1.5275 0.0033777 
1.535 0.00412206 
1.5325 0.00385685 
1.54 0.00471005 
1.5375 0.00440601 
1.545 0.00538427 
1.5425 0.00503562 
1.55 0.00615755 
1.5475 0.00575766 
1.555 0.00704454 
1.5525 0.00658584 
1.56 0.00806199 
1.5575 0.00753582 
1.565 0.00922894 
1.5625 0.00862549 
1.57 0.010567 
1.5675 0.00987513 
1.575 0.0121006 
1.5725 0.0113077 
1.58 0.0138573 
1.5775 0.0129493 
1.585 0.015868 
1.5825 0.0148289 
1.59 0.0181668 
1.5875 0.0169791 
1.595 0.020792 
1.5925 0.0194361 
1.6 0.0237853 
1.5975 0.0222399 
1.605 0.0271924 
1.6025 0.0254341 
1.61 0.0310625 
1.6075 0.0290663 
1.615 0.0354486 
1.6125 0.0331876 
1.62 0.0404066 
1.6175 0.0378525 
1.625 0.0459951 
1.6225 0.0431183 
1.63 0.0522746 
1.6275 0.0490447 
1.635 0.0593065 
1.6325 0.0556926 
1.64 0.0671525 
1.6375 0.0631239 
1.645 0.0758729 
1.6425 0.0713997 
1.65 0.0855257 
1.6475 0.0805792 
1.655 0.0961652 
1.6525 0.0907189 
1.66 0.107841 
1.6575 0.101871 
1.665 0.120595 
1.6625 0.11408 
1.67 0.134462 
1.6675 0.127388 
1.675 0.149469 
1.6725 0.141822 
1.68 0.165631 
1.6775 0.157406 
1.685 0.182952 
1.6825 0.174147 
1.69 0.201424 
1.6875 0.192045 
1.695 0.221023 
1.6925 0.211084 
1.7 0.241716 
1.6975 0.231236 
1.705 0.26345 
1.7025 0.252456 
1.71 0.28616 
1.7075 0.274688 
1.715 0.309768 
1.7125 0.297858 
1.72 0.334177 
1.7175 0.321879 
1.725 0.359283 
1.7225 0.34665 
1.73 0.384966 
1.7275 0.37206 
1.735 0.411097 
1.7325 0.397984 
1.74 0.437542 
1.7375 0.424289 
1.745 0.46416 
1.7425 0.450839 
1.75 0.490809 
1.7475 0.47749 
1.755 0.517347 
1.7525 0.504101 
1.76 0.543636 
1.7575 0.530531 
1.765 0.569544 
1.7625 0.556645 
1.77 0.594949 
1.7675 0.582317 
1.775 0.619738 
1.7725 0.607427 
1.78 0.643812 
1.7775 0.63187 
1.785 0.667084 
1.7825 0.655553 
1.79 0.689482 
1.7875 0.678396 
1.795 0.710949 
1.7925 0.700335 
1.8 0.731441 
1.7975 0.721319 
1.805 0.750928 
1.8025 0.741312 
1.81 0.769393 
1.8075 0.760289 
1.815 0.786831 
1.8125 0.77824 
1.82 0.803245 
1.8175 0.795165 
1.825 0.818651 
1.8225 0.811073 
1.83 0.83307 
1.8275 0.825982 
1.835 0.846531 
1.8325 0.839918 
1.84 0.859066 
1.8375 0.852912 
1.845 0.870715 
1.8425 0.864999 
1.85 0.881516 
1.8475 0.876218 
1.855 0.891513 
1.8525 0.886612 
1.86 0.900749 
1.8575 0.896223 
1.865 0.909268 
1.8625 0.905095 
1.87 0.917115 
1.8675 0.913273 
1.875 0.924332 
1.8725 0.920799 
1.88 0.930961 
1.8775 0.927717 
1.885 0.937045 
1.8825 0.934069 
1.89 0.942621 
1.8875 0.939894 
1.895 0.947727 
1.8925 0.94523 
1.9 0.952398 
1.8975 0.950115 
1.905 0.956669 
1.9025 0.954582 
1.91 0.96057 
1.9075 0.958664 
1.915 0.964132 
1.9125 0.962392 
1.92 0.967381 
1.9175 0.965794 
1.925 0.970344 
1.9225 0.968897 
1.93 0.973044 
1.9275 0.971725 
1.935 0.975504 
1.9325 0.974303 
1.94 0.977743 
1.9375 0.97665 
1.945 0.979782 
1.9425 0.978787 
1.95 0.981637 
1.9475 0.980732 
1.955 0.983325 
1.9525 0.982501 
1.96 0.984859 
1.9575 0.98411 
1.965 0.986254 
1.9625 0.985573 
1.97 0.987522 
1.9675 0.986903 
1.975 0.988674 
1.9725 0.988112 
1.98 0.989721 
1.9775 0.98921 
1.985 0.990671 
1.9825 0.990207 
1.99 0.991535 
1.9875 0.991113 
1.995 0.992319 
1.9925 0.991936 
2 0.993031 
1.9975 0.992683 
2.005 0.993677 
2.0025 0.993362 
2.01 0.994264 
2.0075 0.993978 
2.015 0.994796 
2.0125 0.994537 
2.02 0.99528 
2.0175 0.995044 
2.025 0.995718 
2.0225 0.995504 
2.03 0.996116 
2.0275 0.995922 
2.035 0.996477 
2.0325 0.996301 
2.04 0.996805 
2.0375 0.996645 
2.045 0.997102 
2.0425 0.996957 
2.05 0.997372 
2.0475 0.99724 
2.055 0.997616 
2.0525 0.997497 
2.06 0.997838 
2.0575 0.99773 
2.065 0.99804 
2.0625 0.997941 
2.07 0.998222 
2.0675 0.998133 
2.075 0.998388 
2.0725 0.998307 
2.08 0.998538 
2.0775 0.998465 
2.085 0.998674 
2.0825 0.998608 
2.09 0.998797 
2.0875 0.998737 
2.095 0.998909 
2.0925 0.998855 
2.1 0.999011 
2.0975 0.998961 
2.105 0.999103 
2.1025 0.999058 
2.11 0.999187 
2.1075 0.999146 
2.115 0.999262 
2.1125 0.999225 
2.12 0.999331 
2.1175 0.999297 
2.125 0.999393 
2.1225 0.999363 
2.13 0.999449 
2.1275 0.999422 
2.135 0.999501 
2.1325 0.999476 
2.14 0.999547 
2.1375 0.999524 
2.145 0.999589 
2.1425 0.999568 
2.15 0.999627 
2.1475 0.999608 
2.155 0.999661 
2.1525 0.999645 
2.16 0.999693 
2.1575 0.999677 
2.165 0.999721 
2.1625 0.999707 
2.17 0.999747 
2.1675 0.999734 
2.175 0.99977 
2.1725 0.999758 
2.18 0.999791 
2.1775 0.999781 
2.185 0.99981 
2.1825 0.9998 
2.19 0.999827 
2.1875 0.999818 
2.195 0.999842 
2.1925 0.999835 
2.2 0.999856 
2.1975 0.999849 
2.205 0.999869 
2.2025 0.999863 
2.21 0.99988 
2.2075 0.999875 
2.215 0.99989 
2.2125 0.999885 
2.22 0.9999 
2.2175 0.999895 
2.225 0.999908 
2.2225 0.999904 
2.23 0.999915 
2.2275 0.999911 
2.235 0.999922 
2.2325 0.999918 
2.24 0.999927 
2.2375 0.999924 
2.245 0.999932 
2.2425 0.99993 
2.25 0.999937 
2.2475 0.999935 
2.255 0.999941 
2.2525 0.999939 
2.26 0.999944 
2.2575 0.999942 
2.265 0.999946 
2.2625 0.999945 
2.27 0.999949 
2.2675 0.999948 
2.275 0.99995 
2.2725 0.99995 
2.28 0.999952 
2.2775 0.999951 
2.285 0.999953 
2.2825 0.999952 
2.29 0.999953 
2.2875 0.999953 
2.295 0.999953 
2.2925 0.999953 
2.3 0.999952 
2.2975 0.999953 
2.305 0.999951 
2.3025 0.999952 
2.31 0.99995 
2.3075 0.999951 
2.315 0.999948 
2.3125 0.999949 
2.32 0.999946 
2.3175 0.999947 
2.325 0.999943 
2.3225 0.999945 
2.33 0.99994 
2.3275 0.999942 
2.335 0.999936 
2.3325 0.999938 
2.34 0.999932 
2.3375 0.999934 
2.345 0.999927 
2.3425 0.999929 
2.35 0.999921 
2.3475 0.999924 
2.355 0.999915 
2.3525 0.999918 
2.36 0.999908 
2.3575 0.999911 
2.365 0.9999 
2.3625 0.999904 
2.37 0.999891 
2.3675 0.999895 
2.375 0.999881 
2.3725 0.999886 
2.38 0.99987 
2.3775 0.999876 
2.385 0.999858 
2.3825 0.999864 
2.39 0.999845 
2.3875 0.999852 
2.395 0.99983 
2.3925 0.999838 
2.4 0.999814 
2.3975 0.999823 
2.405 0.999797 
2.4025 0.999806 
2.41 0.999777 
2.4075 0.999787 
2.415 0.999756 
2.4125 0.999767 
2.42 0.999732 
2.4175 0.999744 
2.425 0.999706 
2.4225 0.999719 
2.43 0.999678 
2.4275 0.999692 
2.435 0.999646 
2.4325 0.999662 
2.44 0.999612 
2.4375 0.999629 
2.445 0.999574 
2.4425 0.999593 
2.45 0.999532 
2.4475 0.999553 
2.455 0.999486 
2.4525 0.99951 
2.46 0.999436 
2.4575 0.999462 
2.465 0.999381 
2.4625 0.999409 
2.47 0.99932 
2.4675 0.999351 
2.475 0.999253 
2.4725 0.999287 
2.48 0.99918 
2.4775 0.999217 
2.485 0.999099 
2.4825 0.999141 
2.49 0.999011 
2.4875 0.999056 
2.495 0.998914 
2.4925 0.998964 
2.5 0.998807 
2.4975 0.998862 
2.505 0.99869 
2.5025 0.99875 
2.51 0.998562 
2.5075 0.998627 
2.515 0.99842 
2.5125 0.998493 
2.52 0.998265 
2.5175 0.998345 
2.525 0.998095 
2.5225 0.998182 
2.53 0.997908 
2.5275 0.998004 
2.535 0.997703 
2.5325 0.997808 
2.54 0.997477 
2.5375 0.997593 
2.545 0.99723 
2.5425 0.997356 
2.55 0.996958 
2.5475 0.997097 
2.555 0.996659 
2.5525 0.996812 
2.56 0.996332 
2.5575 0.996499 
2.565 0.995972 
2.5625 0.996156 
2.57 0.995577 
2.5675 0.995779 
2.575 0.995144 
2.5725 0.995365 
2.58 0.994668 
2.5775 0.994911 
2.585 0.994146 
2.5825 0.994413 
2.59 0.993573 
2.5875 0.993866 
2.595 0.992944 
2.5925 0.993266 
2.6 0.992254 
2.5975 0.992607 
2.605 0.991497 
2.6025 0.991884 
2.61 0.990666 
2.6075 0.991091 
2.615 0.989755 
2.6125 0.990221 
2.62 0.988756 
2.6175 0.989267 
2.625 0.98766 
2.6225 0.98822 
2.63 0.986458 
2.6275 0.987073 
2.635 0.985141 
2.6325 0.985815 
2.64 0.983697 
2.6375 0.984436 
2.645 0.982116 
2.6425 0.982925 
2.65 0.980383 
2.6475 0.981269 
2.655 0.978485 
2.6525 0.979455 
2.66 0.976407 
2.6575 0.977469 
2.665 0.974133 
2.6625 0.975296 
2.67 0.971645 
2.6675 0.972917 
2.675 0.968923 
2.6725 0.970314 
2.68 0.965949 
2.6775 0.967469 
2.685 0.962698 
2.6825 0.964359 
2.69 0.959149 
2.6875 0.960962 
2.695 0.955275 
2.6925 0.957254 
2.7 0.951049 
2.6975 0.953208 
2.705 0.946444 
2.7025 0.948796 
2.71 0.941429 
2.7075 0.943989 
2.715 0.935971 
2.7125 0.938757 
2.72 0.930038 
2.7175 0.933066 
2.725 0.923596 
2.7225 0.926883 
2.73 0.916607 
2.7275 0.920172 
2.735 0.909035 
2.7325 0.912896 
2.74 0.900842 
2.7375 0.905018 
2.745 0.891991 
2.7425 0.896501 
2.75 0.882443 
2.7475 0.887306 
2.755 0.872162 
2.7525 0.877396 
2.76 0.861111 
2.7575 0.866735 
2.765 0.849257 
2.7625 0.855287 
2.77 0.83657 
2.7675 0.843019 
2.775 0.823021 
2.7725 0.829904 
2.78 0.808589 
2.7775 0.815916 
2.785 0.793256 
2.7825 0.801036 
2.79 0.777014 
2.7875 0.785249 
2.795 0.75986 
2.7925 0.768551 
2.8 0.741801 
2.7975 0.750943 
2.805 0.722853 
2.8025 0.732437 
2.81 0.703043 
2.8075 0.713054 
2.815 0.682409 
2.8125 0.692826 
2.82 0.660999 
2.8175 0.671797 
2.825 0.638875 
2.8225 0.650022 
2.83 0.616107 
2.8275 0.627567 
2.835 0.592778 
2.8325 0.604508 
2.84 0.568979 
2.8375 0.580931 
2.845 0.544809 
2.8425 0.556934 
2.85 0.520374 
2.8475 0.532618 
2.855 0.495786 
2.8525 0.508092 
2.86 0.471159 
2.8575 0.48347 
2.865 0.446606 
2.8625 0.458866 
2.87 0.422241 
2.8675 0.434393 
2.875 0.398174 
2.8725 0.410164 
2.88 0.374509 
2.8775 0.386285 
2.885 0.351343 
2.8825 0.362858 
2.89 0.328765 
2.8875 0.339975 
2.895 0.306853 
2.8925 0.317721 
2.9 0.285675 
2.8975 0.296168 
2.905 0.26529 
2.9025 0.275381 
2.91 0.245743 
2.9075 0.25541 
2.915 0.227071 
2.9125 0.236296 
2.92 0.209296 
2.9175 0.21807 
2.925 0.192435 
2.9225 0.200751 
2.93 0.176493 
2.9275 0.184349 
2.935 0.161468 
2.9325 0.168867 
2.94 0.14735 
2.9375 0.154297 
2.945 0.134124 
2.9425 0.140627 
2.95 0.121767 
2.9475 0.127838 
2.955 0.110256 
2.9525 0.115908 
2.96 0.0995611 
2.9575 0.104808 
2.965 0.089652 
2.9625 0.0945103 
2.97 0.0804958 
2.9675 0.0849818 
2.975 0.0720589 
2.9725 0.0761895 
2.98 0.0643069 
2.9775 0.0680994 
2.985 0.0572056 
2.9825 0.0606771 
2.99 0.0507206 
2.9875 0.0538882 
2.995 0.044818 
2.9925 0.0476986 
3 0.0394643 
2.9975 0.0420746 
3.005 0.0346265 
3.0025 0.0369829 
3.01 0.0302723 
3.0075 0.032391 
3.015 0.0263696 
3.0125 0.0282665 
3.02 0.0228868 
3.0175 0.0245777 
3.025 0.0197928 
3.0225 0.0212931 
3.03 0.0170569 
3.0275 0.018382 
3.035 0.0146489 
3.0325 0.0158138 
3.04 0.0125396 
3.0375 0.0135587 
3.045 0.0107003 
3.0425 0.0115879 
3.05 0.00910374 
3.0475 0.00987335 
3.055 0.00772384 
3.0525 0.00838828 
3.06 0.00653609 
3.0575 0.00710741 
3.065 0.00551766 
3.0625 0.00600706 
3.07 0.00464756 
3.0675 0.00506531 
3.075 0.00390665 
3.0725 0.00426208 
3.08 0.00327765 
3.0775 0.00357916 
3.085 0.00274514 
3.0825 0.00300023 
3.09 0.00229547 
3.0875 0.00251074 
3.095 0.00191661 
3.0925 0.00209788 
3.1 0.00159808 
3.0975 0.0017504 
3.105 0.00133078 
3.1025 0.00145854 
3.11 0.00110686 
3.1075 0.00121384 
3.115 0.000919566 
3.1125 0.00100901 
3.12 0.000763145 
3.1175 0.000837822 
3.125 0.000632681 
3.1225 0.000694945 
3.13 0.000524003 
3.1275 0.000575853 
3.135 0.000433579 
3.1325 0.000476707 
3.14 0.000358426 
3.1375 0.000394261 
3.145 0.000296032 
3.1425 0.000325775 
3.15 0.000244282 
3.1475 0.000268944 
3.155 0.000201403 
3.1525 0.000221833 
3.16 0.000165907 
3.1575 0.000182815 
3.165 0.00013655 
3.1625 0.00015053 
3.17 0.000112292 
3.1675 0.000123841 
3.175 9.22649e-05 
3.1725 0.000101798 
3.18 7.57458e-05 
3.1775 8.36071e-05 
3.185 6.21317e-05 
3.1825 6.86091e-05 
3.19 5.09215e-05 
3.1875 5.62539e-05 
3.195 4.16985e-05 
3.1925 4.60846e-05 
3.2 3.4117e-05 
3.1975 3.77217e-05 
3.205 2.78901e-05 
3.2025 3.08501e-05 
3.21 2.27803e-05 
3.2075 2.52087e-05 
3.215 1.85906e-05 
3.2125 2.05813e-05 
3.22 1.51584e-05 
3.2175 1.67888e-05 
3.225 1.23491e-05 
3.2225 1.36833e-05 
3.23 1.00517e-05 
3.2275 1.11426e-05 
3.235 8.17455e-06 
3.2325 9.06566e-06 
3.24 6.64208e-06 
3.2375 7.36939e-06 
3.245 5.39211e-06 
3.2425 5.98521e-06 
3.25 4.37348e-06 
3.2475 4.8567e-06 
3.255 3.5441e-06 
3.2525 3.93745e-06 
3.26 2.86942e-06 
3.2575 3.18932e-06 
3.265 2.32107e-06 
3.2625 2.58101e-06 
3.27 1.8758e-06 
3.2675 2.08683e-06 
3.275 1.51457e-06 
3.2725 1.68573e-06 
3.28 1.22178e-06 
3.2775 1.36047e-06 
3.285 9.84677e-07 
3.2825 1.09697e-06 
3.29 7.92852e-07 
3.2875 8.83676e-07 
3.295 6.37802e-07 
3.2925 7.11196e-07 
3.3 5.12593e-07 
3.2975 5.71847e-07 
3.305 4.11576e-07 
3.3025 4.5937e-07 
3.31 3.30155e-07 
3.3075 3.68668e-07 
3.315 2.6459e-07 
3.3125 2.95595e-07 
3.32 2.11843e-07 
3.3175 2.3678e-07 
3.325 1.6945e-07 
3.3225 1.89487e-07 
3.33 1.3541e-07 
3.3275 1.51495e-07 
3.335 1.08104e-07 
3.3325 1.21003e-07 
3.34 8.62204e-08 
3.3375 9.65555e-08 
3.345 6.87002e-08 
3.3425 7.69726e-08 
3.35 5.46869e-08 
3.3475 6.13018e-08 
3.355 4.34894e-08 
3.3525 4.87737e-08 
3.36 3.45507e-08 
3.3575 3.8768e-08 
3.365 2.74223e-08 
3.3625 3.07846e-08 
3.37 2.17431e-08 
3.3675 2.44211e-08 
3.375 1.7223e-08 
3.3725 1.93539e-08 
3.38 1.36291e-08 
3.3775 1.53229e-08 
3.385 1.07743e-08 
3.3825 1.21194e-08 
3.39 8.50906e-09 
3.3875 9.57613e-09 
3.395 6.71332e-09 
3.3925 7.55898e-09 
3.4 5.29124e-09 
3.3975 5.96076e-09 
3.405 4.16621e-09 
3.4025 4.69573e-09 
3.41 3.27707e-09 
3.4075 3.69545e-09 
3.415 2.57509e-09 
3.4125 2.90532e-09 
3.42 2.02143e-09 
3.4175 2.28181e-09 
3.425 1.5852e-09 
3.4225 1.7903e-09 
3.43 1.24185e-09 
3.4275 1.40324e-09 
3.435 9.71875e-10 
3.4325 1.09874e-09 
3.44 7.59816e-10 
3.4375 8.59437e-10 
3.445 5.9342e-10 
3.4425 6.71568e-10 
3.45 4.6299e-10 
3.4475 5.2423e-10 
3.455 3.60857e-10 
3.4525 4.08798e-10 
3.46 2.80965e-10 
3.4575 3.18456e-10 
3.465 2.18536e-10 
3.4625 2.47824e-10 
3.47 1.69803e-10 
3.4675 1.92659e-10 
3.475 1.31801e-10 
3.4725 1.49619e-10 
3.48 1.02199e-10 
3.4775 1.16075e-10 
3.485 7.91631e-11 
3.4825 8.9958e-11 
3.49 6.12562e-11 
3.4875 6.96453e-11 
3.495 4.73508e-11 
3.4925 5.38634e-11 
3.5 3.6564e-11 
3.4975 4.16146e-11 
3.505 2.82052e-11 
3.5025 3.21179e-11 
3.51 2.17347e-11 
3.5075 2.47627e-11 
3.515 1.67312e-11 
3.5125 1.9072e-11 
3.52 1.28662e-11 
3.5175 1.46738e-11 
3.525 9.88367e-12 
3.5225 1.12782e-11 
3.53 7.58466e-12 
3.5275 8.6593e-12 
3.535 5.81435e-12 
3.5325 6.64162e-12 
3.54 4.45261e-12 
3.5375 5.08878e-12 
3.545 3.40625e-12 
3.5425 3.89494e-12 
3.55 2.60307e-12 
3.5475 2.97808e-12 
3.555 1.9872e-12 
3.5525 2.27467e-12 
3.56 1.51547e-12 
3.5575 1.7356e-12 
3.565 1.15452e-12 
3.5625 1.32291e-12 
3.57 8.78627e-13 
3.5675 1.0073e-12 
3.575 6.67969e-13 
3.5725 7.66189e-13 
3.58 5.07292e-13 
3.5775 5.82187e-13 
3.585 3.84866e-13 
3.5825 4.41915e-13 
3.59 2.91684e-13 
3.5875 3.35094e-13 
3.595 2.20835e-13 
3.5925 2.53831e-13 
3.6 1.67022e-13 
3.5975 1.92077e-13 
3.605 1.26193e-13 
3.6025 1.45198e-13 
3.61 9.52468e-14 
3.6075 1.09647e-13 
3.615 7.18161e-14 
3.6125 8.27161e-14 
3.62 5.40942e-14 
3.6175 6.23362e-14 
3.625 4.07041e-14 
3.6225 4.69298e-14 
3.63 3.05976e-14 
3.6275 3.52953e-14 
3.635 2.29773e-14 
3.6325 2.65183e-14 
3.64 1.72376e-14 
3.6375 1.9904e-14 
3.645 1.29187e-14 
3.6425 1.49245e-14 
3.65 9.67243e-15 
3.6475 1.11797e-14 
3.655 7.23476e-15 
3.6525 8.36626e-15 
3.66 5.40616e-15 
3.6575 6.25472e-15 
3.665 4.03585e-15 
3.6625 4.67157e-15 
3.67 3.01e-15 
3.6675 3.48579e-15 
3.675 2.24278e-15 
3.6725 2.59852e-15 
3.68 1.66956e-15 
3.6775 1.93528e-15 
3.685 1.24171e-15 
3.6825 1.43999e-15 
3.69 9.22661e-16 
3.6875 1.07048e-15 
3.695 6.84982e-16 
3.6925 7.95073e-16 
3.7 5.08087e-16 
3.6975 5.90002e-16 
3.705 3.76554e-16 
3.7025 4.37448e-16 
3.71 2.78841e-16 
3.7075 3.24067e-16 
3.715 2.06318e-16 
3.7125 2.39877e-16 
3.72 1.52538e-16 
3.7175 1.77418e-16 
3.725 1.12693e-16 
3.7225 1.31122e-16 
3.73 8.31963e-17 
3.7275 9.68359e-17 
3.735 6.13786e-17 
3.7325 7.14652e-17 
3.74 4.52536e-17 
3.7375 5.27068e-17 
3.745 3.3345e-17 
3.7425 3.88482e-17 
3.75 2.45569e-17 
3.7475 2.86173e-17 
3.755 1.8076e-17 
3.7525 2.10698e-17 
3.76 1.32998e-17 
3.7575 1.55057e-17 
3.765 9.78199e-18 
3.7625 1.14065e-17 
3.77 7.19255e-18 
3.7675 8.38817e-18 
3.775 5.28744e-18 
3.7725 6.16697e-18 
3.78 3.88643e-18 
3.7775 4.53316e-18 
3.785 2.85655e-18 
3.7825 3.33191e-18 
3.79 2.09971e-18 
3.7875 2.44902e-18 
3.795 1.54367e-18 
3.7925 1.80029e-18 
3.8 1.1352e-18 
3.7975 1.32371e-18 
3.805 8.35173e-19 
3.8025 9.73637e-19 
3.81 6.1478e-19 
3.8075 7.16494e-19 
3.815 4.52862e-19 
3.8125 5.27593e-19 
3.82 3.33873e-19 
3.8175 3.88795e-19 
3.825 2.46396e-19 
3.8225 2.86778e-19 
3.83 1.82052e-19 
3.8275 2.1176e-19 
3.835 1.34691e-19 
3.8325 1.56562e-19 
3.84 9.98026e-20 
3.8375 1.15918e-19 
3.845 7.40761e-20 
3.8425 8.5963e-20 
3.85 5.50837e-20 
3.8475 6.38621e-20 
3.855 4.10441e-20 
3.8525 4.75358e-20 
3.86 3.06501e-20 
3.8575 3.54582e-20 
3.865 2.29422e-20 
3.8625 2.65094e-20 
3.87 1.72154e-20 
3.8675 1.98671e-20 
3.875 1.2952e-20 
3.8725 1.49273e-20 
3.88 9.77103e-21 
3.8775 1.12457e-20 
3.885 7.39204e-21 
3.8825 8.49564e-21 
3.89 5.60838e-21 
3.8875 6.43638e-21 
3.895 4.26754e-21 
3.8925 4.89043e-21 
3.9 3.2568e-21 
3.8975 3.72669e-21 
3.905 2.49272e-21 
3.9025 2.84822e-21 
3.91 1.91342e-21 
3.9075 2.18316e-21 
3.915 1.47292e-21 
3.9125 1.67819e-21 
3.92 1.13696e-21 
3.9175 1.29364e-21 
3.925 8.79959e-22 
3.9225 9.99909e-22 
3.93 6.82788e-22 
3.9275 7.74887e-22 
3.935 5.3108e-22 
3.9325 6.01997e-22 
3.94 4.14023e-22 
3.9375 4.68783e-22 
3.945 3.23458e-22 
3.9425 3.65854e-22 
3.95 2.53205e-22 
3.9475 2.86115e-22 
3.955 1.98576e-22 
3.9525 2.24183e-22 
3.96 1.55995e-22 
3.9575 1.75966e-22 
3.965 1.22733e-22 
3.9625 1.38343e-22 
3.97 9.66978e-23 
3.9675 1.08922e-22 
3.975 7.62807e-23 
3.9725 8.58718e-23 
3.98 6.02416e-23 
3.9775 6.77794e-23 
3.985 4.7622e-23 
3.9825 5.35551e-23 
3.99 3.76787e-23 
3.9875 4.23552e-23 
3.995 2.98341e-23 
3.9925 3.35247e-23 
4 2.3638e-23 
3.9975 2.65539e-23 
4.005 1.87392e-23 
4.0025 2.10452e-23 
4.01 1.48625e-23 
4.0075 1.66877e-23 
4.015 1.17922e-23 
4.0125 1.3238e-23 
4.02 9.35906e-24 
4.0175 1.05051e-23 
4.025 7.42968e-24 
4.0225 8.33854e-24 
4.03 5.89904e-24 
4.0275 6.62015e-24 
4.035 4.68424e-24 
4.0325 5.2566e-24 
4.04 3.71982e-24 
4.0375 4.17425e-24 
4.045 2.95397e-24 
4.0425 3.31485e-24 
4.05 2.3457e-24 
4.0475 2.63234e-24 
4.055 1.86253e-24 
4.0525 2.09023e-24 
4.06 1.47871e-24 
4.0575 1.65959e-24 
4.065 1.1738e-24 
4.0625 1.31749e-24 
4.07 9.31585e-25 
4.0675 1.04573e-24 
4.075 7.39189e-25 
4.0725 8.29853e-25 
4.08 5.86383e-25 
4.0775 6.58388e-25 
4.085 4.65037e-25 
4.0825 5.22215e-25 
4.09 3.68692e-25 
4.0875 4.14087e-25 
4.095 2.92214e-25 
4.0925 3.28246e-25 
4.1 2.31519e-25 
4.0975 2.60113e-25 
4.105 1.83365e-25 
4.1025 2.0605e-25 
4.11 1.4517e-25 
4.1075 1.63162e-25 
4.115 1.14886e-25 
4.1125 1.2915e-25 
4.12 9.08803e-26 
4.1175 1.02186e-25 
4.125 7.18595e-26 
4.1225 8.08166e-26 
4.13 5.67939e-26 
4.1275 6.38877e-26 
4.135 4.48657e-26 
4.1325 5.04816e-26 
4.14 3.54256e-26 
4.1375 3.98696e-26 
4.145 2.79578e-26 
4.1425 3.14729e-26 
4.15 2.20529e-26 
4.1475 2.4832e-26 
4.155 1.7386e-26 
4.1525 1.95822e-26 
4.16 1.36993e-26 
4.1575 1.5434e-26 
4.165 1.07884e-26 
4.1625 1.21579e-26 
4.17 8.49118e-27 
4.1675 9.57177e-27 
4.175 6.67925e-27 
4.1725 7.53145e-27 
4.18 5.25086e-27 
4.1775 5.92258e-27 
4.185 4.12545e-27 
4.1825 4.65461e-27 
4.19 3.23926e-27 
4.1875 3.65588e-27 
4.195 2.54183e-27 
4.1925 2.86965e-27 
4.2 1.99329e-27 
4.1975 2.25109e-27 
4.205 1.56212e-27 
4.2025 1.76472e-27 
4.21 1.2234e-27 
4.2075 1.38254e-27 
4.215 9.57489e-28 
4.2125 1.0824e-27 
4.22 7.48864e-28 
4.2175 8.46847e-28 
4.225 5.85292e-28 
4.2225 6.62102e-28 
4.23 4.57128e-28 
4.2275 5.173e-28 
4.235 3.56775e-28 
4.2325 4.03881e-28 
4.24 2.78252e-28 
4.2375 3.15104e-28 
4.245 2.16853e-28 
4.2425 2.45663e-28 
4.25 1.68877e-28 
4.2475 1.91385e-28 
4.255 1.31418e-28 
4.2525 1.48989e-28 
4.26 1.0219e-28 
4.2575 1.15897e-28 
4.265 7.94017e-29 
4.2625 9.00865e-29 
4.27 6.16476e-29 
4.2675 6.99704e-29 
4.275 4.7826e-29 
4.2725 5.4304e-29 
4.28 3.70739e-29 
4.2775 4.21122e-29 
4.285 2.87162e-29 
4.2825 3.26318e-29 
4.29 2.22247e-29 
4.2875 2.52653e-29 
4.295 1.71868e-29 
4.2925 1.9546e-29 
4.3 1.32799e-29 
4.2975 1.51091e-29 
4.305 1.02527e-29 
4.3025 1.16697e-29 
4.31 7.90896e-30 
4.3075 9.00582e-30 
4.315 6.09587e-30 
4.3125 6.9442e-30 
4.32 4.69445e-30 
4.3175 5.35002e-30 
4.325 3.61213e-30 
4.3225 4.11832e-30 
4.33 2.77696e-30 
4.3275 3.16747e-30 
4.335 2.13305e-30 
4.3325 2.43406e-30 
4.34 1.63701e-30 
4.3375 1.86884e-30 
4.345 1.25523e-30 
4.3425 1.43362e-30 
4.35 9.6164e-31 
4.3475 1.09879e-30 
4.355 7.36064e-31 
4.3525 8.41417e-31 
4.36 5.62899e-31 
4.3575 6.43755e-31 
4.365 4.30087e-31 
4.3625 4.92086e-31 
4.37 3.28314e-31 
4.3675 3.75812e-31 
4.375 2.50396e-31 
4.3725 2.86752e-31 
4.38 1.90796e-31 
4.3775 2.18599e-31 
4.385 1.45249e-31 
4.3825 1.66491e-31 
4.39 1.10474e-31 
4.3875 1.26688e-31 
4.395 8.39459e-32 
4.3925 9.63115e-32 
4.4 6.3729e-32 
4.3975 7.31506e-32 
4.405 4.83358e-32 
4.4025 5.55076e-32 
4.41 3.66263e-32 
4.4075 4.20805e-32 
4.415 2.77273e-32 
4.4125 3.18713e-32 
4.42 2.09706e-32 
4.4175 2.41163e-32 
4.425 1.58454e-32 
4.4225 1.82309e-32 
4.43 1.19614e-32 
4.4275 1.37687e-32 
4.435 9.02075e-33 
4.4325 1.03887e-32 
4.44 6.79654e-33 
4.4375 7.83098e-33 
4.445 5.11581e-33 
4.4425 5.89728e-33 
4.45 3.84699e-33 
4.4475 4.43679e-33 
4.455 2.89006e-33 
4.4525 3.33477e-33 
4.46 2.16906e-33 
4.4575 2.50404e-33 
4.465 1.62634e-33 
4.4625 1.87842e-33 
4.47 1.21822e-33 
4.4675 1.40773e-33 
4.475 9.11626e-34 
4.4725 1.05396e-33 
4.48 6.81521e-34 
4.4775 7.88315e-34 
4.485 5.08996e-34 
4.4825 5.89045e-34 
4.49 3.79769e-34 
4.4875 4.39713e-34 
4.495 2.83071e-34 
4.4925 3.27914e-34 
4.5 2.10785e-34 
4.4975 2.44298e-34 
4.505 1.56802e-34 
4.5025 1.81823e-34 
4.51 1.16528e-34 
4.5075 1.3519e-34 
4.515 8.65122e-35 
4.5125 1.00417e-34 
4.52 6.41635e-35 
4.5175 7.45136e-35 
4.525 4.75405e-35 
4.5225 5.52368e-35 
4.53 3.51887e-35 
4.5275 4.09059e-35 
4.535 2.60199e-35 
4.5325 3.02627e-35 
4.54 1.92207e-35 
4.5375 2.23661e-35 
4.545 1.41839e-35 
4.5425 1.65134e-35 
4.55 1.04564e-35 
4.5475 1.21799e-35 
4.555 7.70071e-36 
4.5525 8.97449e-36 
4.56 5.66549e-36 
4.5575 6.60598e-36 
4.565 4.16393e-36 
4.5625 4.85762e-36 
4.57 3.05723e-36 
4.5675 3.56836e-36 
4.575 2.24238e-36 
4.5725 2.61862e-36 
4.58 1.64305e-36 
4.5775 1.9197e-36 
4.585 1.20267e-36 
4.5825 1.40589e-36 
4.59 8.79425e-37 
4.5875 1.02855e-36 
4.595 6.42403e-37 
4.5925 7.51721e-37 
4.6 4.68783e-37 
4.5975 5.48836e-37 
4.605 3.41736e-37 
4.6025 4.00299e-37 
4.61 2.48865e-37 
4.6075 2.91663e-37 
4.615 1.81047e-37 
4.6125 2.12291e-37 
4.62 1.31575e-37 
4.6175 1.54361e-37 
4.625 9.55234e-38 
4.6225 1.12123e-37 
4.63 6.92785e-38 
4.6275 8.13593e-38 
4.635 5.01926e-38 
4.6325 5.89756e-38 
4.64 3.63273e-38 
4.6375 4.27061e-38 
4.645 2.62651e-38 
4.6425 3.0893e-38 
4.65 1.89705e-38 
4.6475 2.23245e-38 
4.655 1.36876e-38 
4.6525 1.6116e-38 
4.66 9.86574e-39 
4.6575 1.1622e-38 
4.665 7.10367e-39 
4.6625 8.37259e-39 
4.67 5.1096e-39 
4.6675 6.02543e-39 
4.675 3.67149e-39 
4.6725 4.33179e-39 
4.68 2.63541e-39 
4.6775 3.11099e-39 
4.685 1.88975e-39 
4.6825 2.23192e-39 
4.69 1.35366e-39 
4.6875 1.5996e-39 
4.695 9.68652e-40 
4.6925 1.14523e-39 
4.7 6.92429e-40 
4.6975 8.19077e-40 
4.705 4.94461e-40 
4.7025 5.85204e-40 
4.71 3.52728e-40 
4.7075 4.17676e-40 
4.715 2.5136e-40 
4.7125 2.97798e-40 
4.72 1.78939e-40 
4.7175 2.12106e-40 
4.725 1.27251e-40 
4.7225 1.50916e-40 
4.73 9.03997e-41 
4.7275 1.07267e-40 
4.735 6.41539e-41 
4.7325 7.61637e-41 
4.74 4.54809e-41 
4.7375 5.4023e-41 
4.745 3.22095e-41 
4.7425 3.82789e-41 
4.75 2.27871e-41 
4.7475 2.7095e-41 
4.755 1.61043e-41 
4.7525 1.91588e-41 
4.76 1.13696e-41 
4.7575 1.35331e-41 
4.765 8.01864e-42 
4.7625 9.54942e-42 
4.77 5.64942e-42 
4.7675 6.7314e-42 
4.775 3.97609e-42 
4.7725 4.74005e-42 
4.78 2.7955e-42 
4.7775 3.33435e-42 
4.785 1.96341e-42 
4.7825 2.34308e-42 
4.79 1.37757e-42 
4.7875 1.64481e-42 
4.795 9.65528e-43 
4.7925 1.15343e-42 
4.8 6.76031e-43 
4.7975 8.08013e-43 
4.805 4.72845e-43 
4.8025 5.65451e-43 
4.81 3.30385e-43 
4.8075 3.95296e-43 
4.815 2.30607e-43 
4.8125 2.76057e-43 
4.82 1.60796e-43 
4.8175 1.92587e-43 
4.825 1.12003e-43 
4.8225 1.34216e-43 
4.83 7.79348e-44 
4.8275 9.34398e-44 
4.835 5.41733e-44 
4.8325 6.49846e-44 
4.84 3.76175e-44 
4.8375 4.51481e-44 
4.845 2.60943e-44 
4.8425 3.13343e-44 
4.85 1.80823e-44 
4.8475 2.17246e-44 
4.855 1.25173e-44 
4.8525 1.50464e-44 
4.86 8.65605e-45 
4.8575 1.04104e-44 
4.865 5.97972e-45 
4.8625 7.19536e-45 
4.87 4.12661e-45 
4.8675 4.96809e-45 
4.875 2.84484e-45 
4.8725 3.42671e-45 
4.88 1.95918e-45 
4.8775 2.36112e-45 
4.885 1.34786e-45 
4.8825 1.62521e-45 
4.89 9.26328e-46 
4.8875 1.11752e-45 
4.895 6.35973e-46 
4.8925 7.67632e-46 
4.9 4.3618e-46 
4.8975 5.26749e-46 
4.905 2.98845e-46 
4.9025 3.61083e-46 
4.91 2.0454e-46 
4.9075 2.47265e-46 
4.915 1.39851e-46 
4.9125 1.6915e-46 
4.92 9.55226e-47 
4.9175 1.15594e-46 
4.925 6.51781e-47 
4.9225 7.89141e-47 
4.93 4.44277e-47 
4.9275 5.38181e-47 
4.935 3.02527e-47 
4.9325 3.66656e-47 
4.94 2.05796e-47 
4.9375 2.49546e-47 
4.945 1.39858e-47 
4.9425 1.69672e-47 
4.95 9.49593e-48 
4.9475 1.15254e-47 
4.955 6.44235e-48 
4.9525 7.8221e-48 
4.96 4.36848e-48 
4.9575 5.30515e-48 
4.965 2.96256e-48 
4.9625 3.59717e-48 
4.97 2.01211e-48 
4.9675 2.4407e-48 
4.975 1.37275e-48 
4.9725 1.66052e-48 
4.98 9.46833e-49 
4.9775 1.1378e-48 
4.985 6.69035e-49 
4.9825 7.92524e-49 
4.99 4.9655e-49 
4.9875 5.71609e-49 
4.995 4.02711e-49 
4.9925 4.40954e-49 
5 3.7297e-49 
4.9975 3.8033e-49 
