0 8.16473e-16 
0.005 8.19751e-16 
0.0025 8.17293e-16 
0.01 8.29583e-16 
0.0075 8.23848e-16 
0.015 8.45969e-16 
0.0125 8.36957e-16 
0.02 8.68904e-16 
0.0175 8.56618e-16 
0.025 8.98383e-16 
0.0225 8.82826e-16 
0.03 9.34396e-16 
0.0275 9.15574e-16 
0.035 9.76927e-16 
0.0325 9.54848e-16 
0.04 1.02595e-15 
0.0375 1.00063e-15 
0.045 1.08144e-15 
0.0425 1.05289e-15 
0.05 1.14335e-15 
0.0475 1.1116e-15 
0.055 1.21161e-15 
0.0525 1.17669e-15 
0.06 1.28615e-15 
0.0575 1.2481e-15 
0.065 1.36687e-15 
0.0625 1.32575e-15 
0.07 1.45365e-15 
0.0675 1.40952e-15 
0.075 1.54633e-15 
0.0725 1.49927e-15 
0.08 1.64474e-15 
0.0775 1.59483e-15 
0.085 1.74864e-15 
0.0825 1.69602e-15 
0.09 1.8578e-15 
0.0875 1.80258e-15 
0.095 1.9719e-15 
0.0925 1.91425e-15 
0.1 2.09062e-15 
0.0975 2.03071e-15 
0.105 2.21355e-15 
0.1025 2.15158e-15 
0.11 2.34028e-15 
0.1075 2.27647e-15 
0.115 2.4703e-15 
0.1125 2.40491e-15 
0.12 2.60308e-15 
0.1175 2.53638e-15 
0.125 2.73804e-15 
0.1225 2.67033e-15 
0.13 2.87451e-15 
0.1275 2.80613e-15 
0.135 3.01182e-15 
0.1325 2.94311e-15 
0.14 3.14921e-15 
0.1375 3.08055e-15 
0.145 3.28588e-15 
0.1425 3.21769e-15 
0.15 3.42101e-15 
0.1475 3.3537e-15 
0.155 3.55371e-15 
0.1525 3.48772e-15 
0.16 3.68308e-15 
0.1575 3.61887e-15 
0.165 3.80816e-15 
0.1625 3.74621e-15 
0.17 3.92801e-15 
0.1675 3.8688e-15 
0.175 4.04165e-15 
0.1725 3.98567e-15 
0.18 4.14812e-15 
0.1775 4.09584e-15 
0.185 4.24645e-15 
0.1825 4.19836e-15 
0.19 4.33571e-15 
0.1875 4.29227e-15 
0.195 4.41499e-15 
0.1925 4.37665e-15 
0.2 4.48344e-15 
0.1975 4.45062e-15 
0.205 4.54027e-15 
0.2025 4.51336e-15 
0.21 4.58477e-15 
0.2075 4.5641e-15 
0.215 4.61632e-15 
0.2125 4.6022e-15 
0.22 4.6344e-15 
0.2175 4.62707e-15 
0.225 4.63862e-15 
0.2225 4.63826e-15 
0.23 4.62872e-15 
0.2275 4.63544e-15 
0.235 4.60459e-15 
0.2325 4.61843e-15 
0.24 4.56628e-15 
0.2375 4.5872e-15 
0.245 4.51401e-15 
0.2425 4.54187e-15 
0.25 4.44816e-15 
0.2475 4.48275e-15 
0.255 4.3693e-15 
0.2525 4.41031e-15 
0.26 4.27816e-15 
0.2575 4.32521e-15 
0.265 4.17568e-15 
0.2625 4.22828e-15 
0.27 4.06294e-15 
0.2675 4.12052e-15 
0.275 3.94119e-15 
0.2725 4.00311e-15 
0.28 3.81182e-15 
0.2775 3.87736e-15 
0.285 3.67635e-15 
0.2825 3.74474e-15 
0.29 3.5364e-15 
0.2875 3.60683e-15 
0.295 3.39368e-15 
0.2925 3.46528e-15 
0.3 3.24995e-15 
0.2975 3.32183e-15 
0.305 3.10698e-15 
0.3025 3.17825e-15 
0.31 2.96654e-15 
0.3075 3.03633e-15 
0.315 2.83037e-15 
0.3125 2.89782e-15 
0.32 2.70015e-15 
0.3175 2.76442e-15 
0.325 2.57743e-15 
0.3225 2.63775e-15 
0.33 2.46369e-15 
0.3275 2.51935e-15 
0.335 2.36025e-15 
0.3325 2.4106e-15 
0.34 2.26831e-15 
0.3375 2.31278e-15 
0.345 2.18891e-15 
0.3425 2.22698e-15 
0.35 2.12294e-15 
0.3475 2.15419e-15 
0.355 2.07115e-15 
0.3525 2.09523e-15 
0.36 2.03417e-15 
0.3575 2.05077e-15 
0.365 2.01252e-15 
0.3625 2.0214e-15 
0.37 2.00664e-15 
0.3675 2.00759e-15 
0.375 2.0169e-15 
0.3725 2.00973e-15 
0.38 2.04363e-15 
0.3775 2.02819e-15 
0.385 2.08717e-15 
0.3825 2.06328e-15 
0.39 2.14788e-15 
0.3875 2.11536e-15 
0.395 2.22616e-15 
0.3925 2.1848e-15 
0.4 2.32251e-15 
0.3975 2.27205e-15 
0.405 2.43752e-15 
0.4025 2.37764e-15 
0.41 2.5719e-15 
0.4075 2.50224e-15 
0.415 2.72655e-15 
0.4125 2.64663e-15 
0.42 2.90252e-15 
0.4175 2.81179e-15 
0.425 3.10106e-15 
0.4225 2.99888e-15 
0.43 3.32368e-15 
0.4275 3.20926e-15 
0.435 3.57212e-15 
0.4325 3.44456e-15 
0.44 3.84842e-15 
0.4375 3.70665e-15 
0.445 4.15491e-15 
0.4425 3.99773e-15 
0.45 4.49431e-15 
0.4475 4.32031e-15 
0.455 4.86971e-15 
0.4525 4.67729e-15 
0.46 5.28466e-15 
0.4575 5.072e-15 
0.465 5.74322e-15 
0.4625 5.50822e-15 
0.47 6.24999e-15 
0.4675 5.99026e-15 
0.475 6.81023e-15 
0.4725 6.52307e-15 
0.48 7.42991e-15 
0.4775 7.11223e-15 
0.485 8.11584e-15 
0.4825 7.76413e-15 
0.49 8.87575e-15 
0.4875 8.48602e-15 
0.495 9.71846e-15 
0.4925 9.28616e-15 
0.5 1.0654e-14 
0.4975 1.01739e-14 
0.505 1.16937e-14 
0.5025 1.116e-14 
0.51 1.28505e-14 
0.5075 1.22566e-14 
0.515 1.41393e-14 
0.5125 1.34774e-14 
0.52 1.55767e-14 
0.5175 1.48383e-14 
0.525 1.71819e-14 
0.5225 1.6357e-14 
0.53 1.89766e-14 
0.5275 1.80541e-14 
0.535 2.09854e-14 
0.5325 1.99525e-14 
0.54 2.32365e-14 
0.5375 2.20788e-14 
0.545 2.57617e-14 
0.5425 2.44627e-14 
0.55 2.85974e-14 
0.5475 2.71383e-14 
0.555 3.17848e-14 
0.5525 3.01444e-14 
0.56 3.53707e-14 
0.5575 3.35248e-14 
0.565 3.94084e-14 
0.5625 3.73295e-14 
0.57 4.39582e-14 
0.5675 4.16152e-14 
0.575 4.90889e-14 
0.5725 4.64463e-14 
0.58 5.48782e-14 
0.5775 5.18959e-14 
0.585 6.14146e-14 
0.5825 5.8047e-14 
0.59 6.87986e-14 
0.5875 6.49939e-14 
0.595 7.71438e-14 
0.5925 7.28433e-14 
0.6 8.65797e-14 
0.5975 8.17167e-14 
0.605 9.72527e-14 
0.6025 9.17516e-14 
0.61 1.09329e-13 
0.6075 1.03104e-13 
0.615 1.22998e-13 
0.6125 1.15952e-13 
0.62 1.38473e-13 
0.6175 1.30495e-13 
0.625 1.55997e-13 
0.6225 1.46962e-13 
0.63 1.75845e-13 
0.6275 1.65612e-13 
0.635 1.9833e-13 
0.6325 1.86737e-13 
0.64 2.23807e-13 
0.6375 2.10671e-13 
0.645 2.52676e-13 
0.6425 2.3779e-13 
0.65 2.85395e-13 
0.6475 2.68524e-13 
0.655 3.2248e-13 
0.6525 3.03357e-13 
0.66 3.64518e-13 
0.6575 3.4284e-13 
0.665 4.12173e-13 
0.6625 3.87598e-13 
0.67 4.66202e-13 
0.6675 4.3834e-13 
0.675 5.27459e-13 
0.6725 4.95869e-13 
0.68 5.96915e-13 
0.6775 5.61096e-13 
0.685 6.75673e-13 
0.6825 6.35057e-13 
0.69 7.6498e-13 
0.6875 7.18923e-13 
0.695 8.66253e-13 
0.6925 8.14025e-13 
0.7 9.81101e-13 
0.6975 9.21872e-13 
0.705 1.11134e-12 
0.7025 1.04417e-12 
0.71 1.25905e-12 
0.7075 1.18288e-12 
0.715 1.42657e-12 
0.7125 1.34018e-12 
0.72 1.61656e-12 
0.7175 1.51857e-12 
0.725 1.83203e-12 
0.7225 1.7209e-12 
0.73 2.07641e-12 
0.7275 1.95038e-12 
0.735 2.35358e-12 
0.7325 2.21064e-12 
0.74 2.66795e-12 
0.7375 2.50582e-12 
0.745 3.02451e-12 
0.7425 2.84062e-12 
0.75 3.42892e-12 
0.7475 3.22035e-12 
0.755 3.88761e-12 
0.7525 3.65105e-12 
0.76 4.40788e-12 
0.7575 4.13956e-12 
0.765 4.99798e-12 
0.7625 4.69364e-12 
0.77 5.66729e-12 
0.7675 5.3221e-12 
0.775 6.42647e-12 
0.7725 6.03493e-12 
0.78 7.28756e-12 
0.7775 6.84346e-12 
0.785 8.26426e-12 
0.7825 7.76053e-12 
0.79 9.37209e-12 
0.7875 8.80073e-12 
0.795 1.06287e-11 
0.7925 9.98059e-12 
0.8 1.20539e-11 
0.7975 1.13189e-11 
0.805 1.36706e-11 
0.8025 1.28368e-11 
0.81 1.55043e-11 
0.8075 1.45586e-11 
0.815 1.75843e-11 
0.8125 1.65116e-11 
0.82 1.99435e-11 
0.8175 1.87268e-11 
0.825 2.26196e-11 
0.8225 2.12394e-11 
0.83 2.5655e-11 
0.8275 2.40895e-11 
0.835 2.9098e-11 
0.8325 2.73223e-11 
0.84 3.30033e-11 
0.8375 3.09891e-11 
0.845 3.7433e-11 
0.8425 3.51484e-11 
0.85 4.24576e-11 
0.8475 3.98662e-11 
0.855 4.8157e-11 
0.8525 4.52176e-11 
0.86 5.46217e-11 
0.8575 5.12876e-11 
0.865 6.19546e-11 
0.8625 5.81727e-11 
0.87 7.02722e-11 
0.8675 6.59824e-11 
0.875 7.97068e-11 
0.8725 7.48409e-11 
0.88 9.04084e-11 
0.8775 8.4889e-11 
0.885 1.02547e-10 
0.8825 9.62866e-11 
0.89 1.16316e-10 
0.8875 1.09215e-10 
0.895 1.31934e-10 
0.8925 1.23879e-10 
0.9 1.4965e-10 
0.8975 1.40513e-10 
0.905 1.69744e-10 
0.9025 1.59381e-10 
0.91 1.92538e-10 
0.9075 1.80782e-10 
0.915 2.18392e-10 
0.9125 2.05058e-10 
0.92 2.47719e-10 
0.9175 2.32594e-10 
0.925 2.80984e-10 
0.9225 2.63828e-10 
0.93 3.18717e-10 
0.9275 2.99257e-10 
0.935 3.61518e-10 
0.9325 3.39444e-10 
0.94 4.10067e-10 
0.9375 3.85028e-10 
0.945 4.65136e-10 
0.9425 4.36734e-10 
0.95 5.27601e-10 
0.9475 4.95385e-10 
0.955 5.98456e-10 
0.9525 5.61913e-10 
0.96 6.78827e-10 
0.9575 6.37376e-10 
0.965 7.69992e-10 
0.9625 7.22974e-10 
0.97 8.73402e-10 
0.9675 8.20069e-10 
0.975 9.907e-10 
0.9725 9.30204e-10 
0.98 1.12375e-09 
0.9775 1.05513e-09 
0.985 1.27468e-09 
0.9825 1.19684e-09 
0.99 1.44587e-09 
0.9875 1.35758e-09 
0.995 1.64006e-09 
0.9925 1.53991e-09 
1 1.86033e-09 
0.9975 1.74672e-09 
1.005 2.11018e-09 
1.0025 1.98132e-09 
1.01 2.39359e-09 
1.0075 2.24742e-09 
1.015 2.71507e-09 
1.0125 2.54927e-09 
1.02 3.07973e-09 
1.0175 2.89166e-09 
1.025 3.49337e-09 
1.0225 3.28004e-09 
1.03 3.96257e-09 
1.0275 3.72058e-09 
1.035 4.49479e-09 
1.0325 4.2203e-09 
1.04 5.0985e-09 
1.0375 4.78713e-09 
1.045 5.78329e-09 
1.0425 5.43011e-09 
1.05 6.56008e-09 
1.0475 6.15945e-09 
1.055 7.4412e-09 
1.0525 6.98676e-09 
1.06 8.44067e-09 
1.0575 7.92519e-09 
1.065 9.5744e-09 
1.0625 8.98968e-09 
1.07 1.08604e-08 
1.0675 1.01972e-08 
1.075 1.23192e-08 
1.0725 1.15668e-08 
1.08 1.39739e-08 
1.0775 1.31205e-08 
1.085 1.58509e-08 
1.0825 1.48828e-08 
1.09 1.798e-08 
1.0875 1.68819e-08 
1.095 2.03951e-08 
1.0925 1.91495e-08 
1.1 2.31347e-08 
1.0975 2.17218e-08 
1.105 2.62423e-08 
1.1025 2.46395e-08 
1.11 2.97673e-08 
1.1075 2.79493e-08 
1.115 3.37659e-08 
1.1125 3.17036e-08 
1.12 3.83017e-08 
1.1175 3.59623e-08 
1.125 4.34468e-08 
1.1225 4.07932e-08 
1.13 4.92831e-08 
1.1275 4.6273e-08 
1.135 5.59034e-08 
1.1325 5.2489e-08 
1.14 6.34132e-08 
1.1375 5.954e-08 
1.145 7.1932e-08 
1.1425 6.75384e-08 
1.15 8.15953e-08 
1.1475 7.66114e-08 
1.155 9.25568e-08 
1.1525 8.69033e-08 
1.16 1.04991e-07 
1.1575 9.85781e-08 
1.165 1.19096e-07 
1.1625 1.11821e-07 
1.17 1.35097e-07 
1.1675 1.26844e-07 
1.175 1.53247e-07 
1.1725 1.43886e-07 
1.18 1.73836e-07 
1.1775 1.63217e-07 
1.185 1.97192e-07 
1.1825 1.85146e-07 
1.19 2.23686e-07 
1.1875 2.10021e-07 
1.195 2.53741e-07 
1.1925 2.3824e-07 
1.2 2.87836e-07 
1.1975 2.70251e-07 
1.205 3.26512e-07 
1.2025 3.06564e-07 
1.21 3.70387e-07 
1.2075 3.47758e-07 
1.215 4.2016e-07 
1.2125 3.94489e-07 
1.22 4.76623e-07 
1.2175 4.47501e-07 
1.225 5.40677e-07 
1.2225 5.0764e-07 
1.23 6.13342e-07 
1.2275 5.75864e-07 
1.235 6.95778e-07 
1.2325 6.53261e-07 
1.24 7.89299e-07 
1.2375 7.41064e-07 
1.245 8.95397e-07 
1.2425 8.40675e-07 
1.25 1.01577e-06 
1.2475 9.53683e-07 
1.255 1.15232e-06 
1.2525 1.08189e-06 
1.26 1.30725e-06 
1.2575 1.22735e-06 
1.265 1.48303e-06 
1.2625 1.39237e-06 
1.27 1.68246e-06 
1.2675 1.5796e-06 
1.275 1.90874e-06 
1.2725 1.79203e-06 
1.28 2.16548e-06 
1.2775 2.03306e-06 
1.285 2.45679e-06 
1.2825 2.30654e-06 
1.29 2.78734e-06 
1.2875 2.61684e-06 
1.295 3.16242e-06 
1.2925 2.96895e-06 
1.3 3.58805e-06 
1.2975 3.36851e-06 
1.305 4.07105e-06 
1.3025 3.82191e-06 
1.31 4.6192e-06 
1.3075 4.33646e-06 
1.315 5.24129e-06 
1.3125 4.9204e-06 
1.32 5.94735e-06 
1.3175 5.58315e-06 
1.325 6.74875e-06 
1.3225 6.33536e-06 
1.33 7.65843e-06 
1.3275 7.18918e-06 
1.335 8.69108e-06 
1.3325 8.15839e-06 
1.34 9.86342e-06 
1.3375 9.25866e-06 
1.345 1.11945e-05 
1.3425 1.05078e-05 
1.35 1.27058e-05 
1.3475 1.19261e-05 
1.355 1.44221e-05 
1.3525 1.35367e-05 
1.36 1.63713e-05 
1.3575 1.53657e-05 
1.365 1.85853e-05 
1.3625 1.74431e-05 
1.37 2.11005e-05 
1.3675 1.98028e-05 
1.375 2.39582e-05 
1.3725 2.24837e-05 
1.38 2.72056e-05 
1.3775 2.553e-05 
1.385 3.08964e-05 
1.3825 2.89919e-05 
1.39 3.50922e-05 
1.3875 3.29271e-05 
1.395 3.9863e-05 
1.3925 3.7401e-05 
1.4 4.52889e-05 
1.3975 4.24887e-05 
1.405 5.14615e-05 
1.4025 4.82757e-05 
1.41 5.84855e-05 
1.4075 5.486e-05 
1.415 6.64808e-05 
1.4125 6.23535e-05 
1.42 7.55847e-05 
1.4175 7.08848e-05 
1.425 8.59549e-05 
1.4225 8.06008e-05 
1.43 9.77722e-05 
1.4275 9.16704e-05 
1.435 0.000111244 
1.4325 0.000104287 
1.44 0.00012661 
1.4375 0.000118674 
1.445 0.000144145 
1.4425 0.000135088 
1.45 0.000164165 
1.4475 0.000153823 
1.455 0.000187037 
1.4525 0.000175219 
1.46 0.000213182 
1.4575 0.000199671 
1.465 0.00024309 
1.4625 0.000227632 
1.47 0.000277326 
1.4675 0.000259628 
1.475 0.000316545 
1.4725 0.000296267 
1.48 0.000361508 
1.4775 0.000338256 
1.485 0.000413098 
1.4825 0.000386414 
1.49 0.000472345 
1.4875 0.000441694 
1.495 0.000540443 
1.4925 0.000505205 
1.5 0.000618788 
1.4975 0.000578239 
1.505 0.000709005 
1.5025 0.000662301 
1.51 0.000812991 
1.5075 0.000759147 
1.515 0.000932962 
1.5125 0.000870826 
1.52 0.0010715 
1.5175 0.000999734 
1.525 0.00123164 
1.5225 0.00114866 
1.53 0.0014169 
1.5275 0.00132089 
1.535 0.0016314 
1.5325 0.00152021 
1.54 0.00187995 
1.5375 0.00175109 
1.545 0.00216817 
1.5425 0.00201872 
1.55 0.00250256 
1.5475 0.00232914 
1.555 0.00289073 
1.5525 0.00268941 
1.56 0.00334148 
1.5575 0.00310768 
1.565 0.00386498 
1.5625 0.00359344 
1.57 0.00447299 
1.5675 0.00415762 
1.575 0.00517901 
1.5725 0.00481283 
1.58 0.00599852 
1.5775 0.00557353 
1.585 0.00694914 
1.5825 0.00645625 
1.59 0.00805084 
1.5875 0.00747976 
1.595 0.00932614 
1.5925 0.00866528 
1.6 0.0108002 
1.5975 0.0100366 
1.605 0.012501 
1.6025 0.0116204 
1.61 0.0144592 
1.6075 0.0134459 
1.615 0.0167083 
1.6125 0.0155452 
1.62 0.0192845 
1.6175 0.0179532 
1.625 0.0222262 
1.6225 0.0207072 
1.63 0.0255741 
1.6275 0.0238468 
1.635 0.0293701 
1.6325 0.0274134 
1.64 0.0336575 
1.6375 0.0314496 
1.645 0.03848 
1.6425 0.0359991 
1.65 0.0438814 
1.6475 0.0411056 
1.655 0.0499046 
1.6525 0.0468126 
1.66 0.0565918 
1.6575 0.0531626 
1.665 0.0639833 
1.6625 0.060197 
1.67 0.0721179 
1.6675 0.0679554 
1.675 0.081032 
1.6725 0.0764753 
1.68 0.09076 
1.6775 0.0857922 
1.685 0.101333 
1.6825 0.0959392 
1.69 0.112781 
1.6875 0.106946 
1.695 0.125129 
1.6925 0.118841 
1.7 0.138398 
1.6975 0.131647 
1.705 0.152605 
1.7025 0.145383 
1.71 0.167764 
1.7075 0.160065 
1.715 0.183879 
1.7125 0.175701 
1.72 0.200949 
1.7175 0.192295 
1.725 0.218966 
1.7225 0.20984 
1.73 0.23791 
1.7275 0.228323 
1.735 0.257754 
1.7325 0.247722 
1.74 0.278459 
1.7375 0.268002 
1.745 0.299974 
1.7425 0.289119 
1.75 0.322239 
1.7475 0.311017 
1.755 0.345181 
1.7525 0.333631 
1.76 0.368718 
1.7575 0.356881 
1.765 0.392755 
1.7625 0.38068 
1.77 0.417193 
1.7675 0.404931 
1.775 0.441923 
1.7725 0.429529 
1.78 0.466831 
1.7775 0.454362 
1.785 0.491801 
1.7825 0.479315 
1.79 0.516715 
1.7875 0.504272 
1.795 0.541457 
1.7925 0.529115 
1.8 0.565915 
1.7975 0.553729 
1.805 0.589982 
1.8025 0.578004 
1.81 0.613556 
1.8075 0.601836 
1.815 0.636549 
1.8125 0.625131 
1.82 0.658878 
1.8175 0.647801 
1.825 0.680472 
1.8225 0.669771 
1.83 0.701275 
1.8275 0.690976 
1.835 0.721237 
1.8325 0.711363 
1.84 0.740323 
1.8375 0.730891 
1.845 0.758507 
1.8425 0.749529 
1.85 0.775776 
1.8475 0.767257 
1.855 0.792124 
1.8525 0.784065 
1.86 0.807554 
1.8575 0.799953 
1.865 0.822077 
1.8625 0.814927 
1.87 0.83571 
1.8675 0.829003 
1.875 0.848478 
1.8725 0.842201 
1.88 0.860407 
1.8775 0.854545 
1.885 0.871529 
1.8825 0.866067 
1.89 0.881877 
1.8875 0.876798 
1.895 0.891489 
1.8925 0.886773 
1.9 0.9004 
1.8975 0.89603 
1.905 0.908649 
1.9025 0.904605 
1.91 0.916274 
1.9075 0.912537 
1.915 0.923313 
1.9125 0.919864 
1.92 0.929801 
1.9175 0.926623 
1.925 0.935777 
1.9225 0.932851 
1.93 0.941274 
1.9275 0.938583 
1.935 0.946325 
1.9325 0.943853 
1.94 0.950963 
1.9375 0.948694 
1.945 0.955218 
1.9425 0.953136 
1.95 0.959118 
1.9475 0.957211 
1.955 0.962692 
1.9525 0.960944 
1.96 0.965963 
1.9575 0.964363 
1.965 0.968956 
1.9625 0.967493 
1.97 0.971693 
1.9675 0.970355 
1.975 0.974195 
1.9725 0.972972 
1.98 0.976481 
1.9775 0.975364 
1.985 0.978568 
1.9825 0.977548 
1.99 0.980474 
1.9875 0.979543 
1.995 0.982213 
1.9925 0.981363 
2 0.983799 
1.9975 0.983024 
2.005 0.985247 
2.0025 0.98454 
2.01 0.986566 
2.0075 0.985922 
2.015 0.987769 
2.0125 0.987181 
2.02 0.988865 
2.0175 0.98833 
2.025 0.989864 
2.0225 0.989376 
2.03 0.990774 
2.0275 0.99033 
2.035 0.991603 
2.0325 0.991199 
2.04 0.992359 
2.0375 0.99199 
2.045 0.993046 
2.0425 0.99271 
2.05 0.993672 
2.0475 0.993367 
2.055 0.994242 
2.0525 0.993964 
2.06 0.994761 
2.0575 0.994508 
2.065 0.995234 
2.0625 0.995003 
2.07 0.995664 
2.0675 0.995454 
2.075 0.996055 
2.0725 0.995864 
2.08 0.996411 
2.0775 0.996237 
2.085 0.996735 
2.0825 0.996577 
2.09 0.99703 
2.0875 0.996886 
2.095 0.997299 
2.0925 0.997168 
2.1 0.997543 
2.0975 0.997424 
2.105 0.997765 
2.1025 0.997656 
2.11 0.997967 
2.1075 0.997868 
2.115 0.998151 
2.1125 0.998061 
2.12 0.998318 
2.1175 0.998236 
2.125 0.99847 
2.1225 0.998396 
2.13 0.998608 
2.1275 0.998541 
2.135 0.998734 
2.1325 0.998673 
2.14 0.998849 
2.1375 0.998793 
2.145 0.998953 
2.1425 0.998902 
2.15 0.999047 
2.1475 0.999001 
2.155 0.999133 
2.1525 0.999091 
2.16 0.999212 
2.1575 0.999174 
2.165 0.999283 
2.1625 0.999248 
2.17 0.999348 
2.1675 0.999316 
2.175 0.999407 
2.1725 0.999378 
2.18 0.99946 
2.1775 0.999434 
2.185 0.999509 
2.1825 0.999485 
2.19 0.999553 
2.1875 0.999531 
2.195 0.999593 
2.1925 0.999573 
2.2 0.99963 
2.1975 0.999612 
2.205 0.999663 
2.2025 0.999647 
2.21 0.999693 
2.2075 0.999678 
2.215 0.99972 
2.2125 0.999707 
2.22 0.999745 
2.2175 0.999733 
2.225 0.999768 
2.2225 0.999757 
2.23 0.999788 
2.2275 0.999778 
2.235 0.999807 
2.2325 0.999798 
2.24 0.999824 
2.2375 0.999815 
2.245 0.999839 
2.2425 0.999831 
2.25 0.999853 
2.2475 0.999846 
2.255 0.999865 
2.2525 0.999859 
2.26 0.999876 
2.2575 0.999871 
2.265 0.999886 
2.2625 0.999881 
2.27 0.999895 
2.2675 0.999891 
2.275 0.999903 
2.2725 0.9999 
2.28 0.999911 
2.2775 0.999907 
2.285 0.999917 
2.2825 0.999914 
2.29 0.999923 
2.2875 0.99992 
2.295 0.999928 
2.2925 0.999926 
2.3 0.999932 
2.2975 0.99993 
2.305 0.999936 
2.3025 0.999934 
2.31 0.999939 
2.3075 0.999938 
2.315 0.999942 
2.3125 0.999941 
2.32 0.999944 
2.3175 0.999943 
2.325 0.999946 
2.3225 0.999945 
2.33 0.999947 
2.3275 0.999947 
2.335 0.999948 
2.3325 0.999947 
2.34 0.999948 
2.3375 0.999948 
2.345 0.999948 
2.3425 0.999948 
2.35 0.999947 
2.3475 0.999948 
2.355 0.999946 
2.3525 0.999947 
2.36 0.999944 
2.3575 0.999945 
2.365 0.999942 
2.3625 0.999943 
2.37 0.99994 
2.3675 0.999941 
2.375 0.999937 
2.3725 0.999938 
2.38 0.999933 
2.3775 0.999935 
2.385 0.999929 
2.3825 0.999931 
2.39 0.999924 
2.3875 0.999926 
2.395 0.999918 
2.3925 0.999921 
2.4 0.999912 
2.3975 0.999915 
2.405 0.999905 
2.4025 0.999909 
2.41 0.999897 
2.4075 0.999901 
2.415 0.999889 
2.4125 0.999893 
2.42 0.999879 
2.4175 0.999884 
2.425 0.999868 
2.4225 0.999874 
2.43 0.999856 
2.4275 0.999862 
2.435 0.999843 
2.4325 0.99985 
2.44 0.999829 
2.4375 0.999836 
2.445 0.999813 
2.4425 0.999821 
2.45 0.999795 
2.4475 0.999804 
2.455 0.999776 
2.4525 0.999786 
2.46 0.999755 
2.4575 0.999766 
2.465 0.999731 
2.4625 0.999743 
2.47 0.999706 
2.4675 0.999719 
2.475 0.999678 
2.4725 0.999692 
2.48 0.999647 
2.4775 0.999663 
2.485 0.999613 
2.4825 0.99963 
2.49 0.999575 
2.4875 0.999595 
2.495 0.999534 
2.4925 0.999555 
2.5 0.99949 
2.4975 0.999513 
2.505 0.99944 
2.5025 0.999465 
2.51 0.999386 
2.5075 0.999414 
2.515 0.999327 
2.5125 0.999357 
2.52 0.999261 
2.5175 0.999295 
2.525 0.99919 
2.5225 0.999226 
2.53 0.999111 
2.5275 0.999151 
2.535 0.999025 
2.5325 0.999069 
2.54 0.998931 
2.5375 0.998979 
2.545 0.998827 
2.5425 0.99888 
2.55 0.998713 
2.5475 0.998771 
2.555 0.998588 
2.5525 0.998652 
2.56 0.998451 
2.5575 0.998521 
2.565 0.998301 
2.5625 0.998378 
2.57 0.998136 
2.5675 0.998221 
2.575 0.997955 
2.5725 0.998048 
2.58 0.997757 
2.5775 0.997859 
2.585 0.99754 
2.5825 0.997651 
2.59 0.997301 
2.5875 0.997423 
2.595 0.99704 
2.5925 0.997174 
2.6 0.996753 
2.5975 0.9969 
2.605 0.996438 
2.6025 0.996599 
2.61 0.996093 
2.6075 0.99627 
2.615 0.995715 
2.6125 0.995909 
2.62 0.9953 
2.6175 0.995512 
2.625 0.994846 
2.6225 0.995078 
2.63 0.994347 
2.6275 0.994602 
2.635 0.993801 
2.6325 0.99408 
2.64 0.993202 
2.6375 0.993508 
2.645 0.992545 
2.6425 0.992881 
2.65 0.991826 
2.6475 0.992194 
2.655 0.991037 
2.6525 0.991441 
2.66 0.990174 
2.6575 0.990615 
2.665 0.989228 
2.6625 0.989711 
2.67 0.988191 
2.6675 0.988721 
2.675 0.987057 
2.6725 0.987637 
2.68 0.985814 
2.6775 0.986449 
2.685 0.984454 
2.6825 0.985149 
2.69 0.982966 
2.6875 0.983727 
2.695 0.981337 
2.6925 0.98217 
2.7 0.979556 
2.6975 0.980466 
2.705 0.977608 
2.7025 0.978604 
2.71 0.975479 
2.7075 0.976567 
2.715 0.973153 
2.7125 0.974341 
2.72 0.970611 
2.7175 0.97191 
2.725 0.967837 
2.7225 0.969255 
2.73 0.96481 
2.7275 0.966356 
2.735 0.961508 
2.7325 0.963194 
2.74 0.957908 
2.7375 0.959747 
2.745 0.953987 
2.7425 0.95599 
2.75 0.949719 
2.7475 0.951898 
2.755 0.945077 
2.7525 0.947447 
2.76 0.940031 
2.7575 0.942606 
2.765 0.934552 
2.7625 0.937347 
2.77 0.928608 
2.7675 0.93164 
2.775 0.922167 
2.7725 0.925452 
2.78 0.915196 
2.7775 0.91875 
2.785 0.90766 
2.7825 0.911501 
2.79 0.899525 
2.7875 0.903669 
2.795 0.890755 
2.7925 0.895221 
2.8 0.881318 
2.7975 0.886122 
2.805 0.871179 
2.8025 0.876338 
2.81 0.860306 
2.8075 0.865836 
2.815 0.84867 
2.8125 0.854585 
2.82 0.836243 
2.8175 0.842557 
2.825 0.823003 
2.8225 0.829726 
2.83 0.80893 
2.8275 0.816072 
2.835 0.794011 
2.8325 0.801577 
2.84 0.778239 
2.8375 0.786232 
2.845 0.761612 
2.8425 0.770032 
2.85 0.74414 
2.8475 0.752981 
2.855 0.725837 
2.8525 0.735091 
2.86 0.70673 
2.8575 0.716382 
2.865 0.686853 
2.8625 0.696885 
2.87 0.666252 
2.8675 0.67664 
2.875 0.644982 
2.8725 0.655697 
2.88 0.623106 
2.8775 0.634115 
2.885 0.600698 
2.8825 0.611963 
2.89 0.577841 
2.8875 0.589321 
2.895 0.554624 
2.8925 0.566272 
2.9 0.531143 
2.8975 0.542911 
2.905 0.507496 
2.9025 0.519334 
2.91 0.483787 
2.9075 0.495643 
2.915 0.460119 
2.9125 0.471941 
2.92 0.436595 
2.9175 0.448333 
2.925 0.413316 
2.9225 0.424919 
2.93 0.390377 
2.9275 0.401798 
2.935 0.367869 
2.9325 0.379064 
2.94 0.345876 
2.9375 0.356803 
2.945 0.324471 
2.9425 0.335096 
2.95 0.303723 
2.9475 0.314011 
2.955 0.283687 
2.9525 0.293613 
2.96 0.264409 
2.9575 0.273951 
2.965 0.245929 
2.9625 0.255068 
2.97 0.228272 
2.9675 0.236996 
2.975 0.211457 
2.9725 0.219758 
2.98 0.195494 
2.9775 0.203369 
2.985 0.180384 
2.9825 0.187833 
2.99 0.166123 
2.9875 0.173148 
2.995 0.152699 
2.9925 0.159308 
3 0.140095 
2.9975 0.146296 
3.005 0.128288 
3.0025 0.134093 
3.01 0.117255 
3.0075 0.122677 
3.015 0.106967 
3.0125 0.11202 
3.02 0.0973929 
3.0175 0.102092 
3.025 0.0885017 
3.0225 0.092864 
3.03 0.0802606 
3.0275 0.084302 
3.035 0.0726363 
3.0325 0.0763734 
3.04 0.0655958 
3.0375 0.0690451 
3.045 0.0591064 
3.0425 0.0622842 
3.05 0.0531362 
3.0475 0.0560584 
3.055 0.0476543 
3.0525 0.0503361 
3.06 0.0426307 
3.0575 0.045087 
3.065 0.038037 
3.0625 0.0402819 
3.07 0.0338456 
3.0675 0.0358926 
3.075 0.0300307 
3.0725 0.0318927 
3.08 0.0265674 
3.0775 0.0282566 
3.085 0.0234322 
3.0825 0.0249602 
3.09 0.0206026 
3.0875 0.0219806 
3.095 0.0180572 
3.0925 0.0192957 
3.1 0.0157754 
3.0975 0.0168846 
3.105 0.0137374 
3.1025 0.0147271 
3.11 0.0119242 
3.1075 0.0128038 
3.115 0.0103174 
3.1125 0.0110961 
3.12 0.00889934 
3.1175 0.00958585 
3.125 0.00765302 
3.1225 0.00825575 
3.13 0.00656211 
3.1275 0.00708913 
3.135 0.00561107 
3.1325 0.00607004 
3.14 0.00478523 
3.1375 0.00518338 
3.145 0.00407079 
3.1425 0.00441491 
3.15 0.00345494 
3.1475 0.0037513 
3.155 0.00292585 
3.1525 0.00318025 
3.16 0.00247275 
3.1575 0.00269044 
3.165 0.00208585 
3.1625 0.00227159 
3.17 0.00175637 
3.1675 0.00191444 
3.175 0.00147649 
3.1725 0.00161068 
3.18 0.00123929 
3.1775 0.00135296 
3.185 0.00103869 
3.1825 0.00113477 
3.19 0.000869369 
3.1875 0.000950424 
3.195 0.000726706 
3.1925 0.000794969 
3.2 0.000606704 
3.1975 0.0006641 
3.205 0.00050592 
3.2025 0.000554105 
3.21 0.000421398 
3.2075 0.000461793 
3.215 0.00035061 
3.2125 0.00038443 
3.22 0.000291402 
3.2175 0.00031968 
3.225 0.000241939 
3.2225 0.000265555 
3.23 0.000200666 
3.2275 0.000220366 
3.235 0.000166266 
3.2325 0.000182681 
3.24 0.000137625 
3.2375 0.000151288 
3.245 0.000113806 
3.2425 0.000125166 
3.25 9.40161e-05 
3.2475 0.000103451 
3.255 7.75915e-05 
3.2525 8.54203e-05 
3.26 6.39736e-05 
3.2575 7.04629e-05 
3.265 5.26942e-05 
3.2625 5.80677e-05 
3.27 4.33609e-05 
3.2675 4.78061e-05 
3.275 3.56457e-05 
3.2725 3.93193e-05 
3.28 2.92745e-05 
3.2775 3.23074e-05 
3.285 2.40182e-05 
3.2825 2.65197e-05 
3.29 1.96861e-05 
3.2875 2.17472e-05 
3.295 1.61193e-05 
3.2925 1.78159e-05 
3.3 1.31855e-05 
3.2975 1.45806e-05 
3.305 1.07748e-05 
3.3025 1.19208e-05 
3.31 8.79585e-06 
3.3075 9.73638e-06 
3.315 7.17306e-06 
3.3125 7.94413e-06 
3.32 5.84367e-06 
3.3175 6.47516e-06 
3.325 4.75573e-06 
3.3225 5.27239e-06 
3.33 3.86633e-06 
3.3275 4.28859e-06 
3.335 3.13997e-06 
3.3325 3.48473e-06 
3.34 2.5474e-06 
3.3375 2.82858e-06 
3.345 2.06447e-06 
3.3425 2.29356e-06 
3.35 1.67132e-06 
3.3475 1.85777e-06 
3.355 1.35159e-06 
3.3525 1.50318e-06 
3.36 1.09186e-06 
3.3575 1.21496e-06 
3.365 8.81086e-07 
3.3625 9.80958e-07 
3.37 7.10231e-07 
3.3675 7.91165e-07 
3.375 5.71884e-07 
3.3725 6.37401e-07 
3.38 4.59982e-07 
3.3775 5.1296e-07 
3.385 3.69571e-07 
3.3825 4.12362e-07 
3.39 2.96602e-07 
3.3875 3.31128e-07 
3.395 2.37777e-07 
3.3925 2.65603e-07 
3.4 1.90407e-07 
3.3975 2.12807e-07 
3.405 1.52304e-07 
3.4025 1.70317e-07 
3.41 1.21689e-07 
3.4075 1.36158e-07 
3.415 9.71194e-08 
3.4125 1.08728e-07 
3.42 7.74228e-08 
3.4175 8.67258e-08 
3.425 6.16511e-08 
3.4225 6.90981e-08 
3.43 4.90365e-08 
3.4275 5.49909e-08 
3.435 3.89586e-08 
3.4325 4.37142e-08 
3.44 3.09166e-08 
3.4375 3.47104e-08 
3.445 2.45066e-08 
3.4425 2.75295e-08 
3.45 1.94033e-08 
3.4475 2.18092e-08 
3.455 1.5345e-08 
3.4525 1.72577e-08 
3.46 1.21216e-08 
3.4575 1.36404e-08 
3.465 9.56422e-09 
3.4625 1.07688e-08 
3.47 7.53765e-09 
3.4675 8.4919e-09 
3.475 5.9336e-09 
3.4725 6.68867e-09 
3.48 4.66548e-09 
3.4775 5.26223e-09 
3.485 3.6641e-09 
3.4825 4.13518e-09 
3.49 2.8743e-09 
3.4875 3.24573e-09 
3.495 2.2521e-09 
3.4925 2.54462e-09 
3.5 1.76253e-09 
3.4975 1.99262e-09 
3.505 1.37777e-09 
3.5025 1.55854e-09 
3.51 1.07573e-09 
3.5075 1.2176e-09 
3.515 8.38924e-10 
3.5125 9.50116e-10 
3.52 6.53476e-10 
3.5175 7.40524e-10 
3.525 5.08423e-10 
3.5225 5.76489e-10 
3.53 3.95101e-10 
3.5275 4.4826e-10 
3.535 3.06675e-10 
3.5325 3.48142e-10 
3.54 2.37758e-10 
3.5375 2.70066e-10 
3.545 1.8411e-10 
3.5425 2.09252e-10 
3.55 1.42399e-10 
3.5475 1.61941e-10 
3.555 1.10007e-10 
3.5525 1.25178e-10 
3.56 8.48832e-11 
3.5575 9.66463e-11 
3.565 6.54194e-11 
3.5625 7.45294e-11 
3.57 5.03589e-11 
3.5675 5.74057e-11 
3.575 3.87195e-11 
3.5725 4.41638e-11 
3.58 2.9735e-11 
3.5775 3.39362e-11 
3.585 2.28082e-11 
3.5825 2.60461e-11 
3.59 1.74742e-11 
3.5875 1.99667e-11 
3.595 1.33717e-11 
3.5925 1.52882e-11 
3.6 1.02202e-11 
3.5975 1.1692e-11 
3.605 7.80222e-12 
3.6025 8.93106e-12 
3.61 5.94921e-12 
3.6075 6.814e-12 
3.615 4.5309e-12 
3.6125 5.19261e-12 
3.62 3.44662e-12 
3.6175 3.95232e-12 
3.625 2.6187e-12 
3.6225 3.00471e-12 
3.63 1.98729e-12 
3.6275 2.28158e-12 
3.635 1.50633e-12 
3.6325 1.73043e-12 
3.64 1.14042e-12 
3.6375 1.31086e-12 
3.645 8.62369e-13 
3.6425 9.91842e-13 
3.65 6.51337e-13 
3.6475 7.49571e-13 
3.655 4.91363e-13 
3.6525 5.65805e-13 
3.66 3.7024e-13 
3.6575 4.26586e-13 
3.665 2.78644e-13 
3.6625 3.2124e-13 
3.67 2.0946e-13 
3.6675 2.41623e-13 
3.675 1.57267e-13 
3.6725 1.81524e-13 
3.68 1.1794e-13 
3.6775 1.36211e-13 
3.685 8.83426e-14 
3.6825 1.02089e-13 
3.69 6.60944e-14 
3.6875 7.64241e-14 
3.695 4.93909e-14 
3.6925 5.71437e-14 
3.7 3.68651e-14 
3.6975 4.2677e-14 
3.705 2.74835e-14 
3.7025 3.18351e-14 
3.71 2.04652e-14 
3.7075 2.37195e-14 
3.715 1.52212e-14 
3.7125 1.7652e-14 
3.72 1.13076e-14 
3.7175 1.31211e-14 
3.725 8.39035e-15 
3.7225 9.74175e-15 
3.73 6.21843e-15 
3.7275 7.22424e-15 
3.735 4.60332e-15 
3.7325 5.35104e-15 
3.74 3.40372e-15 
3.7375 3.9589e-15 
3.745 2.51378e-15 
3.7425 2.92551e-15 
3.75 1.85436e-15 
3.7475 2.15934e-15 
3.755 1.36632e-15 
3.7525 1.59197e-15 
3.76 1.00555e-15 
3.7575 1.1723e-15 
3.765 7.39185e-16 
3.7625 8.62264e-16 
3.77 5.42746e-16 
3.7675 6.33484e-16 
3.775 3.98048e-16 
3.7725 4.64865e-16 
3.78 2.9159e-16 
3.7775 3.40734e-16 
3.785 2.13358e-16 
3.7825 2.4946e-16 
3.79 1.55935e-16 
3.7875 1.82426e-16 
3.795 1.13836e-16 
3.7925 1.33252e-16 
3.8 8.30078e-17 
3.7975 9.72209e-17 
3.805 6.04591e-17 
3.8025 7.08517e-17 
3.81 4.39855e-17 
3.8075 5.15757e-17 
3.815 3.19643e-17 
3.8125 3.75013e-17 
3.82 2.32022e-17 
3.8175 2.72368e-17 
3.825 1.6823e-17 
3.8225 1.97595e-17 
3.83 1.21841e-17 
3.8275 1.43188e-17 
3.835 8.81453e-18 
3.8325 1.03646e-17 
3.84 6.36977e-18 
3.8375 7.49409e-18 
3.845 4.59802e-18 
3.8425 5.41258e-18 
3.85 3.31546e-18 
3.8475 3.90493e-18 
3.855 2.38807e-18 
3.8525 2.81417e-18 
3.86 1.71824e-18 
3.8575 2.02591e-18 
3.865 1.23498e-18 
3.8625 1.45689e-18 
3.87 8.86712e-19 
3.8675 1.04659e-18 
3.875 6.35998e-19 
3.8725 7.51056e-19 
3.88 4.55709e-19 
3.8775 5.38423e-19 
3.885 3.26202e-19 
3.8825 3.85601e-19 
3.89 2.33272e-19 
3.8875 2.75882e-19 
3.895 1.66657e-19 
3.8925 1.97193e-19 
3.9 1.18955e-19 
3.8975 1.40815e-19 
3.905 8.48307e-20 
3.9025 1.00464e-19 
3.91 6.04436e-20 
3.9075 7.16134e-20 
3.915 4.3032e-20 
3.9125 5.10048e-20 
3.92 3.06123e-20 
3.9175 3.62979e-20 
3.925 2.17613e-20 
3.9225 2.58122e-20 
3.93 1.54591e-20 
3.9275 1.83428e-20 
3.935 1.09755e-20 
3.9325 1.30266e-20 
3.94 7.78813e-21 
3.9375 9.24596e-21 
3.945 5.52396e-21 
3.9425 6.55935e-21 
3.95 3.91667e-21 
3.9475 4.65154e-21 
3.955 2.77638e-21 
3.9525 3.29765e-21 
3.96 1.96783e-21 
3.9575 2.3374e-21 
3.965 1.39477e-21 
3.9625 1.65668e-21 
3.97 9.88761e-22 
3.9675 1.1743e-21 
3.975 7.01171e-22 
3.9725 8.3259e-22 
3.98 4.97488e-22 
3.9775 5.90563e-22 
3.985 3.53229e-22 
3.9825 4.19151e-22 
3.99 2.5104e-22 
3.9875 2.97741e-22 
3.995 1.78628e-22 
3.9925 2.11724e-22 
4 1.27288e-22 
3.9975 1.50757e-22 
4.005 9.08619e-23 
4.0025 1.07518e-22 
4.01 6.49919e-23 
4.0075 7.68243e-23 
4.015 4.65965e-23 
4.0125 5.50133e-23 
4.02 3.34965e-23 
4.0175 3.9493e-23 
4.025 2.41509e-23 
4.0225 2.84311e-23 
4.03 1.74699e-23 
4.0275 2.05316e-23 
4.035 1.26823e-23 
4.0325 1.48779e-23 
4.04 9.24221e-24 
4.0375 1.0821e-23 
4.045 6.7628e-24 
4.0425 7.9017e-24 
4.05 4.96979e-24 
4.0475 5.79418e-24 
4.055 3.66841e-24 
4.0525 4.26737e-24 
4.06 2.72014e-24 
4.0575 3.15706e-24 
4.065 2.02627e-24 
4.0625 2.34635e-24 
4.07 1.51633e-24 
4.0675 1.75185e-24 
4.075 1.13985e-24 
4.0725 1.31394e-24 
4.08 8.60611e-25 
4.0775 9.89899e-25 
4.085 6.52526e-25 
4.0825 7.48992e-25 
4.09 4.96739e-25 
4.0875 5.6905e-25 
4.095 3.79569e-25 
4.0925 4.34021e-25 
4.1 2.9105e-25 
4.0975 3.32235e-25 
4.105 2.2389e-25 
4.1025 2.55172e-25 
4.11 1.72727e-25 
4.1075 1.96583e-25 
4.115 1.33604e-25 
4.1125 1.51864e-25 
4.12 1.03581e-25 
4.1175 1.17607e-25 
4.125 8.04684e-26 
4.1225 9.12746e-26 
4.13 6.26228e-26 
4.1275 7.09724e-26 
4.135 4.88081e-26 
4.1325 5.52759e-26 
4.14 3.80892e-26 
4.1375 4.31105e-26 
4.145 2.97555e-26 
4.1425 3.36614e-26 
4.15 2.32649e-26 
4.1475 2.63082e-26 
4.155 1.82022e-26 
4.1525 2.05769e-26 
4.16 1.42484e-26 
4.1575 1.61035e-26 
4.165 1.11574e-26 
4.1625 1.2608e-26 
4.17 8.73889e-27 
4.1675 9.87415e-27 
4.175 6.84537e-27 
4.1725 7.73433e-27 
4.18 5.36214e-27 
4.1775 6.05856e-27 
4.185 4.19992e-27 
4.1825 4.74565e-27 
4.19 3.28903e-27 
4.1875 3.71677e-27 
4.195 2.57507e-27 
4.1925 2.91034e-27 
4.2 2.01546e-27 
4.1975 2.27824e-27 
4.205 1.57689e-27 
4.2025 1.78283e-27 
4.21 1.23324e-27 
4.2075 1.39459e-27 
4.215 9.64029e-28 
4.2125 1.09042e-27 
4.22 7.53209e-28 
4.2175 8.52178e-28 
4.225 5.88174e-28 
4.2225 6.65641e-28 
4.23 4.59038e-28 
4.2275 5.19647e-28 
4.235 3.5804e-28 
4.2325 4.05436e-28 
4.24 2.79089e-28 
4.2375 3.16134e-28 
4.245 2.17406e-28 
4.2425 2.46344e-28 
4.25 1.69243e-28 
4.2475 1.91834e-28 
4.255 1.31658e-28 
4.2525 1.49285e-28 
4.26 1.02348e-28 
4.2575 1.16092e-28 
4.265 7.95061e-29 
4.2625 9.02152e-29 
4.27 6.17162e-29 
4.2675 7.0055e-29 
4.275 4.7871e-29 
4.2725 5.43596e-29 
4.28 3.71035e-29 
4.2775 4.21487e-29 
4.285 2.87356e-29 
4.2825 3.26557e-29 
4.29 2.22374e-29 
4.2875 2.5281e-29 
4.295 1.7195e-29 
4.2925 1.95563e-29 
4.3 1.32853e-29 
4.2975 1.51158e-29 
4.305 1.02562e-29 
4.3025 1.16741e-29 
4.31 7.91126e-30 
4.3075 9.00867e-30 
4.315 6.09737e-30 
4.3125 6.94606e-30 
4.32 4.69543e-30 
4.3175 5.35123e-30 
4.325 3.61277e-30 
4.3225 4.11911e-30 
4.33 2.77737e-30 
4.3275 3.16798e-30 
4.335 2.13331e-30 
4.3325 2.43439e-30 
4.34 1.63719e-30 
4.3375 1.86906e-30 
4.345 1.25534e-30 
4.3425 1.43376e-30 
4.35 9.61712e-31 
4.3475 1.09888e-30 
4.355 7.36111e-31 
4.3525 8.41475e-31 
4.36 5.6293e-31 
4.3575 6.43793e-31 
4.365 4.30106e-31 
4.3625 4.9211e-31 
4.37 3.28326e-31 
4.3675 3.75828e-31 
4.375 2.50404e-31 
4.3725 2.86762e-31 
4.38 1.90802e-31 
4.3775 2.18605e-31 
4.385 1.45253e-31 
4.3825 1.66495e-31 
4.39 1.10476e-31 
4.3875 1.26691e-31 
4.395 8.39473e-32 
4.3925 9.63132e-32 
4.4 6.37299e-32 
4.3975 7.31517e-32 
4.405 4.83364e-32 
4.4025 5.55083e-32 
4.41 3.66267e-32 
4.4075 4.20809e-32 
4.415 2.77275e-32 
4.4125 3.18716e-32 
4.42 2.09708e-32 
4.4175 2.41164e-32 
4.425 1.58455e-32 
4.4225 1.8231e-32 
4.43 1.19614e-32 
4.4275 1.37688e-32 
4.435 9.02079e-33 
4.4325 1.03888e-32 
4.44 6.79656e-33 
4.4375 7.83101e-33 
4.445 5.11583e-33 
4.4425 5.8973e-33 
4.45 3.847e-33 
4.4475 4.4368e-33 
4.455 2.89007e-33 
4.4525 3.33478e-33 
4.46 2.16906e-33 
4.4575 2.50404e-33 
4.465 1.62634e-33 
4.4625 1.87842e-33 
4.47 1.21823e-33 
4.4675 1.40774e-33 
4.475 9.11627e-34 
4.4725 1.05396e-33 
4.48 6.81522e-34 
4.4775 7.88316e-34 
4.485 5.08996e-34 
4.4825 5.89046e-34 
4.49 3.79769e-34 
4.4875 4.39713e-34 
4.495 2.83071e-34 
4.4925 3.27914e-34 
4.5 2.10785e-34 
4.4975 2.44298e-34 
4.505 1.56802e-34 
4.5025 1.81823e-34 
4.51 1.16528e-34 
4.5075 1.3519e-34 
4.515 8.65122e-35 
4.5125 1.00417e-34 
4.52 6.41635e-35 
4.5175 7.45136e-35 
4.525 4.75405e-35 
4.5225 5.52368e-35 
4.53 3.51887e-35 
4.5275 4.09059e-35 
4.535 2.60199e-35 
4.5325 3.02627e-35 
4.54 1.92207e-35 
4.5375 2.23661e-35 
4.545 1.41839e-35 
4.5425 1.65134e-35 
4.55 1.04564e-35 
4.5475 1.21799e-35 
4.555 7.70071e-36 
4.5525 8.9745e-36 
4.56 5.66549e-36 
4.5575 6.60598e-36 
4.565 4.16393e-36 
4.5625 4.85762e-36 
4.57 3.05723e-36 
4.5675 3.56836e-36 
4.575 2.24238e-36 
4.5725 2.61862e-36 
4.58 1.64305e-36 
4.5775 1.9197e-36 
4.585 1.20267e-36 
4.5825 1.40589e-36 
4.59 8.79425e-37 
4.5875 1.02855e-36 
4.595 6.42403e-37 
4.5925 7.51721e-37 
4.6 4.68783e-37 
4.5975 5.48836e-37 
4.605 3.41736e-37 
4.6025 4.00299e-37 
4.61 2.48865e-37 
4.6075 2.91663e-37 
4.615 1.81047e-37 
4.6125 2.12291e-37 
4.62 1.31575e-37 
4.6175 1.54361e-37 
4.625 9.55234e-38 
4.6225 1.12123e-37 
4.63 6.92785e-38 
4.6275 8.13593e-38 
4.635 5.01926e-38 
4.6325 5.89756e-38 
4.64 3.63273e-38 
4.6375 4.27061e-38 
4.645 2.62651e-38 
4.6425 3.0893e-38 
4.65 1.89705e-38 
4.6475 2.23245e-38 
4.655 1.36876e-38 
4.6525 1.6116e-38 
4.66 9.86574e-39 
4.6575 1.1622e-38 
4.665 7.10367e-39 
4.6625 8.37259e-39 
4.67 5.1096e-39 
4.6675 6.02543e-39 
4.675 3.67149e-39 
4.6725 4.33179e-39 
4.68 2.63541e-39 
4.6775 3.11099e-39 
4.685 1.88975e-39 
4.6825 2.23192e-39 
4.69 1.35366e-39 
4.6875 1.5996e-39 
4.695 9.68652e-40 
4.6925 1.14523e-39 
4.7 6.92429e-40 
4.6975 8.19077e-40 
4.705 4.94461e-40 
4.7025 5.85204e-40 
4.71 3.52728e-40 
4.7075 4.17676e-40 
4.715 2.5136e-40 
4.7125 2.97798e-40 
4.72 1.78939e-40 
4.7175 2.12106e-40 
4.725 1.27251e-40 
4.7225 1.50916e-40 
4.73 9.03997e-41 
4.7275 1.07267e-40 
4.735 6.41539e-41 
4.7325 7.61637e-41 
4.74 4.54809e-41 
4.7375 5.4023e-41 
4.745 3.22095e-41 
4.7425 3.82789e-41 
4.75 2.27871e-41 
4.7475 2.7095e-41 
4.755 1.61043e-41 
4.7525 1.91588e-41 
4.76 1.13696e-41 
4.7575 1.35331e-41 
4.765 8.01864e-42 
4.7625 9.54942e-42 
4.77 5.64942e-42 
4.7675 6.7314e-42 
4.775 3.97609e-42 
4.7725 4.74005e-42 
4.78 2.7955e-42 
4.7775 3.33435e-42 
4.785 1.96341e-42 
4.7825 2.34308e-42 
4.79 1.37757e-42 
4.7875 1.64481e-42 
4.795 9.65528e-43 
4.7925 1.15343e-42 
4.8 6.76031e-43 
4.7975 8.08013e-43 
4.805 4.72845e-43 
4.8025 5.65451e-43 
4.81 3.30385e-43 
4.8075 3.95296e-43 
4.815 2.30607e-43 
4.8125 2.76057e-43 
4.82 1.60796e-43 
4.8175 1.92587e-43 
4.825 1.12003e-43 
4.8225 1.34216e-43 
4.83 7.79348e-44 
4.8275 9.34398e-44 
4.835 5.41733e-44 
4.8325 6.49846e-44 
4.84 3.76175e-44 
4.8375 4.51481e-44 
4.845 2.60943e-44 
4.8425 3.13343e-44 
4.85 1.80823e-44 
4.8475 2.17246e-44 
4.855 1.25173e-44 
4.8525 1.50464e-44 
4.86 8.65605e-45 
4.8575 1.04104e-44 
4.865 5.97972e-45 
4.8625 7.19536e-45 
4.87 4.12661e-45 
4.8675 4.96809e-45 
4.875 2.84484e-45 
4.8725 3.42671e-45 
4.88 1.95918e-45 
4.8775 2.36112e-45 
4.885 1.34786e-45 
4.8825 1.62521e-45 
4.89 9.26328e-46 
4.8875 1.11752e-45 
4.895 6.35973e-46 
4.8925 7.67632e-46 
4.9 4.3618e-46 
4.8975 5.26749e-46 
4.905 2.98845e-46 
4.9025 3.61083e-46 
4.91 2.0454e-46 
4.9075 2.47265e-46 
4.915 1.39851e-46 
4.9125 1.6915e-46 
4.92 9.55226e-47 
4.9175 1.15594e-46 
4.925 6.51781e-47 
4.9225 7.89141e-47 
4.93 4.44277e-47 
4.9275 5.38181e-47 
4.935 3.02527e-47 
4.9325 3.66656e-47 
4.94 2.05796e-47 
4.9375 2.49546e-47 
4.945 1.39858e-47 
4.9425 1.69672e-47 
4.95 9.49593e-48 
4.9475 1.15254e-47 
4.955 6.44235e-48 
4.9525 7.8221e-48 
4.96 4.36848e-48 
4.9575 5.30515e-48 
4.965 2.96256e-48 
4.9625 3.59717e-48 
4.97 2.01211e-48 
4.9675 2.4407e-48 
4.975 1.37275e-48 
4.9725 1.66052e-48 
4.98 9.46833e-49 
4.9775 1.1378e-48 
4.985 6.69035e-49 
4.9825 7.92524e-49 
4.99 4.9655e-49 
4.9875 5.71609e-49 
4.995 4.02711e-49 
4.9925 4.40954e-49 
5 3.7297e-49 
4.9975 3.8033e-49 
