0 1.30041e-15 
0.005 1.309e-15 
0.0025 1.30255e-15 
0.01 1.33483e-15 
0.0075 1.31976e-15 
0.015 1.37806e-15 
0.0125 1.35426e-15 
0.02 1.43895e-15 
0.0175 1.40628e-15 
0.025 1.51784e-15 
0.0225 1.47612e-15 
0.03 1.6152e-15 
0.0275 1.56418e-15 
0.035 1.73157e-15 
0.0325 1.67097e-15 
0.04 1.86759e-15 
0.0375 1.79708e-15 
0.045 2.02399e-15 
0.0425 1.9432e-15 
0.05 2.20156e-15 
0.0475 2.11007e-15 
0.055 2.40116e-15 
0.0525 2.29855e-15 
0.06 2.62373e-15 
0.0575 2.50951e-15 
0.065 2.87025e-15 
0.0625 2.74393e-15 
0.07 3.14174e-15 
0.0675 3.00281e-15 
0.075 3.43924e-15 
0.0725 3.28717e-15 
0.08 3.76383e-15 
0.0775 3.59809e-15 
0.085 4.11657e-15 
0.0825 3.93662e-15 
0.09 4.49851e-15 
0.0875 4.30383e-15 
0.095 4.91067e-15 
0.0925 4.70075e-15 
0.1 5.35402e-15 
0.0975 5.12839e-15 
0.105 5.82947e-15 
0.1025 5.58768e-15 
0.11 6.33783e-15 
0.1075 6.07949e-15 
0.115 6.87981e-15 
0.1125 6.60458e-15 
0.12 7.45597e-15 
0.1175 7.16359e-15 
0.125 8.06674e-15 
0.1225 7.75701e-15 
0.13 8.71237e-15 
0.1275 8.38519e-15 
0.135 9.39289e-15 
0.1325 9.04827e-15 
0.14 1.01081e-14 
0.1375 9.74619e-15 
0.145 1.08577e-14 
0.1425 1.04786e-14 
0.15 1.16408e-14 
0.1475 1.12451e-14 
0.155 1.24566e-14 
0.1525 1.20447e-14 
0.16 1.33037e-14 
0.1575 1.28763e-14 
0.165 1.41806e-14 
0.1625 1.37385e-14 
0.17 1.50853e-14 
0.1675 1.46296e-14 
0.175 1.60155e-14 
0.1725 1.55473e-14 
0.18 1.69686e-14 
0.1775 1.64893e-14 
0.185 1.79415e-14 
0.1825 1.74528e-14 
0.19 1.89311e-14 
0.1875 1.84345e-14 
0.195 1.99334e-14 
0.1925 1.94309e-14 
0.2 2.09446e-14 
0.1975 2.04381e-14 
0.205 2.19601e-14 
0.2025 2.14521e-14 
0.21 2.29755e-14 
0.2075 2.24681e-14 
0.215 2.39857e-14 
0.2125 2.34816e-14 
0.22 2.49857e-14 
0.2175 2.44873e-14 
0.225 2.59701e-14 
0.2225 2.54802e-14 
0.23 2.69336e-14 
0.2275 2.64548e-14 
0.235 2.78706e-14 
0.2325 2.74058e-14 
0.24 2.87757e-14 
0.2375 2.83275e-14 
0.245 2.96436e-14 
0.2425 2.92147e-14 
0.25 3.04691e-14 
0.2475 3.0062e-14 
0.255 3.12473e-14 
0.2525 3.08644e-14 
0.26 3.19736e-14 
0.2575 3.16172e-14 
0.265 3.26441e-14 
0.2625 3.23161e-14 
0.27 3.32553e-14 
0.2675 3.29573e-14 
0.275 3.38043e-14 
0.2725 3.35377e-14 
0.28 3.42893e-14 
0.2775 3.40549e-14 
0.285 3.4709e-14 
0.2825 3.45074e-14 
0.29 3.50635e-14 
0.2875 3.48944e-14 
0.295 3.53535e-14 
0.2925 3.52164e-14 
0.3 3.55812e-14 
0.2975 3.5475e-14 
0.305 3.57499e-14 
0.3025 3.56727e-14 
0.31 3.58642e-14 
0.3075 3.58135e-14 
0.315 3.59297e-14 
0.3125 3.59026e-14 
0.32 3.59537e-14 
0.3175 3.59464e-14 
0.325 3.59444e-14 
0.3225 3.59526e-14 
0.33 3.59114e-14 
0.3275 3.59302e-14 
0.335 3.58655e-14 
0.3325 3.58894e-14 
0.34 3.58183e-14 
0.3375 3.58412e-14 
0.345 3.57826e-14 
0.3425 3.57982e-14 
0.35 3.57721e-14 
0.3475 3.57733e-14 
0.355 3.58009e-14 
0.3525 3.57807e-14 
0.36 3.5884e-14 
0.3575 3.58347e-14 
0.365 3.60366e-14 
0.3625 3.59506e-14 
0.37 3.62743e-14 
0.3675 3.61438e-14 
0.375 3.66129e-14 
0.3725 3.643e-14 
0.38 3.70683e-14 
0.3775 3.6825e-14 
0.385 3.76566e-14 
0.3825 3.73449e-14 
0.39 3.83936e-14 
0.3875 3.80055e-14 
0.395 3.92956e-14 
0.3925 3.8823e-14 
0.4 4.03788e-14 
0.3975 3.98136e-14 
0.405 4.16597e-14 
0.4025 4.09935e-14 
0.41 4.31553e-14 
0.4075 4.23796e-14 
0.415 4.4883e-14 
0.4125 4.3989e-14 
0.42 4.68613e-14 
0.4175 4.58396e-14 
0.425 4.91099e-14 
0.4225 4.79505e-14 
0.43 5.16496e-14 
0.4275 5.0342e-14 
0.435 5.45035e-14 
0.4325 5.30358e-14 
0.44 5.76967e-14 
0.4375 5.6056e-14 
0.445 6.12569e-14 
0.4425 5.94291e-14 
0.45 6.5215e-14 
0.4475 6.31841e-14 
0.455 6.96055e-14 
0.4525 6.73538e-14 
0.46 7.44673e-14 
0.4575 7.19749e-14 
0.465 7.9844e-14 
0.4625 7.70884e-14 
0.47 8.57849e-14 
0.4675 8.27406e-14 
0.475 9.23456e-14 
0.4725 8.8984e-14 
0.48 9.95889e-14 
0.4775 9.58776e-14 
0.485 1.07586e-13 
0.4825 1.03488e-13 
0.49 1.16418e-13 
0.4875 1.11892e-13 
0.495 1.26175e-13 
0.4925 1.21174e-13 
0.5 1.36961e-13 
0.4975 1.31432e-13 
0.505 1.48894e-13 
0.5025 1.42776e-13 
0.51 1.62107e-13 
0.5075 1.55331e-13 
0.515 1.7675e-13 
0.5125 1.69239e-13 
0.52 1.92994e-13 
0.5175 1.8466e-13 
0.525 2.11033e-13 
0.5225 2.01776e-13 
0.53 2.31088e-13 
0.5275 2.20794e-13 
0.535 2.53408e-13 
0.5325 2.41948e-13 
0.54 2.78274e-13 
0.5375 2.65504e-13 
0.545 3.06008e-13 
0.5425 2.91761e-13 
0.55 3.36971e-13 
0.5475 3.21061e-13 
0.555 3.71575e-13 
0.5525 3.5379e-13 
0.56 4.10284e-13 
0.5575 3.90385e-13 
0.565 4.53624e-13 
0.5625 4.31339e-13 
0.57 5.0219e-13 
0.5675 4.77213e-13 
0.575 5.56656e-13 
0.5725 5.2864e-13 
0.58 6.17782e-13 
0.5775 5.86335e-13 
0.585 6.8643e-13 
0.5825 6.51108e-13 
0.59 7.63572e-13 
0.5875 7.23873e-13 
0.595 8.50307e-13 
0.5925 8.05666e-13 
0.6 9.47878e-13 
0.5975 8.97654e-13 
0.605 1.05769e-12 
0.6025 1.00116e-12 
0.61 1.18132e-12 
0.6075 1.11767e-12 
0.615 1.32057e-12 
0.6125 1.24887e-12 
0.62 1.47745e-12 
0.6175 1.39667e-12 
0.625 1.65425e-12 
0.6225 1.56321e-12 
0.63 1.85356e-12 
0.6275 1.75092e-12 
0.635 2.07827e-12 
0.6325 1.96254e-12 
0.64 2.33169e-12 
0.6375 2.20117e-12 
0.645 2.61752e-12 
0.6425 2.4703e-12 
0.65 2.93996e-12 
0.6475 2.77388e-12 
0.655 3.30374e-12 
0.6525 3.11636e-12 
0.66 3.71422e-12 
0.6575 3.50278e-12 
0.665 4.17742e-12 
0.6625 3.93882e-12 
0.67 4.70018e-12 
0.6675 4.4309e-12 
0.675 5.29018e-12 
0.6725 4.98625e-12 
0.68 5.95612e-12 
0.6775 5.61307e-12 
0.685 6.70782e-12 
0.6825 6.32059e-12 
0.69 7.55636e-12 
0.6875 7.11924e-12 
0.695 8.51427e-12 
0.6925 8.0208e-12 
0.7 9.59567e-12 
0.6975 9.03858e-12 
0.705 1.08165e-11 
0.7025 1.01876e-11 
0.71 1.21949e-11 
0.7075 1.14848e-11 
0.715 1.3751e-11 
0.7125 1.29493e-11 
0.72 1.5508e-11 
0.7175 1.46029e-11 
0.725 1.74918e-11 
0.7225 1.64698e-11 
0.73 1.97316e-11 
0.7275 1.85777e-11 
0.735 2.22606e-11 
0.7325 2.09578e-11 
0.74 2.51162e-11 
0.7375 2.36451e-11 
0.745 2.83405e-11 
0.7425 2.66794e-11 
0.75 3.19813e-11 
0.7475 3.01056e-11 
0.755 3.60922e-11 
0.7525 3.39743e-11 
0.76 4.07342e-11 
0.7575 3.83427e-11 
0.765 4.59758e-11 
0.7625 4.32754e-11 
0.77 5.18946e-11 
0.7675 4.88453e-11 
0.775 5.8578e-11 
0.7725 5.51348e-11 
0.78 6.6125e-11 
0.7775 6.22369e-11 
0.785 7.46471e-11 
0.7825 7.02566e-11 
0.79 8.42703e-11 
0.7875 7.93126e-11 
0.795 9.51372e-11 
0.7925 8.95387e-11 
0.8 1.07408e-10 
0.7975 1.01086e-10 
0.805 1.21265e-10 
0.8025 1.14126e-10 
0.81 1.36913e-10 
0.8075 1.28851e-10 
0.815 1.54583e-10 
0.8125 1.4548e-10 
0.82 1.74537e-10 
0.8175 1.64257e-10 
0.825 1.9707e-10 
0.8225 1.85461e-10 
0.83 2.22516e-10 
0.8275 2.09407e-10 
0.835 2.51251e-10 
0.8325 2.36447e-10 
0.84 2.837e-10 
0.8375 2.66982e-10 
0.845 3.20344e-10 
0.8425 3.01465e-10 
0.85 3.61724e-10 
0.8475 3.40405e-10 
0.855 4.08455e-10 
0.8525 3.8438e-10 
0.86 4.61227e-10 
0.8575 4.34039e-10 
0.865 5.20821e-10 
0.8625 4.90118e-10 
0.87 5.8812e-10 
0.8675 5.53448e-10 
0.875 6.64121e-10 
0.8725 6.24966e-10 
0.88 7.49948e-10 
0.8775 7.0573e-10 
0.885 8.46872e-10 
0.8825 7.96937e-10 
0.89 9.56329e-10 
0.8875 8.99937e-10 
0.895 1.07994e-09 
0.8925 1.01626e-09 
0.9 1.21953e-09 
0.8975 1.14762e-09 
0.905 1.37718e-09 
0.9025 1.29596e-09 
0.91 1.55521e-09 
0.9075 1.46349e-09 
0.915 1.75627e-09 
0.9125 1.65268e-09 
0.92 1.98332e-09 
0.9175 1.86634e-09 
0.925 2.23974e-09 
0.9225 2.10764e-09 
0.93 2.52933e-09 
0.9275 2.38013e-09 
0.935 2.85637e-09 
0.9325 2.68788e-09 
0.94 3.2257e-09 
0.9375 3.03542e-09 
0.945 3.64281e-09 
0.9425 3.42791e-09 
0.95 4.11386e-09 
0.9475 3.87117e-09 
0.955 4.64585e-09 
0.9525 4.37177e-09 
0.96 5.24664e-09 
0.9575 4.93711e-09 
0.965 5.92516e-09 
0.9625 5.57559e-09 
0.97 6.69144e-09 
0.9675 6.29665e-09 
0.975 7.55686e-09 
0.9725 7.11099e-09 
0.98 8.53422e-09 
0.9775 8.03068e-09 
0.985 9.63803e-09 
0.9825 9.06934e-09 
0.99 1.08846e-08 
0.9875 1.02424e-08 
0.995 1.22925e-08 
0.9925 1.15672e-08 
1 1.38826e-08 
0.9975 1.30634e-08 
1.005 1.56783e-08 
1.0025 1.47531e-08 
1.01 1.77064e-08 
1.0075 1.66615e-08 
1.015 1.99969e-08 
1.0125 1.88168e-08 
1.02 2.25838e-08 
1.0175 2.1251e-08 
1.025 2.55055e-08 
1.0225 2.40002e-08 
1.03 2.88051e-08 
1.0275 2.71051e-08 
1.035 3.25318e-08 
1.0325 3.06118e-08 
1.04 3.67407e-08 
1.0375 3.45722e-08 
1.045 4.14943e-08 
1.0425 3.90452e-08 
1.05 4.68631e-08 
1.0475 4.4097e-08 
1.055 5.29266e-08 
1.0525 4.98026e-08 
1.06 5.9775e-08 
1.0575 5.62466e-08 
1.065 6.75096e-08 
1.0625 6.35247e-08 
1.07 7.62454e-08 
1.0675 7.17446e-08 
1.075 8.61118e-08 
1.0725 8.10285e-08 
1.08 9.72553e-08 
1.0775 9.1514e-08 
1.085 1.09841e-07 
1.0825 1.03357e-07 
1.09 1.24056e-07 
1.0875 1.16732e-07 
1.095 1.40111e-07 
1.0925 1.31839e-07 
1.1 1.58245e-07 
1.0975 1.48902e-07 
1.105 1.78726e-07 
1.1025 1.68174e-07 
1.11 2.01858e-07 
1.1075 1.8994e-07 
1.115 2.27985e-07 
1.1125 2.14524e-07 
1.12 2.57494e-07 
1.1175 2.42291e-07 
1.125 2.90825e-07 
1.1225 2.73653e-07 
1.13 3.2847e-07 
1.1275 3.09075e-07 
1.135 3.70991e-07 
1.1325 3.49084e-07 
1.14 4.19016e-07 
1.1375 3.94273e-07 
1.145 4.73261e-07 
1.1425 4.45313e-07 
1.15 5.3453e-07 
1.1475 5.02963e-07 
1.155 6.03733e-07 
1.1525 5.68078e-07 
1.16 6.81899e-07 
1.1575 6.41626e-07 
1.165 7.70187e-07 
1.1625 7.24699e-07 
1.17 8.69911e-07 
1.1675 8.18531e-07 
1.175 9.8255e-07 
1.1725 9.24516e-07 
1.18 1.10978e-06 
1.1775 1.04423e-06 
1.185 1.25349e-06 
1.1825 1.17945e-06 
1.19 1.41582e-06 
1.1875 1.33218e-06 
1.195 1.59917e-06 
1.1925 1.5047e-06 
1.2 1.80629e-06 
1.1975 1.69958e-06 
1.205 2.04023e-06 
1.2025 1.9197e-06 
1.21 2.30449e-06 
1.2075 2.16834e-06 
1.215 2.60299e-06 
1.2125 2.4492e-06 
1.22 2.94018e-06 
1.2175 2.76645e-06 
1.225 3.32106e-06 
1.2225 3.12482e-06 
1.23 3.75132e-06 
1.2275 3.52964e-06 
1.235 4.23734e-06 
1.2325 3.98693e-06 
1.24 4.78637e-06 
1.2375 4.50349e-06 
1.245 5.40659e-06 
1.2425 5.08703e-06 
1.25 6.10722e-06 
1.2475 5.74623e-06 
1.255 6.89871e-06 
1.2525 6.49091e-06 
1.26 7.79286e-06 
1.2575 7.33216e-06 
1.265 8.80299e-06 
1.2625 8.28253e-06 
1.27 9.94416e-06 
1.2675 9.35618e-06 
1.275 1.12334e-05 
1.2725 1.05691e-05 
1.28 1.269e-05 
1.2775 1.19395e-05 
1.285 1.43356e-05 
1.2825 1.34877e-05 
1.29 1.61949e-05 
1.2875 1.52369e-05 
1.295 1.82956e-05 
1.2925 1.72132e-05 
1.3 2.06691e-05 
1.2975 1.94461e-05 
1.305 2.3351e-05 
1.3025 2.19691e-05 
1.31 2.63815e-05 
1.3075 2.482e-05 
1.315 2.98058e-05 
1.3125 2.80414e-05 
1.32 3.36755e-05 
1.3175 3.16815e-05 
1.325 3.80485e-05 
1.3225 3.57952e-05 
1.33 4.29905e-05 
1.3275 4.0444e-05 
1.335 4.8576e-05 
1.3325 4.56978e-05 
1.34 5.48888e-05 
1.3375 5.16358e-05 
1.345 6.20242e-05 
1.3425 5.83473e-05 
1.35 7.00898e-05 
1.3475 6.59335e-05 
1.355 7.92076e-05 
1.3525 7.4509e-05 
1.36 8.95154e-05 
1.3575 8.42034e-05 
1.365 0.000101169 
1.3625 9.51636e-05 
1.37 0.000114347 
1.3675 0.000107556 
1.375 0.000129248 
1.3725 0.000121568 
1.38 0.000146099 
1.3775 0.000137414 
1.385 0.000165159 
1.3825 0.000155336 
1.39 0.000186718 
1.3875 0.000175606 
1.395 0.000211109 
1.3925 0.000198537 
1.4 0.000238705 
1.3975 0.000224481 
1.405 0.000269933 
1.4025 0.000253836 
1.41 0.000305277 
1.4075 0.000287058 
1.415 0.000345284 
1.4125 0.00032466 
1.42 0.00039058 
1.4175 0.000367229 
1.425 0.000441871 
1.4225 0.000415428 
1.43 0.000499965 
1.4275 0.000470013 
1.435 0.000565777 
1.4325 0.000531844 
1.44 0.00064035 
1.4375 0.000601897 
1.445 0.00072487 
1.4425 0.000681286 
1.45 0.000820691 
1.4475 0.000771276 
1.455 0.000929352 
1.4525 0.000873312 
1.46 0.00105261 
1.4575 0.000989037 
1.465 0.00119247 
1.4625 0.00112033 
1.47 0.00135121 
1.4675 0.00126932 
1.475 0.00153145 
1.4725 0.00143847 
1.48 0.00173617 
1.4775 0.00163055 
1.485 0.00196877 
1.4825 0.00184875 
1.49 0.00223315 
1.4875 0.00209672 
1.495 0.00253374 
1.4925 0.00237861 
1.5 0.00287566 
1.4975 0.00269919 
1.505 0.0032647 
1.5025 0.00306389 
1.51 0.00370752 
1.5075 0.00347893 
1.515 0.00421172 
1.5125 0.00395143 
1.52 0.004786 
1.5175 0.00448951 
1.525 0.00544027 
1.5225 0.00510246 
1.53 0.00618587 
1.5275 0.00580089 
1.535 0.00703572 
1.5325 0.00659689 
1.54 0.00800452 
1.5375 0.00750425 
1.545 0.009109 
1.5425 0.00853867 
1.55 0.0103682 
1.5475 0.00971796 
1.555 0.0118035 
1.5525 0.0110623 
1.56 0.0134393 
1.5575 0.0125947 
1.565 0.0153029 
1.5625 0.0143408 
1.57 0.017425 
1.5675 0.0163296 
1.575 0.0198399 
1.5725 0.0185935 
1.58 0.0225857 
1.5775 0.0211689 
1.585 0.0257045 
1.5825 0.0240957 
1.59 0.0292428 
1.5875 0.0274182 
1.595 0.0332509 
1.5925 0.0311848 
1.6 0.0377837 
1.5975 0.0354482 
1.605 0.0428998 
1.6025 0.040265 
1.61 0.0486613 
1.6075 0.0456958 
1.615 0.0551336 
1.6125 0.0518045 
1.62 0.0623842 
1.6175 0.0586574 
1.625 0.0704816 
1.6225 0.0663227 
1.63 0.0794947 
1.6275 0.0748695 
1.635 0.0894904 
1.6325 0.0843656 
1.64 0.100533 
1.6375 0.094877 
1.645 0.112681 
1.6425 0.106465 
1.65 0.125987 
1.6475 0.119186 
1.655 0.140493 
1.6525 0.133088 
1.66 0.156232 
1.6575 0.148207 
1.665 0.173223 
1.6625 0.164571 
1.67 0.19147 
1.6675 0.18219 
1.675 0.210961 
1.6725 0.201062 
1.68 0.231668 
1.6775 0.221165 
1.685 0.253544 
1.6825 0.242464 
1.69 0.276523 
1.6875 0.2649 
1.695 0.300521 
1.6925 0.288401 
1.7 0.325439 
1.6975 0.312872 
1.705 0.351158 
1.7025 0.338206 
1.71 0.377548 
1.7075 0.364278 
1.715 0.404464 
1.7125 0.390949 
1.72 0.431756 
1.7175 0.418073 
1.725 0.459264 
1.7225 0.445493 
1.73 0.486828 
1.7275 0.473049 
1.735 0.514289 
1.7325 0.500582 
1.74 0.541493 
1.7375 0.527933 
1.745 0.568291 
1.7425 0.554951 
1.75 0.594547 
1.7475 0.581495 
1.755 0.620137 
1.7525 0.607432 
1.76 0.644952 
1.7575 0.632648 
1.765 0.668899 
1.7625 0.65704 
1.77 0.691901 
1.7675 0.680523 
1.775 0.713897 
1.7725 0.703028 
1.78 0.734844 
1.7775 0.724504 
1.785 0.754711 
1.7825 0.744913 
1.79 0.773485 
1.7875 0.764235 
1.795 0.791164 
1.7925 0.782461 
1.8 0.807757 
1.7975 0.799596 
1.805 0.823284 
1.8025 0.815653 
1.81 0.837772 
1.8075 0.830656 
1.815 0.851255 
1.8125 0.844637 
1.82 0.863772 
1.8175 0.857632 
1.825 0.875367 
1.8225 0.869682 
1.83 0.886085 
1.8275 0.880833 
1.835 0.895974 
1.8325 0.89113 
1.84 0.905082 
1.8375 0.900623 
1.845 0.913458 
1.8425 0.909358 
1.85 0.921148 
1.8475 0.917386 
1.855 0.9282 
1.8525 0.924751 
1.86 0.934659 
1.8575 0.931501 
1.865 0.940569 
1.8625 0.93768 
1.87 0.945969 
1.8675 0.94333 
1.875 0.9509 
1.8725 0.948491 
1.88 0.955399 
1.8775 0.953202 
1.885 0.959501 
1.8825 0.957498 
1.89 0.963237 
1.8875 0.961413 
1.895 0.966639 
1.8925 0.964978 
1.9 0.969734 
1.8975 0.968223 
1.905 0.972549 
1.9025 0.971175 
1.91 0.975107 
1.9075 0.973858 
1.915 0.977432 
1.9125 0.976297 
1.92 0.979543 
1.9175 0.978513 
1.925 0.98146 
1.9225 0.980525 
1.93 0.9832 
1.9275 0.982352 
1.935 0.984779 
1.9325 0.984009 
1.94 0.986211 
1.9375 0.985513 
1.945 0.98751 
1.9425 0.986877 
1.95 0.988688 
1.9475 0.988114 
1.955 0.989756 
1.9525 0.989235 
1.96 0.990723 
1.9575 0.990251 
1.965 0.9916 
1.9625 0.991172 
1.97 0.992395 
1.9675 0.992007 
1.975 0.993115 
1.9725 0.992764 
1.98 0.993767 
1.9775 0.993449 
1.985 0.994357 
1.9825 0.994069 
1.99 0.994892 
1.9875 0.994631 
1.995 0.995377 
1.9925 0.99514 
2 0.995815 
1.9975 0.995601 
2.005 0.996212 
2.0025 0.996019 
2.01 0.996572 
2.0075 0.996397 
2.015 0.996898 
2.0125 0.996739 
2.02 0.997192 
2.0175 0.997049 
2.025 0.997459 
2.0225 0.997329 
2.03 0.9977 
2.0275 0.997583 
2.035 0.997919 
2.0325 0.997812 
2.04 0.998117 
2.0375 0.99802 
2.045 0.998296 
2.0425 0.998209 
2.05 0.998458 
2.0475 0.998379 
2.055 0.998605 
2.0525 0.998533 
2.06 0.998737 
2.0575 0.998673 
2.065 0.998857 
2.0625 0.998799 
2.07 0.998966 
2.0675 0.998913 
2.075 0.999064 
2.0725 0.999016 
2.08 0.999153 
2.0775 0.99911 
2.085 0.999234 
2.0825 0.999194 
2.09 0.999307 
2.0875 0.999271 
2.095 0.999372 
2.0925 0.99934 
2.1 0.999432 
2.0975 0.999403 
2.105 0.999486 
2.1025 0.99946 
2.11 0.999535 
2.1075 0.999511 
2.115 0.999579 
2.1125 0.999557 
2.12 0.999619 
2.1175 0.999599 
2.125 0.999655 
2.1225 0.999637 
2.13 0.999687 
2.1275 0.999671 
2.135 0.999717 
2.1325 0.999702 
2.14 0.999743 
2.1375 0.99973 
2.145 0.999768 
2.1425 0.999756 
2.15 0.999789 
2.1475 0.999779 
2.155 0.999809 
2.1525 0.999799 
2.16 0.999827 
2.1575 0.999818 
2.165 0.999843 
2.1625 0.999835 
2.17 0.999857 
2.1675 0.99985 
2.175 0.99987 
2.1725 0.999864 
2.18 0.999882 
2.1775 0.999876 
2.185 0.999892 
2.1825 0.999887 
2.19 0.999901 
2.1875 0.999897 
2.195 0.99991 
2.1925 0.999906 
2.2 0.999917 
2.1975 0.999914 
2.205 0.999924 
2.2025 0.999921 
2.21 0.99993 
2.2075 0.999927 
2.215 0.999935 
2.2125 0.999933 
2.22 0.99994 
2.2175 0.999938 
2.225 0.999944 
2.2225 0.999942 
2.23 0.999947 
2.2275 0.999946 
2.235 0.99995 
2.2325 0.999949 
2.24 0.999953 
2.2375 0.999951 
2.245 0.999955 
2.2425 0.999954 
2.25 0.999956 
2.2475 0.999955 
2.255 0.999957 
2.2525 0.999957 
2.26 0.999958 
2.2575 0.999958 
2.265 0.999958 
2.2625 0.999958 
2.27 0.999958 
2.2675 0.999958 
2.275 0.999958 
2.2725 0.999958 
2.28 0.999957 
2.2775 0.999957 
2.285 0.999955 
2.2825 0.999956 
2.29 0.999954 
2.2875 0.999955 
2.295 0.999951 
2.2925 0.999953 
2.3 0.999949 
2.2975 0.99995 
2.305 0.999946 
2.3025 0.999947 
2.31 0.999942 
2.3075 0.999944 
2.315 0.999938 
2.3125 0.99994 
2.32 0.999933 
2.3175 0.999936 
2.325 0.999928 
2.3225 0.999931 
2.33 0.999922 
2.3275 0.999925 
2.335 0.999916 
2.3325 0.999919 
2.34 0.999908 
2.3375 0.999912 
2.345 0.9999 
2.3425 0.999904 
2.35 0.999891 
2.3475 0.999896 
2.355 0.999881 
2.3525 0.999886 
2.36 0.99987 
2.3575 0.999875 
2.365 0.999857 
2.3625 0.999864 
2.37 0.999844 
2.3675 0.999851 
2.375 0.999829 
2.3725 0.999836 
2.38 0.999812 
2.3775 0.999821 
2.385 0.999794 
2.3825 0.999803 
2.39 0.999774 
2.3875 0.999784 
2.395 0.999752 
2.3925 0.999763 
2.4 0.999727 
2.3975 0.99974 
2.405 0.9997 
2.4025 0.999714 
2.41 0.999671 
2.4075 0.999686 
2.415 0.999638 
2.4125 0.999655 
2.42 0.999603 
2.4175 0.999621 
2.425 0.999563 
2.4225 0.999583 
2.43 0.99952 
2.4275 0.999542 
2.435 0.999472 
2.4325 0.999497 
2.44 0.99942 
2.4375 0.999447 
2.445 0.999363 
2.4425 0.999392 
2.45 0.9993 
2.4475 0.999332 
2.455 0.99923 
2.4525 0.999266 
2.46 0.999154 
2.4575 0.999193 
2.465 0.99907 
2.4625 0.999113 
2.47 0.998977 
2.4675 0.999025 
2.475 0.998876 
2.4725 0.998928 
2.48 0.998764 
2.4775 0.998822 
2.485 0.998642 
2.4825 0.998705 
2.49 0.998507 
2.4875 0.998576 
2.495 0.998359 
2.4925 0.998435 
2.5 0.998196 
2.4975 0.998279 
2.505 0.998017 
2.5025 0.998109 
2.51 0.99782 
2.5075 0.997921 
2.515 0.997604 
2.5125 0.997715 
2.52 0.997366 
2.5175 0.997488 
2.525 0.997105 
2.5225 0.997239 
2.53 0.996818 
2.5275 0.996965 
2.535 0.996502 
2.5325 0.996664 
2.54 0.996156 
2.5375 0.996333 
2.545 0.995775 
2.5425 0.99597 
2.55 0.995356 
2.5475 0.99557 
2.555 0.994896 
2.5525 0.995131 
2.56 0.99439 
2.5575 0.994649 
2.565 0.993835 
2.5625 0.994119 
2.57 0.993225 
2.5675 0.993537 
2.575 0.992555 
2.5725 0.992898 
2.58 0.991819 
2.5775 0.992195 
2.585 0.99101 
2.5825 0.991424 
2.59 0.990123 
2.5875 0.990577 
2.595 0.989148 
2.5925 0.989647 
2.6 0.988078 
2.5975 0.988625 
2.605 0.986903 
2.6025 0.987504 
2.61 0.985614 
2.6075 0.986274 
2.615 0.984199 
2.6125 0.984923 
2.62 0.982647 
2.6175 0.983441 
2.625 0.980945 
2.6225 0.981816 
2.63 0.979079 
2.6275 0.980034 
2.635 0.977033 
2.6325 0.978079 
2.64 0.974791 
2.6375 0.975937 
2.645 0.972334 
2.6425 0.97359 
2.65 0.969644 
2.6475 0.97102 
2.655 0.9667 
2.6525 0.968205 
2.66 0.963479 
2.6575 0.965125 
2.665 0.959956 
2.6625 0.961757 
2.67 0.956106 
2.6675 0.958074 
2.675 0.951901 
2.6725 0.95405 
2.68 0.947312 
2.6775 0.949656 
2.685 0.942306 
2.6825 0.944863 
2.69 0.936852 
2.6875 0.939637 
2.695 0.930914 
2.6925 0.933946 
2.7 0.924456 
2.6975 0.927753 
2.705 0.917441 
2.7025 0.921021 
2.71 0.909829 
2.7075 0.913712 
2.715 0.901581 
2.7125 0.905787 
2.72 0.892657 
2.7175 0.897206 
2.725 0.883016 
2.7225 0.887929 
2.73 0.87262 
2.7275 0.877915 
2.735 0.861431 
2.7325 0.867127 
2.74 0.849411 
2.7375 0.855527 
2.745 0.836528 
2.7425 0.843079 
2.75 0.822753 
2.7475 0.829754 
2.755 0.808062 
2.7525 0.815524 
2.76 0.792436 
2.7575 0.800367 
2.765 0.775865 
2.7625 0.784269 
2.77 0.758345 
2.7675 0.767223 
2.775 0.739884 
2.7725 0.749231 
2.78 0.720498 
2.7775 0.730305 
2.785 0.700216 
2.7825 0.710467 
2.79 0.679079 
2.7875 0.689752 
2.795 0.657138 
2.7925 0.668205 
2.8 0.634458 
2.7975 0.645886 
2.805 0.611115 
2.8025 0.622864 
2.81 0.587197 
2.8075 0.599222 
2.815 0.562802 
2.8125 0.575053 
2.82 0.538035 
2.8175 0.550458 
2.825 0.51301 
2.8225 0.525547 
2.83 0.487845 
2.8275 0.500438 
2.835 0.462661 
2.8325 0.475248 
2.84 0.437579 
2.8375 0.450099 
2.845 0.412717 
2.8425 0.425113 
2.85 0.388192 
2.8475 0.400406 
2.855 0.364111 
2.8525 0.376089 
2.86 0.340576 
2.8575 0.352269 
2.865 0.317678 
2.8625 0.329042 
2.87 0.295497 
2.8675 0.306493 
2.875 0.274102 
2.8725 0.284697 
2.88 0.253552 
2.8775 0.263718 
2.885 0.233892 
2.8825 0.243608 
2.89 0.215156 
2.8875 0.224406 
2.895 0.197367 
2.8925 0.206142 
2.9 0.180538 
2.8975 0.188832 
2.905 0.164674 
2.9025 0.172486 
2.91 0.14977 
2.9075 0.157103 
2.915 0.135814 
2.9125 0.142674 
2.92 0.122788 
2.9175 0.129186 
2.925 0.11067 
2.9225 0.116617 
2.93 0.0994324 
2.9275 0.104943 
2.935 0.0890458 
2.9325 0.0941347 
2.94 0.0794776 
2.9375 0.0841615 
2.945 0.0706936 
2.9425 0.0749897 
2.95 0.0626583 
2.9475 0.0665846 
2.955 0.0553355 
2.9525 0.0589102 
2.96 0.0486883 
2.9575 0.0519298 
2.965 0.0426792 
2.9625 0.0456063 
2.97 0.0372706 
2.9675 0.0399022 
2.975 0.0324245 
2.9725 0.0347796 
2.98 0.0281029 
2.9775 0.0302006 
2.985 0.0242676 
2.9825 0.0261269 
2.99 0.0208805 
2.9875 0.0225204 
2.995 0.017904 
2.9925 0.0193433 
3 0.0153011 
2.9975 0.0165581 
3.005 0.0130357 
3.0025 0.0141284 
3.01 0.011073 
3.0075 0.0120186 
3.015 0.00938017 
3.0125 0.0101949 
3.02 0.00792603 
3.0175 0.00862512 
3.025 0.00668172 
3.0225 0.00727935 
3.03 0.00562075 
3.0275 0.00612988 
3.035 0.00471903 
3.0325 0.00515139 
3.04 0.00395492 
3.0375 0.00432103 
3.045 0.00330916 
3.0425 0.00361836 
3.05 0.00276472 
3.0475 0.00302525 
3.055 0.00230671 
3.0525 0.00252576 
3.06 0.00192216 
3.0575 0.00210599 
3.065 0.00159985 
3.0625 0.00175386 
3.07 0.00133015 
3.0675 0.00145897 
3.075 0.00110479 
3.0725 0.0012124 
3.08 0.00091674 
3.0775 0.0010065 
3.085 0.000760005 
3.0825 0.000834794 
3.09 0.00062952 
3.0875 0.000691765 
3.095 0.000521002 
3.0925 0.000572755 
3.1 0.000430842 
3.0975 0.000473829 
3.105 0.000356004 
3.1025 0.000391677 
3.11 0.000293938 
3.1075 0.000323516 
3.115 0.00024251 
3.1125 0.000267013 
3.12 0.00019993 
3.1175 0.000220213 
3.125 0.000164704 
3.1225 0.000181481 
3.13 0.000135585 
3.1275 0.000149451 
3.135 0.000111533 
3.1325 0.000122983 
3.14 9.16802e-05 
3.1375 0.00010113 
3.145 7.53064e-05 
3.1425 8.30985e-05 
3.15 6.18118e-05 
3.1475 6.82324e-05 
3.155 5.06982e-05 
3.1525 5.59849e-05 
3.16 4.15523e-05 
3.1575 4.59022e-05 
3.165 3.40312e-05 
3.1625 3.76076e-05 
3.17 2.78508e-05 
3.1675 3.07891e-05 
3.175 2.27758e-05 
3.1725 2.51881e-05 
3.18 1.86117e-05 
3.1775 2.05906e-05 
3.185 1.51974e-05 
3.1825 1.68197e-05 
3.19 1.24e-05 
3.1875 1.37289e-05 
3.195 1.01099e-05 
3.1925 1.11976e-05 
3.2 8.23636e-06 
3.1975 9.12604e-06 
3.205 6.70483e-06 
3.2025 7.43196e-06 
3.21 5.45384e-06 
3.2075 6.04766e-06 
3.215 4.43278e-06 
3.2125 4.91736e-06 
3.22 3.60004e-06 
3.2175 3.99516e-06 
3.225 2.92141e-06 
3.2225 3.24335e-06 
3.23 2.36882e-06 
3.2275 2.63091e-06 
3.235 1.9192e-06 
3.2325 2.1324e-06 
3.24 1.55366e-06 
3.2375 1.72696e-06 
3.245 1.25672e-06 
3.2425 1.39746e-06 
3.25 1.01569e-06 
3.2475 1.12991e-06 
3.255 8.20216e-07 
3.2525 9.1283e-07 
3.26 6.61809e-07 
3.2575 7.36844e-07 
3.265 5.33549e-07 
3.2625 5.9429e-07 
3.27 4.29784e-07 
3.2675 4.78914e-07 
3.275 3.45906e-07 
3.2725 3.85611e-07 
3.28 2.78161e-07 
3.2775 3.10222e-07 
3.285 2.23492e-07 
3.2825 2.49359e-07 
3.29 1.79413e-07 
3.2875 2.00265e-07 
3.295 1.43904e-07 
3.2925 1.60698e-07 
3.3 1.15321e-07 
3.2975 1.28836e-07 
3.305 9.23354e-08 
3.3025 1.03202e-07 
3.31 7.38661e-08 
3.3075 8.25951e-08 
3.315 5.90389e-08 
3.3125 6.60449e-08 
3.32 4.7146e-08 
3.3175 5.27642e-08 
3.325 3.76154e-08 
3.3225 4.21166e-08 
3.33 2.99844e-08 
3.3275 3.35876e-08 
3.335 2.38801e-08 
3.3325 2.67617e-08 
3.34 1.90013e-08 
3.3375 2.13038e-08 
3.345 1.51055e-08 
3.3425 1.69437e-08 
3.35 1.19975e-08 
3.3475 1.34637e-08 
3.355 9.52033e-09 
3.3525 1.06886e-08 
3.36 7.54766e-09 
3.3575 8.47777e-09 
3.365 5.97822e-09 
3.3625 6.71803e-09 
3.37 4.73075e-09 
3.3675 5.31864e-09 
3.375 3.74011e-09 
3.3725 4.20685e-09 
3.38 2.95415e-09 
3.3775 3.32436e-09 
3.385 2.33118e-09 
3.3825 2.62455e-09 
3.39 1.83786e-09 
3.3875 2.07012e-09 
3.395 1.44757e-09 
3.3925 1.63127e-09 
3.4 1.13909e-09 
3.3975 1.28425e-09 
3.405 8.95493e-10 
3.4025 1.01009e-09 
3.41 7.03325e-10 
3.4075 7.93707e-10 
3.415 5.5187e-10 
3.4125 6.23085e-10 
3.42 4.32616e-10 
3.4175 4.88676e-10 
3.425 3.38808e-10 
3.4225 3.82895e-10 
3.43 2.65087e-10 
3.4275 2.99725e-10 
3.435 2.07208e-10 
3.4325 2.34395e-10 
3.44 1.6181e-10 
3.4375 1.83129e-10 
3.445 1.26237e-10 
3.4425 1.42938e-10 
3.45 9.83899e-11 
3.4475 1.11461e-10 
3.455 7.66114e-11 
3.4525 8.68308e-11 
3.46 5.95958e-11 
3.4575 6.75781e-11 
3.465 4.63145e-11 
3.4625 5.25434e-11 
3.47 3.59581e-11 
3.4675 4.0814e-11 
3.475 2.78905e-11 
3.4725 3.16722e-11 
3.48 2.16119e-11 
3.4775 2.45542e-11 
3.485 1.67304e-11 
3.4825 1.90174e-11 
3.49 1.2939e-11 
3.4875 1.47148e-11 
3.495 9.99702e-12 
3.4925 1.13746e-11 
3.5 7.71647e-12 
3.4975 8.78408e-12 
3.505 5.95039e-12 
3.5025 6.77695e-12 
3.51 4.58407e-12 
3.5075 5.22336e-12 
3.515 3.52805e-12 
3.5125 4.02202e-12 
3.52 2.71268e-12 
3.5175 3.09399e-12 
3.525 2.08373e-12 
3.5225 2.37778e-12 
3.53 1.59907e-12 
3.5275 1.8256e-12 
3.535 1.22595e-12 
3.5325 1.4003e-12 
3.54 9.38996e-13 
3.5375 1.07305e-12 
3.545 7.18519e-13 
3.5425 8.21489e-13 
3.55 5.49286e-13 
3.5475 6.28302e-13 
3.555 4.19514e-13 
3.5525 4.8009e-13 
3.56 3.20098e-13 
3.5575 3.66492e-13 
3.565 2.44013e-13 
3.5625 2.7951e-13 
3.57 1.85839e-13 
3.5675 2.12973e-13 
3.575 1.41402e-13 
3.5725 1.62123e-13 
3.58 1.07492e-13 
3.5775 1.23301e-13 
3.585 8.16394e-14 
3.5825 9.36885e-14 
3.59 6.19484e-14 
3.5875 7.11234e-14 
3.595 4.69647e-14 
3.5925 5.39446e-14 
3.6 3.55737e-14 
3.5975 4.08787e-14 
3.605 2.6922e-14 
3.6025 3.09502e-14 
3.61 2.03568e-14 
3.6075 2.34128e-14 
3.615 1.53796e-14 
3.6125 1.76959e-14 
3.62 1.16097e-14 
3.6175 1.33637e-14 
3.625 8.75673e-15 
3.6225 1.00838e-14 
3.63 6.59959e-15 
3.6275 7.60275e-15 
3.635 4.96998e-15 
3.6325 5.72764e-15 
3.64 3.73994e-15 
3.6375 4.3117e-15 
3.645 2.81228e-15 
3.6425 3.24339e-15 
3.65 2.11323e-15 
3.6475 2.43802e-15 
3.655 1.58687e-15 
3.6525 1.83138e-15 
3.66 1.19085e-15 
3.6575 1.37477e-15 
3.665 8.93112e-16 
3.6625 1.03136e-15 
3.67 6.69435e-16 
3.6675 7.73278e-16 
3.675 5.01511e-16 
3.6725 5.79456e-16 
3.68 3.75527e-16 
3.6775 4.33995e-16 
3.685 2.81068e-16 
3.6825 3.24898e-16 
3.69 2.10288e-16 
3.6875 2.43126e-16 
3.695 1.5728e-16 
3.6925 1.81869e-16 
3.7 1.17602e-16 
3.6975 1.36005e-16 
3.705 8.79161e-17 
3.7025 1.01683e-16 
3.71 6.57149e-17 
3.7075 7.60098e-17 
3.715 4.91172e-17 
3.7125 5.6813e-17 
3.72 3.67124e-17 
3.7175 4.24637e-17 
3.725 2.74435e-17 
3.7225 3.17407e-17 
3.73 2.05188e-17 
3.7275 2.37291e-17 
3.735 1.53459e-17 
3.7325 1.7744e-17 
3.74 1.14817e-17 
3.7375 1.32731e-17 
3.745 8.59484e-18 
3.7425 9.93323e-18 
3.75 6.43777e-18 
3.7475 7.43787e-18 
3.755 4.82557e-18 
3.7525 5.57312e-18 
3.76 3.62017e-18 
3.7575 4.17915e-18 
3.765 2.71849e-18 
3.7625 3.13669e-18 
3.77 2.04361e-18 
3.7675 2.35667e-18 
3.775 1.53813e-18 
3.7725 1.77266e-18 
3.78 1.15922e-18 
3.7775 1.33506e-18 
3.785 8.74909e-19 
3.7825 1.00689e-18 
3.79 6.61361e-19 
3.7875 7.60522e-19 
3.795 5.00771e-19 
3.7925 5.75366e-19 
3.8 3.79846e-19 
3.7975 4.36037e-19 
3.805 2.88659e-19 
3.8025 3.31049e-19 
3.81 2.1979e-19 
3.8075 2.51818e-19 
3.815 1.67689e-19 
3.8125 1.9193e-19 
3.82 1.28205e-19 
3.8175 1.46585e-19 
3.825 9.82251e-20 
3.8225 1.12188e-19 
3.83 7.54179e-20 
3.8275 8.60458e-20 
3.835 5.80318e-20 
3.8325 6.6138e-20 
3.84 4.47505e-20 
3.8375 5.09464e-20 
3.845 3.45831e-20 
3.8425 3.93291e-20 
3.85 2.67826e-20 
3.8475 3.04259e-20 
3.855 2.07847e-20 
3.8525 2.35877e-20 
3.86 1.61628e-20 
3.8575 1.8324e-20 
3.865 1.25934e-20 
3.8625 1.42634e-20 
3.87 9.83081e-21 
3.8675 1.11241e-20 
3.875 7.68813e-21 
3.8725 8.69177e-21 
3.88 6.02282e-21 
3.8775 6.80328e-21 
3.885 4.7259e-21 
3.8825 5.33403e-21 
3.89 3.71394e-21 
3.8875 4.18869e-21 
3.895 2.92286e-21 
3.8925 3.29416e-21 
3.9 2.30335e-21 
3.8975 2.59426e-21 
3.905 1.81739e-21 
3.9025 2.04568e-21 
3.91 1.43559e-21 
3.9075 1.61502e-21 
3.915 1.13518e-21 
3.9125 1.27641e-21 
3.92 8.98488e-22 
3.9175 1.00981e-21 
3.925 7.11762e-22 
3.9225 7.9961e-22 
3.93 5.6428e-22 
3.9275 6.33686e-22 
3.935 4.4767e-22 
3.9325 5.02562e-22 
3.94 3.55378e-22 
3.9375 3.98834e-22 
3.945 2.82267e-22 
3.9425 3.16699e-22 
3.95 2.24305e-22 
3.9475 2.51608e-22 
3.955 1.7832e-22 
3.9525 1.99985e-22 
3.96 1.41813e-22 
3.9575 1.59016e-22 
3.965 1.12814e-22 
3.9625 1.26481e-22 
3.97 8.97675e-23 
3.9675 1.0063e-22 
3.975 7.14436e-23 
3.9725 8.00813e-23 
3.98 5.68691e-23 
3.9775 6.374e-23 
3.985 4.52731e-23 
3.9825 5.07402e-23 
3.99 3.60444e-23 
3.9875 4.03957e-23 
3.995 2.86982e-23 
3.9925 3.21621e-23 
4 2.28494e-23 
3.9975 2.56073e-23 
4.005 1.81922e-23 
4.0025 2.03883e-23 
4.01 1.44834e-23 
4.0075 1.62323e-23 
4.015 1.15299e-23 
4.0125 1.29227e-23 
4.02 9.17768e-24 
4.0175 1.02869e-23 
4.025 7.3044e-24 
4.0225 8.18777e-24 
4.03 5.81259e-24 
4.0275 6.51606e-24 
4.035 4.62466e-24 
4.0325 5.18482e-24 
4.04 3.67879e-24 
4.0375 4.1248e-24 
4.045 2.92575e-24 
4.0425 3.28082e-24 
4.05 2.32631e-24 
4.0475 2.60895e-24 
4.055 1.84922e-24 
4.0525 2.07416e-24 
4.06 1.46958e-24 
4.0575 1.64856e-24 
4.065 1.16755e-24 
4.0625 1.30993e-24 
4.07 9.27306e-25 
4.0675 1.04055e-24 
4.075 7.36264e-25 
4.0725 8.26315e-25 
4.08 5.84385e-25 
4.0775 6.5597e-25 
4.085 4.63674e-25 
4.0825 5.20565e-25 
4.09 3.67763e-25 
4.0875 4.12962e-25 
4.095 2.91581e-25 
4.0925 3.2748e-25 
4.1 2.31089e-25 
4.0975 2.59592e-25 
4.105 1.83073e-25 
4.1025 2.05695e-25 
4.11 1.44972e-25 
4.1075 1.62921e-25 
4.115 1.14751e-25 
4.1125 1.28986e-25 
4.12 9.07892e-26 
4.1175 1.02075e-25 
4.125 7.17979e-26 
4.1225 8.07417e-26 
4.13 5.67522e-26 
4.1275 6.3837e-26 
4.135 4.48376e-26 
4.1325 5.04474e-26 
4.14 3.54066e-26 
4.1375 3.98465e-26 
4.145 2.7945e-26 
4.1425 3.14574e-26 
4.15 2.20443e-26 
4.1475 2.48215e-26 
4.155 1.73802e-26 
4.1525 1.95751e-26 
4.16 1.36954e-26 
4.1575 1.54292e-26 
4.165 1.07858e-26 
4.1625 1.21547e-26 
4.17 8.48943e-27 
4.1675 9.56964e-27 
4.175 6.67808e-27 
4.1725 7.53002e-27 
4.18 5.25008e-27 
4.1775 5.92162e-27 
4.185 4.12493e-27 
4.1825 4.65397e-27 
4.19 3.23891e-27 
4.1875 3.65545e-27 
4.195 2.5416e-27 
4.1925 2.86937e-27 
4.2 1.99314e-27 
4.1975 2.2509e-27 
4.205 1.56201e-27 
4.2025 1.7646e-27 
4.21 1.22333e-27 
4.2075 1.38245e-27 
4.215 9.57444e-28 
4.2125 1.08234e-27 
4.22 7.48834e-28 
4.2175 8.4681e-28 
4.225 5.85272e-28 
4.2225 6.62077e-28 
4.23 4.57114e-28 
4.2275 5.17284e-28 
4.235 3.56766e-28 
4.2325 4.0387e-28 
4.24 2.78246e-28 
4.2375 3.15097e-28 
4.245 2.16849e-28 
4.2425 2.45659e-28 
4.25 1.68875e-28 
4.2475 1.91382e-28 
4.255 1.31416e-28 
4.2525 1.48986e-28 
4.26 1.02189e-28 
4.2575 1.15895e-28 
4.265 7.9401e-29 
4.2625 9.00856e-29 
4.27 6.16471e-29 
4.2675 6.99698e-29 
4.275 4.78256e-29 
4.2725 5.43036e-29 
4.28 3.70737e-29 
4.2775 4.2112e-29 
4.285 2.87161e-29 
4.2825 3.26316e-29 
4.29 2.22247e-29 
4.2875 2.52652e-29 
4.295 1.71867e-29 
4.2925 1.9546e-29 
4.3 1.32799e-29 
4.2975 1.5109e-29 
4.305 1.02527e-29 
4.3025 1.16697e-29 
4.31 7.90894e-30 
4.3075 9.0058e-30 
4.315 6.09586e-30 
4.3125 6.94419e-30 
4.32 4.69445e-30 
4.3175 5.35001e-30 
4.325 3.61213e-30 
4.3225 4.11831e-30 
4.33 2.77696e-30 
4.3275 3.16747e-30 
4.335 2.13304e-30 
4.3325 2.43406e-30 
4.34 1.63701e-30 
4.3375 1.86884e-30 
4.345 1.25523e-30 
4.3425 1.43362e-30 
4.35 9.61639e-31 
4.3475 1.09879e-30 
4.355 7.36063e-31 
4.3525 8.41416e-31 
4.36 5.62899e-31 
4.3575 6.43755e-31 
4.365 4.30087e-31 
4.3625 4.92086e-31 
4.37 3.28314e-31 
4.3675 3.75812e-31 
4.375 2.50396e-31 
4.3725 2.86752e-31 
4.38 1.90796e-31 
4.3775 2.18599e-31 
4.385 1.45249e-31 
4.3825 1.66491e-31 
4.39 1.10474e-31 
4.3875 1.26688e-31 
4.395 8.39459e-32 
4.3925 9.63115e-32 
4.4 6.3729e-32 
4.3975 7.31506e-32 
4.405 4.83358e-32 
4.4025 5.55076e-32 
4.41 3.66263e-32 
4.4075 4.20805e-32 
4.415 2.77273e-32 
4.4125 3.18713e-32 
4.42 2.09706e-32 
4.4175 2.41163e-32 
4.425 1.58454e-32 
4.4225 1.82309e-32 
4.43 1.19614e-32 
4.4275 1.37687e-32 
4.435 9.02075e-33 
4.4325 1.03887e-32 
4.44 6.79654e-33 
4.4375 7.83098e-33 
4.445 5.11581e-33 
4.4425 5.89728e-33 
4.45 3.84699e-33 
4.4475 4.43679e-33 
4.455 2.89006e-33 
4.4525 3.33477e-33 
4.46 2.16906e-33 
4.4575 2.50404e-33 
4.465 1.62634e-33 
4.4625 1.87842e-33 
4.47 1.21822e-33 
4.4675 1.40773e-33 
4.475 9.11626e-34 
4.4725 1.05396e-33 
4.48 6.81521e-34 
4.4775 7.88315e-34 
4.485 5.08996e-34 
4.4825 5.89045e-34 
4.49 3.79769e-34 
4.4875 4.39713e-34 
4.495 2.83071e-34 
4.4925 3.27914e-34 
4.5 2.10785e-34 
4.4975 2.44298e-34 
4.505 1.56802e-34 
4.5025 1.81823e-34 
4.51 1.16528e-34 
4.5075 1.3519e-34 
4.515 8.65122e-35 
4.5125 1.00417e-34 
4.52 6.41635e-35 
4.5175 7.45136e-35 
4.525 4.75405e-35 
4.5225 5.52368e-35 
4.53 3.51887e-35 
4.5275 4.09059e-35 
4.535 2.60199e-35 
4.5325 3.02627e-35 
4.54 1.92207e-35 
4.5375 2.23661e-35 
4.545 1.41839e-35 
4.5425 1.65134e-35 
4.55 1.04564e-35 
4.5475 1.21799e-35 
4.555 7.70071e-36 
4.5525 8.97449e-36 
4.56 5.66549e-36 
4.5575 6.60598e-36 
4.565 4.16393e-36 
4.5625 4.85762e-36 
4.57 3.05723e-36 
4.5675 3.56836e-36 
4.575 2.24238e-36 
4.5725 2.61862e-36 
4.58 1.64305e-36 
4.5775 1.9197e-36 
4.585 1.20267e-36 
4.5825 1.40589e-36 
4.59 8.79425e-37 
4.5875 1.02855e-36 
4.595 6.42403e-37 
4.5925 7.51721e-37 
4.6 4.68783e-37 
4.5975 5.48836e-37 
4.605 3.41736e-37 
4.6025 4.00299e-37 
4.61 2.48865e-37 
4.6075 2.91663e-37 
4.615 1.81047e-37 
4.6125 2.12291e-37 
4.62 1.31575e-37 
4.6175 1.54361e-37 
4.625 9.55234e-38 
4.6225 1.12123e-37 
4.63 6.92785e-38 
4.6275 8.13593e-38 
4.635 5.01926e-38 
4.6325 5.89756e-38 
4.64 3.63273e-38 
4.6375 4.27061e-38 
4.645 2.62651e-38 
4.6425 3.0893e-38 
4.65 1.89705e-38 
4.6475 2.23245e-38 
4.655 1.36876e-38 
4.6525 1.6116e-38 
4.66 9.86574e-39 
4.6575 1.1622e-38 
4.665 7.10367e-39 
4.6625 8.37259e-39 
4.67 5.1096e-39 
4.6675 6.02543e-39 
4.675 3.67149e-39 
4.6725 4.33179e-39 
4.68 2.63541e-39 
4.6775 3.11099e-39 
4.685 1.88975e-39 
4.6825 2.23192e-39 
4.69 1.35366e-39 
4.6875 1.5996e-39 
4.695 9.68652e-40 
4.6925 1.14523e-39 
4.7 6.92429e-40 
4.6975 8.19077e-40 
4.705 4.94461e-40 
4.7025 5.85204e-40 
4.71 3.52728e-40 
4.7075 4.17676e-40 
4.715 2.5136e-40 
4.7125 2.97798e-40 
4.72 1.78939e-40 
4.7175 2.12106e-40 
4.725 1.27251e-40 
4.7225 1.50916e-40 
4.73 9.03997e-41 
4.7275 1.07267e-40 
4.735 6.41539e-41 
4.7325 7.61637e-41 
4.74 4.54809e-41 
4.7375 5.4023e-41 
4.745 3.22095e-41 
4.7425 3.82789e-41 
4.75 2.27871e-41 
4.7475 2.7095e-41 
4.755 1.61043e-41 
4.7525 1.91588e-41 
4.76 1.13696e-41 
4.7575 1.35331e-41 
4.765 8.01864e-42 
4.7625 9.54942e-42 
4.77 5.64942e-42 
4.7675 6.7314e-42 
4.775 3.97609e-42 
4.7725 4.74005e-42 
4.78 2.7955e-42 
4.7775 3.33435e-42 
4.785 1.96341e-42 
4.7825 2.34308e-42 
4.79 1.37757e-42 
4.7875 1.64481e-42 
4.795 9.65528e-43 
4.7925 1.15343e-42 
4.8 6.76031e-43 
4.7975 8.08013e-43 
4.805 4.72845e-43 
4.8025 5.65451e-43 
4.81 3.30385e-43 
4.8075 3.95296e-43 
4.815 2.30607e-43 
4.8125 2.76057e-43 
4.82 1.60796e-43 
4.8175 1.92587e-43 
4.825 1.12003e-43 
4.8225 1.34216e-43 
4.83 7.79348e-44 
4.8275 9.34398e-44 
4.835 5.41733e-44 
4.8325 6.49846e-44 
4.84 3.76175e-44 
4.8375 4.51481e-44 
4.845 2.60943e-44 
4.8425 3.13343e-44 
4.85 1.80823e-44 
4.8475 2.17246e-44 
4.855 1.25173e-44 
4.8525 1.50464e-44 
4.86 8.65605e-45 
4.8575 1.04104e-44 
4.865 5.97972e-45 
4.8625 7.19536e-45 
4.87 4.12661e-45 
4.8675 4.96809e-45 
4.875 2.84484e-45 
4.8725 3.42671e-45 
4.88 1.95918e-45 
4.8775 2.36112e-45 
4.885 1.34786e-45 
4.8825 1.62521e-45 
4.89 9.26328e-46 
4.8875 1.11752e-45 
4.895 6.35973e-46 
4.8925 7.67632e-46 
4.9 4.3618e-46 
4.8975 5.26749e-46 
4.905 2.98845e-46 
4.9025 3.61083e-46 
4.91 2.0454e-46 
4.9075 2.47265e-46 
4.915 1.39851e-46 
4.9125 1.6915e-46 
4.92 9.55226e-47 
4.9175 1.15594e-46 
4.925 6.51781e-47 
4.9225 7.89141e-47 
4.93 4.44277e-47 
4.9275 5.38181e-47 
4.935 3.02527e-47 
4.9325 3.66656e-47 
4.94 2.05796e-47 
4.9375 2.49546e-47 
4.945 1.39858e-47 
4.9425 1.69672e-47 
4.95 9.49593e-48 
4.9475 1.15254e-47 
4.955 6.44235e-48 
4.9525 7.8221e-48 
4.96 4.36848e-48 
4.9575 5.30515e-48 
4.965 2.96256e-48 
4.9625 3.59717e-48 
4.97 2.01211e-48 
4.9675 2.4407e-48 
4.975 1.37275e-48 
4.9725 1.66052e-48 
4.98 9.46833e-49 
4.9775 1.1378e-48 
4.985 6.69035e-49 
4.9825 7.92524e-49 
4.99 4.9655e-49 
4.9875 5.71609e-49 
4.995 4.02711e-49 
4.9925 4.40954e-49 
5 3.7297e-49 
4.9975 3.8033e-49 
