0 1.36102e-15 
0.005 1.37096e-15 
0.0025 1.36351e-15 
0.01 1.40085e-15 
0.0075 1.3834e-15 
0.015 1.45092e-15 
0.0125 1.42334e-15 
0.02 1.52154e-15 
0.0175 1.48363e-15 
0.025 1.61324e-15 
0.0225 1.56472e-15 
0.03 1.72669e-15 
0.0275 1.6672e-15 
0.035 1.86271e-15 
0.0325 1.79182e-15 
0.04 2.02224e-15 
0.0375 1.93947e-15 
0.045 2.20637e-15 
0.0425 2.11116e-15 
0.05 2.41633e-15 
0.0475 2.30804e-15 
0.055 2.65344e-15 
0.0525 2.5314e-15 
0.06 2.91916e-15 
0.0575 2.78263e-15 
0.065 3.21505e-15 
0.0625 3.06323e-15 
0.07 3.54276e-15 
0.0675 3.37482e-15 
0.075 3.90403e-15 
0.0725 3.71909e-15 
0.08 4.30065e-15 
0.0775 4.0978e-15 
0.085 4.7345e-15 
0.0825 4.51281e-15 
0.09 5.20747e-15 
0.0875 4.96598e-15 
0.095 5.72147e-15 
0.0925 5.45922e-15 
0.1 6.27842e-15 
0.0975 5.99446e-15 
0.105 6.88021e-15 
0.1025 6.5736e-15 
0.11 7.52869e-15 
0.1075 7.1985e-15 
0.115 8.22562e-15 
0.1125 7.87099e-15 
0.12 8.97267e-15 
0.1175 8.59278e-15 
0.125 9.77139e-15 
0.1225 9.36548e-15 
0.13 1.06231e-14 
0.1275 1.01906e-14 
0.135 1.15291e-14 
0.1325 1.10693e-14 
0.14 1.24903e-14 
0.1375 1.20027e-14 
0.145 1.35073e-14 
0.1425 1.29918e-14 
0.15 1.45806e-14 
0.1475 1.40369e-14 
0.155 1.57103e-14 
0.1525 1.51385e-14 
0.16 1.68961e-14 
0.1575 1.62963e-14 
0.165 1.81373e-14 
0.1625 1.75099e-14 
0.17 1.94329e-14 
0.1675 1.87784e-14 
0.175 2.07811e-14 
0.1725 2.01005e-14 
0.18 2.21802e-14 
0.1775 2.14745e-14 
0.185 2.36275e-14 
0.1825 2.2898e-14 
0.19 2.512e-14 
0.1875 2.43683e-14 
0.195 2.66542e-14 
0.1925 2.58821e-14 
0.2 2.82259e-14 
0.1975 2.74356e-14 
0.205 2.98307e-14 
0.2025 2.90245e-14 
0.21 3.14633e-14 
0.2075 3.06438e-14 
0.215 3.31183e-14 
0.2125 3.22884e-14 
0.22 3.47894e-14 
0.2175 3.39522e-14 
0.225 3.64704e-14 
0.2225 3.56291e-14 
0.23 3.81543e-14 
0.2275 3.73124e-14 
0.235 3.98339e-14 
0.2325 3.89951e-14 
0.24 4.1502e-14 
0.2375 4.06699e-14 
0.245 4.3151e-14 
0.2425 4.23293e-14 
0.25 4.47733e-14 
0.2475 4.39659e-14 
0.255 4.63616e-14 
0.2525 4.55721e-14 
0.26 4.79085e-14 
0.2575 4.71406e-14 
0.265 4.94071e-14 
0.2625 4.86642e-14 
0.27 5.08511e-14 
0.2675 5.01363e-14 
0.275 5.22346e-14 
0.2725 5.15507e-14 
0.28 5.35527e-14 
0.2775 5.29021e-14 
0.285 5.48013e-14 
0.2825 5.41859e-14 
0.29 5.59777e-14 
0.2875 5.53987e-14 
0.295 5.70802e-14 
0.2925 5.65382e-14 
0.3 5.81088e-14 
0.2975 5.76037e-14 
0.305 5.9065e-14 
0.3025 5.85957e-14 
0.31 5.99521e-14 
0.3075 5.95169e-14 
0.315 6.07752e-14 
0.3125 6.03712e-14 
0.32 6.15416e-14 
0.3175 6.1165e-14 
0.325 6.22605e-14 
0.3225 6.19064e-14 
0.33 6.29431e-14 
0.3275 6.26055e-14 
0.335 6.36029e-14 
0.3325 6.32749e-14 
0.34 6.42554e-14 
0.3375 6.3929e-14 
0.345 6.49181e-14 
0.3425 6.45843e-14 
0.35 6.56106e-14 
0.3475 6.52593e-14 
0.355 6.63544e-14 
0.3525 6.59747e-14 
0.36 6.71724e-14 
0.3575 6.67526e-14 
0.365 6.80894e-14 
0.3625 6.76169e-14 
0.37 6.91314e-14 
0.3675 6.85931e-14 
0.375 7.03259e-14 
0.3725 6.97079e-14 
0.38 7.17012e-14 
0.3775 7.09891e-14 
0.385 7.32869e-14 
0.3825 7.24659e-14 
0.39 7.51134e-14 
0.3875 7.41681e-14 
0.395 7.7212e-14 
0.3925 7.61267e-14 
0.4 7.96149e-14 
0.3975 7.83734e-14 
0.405 8.23555e-14 
0.4025 8.09409e-14 
0.41 8.54683e-14 
0.4075 8.38632e-14 
0.415 8.89893e-14 
0.4125 8.71755e-14 
0.42 9.29563e-14 
0.4175 9.09146e-14 
0.425 9.74092e-14 
0.4225 9.51194e-14 
0.43 1.02391e-13 
0.4275 9.98311e-14 
0.435 1.07947e-13 
0.4325 1.05094e-13 
0.44 1.14128e-13 
0.4375 1.10956e-13 
0.445 1.20989e-13 
0.4425 1.1747e-13 
0.45 1.28588e-13 
0.4475 1.24692e-13 
0.455 1.36994e-13 
0.4525 1.32686e-13 
0.46 1.46281e-13 
0.4575 1.41522e-13 
0.465 1.5653e-13 
0.4625 1.51279e-13 
0.47 1.67836e-13 
0.4675 1.62045e-13 
0.475 1.80302e-13 
0.4725 1.73917e-13 
0.48 1.94046e-13 
0.4775 1.87006e-13 
0.485 2.09201e-13 
0.4825 2.01438e-13 
0.49 2.25915e-13 
0.4875 2.17353e-13 
0.495 2.44359e-13 
0.4925 2.3491e-13 
0.5 2.64723e-13 
0.4975 2.54288e-13 
0.505 2.87224e-13 
0.5025 2.75692e-13 
0.51 3.12107e-13 
0.5075 2.99351e-13 
0.515 3.39649e-13 
0.5125 3.25527e-13 
0.52 3.70164e-13 
0.5175 3.54513e-13 
0.525 4.04007e-13 
0.5225 3.86645e-13 
0.53 4.41582e-13 
0.5275 4.22301e-13 
0.535 4.83344e-13 
0.5325 4.61909e-13 
0.54 5.2981e-13 
0.5375 5.05954e-13 
0.545 5.81564e-13 
0.5425 5.54987e-13 
0.55 6.39267e-13 
0.5475 6.09627e-13 
0.555 7.03666e-13 
0.5525 6.70579e-13 
0.56 7.75608e-13 
0.5575 7.38637e-13 
0.565 8.56047e-13 
0.5625 8.147e-13 
0.57 9.46063e-13 
0.5675 8.99785e-13 
0.575 1.04688e-12 
0.5725 9.95038e-13 
0.58 1.15987e-12 
0.5775 1.10176e-12 
0.585 1.28659e-12 
0.5825 1.22141e-12 
0.59 1.42879e-12 
0.5875 1.35564e-12 
0.595 1.58847e-12 
0.5925 1.50632e-12 
0.6 1.76786e-12 
0.5975 1.67555e-12 
0.605 1.96947e-12 
0.6025 1.86571e-12 
0.61 2.19616e-12 
0.6075 2.07949e-12 
0.615 2.45115e-12 
0.6125 2.3199e-12 
0.62 2.73804e-12 
0.6175 2.59036e-12 
0.625 3.06093e-12 
0.6225 2.89471e-12 
0.63 3.42443e-12 
0.6275 3.2373e-12 
0.635 3.83374e-12 
0.6325 3.62301e-12 
0.64 4.29471e-12 
0.6375 4.05737e-12 
0.645 4.81395e-12 
0.6425 4.5466e-12 
0.65 5.39892e-12 
0.6475 5.09772e-12 
0.655 6.05803e-12 
0.6525 5.71864e-12 
0.66 6.80075e-12 
0.6575 6.4183e-12 
0.665 7.63777e-12 
0.6625 7.20675e-12 
0.67 8.58115e-12 
0.6675 8.09536e-12 
0.675 9.64448e-12 
0.6725 9.09691e-12 
0.68 1.08431e-11 
0.6775 1.02258e-11 
0.685 1.21943e-11 
0.6825 1.14984e-11 
0.69 1.37175e-11 
0.6875 1.2933e-11 
0.695 1.54347e-11 
0.6925 1.45504e-11 
0.7 1.73708e-11 
0.6975 1.63738e-11 
0.705 1.95537e-11 
0.7025 1.84295e-11 
0.71 2.20149e-11 
0.7075 2.07474e-11 
0.715 2.47899e-11 
0.7125 2.33608e-11 
0.72 2.79189e-11 
0.7175 2.63075e-11 
0.725 3.14471e-11 
0.7225 2.96301e-11 
0.73 3.54255e-11 
0.7275 3.33766e-11 
0.735 3.99115e-11 
0.7325 3.76011e-11 
0.74 4.497e-11 
0.7375 4.23648e-11 
0.745 5.06742e-11 
0.7425 4.77365e-11 
0.75 5.71066e-11 
0.7475 5.37938e-11 
0.755 6.43601e-11 
0.7525 6.06245e-11 
0.76 7.25398e-11 
0.7575 6.83271e-11 
0.765 8.17638e-11 
0.7625 7.70133e-11 
0.77 9.21656e-11 
0.7675 8.68085e-11 
0.775 1.03896e-10 
0.7725 9.78545e-11 
0.78 1.17124e-10 
0.7775 1.10311e-10 
0.785 1.32042e-10 
0.7825 1.24359e-10 
0.79 1.48864e-10 
0.7875 1.402e-10 
0.795 1.67836e-10 
0.7925 1.58065e-10 
0.8 1.89231e-10 
0.7975 1.78212e-10 
0.805 2.13359e-10 
0.8025 2.00933e-10 
0.81 2.40569e-10 
0.8075 2.26555e-10 
0.815 2.71255e-10 
0.8125 2.55451e-10 
0.82 3.05862e-10 
0.8175 2.88039e-10 
0.825 3.4489e-10 
0.8225 3.24789e-10 
0.83 3.88904e-10 
0.8275 3.66236e-10 
0.835 4.38542e-10 
0.8325 4.12977e-10 
0.84 4.94522e-10 
0.8375 4.65691e-10 
0.845 5.57656e-10 
0.8425 5.2514e-10 
0.85 6.28857e-10 
0.8475 5.92186e-10 
0.855 7.09156e-10 
0.8525 6.67799e-10 
0.86 7.99717e-10 
0.8575 7.53075e-10 
0.865 9.01851e-10 
0.8625 8.49249e-10 
0.87 1.01704e-09 
0.8675 9.57713e-10 
0.875 1.14695e-09 
0.8725 1.08004e-09 
0.88 1.29346e-09 
0.8775 1.218e-09 
0.885 1.4587e-09 
0.8825 1.37359e-09 
0.89 1.64505e-09 
0.8875 1.54907e-09 
0.895 1.85523e-09 
0.8925 1.74698e-09 
0.9 2.09228e-09 
0.8975 1.97019e-09 
0.905 2.35962e-09 
0.9025 2.22193e-09 
0.91 2.66114e-09 
0.9075 2.50585e-09 
0.915 3.00121e-09 
0.9125 2.82606e-09 
0.92 3.38474e-09 
0.9175 3.18721e-09 
0.925 3.81732e-09 
0.9225 3.59453e-09 
0.93 4.30519e-09 
0.9275 4.05392e-09 
0.935 4.85545e-09 
0.9325 4.57205e-09 
0.94 5.47605e-09 
0.9375 5.15642e-09 
0.945 6.17601e-09 
0.9425 5.8155e-09 
0.95 6.96546e-09 
0.9475 6.55886e-09 
0.955 7.85586e-09 
0.9525 7.39727e-09 
0.96 8.86012e-09 
0.9575 8.34289e-09 
0.965 9.9928e-09 
0.9625 9.40943e-09 
0.97 1.12703e-08 
0.9675 1.06123e-08 
0.975 1.27112e-08 
0.9725 1.19691e-08 
0.98 1.43364e-08 
0.9775 1.34994e-08 
0.985 1.61694e-08 
0.9825 1.52253e-08 
0.99 1.82369e-08 
0.9875 1.7172e-08 
0.995 2.05687e-08 
0.9925 1.93677e-08 
1 2.31989e-08 
0.9975 2.18442e-08 
1.005 2.61654e-08 
1.0025 2.46375e-08 
1.01 2.95114e-08 
1.0075 2.77881e-08 
1.015 3.32854e-08 
1.0125 3.13416e-08 
1.02 3.75422e-08 
1.0175 3.53498e-08 
1.025 4.23435e-08 
1.0225 3.98706e-08 
1.03 4.7759e-08 
1.0275 4.49698e-08 
1.035 5.38673e-08 
1.0325 5.07213e-08 
1.04 6.07571e-08 
1.0375 5.72086e-08 
1.045 6.85284e-08 
1.0425 6.45258e-08 
1.05 7.7294e-08 
1.0475 7.27793e-08 
1.055 8.7181e-08 
1.0525 8.20887e-08 
1.06 9.83332e-08 
1.0575 9.25893e-08 
1.065 1.10912e-07 
1.0625 1.04433e-07 
1.07 1.25101e-07 
1.0675 1.17793e-07 
1.075 1.41105e-07 
1.0725 1.32862e-07 
1.08 1.59158e-07 
1.0775 1.4986e-07 
1.085 1.7952e-07 
1.0825 1.69033e-07 
1.09 2.02489e-07 
1.0875 1.90659e-07 
1.095 2.28397e-07 
1.0925 2.15053e-07 
1.1 2.57621e-07 
1.0975 2.42569e-07 
1.105 2.90585e-07 
1.1025 2.73607e-07 
1.11 3.27769e-07 
1.1075 3.08617e-07 
1.115 3.69712e-07 
1.1125 3.48109e-07 
1.12 4.17023e-07 
1.1175 3.92655e-07 
1.125 4.70391e-07 
1.1225 4.42904e-07 
1.13 5.30591e-07 
1.1275 4.99585e-07 
1.135 5.98498e-07 
1.1325 5.63522e-07 
1.14 6.75098e-07 
1.1375 6.35645e-07 
1.145 7.61505e-07 
1.1425 7.17e-07 
1.15 8.58975e-07 
1.1475 8.08772e-07 
1.155 9.68925e-07 
1.1525 9.12295e-07 
1.16 1.09295e-06 
1.1575 1.02907e-06 
1.165 1.23286e-06 
1.1625 1.1608e-06 
1.17 1.39069e-06 
1.1675 1.3094e-06 
1.175 1.56873e-06 
1.1725 1.47703e-06 
1.18 1.76957e-06 
1.1775 1.66613e-06 
1.185 1.99614e-06 
1.1825 1.87944e-06 
1.19 2.25172e-06 
1.1875 2.12008e-06 
1.195 2.54004e-06 
1.1925 2.39154e-06 
1.2 2.86529e-06 
1.1975 2.69777e-06 
1.205 3.23222e-06 
1.2025 3.04323e-06 
1.21 3.64615e-06 
1.2075 3.43295e-06 
1.215 4.11312e-06 
1.2125 3.8726e-06 
1.22 4.63992e-06 
1.2175 4.36858e-06 
1.225 5.23423e-06 
1.2225 4.92812e-06 
1.23 5.90471e-06 
1.2275 5.55936e-06 
1.235 6.66112e-06 
1.2325 6.27151e-06 
1.24 7.51449e-06 
1.2375 7.07494e-06 
1.245 8.47725e-06 
1.2425 7.98136e-06 
1.25 9.56345e-06 
1.2475 9.00398e-06 
1.255 1.07889e-05 
1.2525 1.01577e-05 
1.26 1.21716e-05 
1.2575 1.14594e-05 
1.265 1.37315e-05 
1.2625 1.2928e-05 
1.27 1.54916e-05 
1.2675 1.4585e-05 
1.275 1.74775e-05 
1.2725 1.64546e-05 
1.28 1.97182e-05 
1.2775 1.8564e-05 
1.285 2.22465e-05 
1.2825 2.09442e-05 
1.29 2.50993e-05 
1.2875 2.36298e-05 
1.295 2.83184e-05 
1.2925 2.66603e-05 
1.3 3.19509e-05 
1.2975 3.00798e-05 
1.305 3.605e-05 
1.3025 3.39386e-05 
1.31 4.06758e-05 
1.3075 3.8293e-05 
1.315 4.58961e-05 
1.3125 4.32071e-05 
1.32 5.17875e-05 
1.3175 4.87527e-05 
1.325 5.84366e-05 
1.3225 5.50115e-05 
1.33 6.5941e-05 
1.3275 6.20753e-05 
1.335 7.44112e-05 
1.3325 7.00479e-05 
1.34 8.3972e-05 
1.3375 7.90469e-05 
1.345 9.47642e-05 
1.3425 8.92046e-05 
1.35 0.000106947 
1.3475 0.000100671 
1.355 0.000120701 
1.3525 0.000113616 
1.36 0.000136229 
1.3575 0.00012823 
1.365 0.000153762 
1.3625 0.000144729 
1.37 0.000173559 
1.3675 0.00016336 
1.375 0.000195915 
1.3725 0.000184397 
1.38 0.000221163 
1.3775 0.000208155 
1.385 0.000249679 
1.3825 0.000234987 
1.39 0.00028189 
1.3875 0.000265294 
1.395 0.000318279 
1.3925 0.00029953 
1.4 0.000359392 
1.3975 0.000338208 
1.405 0.000405848 
1.4025 0.00038191 
1.41 0.000458348 
1.4075 0.000431295 
1.415 0.000517688 
1.4125 0.000487109 
1.42 0.000584767 
1.4175 0.000550199 
1.425 0.000660609 
1.4225 0.000621523 
1.43 0.000746371 
1.4275 0.000702171 
1.435 0.00084337 
1.4325 0.000793377 
1.44 0.000953099 
1.4375 0.000896542 
1.445 0.00107725 
1.4425 0.00101326 
1.45 0.00121776 
1.4475 0.00114533 
1.455 0.0013768 
1.4525 0.00129482 
1.46 0.00155688 
1.4575 0.00146405 
1.465 0.00176082 
1.4625 0.00165567 
1.47 0.00199183 
1.4675 0.00187272 
1.475 0.00225359 
1.4725 0.00211862 
1.48 0.00255025 
1.4775 0.00239727 
1.485 0.00288657 
1.4825 0.00271313 
1.49 0.00326795 
1.4875 0.00307126 
1.495 0.00370053 
1.4925 0.00347742 
1.5 0.00419133 
1.4975 0.00393818 
1.505 0.00474831 
1.5025 0.00446101 
1.51 0.00538053 
1.5075 0.0050544 
1.515 0.00609833 
1.5125 0.00572804 
1.52 0.00691341 
1.5175 0.00649291 
1.525 0.00783912 
1.5225 0.00736154 
1.53 0.00889056 
1.5275 0.0083481 
1.535 0.0100849 
1.5325 0.0094687 
1.54 0.0114414 
1.5375 0.0107416 
1.545 0.0129821 
1.5425 0.0121873 
1.55 0.0147316 
1.5475 0.0138291 
1.555 0.0167177 
1.5525 0.0156932 
1.56 0.0189713 
1.5575 0.017809 
1.565 0.0215272 
1.5625 0.0202092 
1.57 0.024424 
1.5675 0.0229304 
1.575 0.0277041 
1.5725 0.0260133 
1.58 0.0314147 
1.5775 0.0295025 
1.585 0.0356068 
1.5825 0.0334472 
1.59 0.0403361 
1.5875 0.0379006 
1.595 0.0456624 
1.5925 0.0429207 
1.6 0.0516493 
1.5975 0.0485691 
1.605 0.0583641 
1.6025 0.0549114 
1.61 0.0658763 
1.6075 0.0620161 
1.615 0.0742575 
1.6125 0.0699538 
1.62 0.0835795 
1.6175 0.0787965 
1.625 0.093913 
1.6225 0.0886155 
1.63 0.105326 
1.6275 0.0994804 
1.635 0.117881 
1.6325 0.111457 
1.64 0.131634 
1.6375 0.124604 
1.645 0.146631 
1.6425 0.138974 
1.65 0.162906 
1.6475 0.154607 
1.655 0.18048 
1.6525 0.17153 
1.66 0.199356 
1.6575 0.189755 
1.665 0.21952 
1.6625 0.209278 
1.67 0.240939 
1.6675 0.230076 
1.675 0.263558 
1.6725 0.252103 
1.68 0.287303 
1.6775 0.275296 
1.685 0.31208 
1.6825 0.299569 
1.69 0.337773 
1.6875 0.324819 
1.695 0.364252 
1.6925 0.350923 
1.7 0.391369 
1.6975 0.37774 
1.705 0.418969 
1.7025 0.405119 
1.71 0.446882 
1.7075 0.432897 
1.715 0.474939 
1.7125 0.460903 
1.72 0.502968 
1.7175 0.488968 
1.725 0.5308 
1.7225 0.516919 
1.73 0.558275 
1.7275 0.544592 
1.735 0.585242 
1.7325 0.571831 
1.74 0.611562 
1.7375 0.598491 
1.745 0.637115 
1.7425 0.624441 
1.75 0.661794 
1.7475 0.649569 
1.755 0.685513 
1.7525 0.673778 
1.76 0.708203 
1.7575 0.69699 
1.765 0.729811 
1.7625 0.719145 
1.77 0.750305 
1.7675 0.740199 
1.775 0.769664 
1.7725 0.760127 
1.78 0.787885 
1.7775 0.778916 
1.785 0.804975 
1.7825 0.79657 
1.79 0.820955 
1.7875 0.813102 
1.795 0.835851 
1.7925 0.828536 
1.8 0.849699 
1.7975 0.842903 
1.805 0.86254 
1.8025 0.856243 
1.81 0.874421 
1.8075 0.868598 
1.815 0.885388 
1.8125 0.880015 
1.82 0.895494 
1.8175 0.890546 
1.825 0.904788 
1.8225 0.900239 
1.83 0.913322 
1.8275 0.909147 
1.835 0.921146 
1.8325 0.917319 
1.84 0.928309 
1.8375 0.924807 
1.845 0.93486 
1.8425 0.931659 
1.85 0.940844 
1.8475 0.93792 
1.855 0.946304 
1.8525 0.943637 
1.86 0.951281 
1.8575 0.94885 
1.865 0.955815 
1.8625 0.953601 
1.87 0.959941 
1.8675 0.957926 
1.875 0.963694 
1.8725 0.961862 
1.88 0.967105 
1.8775 0.96544 
1.885 0.970204 
1.8825 0.968691 
1.89 0.973017 
1.8875 0.971644 
1.895 0.97557 
1.8925 0.974325 
1.9 0.977886 
1.8975 0.976757 
1.905 0.979987 
1.9025 0.978962 
1.91 0.98189 
1.9075 0.980962 
1.915 0.983615 
1.9125 0.982774 
1.92 0.985178 
1.9175 0.984416 
1.925 0.986594 
1.9225 0.985904 
1.93 0.987875 
1.9275 0.98725 
1.935 0.989036 
1.9325 0.98847 
1.94 0.990086 
1.9375 0.989574 
1.945 0.991036 
1.9425 0.990573 
1.95 0.991896 
1.9475 0.991477 
1.955 0.992674 
1.9525 0.992294 
1.96 0.993377 
1.9575 0.993034 
1.965 0.994014 
1.9625 0.993703 
1.97 0.994589 
1.9675 0.994309 
1.975 0.99511 
1.9725 0.994856 
1.98 0.99558 
1.9775 0.995351 
1.985 0.996006 
1.9825 0.995798 
1.99 0.99639 
1.9875 0.996203 
1.995 0.996738 
1.9925 0.996568 
2 0.997052 
1.9975 0.996899 
2.005 0.997336 
2.0025 0.997198 
2.01 0.997593 
2.0075 0.997468 
2.015 0.997825 
2.0125 0.997712 
2.02 0.998035 
2.0175 0.997932 
2.025 0.998224 
2.0225 0.998132 
2.03 0.998395 
2.0275 0.998312 
2.035 0.99855 
2.0325 0.998475 
2.04 0.99869 
2.0375 0.998622 
2.045 0.998816 
2.0425 0.998755 
2.05 0.998931 
2.0475 0.998875 
2.055 0.999034 
2.0525 0.998983 
2.06 0.999127 
2.0575 0.999082 
2.065 0.999211 
2.0625 0.99917 
2.07 0.999287 
2.0675 0.99925 
2.075 0.999356 
2.0725 0.999322 
2.08 0.999418 
2.0775 0.999388 
2.085 0.999474 
2.0825 0.999447 
2.09 0.999525 
2.0875 0.9995 
2.095 0.99957 
2.0925 0.999548 
2.1 0.999612 
2.0975 0.999592 
2.105 0.999649 
2.1025 0.999631 
2.11 0.999683 
2.1075 0.999666 
2.115 0.999713 
2.1125 0.999698 
2.12 0.99974 
2.1175 0.999727 
2.125 0.999765 
2.1225 0.999753 
2.13 0.999788 
2.1275 0.999777 
2.135 0.999808 
2.1325 0.999798 
2.14 0.999826 
2.1375 0.999817 
2.145 0.999842 
2.1425 0.999834 
2.15 0.999857 
2.1475 0.99985 
2.155 0.99987 
2.1525 0.999864 
2.16 0.999882 
2.1575 0.999876 
2.165 0.999893 
2.1625 0.999888 
2.17 0.999902 
2.1675 0.999898 
2.175 0.999911 
2.1725 0.999907 
2.18 0.999919 
2.1775 0.999915 
2.185 0.999925 
2.1825 0.999922 
2.19 0.999931 
2.1875 0.999929 
2.195 0.999937 
2.1925 0.999934 
2.2 0.999942 
2.1975 0.999939 
2.205 0.999946 
2.2025 0.999944 
2.21 0.999949 
2.2075 0.999948 
2.215 0.999952 
2.2125 0.999951 
2.22 0.999955 
2.2175 0.999954 
2.225 0.999957 
2.2225 0.999956 
2.23 0.999959 
2.2275 0.999958 
2.235 0.99996 
2.2325 0.999959 
2.24 0.999961 
2.2375 0.99996 
2.245 0.999961 
2.2425 0.999961 
2.25 0.999961 
2.2475 0.999961 
2.255 0.999961 
2.2525 0.999961 
2.26 0.999961 
2.2575 0.999961 
2.265 0.99996 
2.2625 0.99996 
2.27 0.999958 
2.2675 0.999959 
2.275 0.999956 
2.2725 0.999957 
2.28 0.999954 
2.2775 0.999955 
2.285 0.999952 
2.2825 0.999953 
2.29 0.999949 
2.2875 0.99995 
2.295 0.999945 
2.2925 0.999947 
2.3 0.999941 
2.2975 0.999943 
2.305 0.999936 
2.3025 0.999939 
2.31 0.999931 
2.3075 0.999934 
2.315 0.999925 
2.3125 0.999928 
2.32 0.999919 
2.3175 0.999922 
2.325 0.999911 
2.3225 0.999915 
2.33 0.999903 
2.3275 0.999907 
2.335 0.999894 
2.3325 0.999899 
2.34 0.999884 
2.3375 0.99989 
2.345 0.999873 
2.3425 0.999879 
2.35 0.999861 
2.3475 0.999868 
2.355 0.999848 
2.3525 0.999855 
2.36 0.999833 
2.3575 0.999841 
2.365 0.999817 
2.3625 0.999825 
2.37 0.999799 
2.3675 0.999808 
2.375 0.999779 
2.3725 0.999789 
2.38 0.999757 
2.3775 0.999768 
2.385 0.999733 
2.3825 0.999745 
2.39 0.999707 
2.3875 0.99972 
2.395 0.999677 
2.3925 0.999692 
2.4 0.999645 
2.3975 0.999662 
2.405 0.99961 
2.4025 0.999628 
2.41 0.999571 
2.4075 0.999591 
2.415 0.999528 
2.4125 0.99955 
2.42 0.999481 
2.4175 0.999505 
2.425 0.999429 
2.4225 0.999456 
2.43 0.999372 
2.4275 0.999401 
2.435 0.999309 
2.4325 0.999342 
2.44 0.99924 
2.4375 0.999276 
2.445 0.999165 
2.4425 0.999203 
2.45 0.999081 
2.4475 0.999124 
2.455 0.998989 
2.4525 0.999036 
2.46 0.998888 
2.4575 0.99894 
2.465 0.998777 
2.4625 0.998834 
2.47 0.998654 
2.4675 0.998717 
2.475 0.99852 
2.4725 0.998589 
2.48 0.998372 
2.4775 0.998448 
2.485 0.998209 
2.4825 0.998292 
2.49 0.99803 
2.4875 0.998121 
2.495 0.997833 
2.4925 0.997934 
2.5 0.997616 
2.4975 0.997727 
2.505 0.997378 
2.5025 0.9975 
2.51 0.997116 
2.5075 0.99725 
2.515 0.996827 
2.5125 0.996975 
2.52 0.99651 
2.5175 0.996672 
2.525 0.996161 
2.5225 0.99634 
2.53 0.995778 
2.5275 0.995974 
2.535 0.995356 
2.5325 0.995572 
2.54 0.994893 
2.5375 0.99513 
2.545 0.994383 
2.5425 0.994644 
2.55 0.993822 
2.5475 0.994109 
2.555 0.993206 
2.5525 0.993522 
2.56 0.992529 
2.5575 0.992875 
2.565 0.991784 
2.5625 0.992165 
2.57 0.990966 
2.5675 0.991385 
2.575 0.990067 
2.5725 0.990527 
2.58 0.989078 
2.5775 0.989584 
2.585 0.987993 
2.5825 0.988548 
2.59 0.9868 
2.5875 0.98741 
2.595 0.98549 
2.5925 0.98616 
2.6 0.984052 
2.5975 0.984788 
2.605 0.982472 
2.6025 0.98328 
2.61 0.980739 
2.6075 0.981626 
2.615 0.978837 
2.6125 0.97981 
2.62 0.97675 
2.6175 0.977817 
2.625 0.974461 
2.6225 0.975632 
2.63 0.971952 
2.6275 0.973235 
2.635 0.969202 
2.6325 0.970608 
2.64 0.96619 
2.6375 0.96773 
2.645 0.962892 
2.6425 0.964578 
2.65 0.959283 
2.6475 0.961128 
2.655 0.955335 
2.6525 0.957353 
2.66 0.951021 
2.6575 0.953226 
2.665 0.946309 
2.6625 0.948716 
2.67 0.941166 
2.6675 0.943793 
2.675 0.935558 
2.6725 0.938422 
2.68 0.92945 
2.6775 0.932569 
2.685 0.922802 
2.6825 0.926196 
2.69 0.915576 
2.6875 0.919264 
2.695 0.907732 
2.6925 0.911734 
2.7 0.899228 
2.6975 0.903565 
2.705 0.890022 
2.7025 0.894715 
2.71 0.880074 
2.7075 0.885144 
2.715 0.869343 
2.7125 0.874809 
2.72 0.85779 
2.7175 0.863672 
2.725 0.845377 
2.7225 0.851693 
2.73 0.832072 
2.7275 0.838838 
2.735 0.817845 
2.7325 0.825075 
2.74 0.802673 
2.7375 0.810378 
2.745 0.786539 
2.7425 0.794727 
2.75 0.769435 
2.7475 0.778109 
2.755 0.751359 
2.7525 0.760518 
2.76 0.732322 
2.7575 0.74196 
2.765 0.712347 
2.7625 0.72245 
2.77 0.691465 
2.7675 0.702017 
2.775 0.669723 
2.7725 0.680698 
2.78 0.64718 
2.7775 0.658548 
2.785 0.623907 
2.7825 0.63563 
2.79 0.599987 
2.7875 0.612022 
2.795 0.575516 
2.7925 0.587814 
2.8 0.550598 
2.7975 0.563106 
2.805 0.525346 
2.8025 0.538006 
2.81 0.499881 
2.8075 0.512633 
2.815 0.474325 
2.8125 0.487106 
2.82 0.448805 
2.8175 0.461553 
2.825 0.423446 
2.8225 0.436098 
2.83 0.398369 
2.8275 0.410865 
2.835 0.373691 
2.8325 0.385973 
2.84 0.349522 
2.8375 0.361536 
2.845 0.325961 
2.8425 0.337659 
2.85 0.303098 
2.8475 0.314437 
2.855 0.281011 
2.8525 0.291953 
2.86 0.259767 
2.8575 0.27028 
2.865 0.239419 
2.8625 0.249478 
2.87 0.220009 
2.8675 0.229595 
2.875 0.201567 
2.8725 0.210666 
2.88 0.184112 
2.8775 0.192715 
2.885 0.167653 
2.8825 0.175758 
2.89 0.15219 
2.8875 0.159797 
2.895 0.137715 
2.8925 0.144829 
2.9 0.124213 
2.8975 0.130843 
2.905 0.111663 
2.9025 0.11782 
2.91 0.100041 
2.9075 0.105738 
2.915 0.0893159 
2.9125 0.094568 
2.92 0.0794566 
2.9175 0.0842802 
2.925 0.0704279 
2.9225 0.0748407 
2.93 0.062193 
2.9275 0.0662136 
2.935 0.0547136 
2.9325 0.0583613 
2.94 0.04795 
2.9375 0.0512448 
2.945 0.0418617 
2.9425 0.0448241 
2.95 0.0364072 
2.9475 0.0390579 
2.955 0.0315442 
2.9525 0.0339044 
2.96 0.0272301 
2.9575 0.0293212 
2.965 0.0234222 
2.9625 0.0252656 
2.97 0.0200777 
2.9675 0.0216947 
2.975 0.0171548 
2.9725 0.0185662 
2.98 0.0146125 
2.9775 0.0158386 
2.985 0.0124113 
2.9825 0.0134717 
2.99 0.0105138 
2.9875 0.0114269 
2.995 0.00888462 
2.9925 0.00966776 
3 0.00749114 
2.9975 0.00816036 
3.005 0.00630337 
3.0025 0.00687331 
3.01 0.00529411 
3.0075 0.00577801 
3.015 0.00443897 
3.0125 0.00484869 
3.02 0.00371629 
3.0175 0.00406233 
3.025 0.00310694 
3.0225 0.00339854 
3.03 0.00259421 
3.0275 0.00283945 
3.035 0.00216359 
3.0325 0.00236946 
3.04 0.00180251 
3.0375 0.00197507 
3.045 0.00150021 
3.0425 0.00164463 
3.05 0.00124745 
3.0475 0.00136816 
3.055 0.00103638 
3.0525 0.00113715 
3.06 0.000860313 
3.0575 0.000944346 
3.065 0.000713599 
3.0625 0.000783604 
3.07 0.000591461 
3.0675 0.000649726 
3.075 0.000489872 
3.0725 0.000538323 
3.08 0.000405446 
3.0775 0.000445703 
3.085 0.000335339 
3.0825 0.000368761 
3.09 0.000277167 
3.0875 0.000304894 
3.095 0.000228934 
3.0925 0.000251919 
3.1 0.000188969 
3.0975 0.000208011 
3.105 0.000155879 
3.1025 0.000171643 
3.11 0.0001285 
3.1075 0.00014154 
3.115 0.00010586 
3.1125 0.000116641 
3.12 8.71526e-05 
3.1175 9.60598e-05 
3.125 7.17042e-05 
3.1225 7.90583e-05 
3.13 5.89554e-05 
3.1275 6.50234e-05 
3.135 4.84415e-05 
3.1325 5.34449e-05 
3.14 3.97762e-05 
3.1375 4.38992e-05 
3.145 3.26393e-05 
3.1425 3.60344e-05 
3.15 2.67649e-05 
3.1475 2.9559e-05 
3.155 2.1933e-05 
3.1525 2.42308e-05 
3.16 1.79612e-05 
3.1575 1.98497e-05 
3.165 1.46985e-05 
3.1625 1.62495e-05 
3.17 1.20202e-05 
3.1675 1.32932e-05 
3.175 9.82306e-06 
3.1725 1.08672e-05 
3.18 8.02188e-06 
3.1775 8.87768e-06 
3.185 6.54633e-06 
3.1825 7.24729e-06 
3.19 5.33836e-06 
3.1875 5.9121e-06 
3.195 4.35016e-06 
3.1925 4.81943e-06 
3.2 3.54231e-06 
3.1975 3.92586e-06 
3.205 2.88236e-06 
3.2025 3.19563e-06 
3.21 2.34363e-06 
3.2075 2.59931e-06 
3.215 1.90417e-06 
3.2125 2.1127e-06 
3.22 1.54595e-06 
3.2175 1.71589e-06 
3.225 1.25416e-06 
3.2225 1.39257e-06 
3.23 1.01668e-06 
3.2275 1.1293e-06 
3.235 8.23522e-07 
3.2325 9.15104e-07 
3.24 6.66547e-07 
3.2375 7.40961e-07 
3.245 5.39072e-07 
3.2425 5.99489e-07 
3.25 4.35632e-07 
3.2475 4.84647e-07 
3.255 3.51761e-07 
3.2525 3.91496e-07 
3.26 2.83811e-07 
3.2575 3.15996e-07 
3.265 2.28802e-07 
3.2625 2.54852e-07 
3.27 1.84305e-07 
3.2675 2.05373e-07 
3.275 1.48341e-07 
3.2725 1.65365e-07 
3.28 1.19297e-07 
3.2775 1.33042e-07 
3.285 9.58595e-08 
3.2825 1.06949e-07 
3.29 7.69627e-08 
3.2875 8.59019e-08 
3.295 6.17393e-08 
3.2925 6.89392e-08 
3.3 4.94854e-08 
3.2975 5.52796e-08 
3.305 3.963e-08 
3.3025 4.42891e-08 
3.31 3.17104e-08 
3.3075 3.54535e-08 
3.315 2.53516e-08 
3.3125 2.83563e-08 
3.32 2.02505e-08 
3.3175 2.26604e-08 
3.325 1.61618e-08 
3.3225 1.80929e-08 
3.33 1.28874e-08 
3.3275 1.44336e-08 
3.335 1.02674e-08 
3.3325 1.15043e-08 
3.34 8.17283e-09 
3.3375 9.16143e-09 
3.345 6.49983e-09 
3.3425 7.28928e-09 
3.35 5.16471e-09 
3.3475 5.79458e-09 
3.355 4.10018e-09 
3.3525 4.60227e-09 
3.36 3.25216e-09 
3.3575 3.65204e-09 
3.365 2.57721e-09 
3.3625 2.8954e-09 
3.37 2.0405e-09 
3.3675 2.29346e-09 
3.375 1.61409e-09 
3.3725 1.81502e-09 
3.38 1.27564e-09 
3.3775 1.43508e-09 
3.385 1.00723e-09 
3.3825 1.13365e-09 
3.39 7.94578e-10 
3.3875 8.94711e-10 
3.395 6.26245e-10 
3.3925 7.05488e-10 
3.4 4.93121e-10 
3.3975 5.55774e-10 
3.405 3.87937e-10 
3.4025 4.37428e-10 
3.41 3.04908e-10 
3.4075 3.43965e-10 
3.415 2.39427e-10 
3.4125 2.70222e-10 
3.42 1.87834e-10 
3.4175 2.12092e-10 
3.425 1.47222e-10 
3.4225 1.66312e-10 
3.43 1.15284e-10 
3.4275 1.30293e-10 
3.435 9.01897e-11 
3.4325 1.01979e-10 
3.44 7.04922e-11 
3.4375 7.97442e-11 
3.445 5.50452e-11 
3.4425 6.22989e-11 
3.45 4.2943e-11 
3.4475 4.86246e-11 
3.455 3.34702e-11 
3.4525 3.79162e-11 
3.46 2.60627e-11 
3.4575 2.95385e-11 
3.465 2.02756e-11 
3.4625 2.29904e-11 
3.47 1.57588e-11 
3.4675 1.78771e-11 
3.475 1.22367e-11 
3.4725 1.38881e-11 
3.48 9.49301e-12 
3.4775 1.07792e-11 
3.485 7.35763e-12 
3.4825 8.35835e-12 
3.49 5.69729e-12 
3.4875 6.47519e-12 
3.495 4.40754e-12 
3.4925 5.01166e-12 
3.5 3.40661e-12 
3.4975 3.87533e-12 
3.505 2.63056e-12 
3.5025 2.99388e-12 
3.51 2.02944e-12 
3.5075 2.31079e-12 
3.515 1.56425e-12 
3.5125 1.78193e-12 
3.52 1.2046e-12 
3.5175 1.37285e-12 
3.525 9.26796e-13 
3.5225 1.05672e-12 
3.53 7.1242e-13 
3.5275 8.12658e-13 
3.535 5.47143e-13 
3.5325 6.24404e-13 
3.54 4.19837e-13 
3.5375 4.79333e-13 
3.545 3.21869e-13 
3.5425 3.67643e-13 
3.55 2.46547e-13 
3.5475 2.81732e-13 
3.555 1.8869e-13 
3.5525 2.1571e-13 
3.56 1.44287e-13 
3.5575 1.65018e-13 
3.565 1.10241e-13 
3.5625 1.26133e-13 
3.57 8.41585e-14 
3.5675 9.63304e-14 
3.575 6.41951e-14 
3.5725 7.35093e-14 
3.58 4.89283e-14 
3.5775 5.60496e-14 
3.585 3.72631e-14 
3.5825 4.27032e-14 
3.59 2.83574e-14 
3.5875 3.25097e-14 
3.595 2.15641e-14 
3.5925 2.47308e-14 
3.6 1.63864e-14 
3.5975 1.87994e-14 
3.605 1.24431e-14 
3.6025 1.42805e-14 
3.61 9.44246e-15 
3.6075 1.08403e-14 
3.615 7.16075e-15 
3.6125 8.22346e-15 
3.62 5.42704e-15 
3.6175 6.23437e-15 
3.625 4.11068e-15 
3.6225 4.72354e-15 
3.63 3.11188e-15 
3.6275 3.57681e-15 
3.635 2.35456e-15 
3.6325 2.70702e-15 
3.64 1.78069e-15 
3.6375 2.04773e-15 
3.645 1.34611e-15 
3.6425 1.5483e-15 
3.65 1.01719e-15 
3.6475 1.1702e-15 
3.655 7.68384e-16 
3.6525 8.84109e-16 
3.66 5.8027e-16 
3.6575 6.67754e-16 
3.665 4.38109e-16 
3.6625 5.04215e-16 
3.67 3.3072e-16 
3.6675 3.80651e-16 
3.675 2.49628e-16 
3.6725 2.87329e-16 
3.68 1.88412e-16 
3.6775 2.1687e-16 
3.685 1.42213e-16 
3.6825 1.63689e-16 
3.69 1.07354e-16 
3.6875 1.23557e-16 
3.695 8.10543e-17 
3.6925 9.32788e-17 
3.7 6.12142e-17 
3.6975 7.04362e-17 
3.705 4.6247e-17 
3.7025 5.3204e-17 
3.71 3.49548e-17 
3.7075 4.02038e-17 
3.715 2.6434e-17 
3.7125 3.0395e-17 
3.72 2.00029e-17 
3.7175 2.29927e-17 
3.725 1.51474e-17 
3.7225 1.7405e-17 
3.73 1.148e-17 
3.7275 1.31853e-17 
3.735 8.70847e-18 
3.7325 9.99741e-18 
3.74 6.61276e-18 
3.7375 7.58758e-18 
3.745 5.02695e-18 
3.7425 5.76474e-18 
3.75 3.82602e-18 
3.7475 4.38487e-18 
3.755 2.91574e-18 
3.7525 3.33945e-18 
3.76 2.22509e-18 
3.7575 2.54665e-18 
3.765 1.70049e-18 
3.7625 1.94481e-18 
3.77 1.30154e-18 
3.7675 1.48741e-18 
3.775 9.97774e-19 
3.7725 1.13935e-18 
3.78 7.66155e-19 
3.7775 8.74144e-19 
3.785 5.89293e-19 
3.7825 6.71785e-19 
3.79 4.54037e-19 
3.7875 5.17149e-19 
3.795 3.50436e-19 
3.7925 3.98799e-19 
3.8 2.7095e-19 
3.7975 3.08072e-19 
3.805 2.09862e-19 
3.8025 2.38404e-19 
3.81 1.62832e-19 
3.8075 1.84816e-19 
3.815 1.26561e-19 
3.8125 1.43524e-19 
3.82 9.85378e-20 
3.8175 1.1165e-19 
3.825 7.68481e-20 
3.8225 8.70016e-20 
3.83 6.00305e-20 
3.8275 6.79069e-20 
3.835 4.69674e-20 
3.8325 5.30883e-20 
3.84 3.68029e-20 
3.8375 4.15678e-20 
3.845 2.88803e-20 
3.8425 3.25959e-20 
3.85 2.26948e-20 
3.8475 2.5597e-20 
3.855 1.78577e-20 
3.8525 2.01282e-20 
3.86 1.40691e-20 
3.8575 1.58482e-20 
3.865 1.10973e-20 
3.8625 1.24934e-20 
3.87 8.7629e-21 
3.8675 9.85994e-21 
3.875 6.92665e-21 
3.8725 7.78988e-21 
3.88 5.4804e-21 
3.8775 6.16052e-21 
3.885 4.33993e-21 
3.8825 4.87642e-21 
3.89 3.43958e-21 
3.8875 3.86324e-21 
3.895 2.72804e-21 
3.8925 3.06294e-21 
3.9 2.16515e-21 
3.8975 2.43015e-21 
3.905 1.71946e-21 
3.9025 1.92934e-21 
3.91 1.36627e-21 
3.9075 1.53262e-21 
3.915 1.08616e-21 
3.9125 1.21812e-21 
3.92 8.63862e-22 
3.9175 9.68603e-22 
3.925 6.87328e-22 
3.9225 7.70519e-22 
3.93 5.47056e-22 
3.9275 6.13168e-22 
3.935 4.3554e-22 
3.9325 4.88106e-22 
3.94 3.46845e-22 
3.9375 3.88659e-22 
3.945 2.76271e-22 
3.9425 3.09545e-22 
3.95 2.20096e-22 
3.9475 2.46584e-22 
3.955 1.75368e-22 
3.9525 1.9646e-22 
3.96 1.39745e-22 
3.9575 1.56544e-22 
3.965 1.11367e-22 
3.9625 1.2475e-22 
3.97 8.87557e-23 
3.9675 9.94199e-23 
3.975 7.0737e-23 
3.9725 7.92356e-23 
3.98 5.63761e-23 
3.9775 6.31497e-23 
3.985 4.49295e-23 
3.9825 5.03286e-23 
3.99 3.58052e-23 
3.9875 4.0109e-23 
3.995 2.85318e-23 
3.9925 3.19625e-23 
4 2.27338e-23 
3.9975 2.54686e-23 
4.005 1.81119e-23 
4.0025 2.0292e-23 
4.01 1.44278e-23 
4.0075 1.61655e-23 
4.015 1.14914e-23 
4.0125 1.28764e-23 
4.02 9.15101e-24 
4.0175 1.02548e-23 
4.025 7.28596e-24 
4.0225 8.1656e-24 
4.03 5.79986e-24 
4.0275 6.50074e-24 
4.035 4.61588e-24 
4.0325 5.17425e-24 
4.04 3.67274e-24 
4.0375 4.11751e-24 
4.045 2.92158e-24 
4.0425 3.2758e-24 
4.05 2.32345e-24 
4.0475 2.60549e-24 
4.055 1.84725e-24 
4.0525 2.07178e-24 
4.06 1.46823e-24 
4.0575 1.64693e-24 
4.065 1.16662e-24 
4.0625 1.30882e-24 
4.07 9.26672e-25 
4.0675 1.03979e-24 
4.075 7.3583e-25 
4.0725 8.2579e-25 
4.08 5.84088e-25 
4.0775 6.55612e-25 
4.085 4.63472e-25 
4.0825 5.2032e-25 
4.09 3.67625e-25 
4.0875 4.12795e-25 
4.095 2.91487e-25 
4.0925 3.27366e-25 
4.1 2.31025e-25 
4.0975 2.59514e-25 
4.105 1.83029e-25 
4.1025 2.05642e-25 
4.11 1.44943e-25 
4.1075 1.62885e-25 
4.115 1.14731e-25 
4.1125 1.28962e-25 
4.12 9.07756e-26 
4.1175 1.02058e-25 
4.125 7.17886e-26 
4.1225 8.07304e-26 
4.13 5.6746e-26 
4.1275 6.38294e-26 
4.135 4.48334e-26 
4.1325 5.04423e-26 
4.14 3.54038e-26 
4.1375 3.98431e-26 
4.145 2.79431e-26 
4.1425 3.1455e-26 
4.15 2.2043e-26 
4.1475 2.482e-26 
4.155 1.73793e-26 
4.1525 1.95741e-26 
4.16 1.36948e-26 
4.1575 1.54285e-26 
4.165 1.07854e-26 
4.1625 1.21542e-26 
4.17 8.48916e-27 
4.1675 9.56931e-27 
4.175 6.6779e-27 
4.1725 7.52981e-27 
4.18 5.24996e-27 
4.1775 5.92148e-27 
4.185 4.12485e-27 
4.1825 4.65387e-27 
4.19 3.23885e-27 
4.1875 3.65538e-27 
4.195 2.54156e-27 
4.1925 2.86932e-27 
4.2 1.99311e-27 
4.1975 2.25087e-27 
4.205 1.562e-27 
4.2025 1.76458e-27 
4.21 1.22332e-27 
4.2075 1.38244e-27 
4.215 9.57437e-28 
4.2125 1.08233e-27 
4.22 7.48829e-28 
4.2175 8.46804e-28 
4.225 5.85269e-28 
4.2225 6.62073e-28 
4.23 4.57112e-28 
4.2275 5.17281e-28 
4.235 3.56764e-28 
4.2325 4.03869e-28 
4.24 2.78245e-28 
4.2375 3.15096e-28 
4.245 2.16848e-28 
4.2425 2.45658e-28 
4.25 1.68875e-28 
4.2475 1.91381e-28 
4.255 1.31416e-28 
4.2525 1.48986e-28 
4.26 1.02189e-28 
4.2575 1.15895e-28 
4.265 7.94009e-29 
4.2625 9.00855e-29 
4.27 6.16471e-29 
4.2675 6.99697e-29 
4.275 4.78256e-29 
4.2725 5.43035e-29 
4.28 3.70737e-29 
4.2775 4.21119e-29 
4.285 2.87161e-29 
4.2825 3.26316e-29 
4.29 2.22246e-29 
4.2875 2.52652e-29 
4.295 1.71867e-29 
4.2925 1.9546e-29 
4.3 1.32799e-29 
4.2975 1.5109e-29 
4.305 1.02527e-29 
4.3025 1.16697e-29 
4.31 7.90894e-30 
4.3075 9.0058e-30 
4.315 6.09586e-30 
4.3125 6.94419e-30 
4.32 4.69444e-30 
4.3175 5.35001e-30 
4.325 3.61213e-30 
4.3225 4.11831e-30 
4.33 2.77696e-30 
4.3275 3.16747e-30 
4.335 2.13304e-30 
4.3325 2.43406e-30 
4.34 1.63701e-30 
4.3375 1.86884e-30 
4.345 1.25523e-30 
4.3425 1.43362e-30 
4.35 9.61639e-31 
4.3475 1.09879e-30 
4.355 7.36063e-31 
4.3525 8.41416e-31 
4.36 5.62899e-31 
4.3575 6.43755e-31 
4.365 4.30087e-31 
4.3625 4.92086e-31 
4.37 3.28314e-31 
4.3675 3.75812e-31 
4.375 2.50396e-31 
4.3725 2.86752e-31 
4.38 1.90796e-31 
4.3775 2.18599e-31 
4.385 1.45249e-31 
4.3825 1.66491e-31 
4.39 1.10474e-31 
4.3875 1.26688e-31 
4.395 8.39459e-32 
4.3925 9.63115e-32 
4.4 6.3729e-32 
4.3975 7.31506e-32 
4.405 4.83358e-32 
4.4025 5.55076e-32 
4.41 3.66263e-32 
4.4075 4.20805e-32 
4.415 2.77273e-32 
4.4125 3.18713e-32 
4.42 2.09706e-32 
4.4175 2.41163e-32 
4.425 1.58454e-32 
4.4225 1.82309e-32 
4.43 1.19614e-32 
4.4275 1.37687e-32 
4.435 9.02075e-33 
4.4325 1.03887e-32 
4.44 6.79654e-33 
4.4375 7.83098e-33 
4.445 5.11581e-33 
4.4425 5.89728e-33 
4.45 3.84699e-33 
4.4475 4.43679e-33 
4.455 2.89006e-33 
4.4525 3.33477e-33 
4.46 2.16906e-33 
4.4575 2.50404e-33 
4.465 1.62634e-33 
4.4625 1.87842e-33 
4.47 1.21822e-33 
4.4675 1.40773e-33 
4.475 9.11626e-34 
4.4725 1.05396e-33 
4.48 6.81521e-34 
4.4775 7.88315e-34 
4.485 5.08996e-34 
4.4825 5.89045e-34 
4.49 3.79769e-34 
4.4875 4.39713e-34 
4.495 2.83071e-34 
4.4925 3.27914e-34 
4.5 2.10785e-34 
4.4975 2.44298e-34 
4.505 1.56802e-34 
4.5025 1.81823e-34 
4.51 1.16528e-34 
4.5075 1.3519e-34 
4.515 8.65122e-35 
4.5125 1.00417e-34 
4.52 6.41635e-35 
4.5175 7.45136e-35 
4.525 4.75405e-35 
4.5225 5.52368e-35 
4.53 3.51887e-35 
4.5275 4.09059e-35 
4.535 2.60199e-35 
4.5325 3.02627e-35 
4.54 1.92207e-35 
4.5375 2.23661e-35 
4.545 1.41839e-35 
4.5425 1.65134e-35 
4.55 1.04564e-35 
4.5475 1.21799e-35 
4.555 7.70071e-36 
4.5525 8.97449e-36 
4.56 5.66549e-36 
4.5575 6.60598e-36 
4.565 4.16393e-36 
4.5625 4.85762e-36 
4.57 3.05723e-36 
4.5675 3.56836e-36 
4.575 2.24238e-36 
4.5725 2.61862e-36 
4.58 1.64305e-36 
4.5775 1.9197e-36 
4.585 1.20267e-36 
4.5825 1.40589e-36 
4.59 8.79425e-37 
4.5875 1.02855e-36 
4.595 6.42403e-37 
4.5925 7.51721e-37 
4.6 4.68783e-37 
4.5975 5.48836e-37 
4.605 3.41736e-37 
4.6025 4.00299e-37 
4.61 2.48865e-37 
4.6075 2.91663e-37 
4.615 1.81047e-37 
4.6125 2.12291e-37 
4.62 1.31575e-37 
4.6175 1.54361e-37 
4.625 9.55234e-38 
4.6225 1.12123e-37 
4.63 6.92785e-38 
4.6275 8.13593e-38 
4.635 5.01926e-38 
4.6325 5.89756e-38 
4.64 3.63273e-38 
4.6375 4.27061e-38 
4.645 2.62651e-38 
4.6425 3.0893e-38 
4.65 1.89705e-38 
4.6475 2.23245e-38 
4.655 1.36876e-38 
4.6525 1.6116e-38 
4.66 9.86574e-39 
4.6575 1.1622e-38 
4.665 7.10367e-39 
4.6625 8.37259e-39 
4.67 5.1096e-39 
4.6675 6.02543e-39 
4.675 3.67149e-39 
4.6725 4.33179e-39 
4.68 2.63541e-39 
4.6775 3.11099e-39 
4.685 1.88975e-39 
4.6825 2.23192e-39 
4.69 1.35366e-39 
4.6875 1.5996e-39 
4.695 9.68652e-40 
4.6925 1.14523e-39 
4.7 6.92429e-40 
4.6975 8.19077e-40 
4.705 4.94461e-40 
4.7025 5.85204e-40 
4.71 3.52728e-40 
4.7075 4.17676e-40 
4.715 2.5136e-40 
4.7125 2.97798e-40 
4.72 1.78939e-40 
4.7175 2.12106e-40 
4.725 1.27251e-40 
4.7225 1.50916e-40 
4.73 9.03997e-41 
4.7275 1.07267e-40 
4.735 6.41539e-41 
4.7325 7.61637e-41 
4.74 4.54809e-41 
4.7375 5.4023e-41 
4.745 3.22095e-41 
4.7425 3.82789e-41 
4.75 2.27871e-41 
4.7475 2.7095e-41 
4.755 1.61043e-41 
4.7525 1.91588e-41 
4.76 1.13696e-41 
4.7575 1.35331e-41 
4.765 8.01864e-42 
4.7625 9.54942e-42 
4.77 5.64942e-42 
4.7675 6.7314e-42 
4.775 3.97609e-42 
4.7725 4.74005e-42 
4.78 2.7955e-42 
4.7775 3.33435e-42 
4.785 1.96341e-42 
4.7825 2.34308e-42 
4.79 1.37757e-42 
4.7875 1.64481e-42 
4.795 9.65528e-43 
4.7925 1.15343e-42 
4.8 6.76031e-43 
4.7975 8.08013e-43 
4.805 4.72845e-43 
4.8025 5.65451e-43 
4.81 3.30385e-43 
4.8075 3.95296e-43 
4.815 2.30607e-43 
4.8125 2.76057e-43 
4.82 1.60796e-43 
4.8175 1.92587e-43 
4.825 1.12003e-43 
4.8225 1.34216e-43 
4.83 7.79348e-44 
4.8275 9.34398e-44 
4.835 5.41733e-44 
4.8325 6.49846e-44 
4.84 3.76175e-44 
4.8375 4.51481e-44 
4.845 2.60943e-44 
4.8425 3.13343e-44 
4.85 1.80823e-44 
4.8475 2.17246e-44 
4.855 1.25173e-44 
4.8525 1.50464e-44 
4.86 8.65605e-45 
4.8575 1.04104e-44 
4.865 5.97972e-45 
4.8625 7.19536e-45 
4.87 4.12661e-45 
4.8675 4.96809e-45 
4.875 2.84484e-45 
4.8725 3.42671e-45 
4.88 1.95918e-45 
4.8775 2.36112e-45 
4.885 1.34786e-45 
4.8825 1.62521e-45 
4.89 9.26328e-46 
4.8875 1.11752e-45 
4.895 6.35973e-46 
4.8925 7.67632e-46 
4.9 4.3618e-46 
4.8975 5.26749e-46 
4.905 2.98845e-46 
4.9025 3.61083e-46 
4.91 2.0454e-46 
4.9075 2.47265e-46 
4.915 1.39851e-46 
4.9125 1.6915e-46 
4.92 9.55226e-47 
4.9175 1.15594e-46 
4.925 6.51781e-47 
4.9225 7.89141e-47 
4.93 4.44277e-47 
4.9275 5.38181e-47 
4.935 3.02527e-47 
4.9325 3.66656e-47 
4.94 2.05796e-47 
4.9375 2.49546e-47 
4.945 1.39858e-47 
4.9425 1.69672e-47 
4.95 9.49593e-48 
4.9475 1.15254e-47 
4.955 6.44235e-48 
4.9525 7.8221e-48 
4.96 4.36848e-48 
4.9575 5.30515e-48 
4.965 2.96256e-48 
4.9625 3.59717e-48 
4.97 2.01211e-48 
4.9675 2.4407e-48 
4.975 1.37275e-48 
4.9725 1.66052e-48 
4.98 9.46833e-49 
4.9775 1.1378e-48 
4.985 6.69035e-49 
4.9825 7.92524e-49 
4.99 4.9655e-49 
4.9875 5.71609e-49 
4.995 4.02711e-49 
4.9925 4.40954e-49 
5 3.7297e-49 
4.9975 3.8033e-49 
