0 7.39143e-16 
0.005 7.41859e-16 
0.0025 7.39822e-16 
0.01 7.50003e-16 
0.0075 7.45253e-16 
0.015 7.63567e-16 
0.0125 7.56108e-16 
0.02 7.82536e-16 
0.0175 7.72377e-16 
0.025 8.06888e-16 
0.0225 7.94041e-16 
0.03 8.36594e-16 
0.0275 8.21074e-16 
0.035 8.71614e-16 
0.0325 8.53442e-16 
0.04 9.11899e-16 
0.0375 8.91102e-16 
0.045 9.57388e-16 
0.0425 9.33998e-16 
0.05 1.008e-15 
0.0475 9.8206e-16 
0.055 1.06365e-15 
0.0525 1.03521e-15 
0.06 1.12423e-15 
0.0575 1.09333e-15 
0.065 1.1896e-15 
0.0625 1.15632e-15 
0.07 1.2596e-15 
0.0675 1.22403e-15 
0.075 1.33407e-15 
0.0725 1.29629e-15 
0.08 1.41278e-15 
0.0775 1.3729e-15 
0.085 1.4955e-15 
0.0825 1.45366e-15 
0.09 1.58197e-15 
0.0875 1.53829e-15 
0.095 1.67187e-15 
0.0925 1.62651e-15 
0.1 1.76487e-15 
0.0975 1.71801e-15 
0.105 1.86059e-15 
0.1025 1.81241e-15 
0.11 1.95861e-15 
0.1075 1.90934e-15 
0.115 2.05848e-15 
0.1125 2.00834e-15 
0.12 2.15971e-15 
0.1175 2.10896e-15 
0.125 2.26175e-15 
0.1225 2.21066e-15 
0.13 2.36406e-15 
0.1275 2.31291e-15 
0.135 2.46601e-15 
0.1325 2.41512e-15 
0.14 2.56697e-15 
0.1375 2.51666e-15 
0.145 2.66628e-15 
0.1425 2.61687e-15 
0.15 2.76323e-15 
0.1475 2.71509e-15 
0.155 2.85711e-15 
0.1525 2.8106e-15 
0.16 2.94719e-15 
0.1575 2.90267e-15 
0.165 3.03273e-15 
0.1625 2.99058e-15 
0.17 3.11299e-15 
0.1675 3.07357e-15 
0.175 3.18722e-15 
0.1725 3.15091e-15 
0.18 3.25471e-15 
0.1775 3.22186e-15 
0.185 3.31476e-15 
0.1825 3.28571e-15 
0.19 3.36671e-15 
0.1875 3.34179e-15 
0.195 3.40992e-15 
0.1925 3.38944e-15 
0.2 3.44385e-15 
0.1975 3.42808e-15 
0.205 3.468e-15 
0.2025 3.45718e-15 
0.21 3.48195e-15 
0.2075 3.47627e-15 
0.215 3.48536e-15 
0.2125 3.48499e-15 
0.22 3.47802e-15 
0.2175 3.48305e-15 
0.225 3.45979e-15 
0.2225 3.47027e-15 
0.23 3.43068e-15 
0.2275 3.4466e-15 
0.235 3.39081e-15 
0.2325 3.41208e-15 
0.24 3.34042e-15 
0.2375 3.36691e-15 
0.245 3.27991e-15 
0.2425 3.3114e-15 
0.25 3.20978e-15 
0.2475 3.24601e-15 
0.255 3.1307e-15 
0.2525 3.17131e-15 
0.26 3.04344e-15 
0.2575 3.08804e-15 
0.265 2.94891e-15 
0.2625 2.99702e-15 
0.27 2.84813e-15 
0.2675 2.89924e-15 
0.275 2.74221e-15 
0.2725 2.79574e-15 
0.28 2.63235e-15 
0.2775 2.6877e-15 
0.285 2.51982e-15 
0.2825 2.57634e-15 
0.29 2.40592e-15 
0.2875 2.46296e-15 
0.295 2.29199e-15 
0.2925 2.34888e-15 
0.3 2.17935e-15 
0.2975 2.23543e-15 
0.305 2.06931e-15 
0.3025 2.12392e-15 
0.31 1.96311e-15 
0.3075 2.01565e-15 
0.315 1.86196e-15 
0.3125 1.91184e-15 
0.32 1.76695e-15 
0.3175 1.81363e-15 
0.325 1.67909e-15 
0.3225 1.72207e-15 
0.33 1.59925e-15 
0.3275 1.63812e-15 
0.335 1.52822e-15 
0.3325 1.5626e-15 
0.34 1.46665e-15 
0.3375 1.49622e-15 
0.345 1.41508e-15 
0.3425 1.43959e-15 
0.35 1.37392e-15 
0.3475 1.39317e-15 
0.355 1.34354e-15 
0.3525 1.35737e-15 
0.36 1.32417e-15 
0.3575 1.33246e-15 
0.365 1.31601e-15 
0.3625 1.31868e-15 
0.37 1.31923e-15 
0.3675 1.31619e-15 
0.375 1.33394e-15 
0.3725 1.32514e-15 
0.38 1.3603e-15 
0.3775 1.34566e-15 
0.385 1.39845e-15 
0.3825 1.37789e-15 
0.39 1.44858e-15 
0.3875 1.422e-15 
0.395 1.51096e-15 
0.3925 1.47822e-15 
0.4 1.58591e-15 
0.3975 1.54684e-15 
0.405 1.67385e-15 
0.4025 1.62822e-15 
0.41 1.77532e-15 
0.4075 1.72286e-15 
0.415 1.89097e-15 
0.4125 1.83132e-15 
0.42 2.02159e-15 
0.4175 1.95435e-15 
0.425 2.16814e-15 
0.4225 2.09281e-15 
0.43 2.33173e-15 
0.4275 2.24773e-15 
0.435 2.51367e-15 
0.4325 2.42032e-15 
0.44 2.71549e-15 
0.4375 2.61199e-15 
0.445 2.93892e-15 
0.4425 2.82438e-15 
0.45 3.18599e-15 
0.4475 3.05936e-15 
0.455 3.459e-15 
0.4525 3.31909e-15 
0.46 3.76057e-15 
0.4575 3.60603e-15 
0.465 4.0937e-15 
0.4625 3.92299e-15 
0.47 4.46182e-15 
0.4675 4.27315e-15 
0.475 4.86879e-15 
0.4725 4.66018e-15 
0.48 5.31904e-15 
0.4775 5.0882e-15 
0.485 5.8176e-15 
0.4825 5.56194e-15 
0.49 6.37017e-15 
0.4875 6.08674e-15 
0.495 6.98327e-15 
0.4925 6.66871e-15 
0.5 7.66429e-15 
0.4975 7.31479e-15 
0.505 8.42165e-15 
0.5025 8.03286e-15 
0.51 9.26493e-15 
0.5075 8.8319e-15 
0.515 1.0205e-14 
0.5125 9.72214e-15 
0.52 1.12543e-14 
0.5175 1.07152e-14 
0.525 1.2427e-14 
0.5225 1.18243e-14 
0.53 1.37391e-14 
0.5275 1.30645e-14 
0.535 1.52088e-14 
0.5325 1.4453e-14 
0.54 1.6857e-14 
0.5375 1.60092e-14 
0.545 1.87072e-14 
0.5425 1.77552e-14 
0.55 2.07865e-14 
0.5475 1.97164e-14 
0.555 2.31252e-14 
0.5525 2.19213e-14 
0.56 2.57581e-14 
0.5575 2.44025e-14 
0.565 2.87247e-14 
0.5625 2.7197e-14 
0.57 3.20698e-14 
0.5675 3.03469e-14 
0.575 3.58442e-14 
0.5725 3.38999e-14 
0.58 4.01058e-14 
0.5775 3.79102e-14 
0.585 4.49201e-14 
0.5825 4.24394e-14 
0.59 5.03617e-14 
0.5875 4.75575e-14 
0.595 5.65152e-14 
0.5925 5.33438e-14 
0.6 6.34766e-14 
0.5975 5.98884e-14 
0.605 7.13548e-14 
0.6025 6.72937e-14 
0.61 8.02735e-14 
0.6075 7.56757e-14 
0.615 9.03731e-14 
0.6125 8.51662e-14 
0.62 1.01813e-13 
0.6175 9.59147e-14 
0.625 1.14774e-13 
0.6225 1.08091e-13 
0.63 1.2946e-13 
0.6275 1.21887e-13 
0.635 1.46106e-13 
0.6325 1.37522e-13 
0.64 1.64974e-13 
0.6375 1.55244e-13 
0.645 1.86365e-13 
0.6425 1.75334e-13 
0.65 2.10619e-13 
0.6475 1.98111e-13 
0.655 2.38121e-13 
0.6525 2.23938e-13 
0.66 2.6931e-13 
0.6575 2.53225e-13 
0.665 3.04683e-13 
0.6625 2.8644e-13 
0.67 3.44802e-13 
0.6675 3.24111e-13 
0.675 3.90309e-13 
0.6725 3.66839e-13 
0.68 4.41929e-13 
0.6775 4.15306e-13 
0.685 5.00485e-13 
0.6825 4.70284e-13 
0.69 5.66914e-13 
0.6875 5.32652e-13 
0.695 6.42275e-13 
0.6925 6.03406e-13 
0.7 7.27772e-13 
0.6975 6.83675e-13 
0.705 8.24771e-13 
0.7025 7.74741e-13 
0.71 9.34822e-13 
0.7075 8.7806e-13 
0.715 1.05968e-12 
0.7125 9.95282e-13 
0.72 1.20135e-12 
0.7175 1.12828e-12 
0.725 1.36209e-12 
0.7225 1.27918e-12 
0.73 1.54447e-12 
0.7275 1.4504e-12 
0.735 1.7514e-12 
0.7325 1.64467e-12 
0.74 1.98621e-12 
0.7375 1.8651e-12 
0.745 2.25263e-12 
0.7425 2.11521e-12 
0.75 2.55493e-12 
0.7475 2.39901e-12 
0.755 2.89795e-12 
0.7525 2.72102e-12 
0.76 3.28717e-12 
0.7575 3.08641e-12 
0.765 3.72882e-12 
0.7625 3.50102e-12 
0.77 4.22995e-12 
0.7675 3.97147e-12 
0.775 4.7986e-12 
0.7725 4.5053e-12 
0.78 5.44385e-12 
0.7775 5.11104e-12 
0.785 6.17603e-12 
0.7825 5.79838e-12 
0.79 7.00685e-12 
0.7875 6.57832e-12 
0.795 7.9496e-12 
0.7925 7.46334e-12 
0.8 9.01937e-12 
0.7975 8.46759e-12 
0.805 1.02333e-11 
0.8025 9.60714e-12 
0.81 1.16107e-11 
0.8075 1.09002e-11 
0.815 1.31737e-11 
0.8125 1.23675e-11 
0.82 1.49474e-11 
0.8175 1.40325e-11 
0.825 1.696e-11 
0.8225 1.59219e-11 
0.83 1.92438e-11 
0.8275 1.80658e-11 
0.835 2.18353e-11 
0.8325 2.04986e-11 
0.84 2.4776e-11 
0.8375 2.32592e-11 
0.845 2.81129e-11 
0.8425 2.63917e-11 
0.85 3.18995e-11 
0.8475 2.99464e-11 
0.855 3.61963e-11 
0.8525 3.398e-11 
0.86 4.1072e-11 
0.8575 3.85571e-11 
0.865 4.66048e-11 
0.8625 4.3751e-11 
0.87 5.28831e-11 
0.8675 4.96448e-11 
0.875 6.00074e-11 
0.8725 5.63327e-11 
0.88 6.80917e-11 
0.8775 6.39218e-11 
0.885 7.72653e-11 
0.8825 7.25336e-11 
0.89 8.76751e-11 
0.8875 8.23058e-11 
0.895 9.94877e-11 
0.8925 9.33948e-11 
0.9 1.12892e-10 
0.8975 1.05978e-10 
0.905 1.28103e-10 
0.9025 1.20257e-10 
0.91 1.45363e-10 
0.9075 1.3646e-10 
0.915 1.64949e-10 
0.9125 1.54847e-10 
0.92 1.87175e-10 
0.9175 1.75711e-10 
0.925 2.12395e-10 
0.9225 1.99386e-10 
0.93 2.41014e-10 
0.9275 2.26253e-10 
0.935 2.7349e-10 
0.9325 2.56739e-10 
0.94 3.10342e-10 
0.9375 2.91334e-10 
0.945 3.52161e-10 
0.9425 3.30591e-10 
0.95 3.99614e-10 
0.9475 3.75138e-10 
0.955 4.53463e-10 
0.9525 4.25688e-10 
0.96 5.14568e-10 
0.9575 4.8305e-10 
0.965 5.83907e-10 
0.9625 5.48142e-10 
0.97 6.62591e-10 
0.9675 6.22006e-10 
0.975 7.51878e-10 
0.9725 7.05824e-10 
0.98 8.53198e-10 
0.9775 8.00937e-10 
0.985 9.68172e-10 
0.9825 9.08869e-10 
0.99 1.09864e-09 
0.9875 1.03134e-09 
0.995 1.24669e-09 
0.9925 1.17033e-09 
1 1.41469e-09 
0.9975 1.32804e-09 
1.005 1.60534e-09 
1.0025 1.507e-09 
1.01 1.82167e-09 
1.0075 1.71008e-09 
1.015 2.06716e-09 
1.0125 1.94054e-09 
1.02 2.34573e-09 
1.0175 2.20204e-09 
1.025 2.66185e-09 
1.0225 2.4988e-09 
1.03 3.02056e-09 
1.0275 2.83554e-09 
1.035 3.42763e-09 
1.0325 3.21766e-09 
1.04 3.88955e-09 
1.0375 3.65129e-09 
1.045 4.41372e-09 
1.0425 4.14335e-09 
1.05 5.00853e-09 
1.0475 4.70173e-09 
1.055 5.68351e-09 
1.0525 5.33536e-09 
1.06 6.44946e-09 
1.0575 6.05439e-09 
1.065 7.31864e-09 
1.0625 6.87032e-09 
1.07 8.30496e-09 
1.0675 7.79621e-09 
1.075 9.42421e-09 
1.0725 8.8469e-09 
1.08 1.06943e-08 
1.0775 1.00392e-08 
1.085 1.21356e-08 
1.0825 1.13922e-08 
1.09 1.37711e-08 
1.0875 1.29275e-08 
1.095 1.56271e-08 
1.0925 1.46698e-08 
1.1 1.77332e-08 
1.0975 1.66468e-08 
1.105 2.01231e-08 
1.1025 1.88904e-08 
1.11 2.28352e-08 
1.1075 2.14363e-08 
1.115 2.59129e-08 
1.1125 2.43254e-08 
1.12 2.94053e-08 
1.1175 2.76039e-08 
1.125 3.33685e-08 
1.1225 3.13243e-08 
1.13 3.78659e-08 
1.1275 3.55461e-08 
1.135 4.29695e-08 
1.1325 4.03371e-08 
1.14 4.8761e-08 
1.1375 4.57737e-08 
1.145 5.53332e-08 
1.1425 5.19433e-08 
1.15 6.27913e-08 
1.1475 5.89444e-08 
1.155 7.12548e-08 
1.1525 6.68893e-08 
1.16 8.08592e-08 
1.1575 7.59052e-08 
1.165 9.17583e-08 
1.1625 8.61365e-08 
1.17 1.04127e-07 
1.1675 9.7747e-08 
1.175 1.18162e-07 
1.1725 1.10923e-07 
1.18 1.34091e-07 
1.1775 1.25875e-07 
1.185 1.52166e-07 
1.1825 1.42843e-07 
1.19 1.72679e-07 
1.1875 1.62098e-07 
1.195 1.95957e-07 
1.1925 1.8395e-07 
1.2 2.22375e-07 
1.1975 2.08748e-07 
1.205 2.52354e-07 
1.2025 2.3689e-07 
1.21 2.86377e-07 
1.2075 2.68828e-07 
1.215 3.24987e-07 
1.2125 3.05072e-07 
1.22 3.68805e-07 
1.2175 3.46204e-07 
1.225 4.18534e-07 
1.2225 3.92883e-07 
1.23 4.7497e-07 
1.2275 4.45859e-07 
1.235 5.39019e-07 
1.2325 5.05982e-07 
1.24 6.1171e-07 
1.2375 5.74215e-07 
1.245 6.94209e-07 
1.2425 6.51655e-07 
1.25 7.87841e-07 
1.2475 7.39544e-07 
1.255 8.9411e-07 
1.2525 8.39294e-07 
1.26 1.01472e-06 
1.2575 9.52508e-07 
1.265 1.15162e-06 
1.2625 1.081e-06 
1.27 1.307e-06 
1.2675 1.22685e-06 
1.275 1.48337e-06 
1.2725 1.39239e-06 
1.28 1.68356e-06 
1.2775 1.58029e-06 
1.285 1.91079e-06 
1.2825 1.79357e-06 
1.29 2.16874e-06 
1.2875 2.03568e-06 
1.295 2.46156e-06 
1.2925 2.31051e-06 
1.3 2.79398e-06 
1.2975 2.6225e-06 
1.305 3.17136e-06 
1.3025 2.97669e-06 
1.31 3.59982e-06 
1.3075 3.3788e-06 
1.315 4.08629e-06 
1.3125 3.83533e-06 
1.32 4.63864e-06 
1.3175 4.35369e-06 
1.325 5.26585e-06 
1.3225 4.94228e-06 
1.33 5.97811e-06 
1.3275 5.61066e-06 
1.335 6.78701e-06 
1.3325 6.36969e-06 
1.34 7.70574e-06 
1.3375 7.23175e-06 
1.345 8.74931e-06 
1.3425 8.2109e-06 
1.35 9.93479e-06 
1.3475 9.32315e-06 
1.355 1.12816e-05 
1.3525 1.05867e-05 
1.36 1.2812e-05 
1.3575 1.20224e-05 
1.365 1.45512e-05 
1.3625 1.36538e-05 
1.37 1.65279e-05 
1.3675 1.55079e-05 
1.375 1.87749e-05 
1.3725 1.76154e-05 
1.38 2.13298e-05 
1.3775 2.00113e-05 
1.385 2.42351e-05 
1.3825 2.27357e-05 
1.39 2.75398e-05 
1.3875 2.58342e-05 
1.395 3.12997e-05 
1.3925 2.93591e-05 
1.4 3.55785e-05 
1.3975 3.33699e-05 
1.405 4.04492e-05 
1.4025 3.79349e-05 
1.41 4.59955e-05 
1.4075 4.31322e-05 
1.415 5.23133e-05 
1.4125 4.90515e-05 
1.42 5.95126e-05 
1.4175 5.57953e-05 
1.425 6.77197e-05 
1.4225 6.34815e-05 
1.43 7.70798e-05 
1.4275 7.22457e-05 
1.435 8.776e-05 
1.4325 8.22435e-05 
1.44 9.9953e-05 
1.4375 9.36543e-05 
1.445 0.000113881 
1.4425 0.000106685 
1.45 0.0001298 
1.4475 0.000121574 
1.455 0.000148006 
1.4525 0.000138597 
1.46 0.000168844 
1.4575 0.000158073 
1.465 0.00019271 
1.4625 0.000180371 
1.47 0.000220067 
1.4675 0.000205921 
1.475 0.000251451 
1.4725 0.000235219 
1.48 0.000287487 
1.4775 0.000268845 
1.485 0.000328901 
1.4825 0.000307472 
1.49 0.000376544 
1.4875 0.000351886 
1.495 0.000431404 
1.4925 0.000403003 
1.5 0.00049464 
1.4975 0.000461896 
1.505 0.000567607 
1.5025 0.000529814 
1.51 0.00065189 
1.5075 0.000608225 
1.515 0.000749347 
1.5125 0.000698844 
1.52 0.000862153 
1.5175 0.000803682 
1.525 0.000992861 
1.5225 0.000925094 
1.53 0.00114446 
1.5275 0.00106584 
1.535 0.00132045 
1.5325 0.00122916 
1.54 0.00152493 
1.5375 0.00141885 
1.545 0.00176271 
1.5425 0.00163933 
1.55 0.00203938 
1.5475 0.0018958 
1.555 0.00236149 
1.5525 0.00219431 
1.56 0.00273665 
1.5575 0.00254192 
1.565 0.0031737 
1.5625 0.00294684 
1.57 0.00368287 
1.5675 0.00341857 
1.575 0.00427596 
1.5725 0.00396812 
1.58 0.00496655 
1.5775 0.00460815 
1.585 0.00577015 
1.5825 0.00535318 
1.59 0.0067044 
1.5875 0.00621976 
1.595 0.00778924 
1.5925 0.00722666 
1.6 0.00904703 
1.5975 0.00839502 
1.605 0.0105027 
1.6025 0.00974848 
1.61 0.0121837 
1.6075 0.0113132 
1.615 0.01412 
1.6125 0.013118 
1.62 0.0163441 
1.6175 0.015194 
1.625 0.0188905 
1.6225 0.0175748 
1.63 0.0217958 
1.6275 0.020296 
1.635 0.0250978 
1.6325 0.0233948 
1.64 0.0288355 
1.6375 0.0269097 
1.645 0.0330483 
1.6425 0.03088 
1.65 0.0377755 
1.6475 0.0353451 
1.655 0.0430562 
1.6525 0.0403443 
1.66 0.0489284 
1.6575 0.045916 
1.665 0.0554289 
1.6625 0.0520978 
1.67 0.0625935 
1.6675 0.058926 
1.675 0.0704562 
1.6725 0.0664355 
1.68 0.07905 
1.6775 0.0746597 
1.685 0.0884061 
1.6825 0.0836309 
1.69 0.0985542 
1.6875 0.0933794 
1.695 0.109522 
1.6925 0.103934 
1.7 0.121336 
1.6975 0.115322 
1.705 0.134019 
1.7025 0.127567 
1.71 0.14759 
1.7075 0.140692 
1.715 0.162066 
1.7125 0.154714 
1.72 0.177458 
1.7175 0.169647 
1.725 0.19377 
1.7225 0.185499 
1.73 0.211 
1.7275 0.202271 
1.735 0.229138 
1.7325 0.219957 
1.74 0.248166 
1.7375 0.238543 
1.745 0.268052 
1.7425 0.258004 
1.75 0.28876 
1.7475 0.278306 
1.755 0.310236 
1.7525 0.299405 
1.76 0.332422 
1.7575 0.321245 
1.765 0.355243 
1.7625 0.343758 
1.77 0.378619 
1.7675 0.366868 
1.775 0.402457 
1.7725 0.390487 
1.78 0.426659 
1.7775 0.414519 
1.785 0.451117 
1.7825 0.438862 
1.79 0.475722 
1.7875 0.463408 
1.795 0.50036 
1.7925 0.488044 
1.8 0.524918 
1.7975 0.512656 
1.805 0.549284 
1.8025 0.537132 
1.81 0.573349 
1.8075 0.561361 
1.815 0.597012 
1.8125 0.585237 
1.82 0.620176 
1.8175 0.608662 
1.825 0.642755 
1.8225 0.631544 
1.83 0.664672 
1.8275 0.653801 
1.835 0.68586 
1.8325 0.675361 
1.84 0.706264 
1.8375 0.696163 
1.845 0.72584 
1.8425 0.716158 
1.85 0.744554 
1.8475 0.735306 
1.855 0.762382 
1.8525 0.75358 
1.86 0.779312 
1.8575 0.77096 
1.865 0.79534 
1.8625 0.787439 
1.87 0.810469 
1.8675 0.803016 
1.875 0.824712 
1.8725 0.8177 
1.88 0.838084 
1.8775 0.831505 
1.885 0.85061 
1.8825 0.844452 
1.89 0.862317 
1.8875 0.856564 
1.895 0.873235 
1.8925 0.867872 
1.9 0.883397 
1.8975 0.878408 
1.905 0.892838 
1.9025 0.888205 
1.91 0.901595 
1.9075 0.8973 
1.915 0.909705 
1.9125 0.905729 
1.92 0.917204 
1.9175 0.913528 
1.925 0.924129 
1.9225 0.920736 
1.93 0.930517 
1.9275 0.927388 
1.935 0.936401 
1.9325 0.93352 
1.94 0.941817 
1.9375 0.939166 
1.945 0.946796 
1.9425 0.944359 
1.95 0.95137 
1.9475 0.949132 
1.955 0.955569 
1.9525 0.953515 
1.96 0.959419 
1.9575 0.957536 
1.965 0.962948 
1.9625 0.961222 
1.97 0.96618 
1.9675 0.9646 
1.975 0.969139 
1.9725 0.967693 
1.98 0.971847 
1.9775 0.970523 
1.985 0.974323 
1.9825 0.973112 
1.99 0.976586 
1.9875 0.97548 
1.995 0.978653 
1.9925 0.977643 
2 0.980542 
1.9975 0.979619 
2.005 0.982266 
2.0025 0.981424 
2.01 0.98384 
2.0075 0.983071 
2.015 0.985277 
2.0125 0.984575 
2.02 0.986587 
2.0175 0.985947 
2.025 0.987782 
2.0225 0.987198 
2.03 0.988872 
2.0275 0.98834 
2.035 0.989865 
2.0325 0.98938 
2.04 0.990771 
2.0375 0.990329 
2.045 0.991596 
2.0425 0.991193 
2.05 0.992348 
2.0475 0.991981 
2.055 0.993034 
2.0525 0.992699 
2.06 0.993658 
2.0575 0.993353 
2.065 0.994226 
2.0625 0.993949 
2.07 0.994744 
2.0675 0.994491 
2.075 0.995216 
2.0725 0.994986 
2.08 0.995646 
2.0775 0.995436 
2.085 0.996037 
2.0825 0.995846 
2.09 0.996393 
2.0875 0.996219 
2.095 0.996717 
2.0925 0.996559 
2.1 0.997012 
2.0975 0.996868 
2.105 0.997281 
2.1025 0.997149 
2.11 0.997525 
2.1075 0.997406 
2.115 0.997748 
2.1125 0.997639 
2.12 0.99795 
2.1175 0.997851 
2.125 0.998135 
2.1225 0.998045 
2.13 0.998303 
2.1275 0.998221 
2.135 0.998455 
2.1325 0.998381 
2.14 0.998594 
2.1375 0.998527 
2.145 0.998721 
2.1425 0.998659 
2.15 0.998836 
2.1475 0.99878 
2.155 0.998941 
2.1525 0.99889 
2.16 0.999036 
2.1575 0.998989 
2.165 0.999123 
2.1625 0.99908 
2.17 0.999202 
2.1675 0.999163 
2.175 0.999273 
2.1725 0.999238 
2.18 0.999339 
2.1775 0.999307 
2.185 0.999398 
2.1825 0.999369 
2.19 0.999452 
2.1875 0.999426 
2.195 0.999501 
2.1925 0.999477 
2.2 0.999546 
2.1975 0.999524 
2.205 0.999587 
2.2025 0.999567 
2.21 0.999624 
2.2075 0.999605 
2.215 0.999657 
2.2125 0.999641 
2.22 0.999688 
2.2175 0.999673 
2.225 0.999715 
2.2225 0.999702 
2.23 0.999741 
2.2275 0.999728 
2.235 0.999763 
2.2325 0.999752 
2.24 0.999784 
2.2375 0.999774 
2.245 0.999803 
2.2425 0.999794 
2.25 0.99982 
2.2475 0.999812 
2.255 0.999836 
2.2525 0.999828 
2.26 0.99985 
2.2575 0.999843 
2.265 0.999862 
2.2625 0.999856 
2.27 0.999874 
2.2675 0.999868 
2.275 0.999884 
2.2725 0.999879 
2.28 0.999893 
2.2775 0.999889 
2.285 0.999902 
2.2825 0.999898 
2.29 0.999909 
2.2875 0.999906 
2.295 0.999916 
2.2925 0.999913 
2.3 0.999922 
2.2975 0.999919 
2.305 0.999927 
2.3025 0.999925 
2.31 0.999932 
2.3075 0.999929 
2.315 0.999936 
2.3125 0.999934 
2.32 0.999939 
2.3175 0.999937 
2.325 0.999942 
2.3225 0.99994 
2.33 0.999944 
2.3275 0.999943 
2.335 0.999946 
2.3325 0.999945 
2.34 0.999947 
2.3375 0.999947 
2.345 0.999948 
2.3425 0.999948 
2.35 0.999949 
2.3475 0.999949 
2.355 0.999949 
2.3525 0.999949 
2.36 0.999948 
2.3575 0.999949 
2.365 0.999947 
2.3625 0.999948 
2.37 0.999946 
2.3675 0.999947 
2.375 0.999944 
2.3725 0.999945 
2.38 0.999942 
2.3775 0.999943 
2.385 0.999939 
2.3825 0.999941 
2.39 0.999936 
2.3875 0.999937 
2.395 0.999932 
2.3925 0.999934 
2.4 0.999927 
2.3975 0.99993 
2.405 0.999922 
2.4025 0.999925 
2.41 0.999916 
2.4075 0.999919 
2.415 0.99991 
2.4125 0.999913 
2.42 0.999903 
2.4175 0.999906 
2.425 0.999895 
2.4225 0.999899 
2.43 0.999886 
2.4275 0.99989 
2.435 0.999876 
2.4325 0.999881 
2.44 0.999864 
2.4375 0.99987 
2.445 0.999852 
2.4425 0.999858 
2.45 0.999839 
2.4475 0.999846 
2.455 0.999824 
2.4525 0.999831 
2.46 0.999807 
2.4575 0.999816 
2.465 0.999789 
2.4625 0.999799 
2.47 0.999769 
2.4675 0.99978 
2.475 0.999748 
2.4725 0.999759 
2.48 0.999724 
2.4775 0.999736 
2.485 0.999697 
2.4825 0.999711 
2.49 0.999668 
2.4875 0.999683 
2.495 0.999636 
2.4925 0.999653 
2.5 0.999601 
2.4975 0.999619 
2.505 0.999563 
2.5025 0.999583 
2.51 0.999521 
2.5075 0.999542 
2.515 0.999474 
2.5125 0.999498 
2.52 0.999424 
2.5175 0.99945 
2.525 0.999368 
2.5225 0.999397 
2.53 0.999307 
2.5275 0.999338 
2.535 0.99924 
2.5325 0.999274 
2.54 0.999166 
2.5375 0.999204 
2.545 0.999086 
2.5425 0.999127 
2.55 0.998997 
2.5475 0.999042 
2.555 0.9989 
2.5525 0.99895 
2.56 0.998793 
2.5575 0.998848 
2.565 0.998676 
2.5625 0.998736 
2.57 0.998548 
2.5675 0.998614 
2.575 0.998408 
2.5725 0.998479 
2.58 0.998253 
2.5775 0.998332 
2.585 0.998084 
2.5825 0.998171 
2.59 0.997899 
2.5875 0.997993 
2.595 0.997695 
2.5925 0.997799 
2.6 0.997472 
2.5975 0.997586 
2.605 0.997227 
2.6025 0.997352 
2.61 0.996959 
2.6075 0.997096 
2.615 0.996664 
2.6125 0.996815 
2.62 0.996342 
2.6175 0.996507 
2.625 0.995988 
2.6225 0.996169 
2.63 0.9956 
2.6275 0.995798 
2.635 0.995175 
2.6325 0.995392 
2.64 0.994708 
2.6375 0.994947 
2.645 0.994197 
2.6425 0.994459 
2.65 0.993637 
2.6475 0.993924 
2.655 0.993024 
2.6525 0.993338 
2.66 0.992351 
2.6575 0.992695 
2.665 0.991614 
2.6625 0.991991 
2.67 0.990807 
2.6675 0.99122 
2.675 0.989922 
2.6725 0.990375 
2.68 0.988954 
2.6775 0.989449 
2.685 0.987893 
2.6825 0.988435 
2.69 0.986732 
2.6875 0.987325 
2.695 0.98546 
2.6925 0.98611 
2.7 0.984069 
2.6975 0.98478 
2.705 0.982547 
2.7025 0.983325 
2.71 0.980882 
2.7075 0.981733 
2.715 0.979061 
2.7125 0.979992 
2.72 0.977071 
2.7175 0.978088 
2.725 0.974896 
2.7225 0.976007 
2.73 0.97252 
2.7275 0.973734 
2.735 0.969925 
2.7325 0.971251 
2.74 0.967094 
2.7375 0.96854 
2.745 0.964005 
2.7425 0.965583 
2.75 0.960637 
2.7475 0.962357 
2.755 0.956968 
2.7525 0.958842 
2.76 0.952972 
2.7575 0.955012 
2.765 0.948625 
2.7625 0.950844 
2.77 0.943898 
2.7675 0.946311 
2.775 0.938763 
2.7725 0.941384 
2.78 0.933191 
2.7775 0.936034 
2.785 0.927149 
2.7825 0.93023 
2.79 0.920605 
2.7875 0.923942 
2.795 0.913527 
2.7925 0.917135 
2.8 0.905881 
2.7975 0.909777 
2.805 0.897632 
2.8025 0.901834 
2.81 0.888746 
2.8075 0.893271 
2.815 0.879191 
2.8125 0.884054 
2.82 0.868933 
2.8175 0.874151 
2.825 0.857942 
2.8225 0.863531 
2.83 0.846189 
2.8275 0.852162 
2.835 0.833648 
2.8325 0.840018 
2.84 0.820299 
2.8375 0.827076 
2.845 0.806123 
2.8425 0.813315 
2.85 0.79111 
2.8475 0.798722 
2.855 0.775253 
2.8525 0.783287 
2.86 0.758554 
2.8575 0.767009 
2.865 0.741024 
2.8625 0.749892 
2.87 0.722679 
2.8675 0.731952 
2.875 0.703548 
2.8725 0.71321 
2.88 0.683666 
2.8775 0.693698 
2.885 0.663081 
2.8825 0.673458 
2.89 0.641847 
2.8875 0.652541 
2.895 0.620031 
2.8925 0.631008 
2.9 0.597706 
2.8975 0.608927 
2.905 0.574954 
2.9025 0.586378 
2.91 0.551864 
2.9075 0.563446 
2.915 0.52853 
2.9125 0.540221 
2.92 0.50505 
2.9175 0.516802 
2.925 0.481525 
2.9225 0.493286 
2.93 0.458056 
2.9275 0.469777 
2.935 0.434743 
2.9325 0.446374 
2.94 0.411685 
2.9375 0.423177 
2.945 0.388975 
2.9425 0.400281 
2.95 0.3667 
2.9475 0.377778 
2.955 0.344941 
2.9525 0.355751 
2.96 0.32377 
2.9575 0.334278 
2.965 0.303251 
2.9625 0.313425 
2.97 0.283439 
2.9675 0.293254 
2.975 0.264378 
2.9725 0.273812 
2.98 0.246105 
2.9775 0.255141 
2.985 0.228645 
2.9825 0.237272 
2.99 0.212015 
2.9875 0.220225 
2.995 0.196225 
2.9925 0.204015 
3 0.181276 
2.9975 0.188645 
3.005 0.167161 
3.0025 0.174115 
3.01 0.153871 
3.0075 0.160414 
3.015 0.141386 
3.0125 0.147529 
3.02 0.129687 
3.0175 0.13544 
3.025 0.118749 
3.0225 0.124125 
3.03 0.108542 
3.0275 0.113556 
3.035 0.0990383 
3.0325 0.103704 
3.04 0.0902053 
3.0375 0.0945399 
3.045 0.082011 
3.0425 0.0860304 
3.05 0.0744224 
3.0475 0.078143 
3.055 0.067407 
3.0525 0.0708451 
3.06 0.0609322 
3.0575 0.064104 
3.065 0.0549664 
3.0625 0.0578876 
3.07 0.0494789 
3.0675 0.0521647 
3.075 0.0444399 
3.0725 0.0469051 
3.08 0.0398212 
3.0775 0.0420797 
3.085 0.0355955 
3.0825 0.0376608 
3.09 0.0317372 
3.0875 0.033622 
3.095 0.028222 
3.0925 0.0299382 
3.1 0.0250268 
3.0975 0.0265858 
3.105 0.0221297 
3.1025 0.0235423 
3.11 0.0195102 
3.1075 0.0207865 
3.115 0.0171486 
3.1125 0.0182983 
3.12 0.0150264 
3.1175 0.0160587 
3.125 0.0131257 
3.1225 0.0140494 
3.13 0.0114296 
3.1275 0.0122531 
3.135 0.00992161 
3.1325 0.0106531 
3.14 0.00858618 
3.1375 0.00923329 
3.145 0.00740819 
3.1425 0.00797842 
3.15 0.00637321 
3.1475 0.0068737 
3.155 0.00546747 
3.1525 0.00590502 
3.16 0.00467791 
3.1575 0.00505896 
3.165 0.00399222 
3.1625 0.00432282 
3.17 0.00339888 
3.1675 0.00368469 
3.175 0.00288721 
3.1725 0.00313347 
3.18 0.00244741 
3.1775 0.00265891 
3.185 0.00207051 
3.1825 0.00225162 
3.19 0.00174843 
3.1875 0.00190309 
3.195 0.00147392 
3.1925 0.00160565 
3.2 0.00124051 
3.1975 0.00135245 
3.205 0.00104248 
3.2025 0.0011374 
3.21 0.000874819 
3.2075 0.000955142 
3.215 0.000733136 
3.2125 0.000800981 
3.22 0.000613614 
3.2175 0.000670822 
3.225 0.000512951 
3.2225 0.000561113 
3.23 0.000428299 
3.2275 0.000468785 
3.235 0.000357212 
3.2325 0.000391198 
3.24 0.000297598 
3.2375 0.000326089 
3.245 0.000247667 
3.2425 0.000271523 
3.25 0.000205898 
3.2475 0.000225848 
3.255 0.000170997 
3.2525 0.000187662 
3.26 0.000141868 
3.2575 0.000155773 
3.265 0.000117583 
3.2625 0.000129172 
3.27 9.73572e-05 
3.2675 0.000107006 
3.275 8.05308e-05 
3.2725 8.85561e-05 
3.28 6.65464e-05 
3.2775 7.32144e-05 
3.285 5.49361e-05 
3.2825 6.04707e-05 
3.29 4.53064e-05 
3.2875 4.98956e-05 
3.295 3.73276e-05 
3.2925 4.11291e-05 
3.3 3.07234e-05 
3.2975 3.38691e-05 
3.305 2.52623e-05 
3.3025 2.78628e-05 
3.31 2.0751e-05 
3.3075 2.28987e-05 
3.315 1.70282e-05 
3.3125 1.88e-05 
3.32 1.3959e-05 
3.3175 1.54194e-05 
3.325 1.14314e-05 
3.3225 1.26338e-05 
3.33 9.35184e-06 
3.3275 1.03408e-05 
3.335 7.64269e-06 
3.3325 8.45527e-06 
3.34 6.23941e-06 
3.3375 6.90639e-06 
3.345 5.08846e-06 
3.3425 5.63536e-06 
3.35 4.14545e-06 
3.3475 4.59342e-06 
3.355 3.37363e-06 
3.3525 3.74017e-06 
3.36 2.74259e-06 
3.3575 3.04219e-06 
3.365 2.22719e-06 
3.3625 2.47182e-06 
3.37 1.8067e-06 
3.3675 2.00623e-06 
3.375 1.46401e-06 
3.3725 1.62658e-06 
3.38 1.18503e-06 
3.3775 1.31733e-06 
3.385 9.58161e-07 
3.3825 1.06572e-06 
3.39 7.73871e-07 
3.3875 8.61218e-07 
3.395 6.24336e-07 
3.3925 6.9519e-07 
3.4 5.03135e-07 
3.3975 5.60546e-07 
3.405 4.0501e-07 
3.4025 4.51477e-07 
3.41 3.25655e-07 
3.4075 3.63222e-07 
3.415 2.61554e-07 
3.4125 2.91891e-07 
3.42 2.09832e-07 
3.4175 2.34303e-07 
3.425 1.68147e-07 
3.4225 1.87864e-07 
3.43 1.34589e-07 
3.4275 1.50457e-07 
3.435 1.07606e-07 
3.4325 1.20361e-07 
3.44 8.59327e-08 
3.4375 9.61742e-08 
3.445 6.85458e-08 
3.4425 7.67594e-08 
3.45 5.46135e-08 
3.4475 6.11931e-08 
3.455 4.34625e-08 
3.4525 4.8727e-08 
3.46 3.4548e-08 
3.4575 3.87553e-08 
3.465 2.74299e-08 
3.4625 3.07883e-08 
3.47 2.17528e-08 
3.4675 2.44305e-08 
3.475 1.72304e-08 
3.4725 1.93628e-08 
3.48 1.36322e-08 
3.4775 1.53283e-08 
3.485 1.07726e-08 
3.4825 1.21201e-08 
3.49 8.50282e-09 
3.4875 9.57207e-09 
3.495 6.70331e-09 
3.4925 7.55075e-09 
3.5 5.27836e-09 
3.4975 5.94919e-09 
3.505 4.15137e-09 
3.5025 4.68176e-09 
3.51 3.2611e-09 
3.5075 3.67995e-09 
3.515 2.5587e-09 
3.5125 2.88906e-09 
3.52 2.00517e-09 
3.5175 2.26543e-09 
3.525 1.56951e-09 
3.5225 1.77428e-09 
3.53 1.22703e-09 
3.5275 1.38795e-09 
3.535 9.58126e-10 
3.5325 1.08444e-09 
3.54 7.47252e-10 
3.5375 8.46271e-10 
3.545 5.82086e-10 
3.5425 6.59617e-10 
3.55 4.52879e-10 
3.5475 5.13511e-10 
3.555 3.51927e-10 
3.5525 3.99284e-10 
3.56 2.73147e-10 
3.5575 3.10091e-10 
3.565 2.11746e-10 
3.5625 2.40531e-10 
3.57 1.63948e-10 
3.5675 1.86348e-10 
3.575 1.26785e-10 
3.5725 1.44196e-10 
3.58 9.79277e-11 
3.5775 1.11443e-10 
3.585 7.55464e-11 
3.5825 8.6025e-11 
3.59 5.82095e-11 
3.5875 6.63237e-11 
3.595 4.47966e-11 
3.5925 5.10722e-11 
3.6 3.44324e-11 
3.5975 3.928e-11 
3.605 2.64339e-11 
3.6025 3.01738e-11 
3.61 2.02687e-11 
3.6075 2.31504e-11 
3.615 1.55225e-11 
3.6125 1.77402e-11 
3.62 1.18732e-11 
3.6175 1.35778e-11 
3.625 9.07073e-12 
3.6225 1.03793e-11 
3.63 6.92131e-12 
3.6275 7.92465e-12 
3.635 5.27479e-12 
3.6325 6.04313e-12 
3.64 4.01506e-12 
3.6375 4.60271e-12 
3.645 3.05245e-12 
3.6425 3.50135e-12 
3.65 2.3178e-12 
3.6475 2.66028e-12 
3.655 1.75782e-12 
3.6525 2.01878e-12 
3.66 1.3315e-12 
3.6575 1.53011e-12 
3.665 1.00735e-12 
3.6625 1.15831e-12 
3.67 7.61184e-13 
3.6675 8.75789e-13 
3.675 5.74473e-13 
3.6725 6.6137e-13 
3.68 4.33032e-13 
3.6775 4.98838e-13 
3.685 3.26019e-13 
3.6825 3.75791e-13 
3.69 2.45152e-13 
3.6875 2.82751e-13 
3.695 1.8412e-13 
3.6925 2.12487e-13 
3.7 1.38114e-13 
3.6975 1.5949e-13 
3.705 1.03478e-13 
3.7025 1.19566e-13 
3.71 7.74333e-14 
3.7075 8.95265e-14 
3.715 5.78737e-14 
3.7125 6.69528e-14 
3.72 4.32024e-14 
3.7175 5.00103e-14 
3.725 3.22113e-14 
3.7225 3.73098e-14 
3.73 2.39874e-14 
3.7275 2.78009e-14 
3.735 1.78415e-14 
3.7325 2.06905e-14 
3.74 1.32542e-14 
3.7375 1.538e-14 
3.745 9.83445e-15 
3.7425 1.14187e-14 
3.75 7.28824e-15 
3.7475 8.4674e-15 
3.755 5.39474e-15 
3.7525 6.27134e-15 
3.76 3.98837e-15 
3.7575 4.63924e-15 
3.765 2.94508e-15 
3.7625 3.42775e-15 
3.77 2.17208e-15 
3.7675 2.52959e-15 
3.775 1.60004e-15 
3.7725 1.86452e-15 
3.78 1.17724e-15 
3.7775 1.37266e-15 
3.785 8.65127e-16 
3.7825 1.00934e-15 
3.79 6.34999e-16 
3.7875 7.41293e-16 
3.795 4.65529e-16 
3.7925 5.4378e-16 
3.8 3.4088e-16 
3.7975 3.98416e-16 
3.805 2.49309e-16 
3.8025 2.91563e-16 
3.81 1.82119e-16 
3.8075 2.13112e-16 
3.815 1.32879e-16 
3.8125 1.55585e-16 
3.82 9.68372e-17 
3.8175 1.13452e-16 
3.825 7.04876e-17 
3.8225 8.26303e-17 
3.83 5.1247e-17 
3.8275 6.01108e-17 
3.835 3.72144e-17 
3.8325 4.36769e-17 
3.84 2.69924e-17 
3.8375 3.16985e-17 
3.845 1.95552e-17 
3.8425 2.29781e-17 
3.85 1.41505e-17 
3.8475 1.66371e-17 
3.855 1.02276e-17 
3.8525 1.20319e-17 
3.86 7.38358e-18 
3.8575 8.69122e-18 
3.865 5.32421e-18 
3.8625 6.27078e-18 
3.87 3.83478e-18 
3.8675 4.51916e-18 
3.875 2.75882e-18 
3.8725 3.25306e-18 
3.88 1.98247e-18 
3.8775 2.33897e-18 
3.885 1.42295e-18 
3.8825 1.6798e-18 
3.89 1.02019e-18 
3.8875 1.20502e-18 
3.895 7.30597e-19 
3.8925 8.63452e-19 
3.9 5.2262e-19 
3.8975 6.18002e-19 
3.905 3.73428e-19 
3.9025 4.41829e-19 
3.91 2.6653e-19 
3.9075 3.15525e-19 
3.915 1.90024e-19 
3.9125 2.25079e-19 
3.92 1.35331e-19 
3.9175 1.60383e-19 
3.925 9.62757e-20 
3.9225 1.14159e-19 
3.93 6.84188e-20 
3.9275 8.11709e-20 
3.935 4.85712e-20 
3.9325 5.76541e-20 
3.94 3.44458e-20 
3.9375 4.09082e-20 
3.945 2.44037e-20 
3.9425 2.89966e-20 
3.95 1.72722e-20 
3.9475 2.05329e-20 
3.955 1.2213e-20 
3.9525 1.45255e-20 
3.96 8.62767e-21 
3.9575 1.02661e-20 
3.965 6.08944e-21 
3.9625 7.24902e-21 
3.97 4.29428e-21 
3.9675 5.11418e-21 
3.975 3.02588e-21 
3.9725 3.60504e-21 
3.98 2.13052e-21 
3.9775 2.53925e-21 
3.985 1.49904e-21 
3.9825 1.78724e-21 
3.99 1.05407e-21 
3.9875 1.2571e-21 
3.995 7.40771e-22 
3.9925 8.83693e-22 
4 5.20349e-22 
3.9975 6.20882e-22 
4.005 3.65381e-22 
4.0025 4.36048e-22 
4.01 2.56499e-22 
4.0075 3.06142e-22 
4.015 1.8004e-22 
4.0125 2.14895e-22 
4.02 1.26374e-22 
4.0175 1.50836e-22 
4.025 8.872e-23 
4.0225 1.05882e-22 
4.03 6.23075e-23 
4.0275 7.43452e-23 
4.035 4.37826e-23 
4.0325 5.22253e-23 
4.04 3.07893e-23 
4.0375 3.67112e-23 
4.045 2.16742e-23 
4.0425 2.58289e-23 
4.05 1.52773e-23 
4.0475 1.81934e-23 
4.055 1.07854e-23 
4.0525 1.28335e-23 
4.06 7.62861e-24 
4.0575 9.06831e-24 
4.065 5.40773e-24 
4.0625 6.42092e-24 
4.07 3.84318e-24 
4.0675 4.55724e-24 
4.075 2.7392e-24 
4.0725 3.2433e-24 
4.08 1.95868e-24 
4.0775 2.31529e-24 
4.085 1.40558e-24 
4.0825 1.65845e-24 
4.09 1.0126e-24 
4.0875 1.1924e-24 
4.095 7.32551e-25 
4.0925 8.60796e-25 
4.1 5.3231e-25 
4.0975 6.24096e-25 
4.105 3.88604e-25 
4.1025 4.54544e-25 
4.11 2.85056e-25 
4.1075 3.32624e-25 
4.115 2.10123e-25 
4.1125 2.44587e-25 
4.12 1.55648e-25 
4.1175 1.80734e-25 
4.125 1.15858e-25 
4.1225 1.34206e-25 
4.13 8.66496e-26 
4.1275 1.00136e-25 
4.135 6.51026e-26 
4.1325 7.50649e-26 
4.14 4.91275e-26 
4.1375 5.65235e-26 
4.145 3.72249e-26 
4.1425 4.27427e-26 
4.15 2.83137e-26 
4.1475 3.245e-26 
4.155 2.16111e-26 
4.1525 2.4726e-26 
4.16 1.65475e-26 
4.1575 1.89034e-26 
4.165 1.27063e-26 
4.1625 1.44954e-26 
4.17 9.78126e-27 
4.1675 1.1145e-26 
4.175 7.54608e-27 
4.1725 8.58907e-27 
4.18 5.83267e-27 
4.1775 6.63283e-27 
4.185 4.51553e-27 
4.1825 5.13106e-27 
4.19 3.5005e-27 
4.1875 3.97514e-27 
4.195 2.7166e-27 
4.1925 3.08336e-27 
4.2 2.11009e-27 
4.1975 2.39398e-27 
4.205 1.64009e-27 
4.2025 1.86017e-27 
4.21 1.2754e-27 
4.2075 1.44621e-27 
4.215 9.92124e-28 
4.2125 1.12484e-27 
4.22 7.71911e-28 
4.2175 8.75103e-28 
4.225 6.00611e-28 
4.2225 6.80893e-28 
4.23 4.67299e-28 
4.2275 5.29784e-28 
4.235 3.63521e-28 
4.2325 4.12166e-28 
4.24 2.82722e-28 
4.2375 3.20597e-28 
4.245 2.19811e-28 
4.2425 2.493e-28 
4.25 1.70834e-28 
4.2475 1.93791e-28 
4.255 1.3271e-28 
4.2525 1.50578e-28 
4.26 1.03042e-28 
4.2575 1.16946e-28 
4.265 7.99634e-29 
4.2625 9.07785e-29 
4.27 6.20174e-29 
4.2675 7.04262e-29 
4.275 4.80692e-29 
4.2725 5.46039e-29 
4.28 3.72337e-29 
4.2775 4.23094e-29 
4.285 2.88211e-29 
4.2825 3.27612e-29 
4.29 2.22935e-29 
4.2875 2.53502e-29 
4.295 1.72318e-29 
4.2925 1.96017e-29 
4.3 1.33094e-29 
4.2975 1.51455e-29 
4.305 1.02719e-29 
4.3025 1.16935e-29 
4.31 7.92153e-30 
4.3075 9.02137e-30 
4.315 6.10407e-30 
4.3125 6.95435e-30 
4.32 4.69979e-30 
4.3175 5.35664e-30 
4.325 3.61561e-30 
4.3225 4.12263e-30 
4.33 2.77922e-30 
4.3275 3.17027e-30 
4.335 2.13451e-30 
4.3325 2.43588e-30 
4.34 1.63797e-30 
4.3375 1.87002e-30 
4.345 1.25585e-30 
4.3425 1.43439e-30 
4.35 9.62039e-31 
4.3475 1.09929e-30 
4.355 7.36322e-31 
4.3525 8.41738e-31 
4.36 5.63066e-31 
4.3575 6.43963e-31 
4.365 4.30194e-31 
4.3625 4.9222e-31 
4.37 3.28383e-31 
4.3675 3.75898e-31 
4.375 2.50441e-31 
4.3725 2.86808e-31 
4.38 1.90825e-31 
4.3775 2.18635e-31 
4.385 1.45268e-31 
4.3825 1.66514e-31 
4.39 1.10485e-31 
4.3875 1.26703e-31 
4.395 8.39536e-32 
4.3925 9.6321e-32 
4.4 6.37339e-32 
4.3975 7.31567e-32 
4.405 4.83389e-32 
4.4025 5.55115e-32 
4.41 3.66283e-32 
4.4075 4.2083e-32 
4.415 2.77286e-32 
4.4125 3.18729e-32 
4.42 2.09715e-32 
4.4175 2.41173e-32 
4.425 1.58459e-32 
4.4225 1.82315e-32 
4.43 1.19617e-32 
4.4275 1.37691e-32 
4.435 9.02096e-33 
4.4325 1.0389e-32 
4.44 6.79667e-33 
4.4375 7.83115e-33 
4.445 5.1159e-33 
4.4425 5.89739e-33 
4.45 3.84705e-33 
4.4475 4.43686e-33 
4.455 2.8901e-33 
4.4525 3.33481e-33 
4.46 2.16908e-33 
4.4575 2.50406e-33 
4.465 1.62635e-33 
4.4625 1.87844e-33 
4.47 1.21823e-33 
4.4675 1.40775e-33 
4.475 9.11631e-34 
4.4725 1.05397e-33 
4.48 6.81525e-34 
4.4775 7.8832e-34 
4.485 5.08998e-34 
4.4825 5.89048e-34 
4.49 3.7977e-34 
4.4875 4.39714e-34 
4.495 2.83072e-34 
4.4925 3.27915e-34 
4.5 2.10785e-34 
4.4975 2.44299e-34 
4.505 1.56802e-34 
4.5025 1.81823e-34 
4.51 1.16529e-34 
4.5075 1.3519e-34 
4.515 8.65123e-35 
4.5125 1.00417e-34 
4.52 6.41636e-35 
4.5175 7.45137e-35 
4.525 4.75406e-35 
4.5225 5.52369e-35 
4.53 3.51887e-35 
4.5275 4.0906e-35 
4.535 2.60199e-35 
4.5325 3.02627e-35 
4.54 1.92207e-35 
4.5375 2.23661e-35 
4.545 1.41839e-35 
4.5425 1.65134e-35 
4.55 1.04564e-35 
4.5475 1.21799e-35 
4.555 7.70071e-36 
4.5525 8.9745e-36 
4.56 5.66549e-36 
4.5575 6.60598e-36 
4.565 4.16393e-36 
4.5625 4.85762e-36 
4.57 3.05723e-36 
4.5675 3.56836e-36 
4.575 2.24238e-36 
4.5725 2.61862e-36 
4.58 1.64305e-36 
4.5775 1.9197e-36 
4.585 1.20267e-36 
4.5825 1.40589e-36 
4.59 8.79425e-37 
4.5875 1.02855e-36 
4.595 6.42403e-37 
4.5925 7.51721e-37 
4.6 4.68783e-37 
4.5975 5.48836e-37 
4.605 3.41736e-37 
4.6025 4.00299e-37 
4.61 2.48865e-37 
4.6075 2.91663e-37 
4.615 1.81047e-37 
4.6125 2.12291e-37 
4.62 1.31575e-37 
4.6175 1.54361e-37 
4.625 9.55234e-38 
4.6225 1.12123e-37 
4.63 6.92785e-38 
4.6275 8.13593e-38 
4.635 5.01926e-38 
4.6325 5.89756e-38 
4.64 3.63273e-38 
4.6375 4.27061e-38 
4.645 2.62651e-38 
4.6425 3.0893e-38 
4.65 1.89705e-38 
4.6475 2.23245e-38 
4.655 1.36876e-38 
4.6525 1.6116e-38 
4.66 9.86574e-39 
4.6575 1.1622e-38 
4.665 7.10367e-39 
4.6625 8.37259e-39 
4.67 5.1096e-39 
4.6675 6.02543e-39 
4.675 3.67149e-39 
4.6725 4.33179e-39 
4.68 2.63541e-39 
4.6775 3.11099e-39 
4.685 1.88975e-39 
4.6825 2.23192e-39 
4.69 1.35366e-39 
4.6875 1.5996e-39 
4.695 9.68652e-40 
4.6925 1.14523e-39 
4.7 6.92429e-40 
4.6975 8.19077e-40 
4.705 4.94461e-40 
4.7025 5.85204e-40 
4.71 3.52728e-40 
4.7075 4.17676e-40 
4.715 2.5136e-40 
4.7125 2.97798e-40 
4.72 1.78939e-40 
4.7175 2.12106e-40 
4.725 1.27251e-40 
4.7225 1.50916e-40 
4.73 9.03997e-41 
4.7275 1.07267e-40 
4.735 6.41539e-41 
4.7325 7.61637e-41 
4.74 4.54809e-41 
4.7375 5.4023e-41 
4.745 3.22095e-41 
4.7425 3.82789e-41 
4.75 2.27871e-41 
4.7475 2.7095e-41 
4.755 1.61043e-41 
4.7525 1.91588e-41 
4.76 1.13696e-41 
4.7575 1.35331e-41 
4.765 8.01864e-42 
4.7625 9.54942e-42 
4.77 5.64942e-42 
4.7675 6.7314e-42 
4.775 3.97609e-42 
4.7725 4.74005e-42 
4.78 2.7955e-42 
4.7775 3.33435e-42 
4.785 1.96341e-42 
4.7825 2.34308e-42 
4.79 1.37757e-42 
4.7875 1.64481e-42 
4.795 9.65528e-43 
4.7925 1.15343e-42 
4.8 6.76031e-43 
4.7975 8.08013e-43 
4.805 4.72845e-43 
4.8025 5.65451e-43 
4.81 3.30385e-43 
4.8075 3.95296e-43 
4.815 2.30607e-43 
4.8125 2.76057e-43 
4.82 1.60796e-43 
4.8175 1.92587e-43 
4.825 1.12003e-43 
4.8225 1.34216e-43 
4.83 7.79348e-44 
4.8275 9.34398e-44 
4.835 5.41733e-44 
4.8325 6.49846e-44 
4.84 3.76175e-44 
4.8375 4.51481e-44 
4.845 2.60943e-44 
4.8425 3.13343e-44 
4.85 1.80823e-44 
4.8475 2.17246e-44 
4.855 1.25173e-44 
4.8525 1.50464e-44 
4.86 8.65605e-45 
4.8575 1.04104e-44 
4.865 5.97972e-45 
4.8625 7.19536e-45 
4.87 4.12661e-45 
4.8675 4.96809e-45 
4.875 2.84484e-45 
4.8725 3.42671e-45 
4.88 1.95918e-45 
4.8775 2.36112e-45 
4.885 1.34786e-45 
4.8825 1.62521e-45 
4.89 9.26328e-46 
4.8875 1.11752e-45 
4.895 6.35973e-46 
4.8925 7.67632e-46 
4.9 4.3618e-46 
4.8975 5.26749e-46 
4.905 2.98845e-46 
4.9025 3.61083e-46 
4.91 2.0454e-46 
4.9075 2.47265e-46 
4.915 1.39851e-46 
4.9125 1.6915e-46 
4.92 9.55226e-47 
4.9175 1.15594e-46 
4.925 6.51781e-47 
4.9225 7.89141e-47 
4.93 4.44277e-47 
4.9275 5.38181e-47 
4.935 3.02527e-47 
4.9325 3.66656e-47 
4.94 2.05796e-47 
4.9375 2.49546e-47 
4.945 1.39858e-47 
4.9425 1.69672e-47 
4.95 9.49593e-48 
4.9475 1.15254e-47 
4.955 6.44235e-48 
4.9525 7.8221e-48 
4.96 4.36848e-48 
4.9575 5.30515e-48 
4.965 2.96256e-48 
4.9625 3.59717e-48 
4.97 2.01211e-48 
4.9675 2.4407e-48 
4.975 1.37275e-48 
4.9725 1.66052e-48 
4.98 9.46833e-49 
4.9775 1.1378e-48 
4.985 6.69035e-49 
4.9825 7.92524e-49 
4.99 4.9655e-49 
4.9875 5.71609e-49 
4.995 4.02711e-49 
4.9925 4.40954e-49 
5 3.7297e-49 
4.9975 3.8033e-49 
