0 9.96275e-16 
0.005 1.00107e-15 
0.0025 9.97474e-16 
0.01 1.01546e-15 
0.0075 1.00707e-15 
0.015 1.03948e-15 
0.0125 1.02627e-15 
0.02 1.07316e-15 
0.0175 1.05511e-15 
0.025 1.11657e-15 
0.0225 1.09365e-15 
0.03 1.16977e-15 
0.0275 1.14194e-15 
0.035 1.23285e-15 
0.0325 1.20007e-15 
0.04 1.30589e-15 
0.0375 1.26812e-15 
0.045 1.38898e-15 
0.0425 1.34617e-15 
0.05 1.48222e-15 
0.0475 1.43433e-15 
0.055 1.58568e-15 
0.0525 1.53267e-15 
0.06 1.69945e-15 
0.0575 1.64128e-15 
0.065 1.82358e-15 
0.0625 1.76022e-15 
0.07 1.9581e-15 
0.0675 1.88954e-15 
0.075 2.10302e-15 
0.0725 2.02926e-15 
0.08 2.25833e-15 
0.0775 2.17938e-15 
0.085 2.42393e-15 
0.0825 2.33985e-15 
0.09 2.59973e-15 
0.0875 2.51057e-15 
0.095 2.78554e-15 
0.0925 2.6914e-15 
0.1 2.98114e-15 
0.0975 2.88214e-15 
0.105 3.18621e-15 
0.1025 3.08251e-15 
0.11 3.40037e-15 
0.1075 3.29218e-15 
0.115 3.62317e-15 
0.1125 3.51073e-15 
0.12 3.85406e-15 
0.1175 3.73764e-15 
0.125 4.09239e-15 
0.1225 3.97234e-15 
0.13 4.33743e-15 
0.1275 4.21412e-15 
0.135 4.58835e-15 
0.1325 4.46221e-15 
0.14 4.8442e-15 
0.1375 4.71572e-15 
0.145 5.10394e-15 
0.1425 4.97365e-15 
0.15 5.36643e-15 
0.1475 5.23492e-15 
0.155 5.63043e-15 
0.1525 5.49832e-15 
0.16 5.8946e-15 
0.1575 5.76258e-15 
0.165 6.15749e-15 
0.1625 6.02629e-15 
0.17 6.4176e-15 
0.1675 6.28799e-15 
0.175 6.67333e-15 
0.1725 6.54611e-15 
0.18 6.92301e-15 
0.1775 6.79903e-15 
0.185 7.16495e-15 
0.1825 7.04506e-15 
0.19 7.39739e-15 
0.1875 7.28247e-15 
0.195 7.61856e-15 
0.1925 7.50949e-15 
0.2 7.82669e-15 
0.1975 7.72436e-15 
0.205 8.02005e-15 
0.2025 7.92533e-15 
0.21 8.19694e-15 
0.2075 8.11066e-15 
0.215 8.35571e-15 
0.2125 8.27869e-15 
0.22 8.49485e-15 
0.2175 8.42783e-15 
0.225 8.61293e-15 
0.2225 8.55661e-15 
0.23 8.70871e-15 
0.2275 8.66368e-15 
0.235 8.78109e-15 
0.2325 8.74788e-15 
0.24 8.82921e-15 
0.2375 8.80823e-15 
0.245 8.85243e-15 
0.2425 8.84396e-15 
0.25 8.85037e-15 
0.2475 8.85457e-15 
0.255 8.82293e-15 
0.2525 8.83981e-15 
0.26 8.77031e-15 
0.2575 8.79974e-15 
0.265 8.69304e-15 
0.2625 8.73471e-15 
0.27 8.59197e-15 
0.2675 8.64541e-15 
0.275 8.4683e-15 
0.2725 8.53287e-15 
0.28 8.32354e-15 
0.2775 8.39845e-15 
0.285 8.15956e-15 
0.2825 8.24383e-15 
0.29 7.97853e-15 
0.2875 8.07103e-15 
0.295 7.78292e-15 
0.2925 7.88238e-15 
0.3 7.57546e-15 
0.2975 7.68049e-15 
0.305 7.35914e-15 
0.3025 7.46821e-15 
0.31 7.13712e-15 
0.3075 7.24864e-15 
0.315 6.91271e-15 
0.3125 7.025e-15 
0.32 6.68933e-15 
0.3175 6.80068e-15 
0.325 6.47042e-15 
0.3225 6.5791e-15 
0.33 6.25944e-15 
0.3275 6.36373e-15 
0.335 6.05976e-15 
0.3325 6.15798e-15 
0.34 5.87466e-15 
0.3375 5.96519e-15 
0.345 5.70725e-15 
0.3425 5.78855e-15 
0.35 5.56048e-15 
0.3475 5.63111e-15 
0.355 5.43708e-15 
0.3525 5.4957e-15 
0.36 5.33954e-15 
0.3575 5.38492e-15 
0.365 5.27014e-15 
0.3625 5.30119e-15 
0.37 5.23097e-15 
0.3675 5.24666e-15 
0.375 5.22388e-15 
0.3725 5.2233e-15 
0.38 5.2506e-15 
0.3775 5.23291e-15 
0.385 5.31272e-15 
0.3825 5.27714e-15 
0.39 5.41177e-15 
0.3875 5.35754e-15 
0.395 5.54926e-15 
0.3925 5.47561e-15 
0.4 5.72674e-15 
0.3975 5.6329e-15 
0.405 5.94586e-15 
0.4025 5.83098e-15 
0.41 6.20844e-15 
0.4075 6.07159e-15 
0.415 6.51653e-15 
0.4125 6.35666e-15 
0.42 6.87247e-15 
0.4175 6.68836e-15 
0.425 7.27894e-15 
0.4225 7.0692e-15 
0.43 7.73906e-15 
0.4275 7.50208e-15 
0.435 8.25643e-15 
0.4325 7.99034e-15 
0.44 8.83519e-15 
0.4375 8.53785e-15 
0.445 9.48015e-15 
0.4425 9.14907e-15 
0.45 1.01968e-14 
0.4475 9.82913e-15 
0.455 1.09914e-14 
0.4525 1.05839e-14 
0.46 1.18713e-14 
0.4575 1.14202e-14 
0.465 1.28447e-14 
0.4625 1.23458e-14 
0.47 1.39209e-14 
0.4675 1.33693e-14 
0.475 1.51108e-14 
0.4725 1.45009e-14 
0.48 1.64264e-14 
0.4775 1.5752e-14 
0.485 1.78818e-14 
0.4825 1.71357e-14 
0.49 1.94926e-14 
0.4875 1.86667e-14 
0.495 2.12769e-14 
0.4925 2.03619e-14 
0.5 2.32551e-14 
0.4975 2.22404e-14 
0.505 2.54504e-14 
0.5025 2.4324e-14 
0.51 2.78892e-14 
0.5075 2.66376e-14 
0.515 3.06016e-14 
0.5125 2.92091e-14 
0.52 3.36216e-14 
0.5175 3.20708e-14 
0.525 3.69882e-14 
0.5225 3.52589e-14 
0.53 4.07453e-14 
0.5275 3.88149e-14 
0.535 4.49433e-14 
0.5325 4.27858e-14 
0.54 4.96389e-14 
0.5375 4.7225e-14 
0.545 5.4897e-14 
0.5425 5.21933e-14 
0.55 6.0791e-14 
0.5475 5.77595e-14 
0.555 6.74044e-14 
0.5525 6.40021e-14 
0.56 7.48319e-14 
0.5575 7.10099e-14 
0.565 8.31809e-14 
0.5625 7.88839e-14 
0.57 9.25735e-14 
0.5675 8.77385e-14 
0.575 1.03148e-13 
0.5725 9.77037e-14 
0.58 1.15061e-13 
0.5775 1.08927e-13 
0.585 1.28491e-13 
0.5825 1.21575e-13 
0.59 1.4364e-13 
0.5875 1.35837e-13 
0.595 1.60735e-13 
0.5925 1.51929e-13 
0.6 1.80037e-13 
0.5975 1.70093e-13 
0.605 2.01839e-13 
0.6025 1.90606e-13 
0.61 2.26474e-13 
0.6075 2.1378e-13 
0.615 2.54319e-13 
0.6125 2.3997e-13 
0.62 2.85801e-13 
0.6175 2.69577e-13 
0.625 3.21406e-13 
0.6225 3.03055e-13 
0.63 3.6168e-13 
0.6275 3.40922e-13 
0.635 4.07247e-13 
0.6325 3.8376e-13 
0.64 4.58811e-13 
0.6375 4.32232e-13 
0.645 5.17169e-13 
0.6425 4.87087e-13 
0.65 5.83226e-13 
0.6475 5.49174e-13 
0.655 6.58006e-13 
0.6525 6.19456e-13 
0.66 7.42669e-13 
0.6575 6.99023e-13 
0.665 8.3853e-13 
0.6625 7.89111e-13 
0.67 9.47079e-13 
0.6675 8.91118e-13 
0.675 1.07e-12 
0.6725 1.00663e-12 
0.68 1.20922e-12 
0.6775 1.13744e-12 
0.685 1.36688e-12 
0.6825 1.28559e-12 
0.69 1.54545e-12 
0.6875 1.45339e-12 
0.695 1.74771e-12 
0.6925 1.64343e-12 
0.7 1.97681e-12 
0.6975 1.85869e-12 
0.705 2.23631e-12 
0.7025 2.10252e-12 
0.71 2.53026e-12 
0.7075 2.37871e-12 
0.715 2.86325e-12 
0.7125 2.69157e-12 
0.72 3.24045e-12 
0.7175 3.04597e-12 
0.725 3.66775e-12 
0.7225 3.44744e-12 
0.73 4.15181e-12 
0.7275 3.90224e-12 
0.735 4.70019e-12 
0.7325 4.41745e-12 
0.74 5.32142e-12 
0.7375 5.00112e-12 
0.745 6.0252e-12 
0.7425 5.66234e-12 
0.75 6.82251e-12 
0.7475 6.41142e-12 
0.755 7.72578e-12 
0.7525 7.26006e-12 
0.76 8.7491e-12 
0.7575 8.22148e-12 
0.765 9.90844e-12 
0.7625 9.31069e-12 
0.77 1.12219e-11 
0.7675 1.05447e-11 
0.775 1.27099e-11 
0.7725 1.19427e-11 
0.78 1.43958e-11 
0.7775 1.35265e-11 
0.785 1.63057e-11 
0.7825 1.53209e-11 
0.79 1.84696e-11 
0.7875 1.73539e-11 
0.795 2.09212e-11 
0.7925 1.96571e-11 
0.8 2.36987e-11 
0.7975 2.22666e-11 
0.805 2.68454e-11 
0.8025 2.5223e-11 
0.81 3.04106e-11 
0.8075 2.85724e-11 
0.815 3.44499e-11 
0.8125 3.23672e-11 
0.82 3.90262e-11 
0.8175 3.66666e-11 
0.825 4.4211e-11 
0.8225 4.15377e-11 
0.83 5.00852e-11 
0.8275 4.70565e-11 
0.835 5.67406e-11 
0.8325 5.33091e-11 
0.84 6.42809e-11 
0.8375 6.03931e-11 
0.845 7.2824e-11 
0.8425 6.84192e-11 
0.85 8.25031e-11 
0.8475 7.75125e-11 
0.855 9.34694e-11 
0.8525 8.78151e-11 
0.86 1.05894e-10 
0.8575 9.94878e-11 
0.865 1.19971e-10 
0.8625 1.12713e-10 
0.87 1.3592e-10 
0.8675 1.27697e-10 
0.875 1.5399e-10 
0.8725 1.44673e-10 
0.88 1.74463e-10 
0.8775 1.63907e-10 
0.885 1.97659e-10 
0.8825 1.85699e-10 
0.89 2.2394e-10 
0.8875 2.10389e-10 
0.895 2.53716e-10 
0.8925 2.38363e-10 
0.9 2.87452e-10 
0.8975 2.70058e-10 
0.905 3.25675e-10 
0.9025 3.05967e-10 
0.91 3.68982e-10 
0.9075 3.46653e-10 
0.915 4.18049e-10 
0.9125 3.9275e-10 
0.92 4.73642e-10 
0.9175 4.44978e-10 
0.925 5.36629e-10 
0.9225 5.04152e-10 
0.93 6.07994e-10 
0.9275 5.71198e-10 
0.935 6.8885e-10 
0.9325 6.4716e-10 
0.94 7.80462e-10 
0.9375 7.33227e-10 
0.945 8.84259e-10 
0.9425 8.30741e-10 
0.95 1.00186e-09 
0.9475 9.41225e-10 
0.955 1.13511e-09 
0.9525 1.06641e-09 
0.96 1.28608e-09 
0.9575 1.20824e-09 
0.965 1.45713e-09 
0.9625 1.36894e-09 
0.97 1.65094e-09 
0.9675 1.55101e-09 
0.975 1.87052e-09 
0.9725 1.7573e-09 
0.98 2.11931e-09 
0.9775 1.99103e-09 
0.985 2.4012e-09 
0.9825 2.25586e-09 
0.99 2.72059e-09 
0.9875 2.55591e-09 
0.995 3.08247e-09 
0.9925 2.89588e-09 
1 3.49248e-09 
0.9975 3.28108e-09 
1.005 3.95704e-09 
1.0025 3.71751e-09 
1.01 4.4834e-09 
1.0075 4.21201e-09 
1.015 5.07978e-09 
1.0125 4.77228e-09 
1.02 5.7555e-09 
1.0175 5.4071e-09 
1.025 6.52112e-09 
1.0225 6.12636e-09 
1.03 7.38859e-09 
1.0275 6.94132e-09 
1.035 8.37147e-09 
1.0325 7.86469e-09 
1.04 9.48511e-09 
1.0375 8.91091e-09 
1.045 1.07469e-08 
1.0425 1.00963e-08 
1.05 1.21766e-08 
1.0475 1.14394e-08 
1.055 1.37965e-08 
1.0525 1.29612e-08 
1.06 1.56319e-08 
1.0575 1.46855e-08 
1.065 1.77115e-08 
1.0625 1.66392e-08 
1.07 2.00678e-08 
1.0675 1.88529e-08 
1.075 2.27376e-08 
1.0725 2.1361e-08 
1.08 2.57626e-08 
1.0775 2.42029e-08 
1.085 2.91902e-08 
1.0825 2.74229e-08 
1.09 3.30738e-08 
1.0875 3.10713e-08 
1.095 3.74741e-08 
1.0925 3.52052e-08 
1.1 4.246e-08 
1.0975 3.98892e-08 
1.105 4.81093e-08 
1.1025 4.51964e-08 
1.11 5.45103e-08 
1.1075 5.12098e-08 
1.115 6.17631e-08 
1.1125 5.80235e-08 
1.12 6.9981e-08 
1.1175 6.57438e-08 
1.125 7.92926e-08 
1.1225 7.44914e-08 
1.13 8.98433e-08 
1.1275 8.44032e-08 
1.135 1.01798e-07 
1.1325 9.5634e-08 
1.14 1.15344e-07 
1.1375 1.08359e-07 
1.145 1.30692e-07 
1.1425 1.22778e-07 
1.15 1.48083e-07 
1.1475 1.39116e-07 
1.155 1.67789e-07 
1.1525 1.57628e-07 
1.16 1.90117e-07 
1.1575 1.78605e-07 
1.165 2.15418e-07 
1.1625 2.02373e-07 
1.17 2.44086e-07 
1.1675 2.29304e-07 
1.175 2.76569e-07 
1.1725 2.5982e-07 
1.18 3.13377e-07 
1.1775 2.94399e-07 
1.185 3.55085e-07 
1.1825 3.3358e-07 
1.19 4.02345e-07 
1.1875 3.77977e-07 
1.195 4.55896e-07 
1.1925 4.28284e-07 
1.2 5.16577e-07 
1.1975 4.85289e-07 
1.205 5.85337e-07 
1.2025 5.49883e-07 
1.21 6.63252e-07 
1.2075 6.23077e-07 
1.215 7.51543e-07 
1.2125 7.06018e-07 
1.22 8.5159e-07 
1.2175 8.00003e-07 
1.225 9.64961e-07 
1.2225 9.06504e-07 
1.23 1.09343e-06 
1.2275 1.02719e-06 
1.235 1.23901e-06 
1.2325 1.16395e-06 
1.24 1.40399e-06 
1.2375 1.31892e-06 
1.245 1.59094e-06 
1.2425 1.49454e-06 
1.25 1.80281e-06 
1.2475 1.69356e-06 
1.255 2.0429e-06 
1.2525 1.9191e-06 
1.26 2.31499e-06 
1.2575 2.17469e-06 
1.265 2.62335e-06 
1.2625 2.46435e-06 
1.27 2.97281e-06 
1.2675 2.79261e-06 
1.275 3.36887e-06 
1.2725 3.16464e-06 
1.28 3.81774e-06 
1.2775 3.58628e-06 
1.285 4.32649e-06 
1.2825 4.06415e-06 
1.29 4.90311e-06 
1.2875 4.60577e-06 
1.295 5.55667e-06 
1.2925 5.21966e-06 
1.3 6.29747e-06 
1.2975 5.91547e-06 
1.305 7.13718e-06 
1.3025 6.70417e-06 
1.31 8.08905e-06 
1.3075 7.5982e-06 
1.315 9.16809e-06 
1.3125 8.61166e-06 
1.32 1.03914e-05 
1.3175 9.76054e-06 
1.325 1.17782e-05 
1.3225 1.1063e-05 
1.33 1.33505e-05 
1.3275 1.25397e-05 
1.335 1.51334e-05 
1.3325 1.4214e-05 
1.34 1.71549e-05 
1.3375 1.61124e-05 
1.345 1.94474e-05 
1.3425 1.82651e-05 
1.35 2.20472e-05 
1.3475 2.07064e-05 
1.355 2.49959e-05 
1.3525 2.34752e-05 
1.36 2.83406e-05 
1.3575 2.66156e-05 
1.365 3.21349e-05 
1.3625 3.01779e-05 
1.37 3.64397e-05 
1.3675 3.42193e-05 
1.375 4.13242e-05 
1.3725 3.88048e-05 
1.38 4.68673e-05 
1.3775 4.40081e-05 
1.385 5.31588e-05 
1.3825 4.99134e-05 
1.39 6.03008e-05 
1.3875 5.66165e-05 
1.395 6.84097e-05 
1.3925 6.42265e-05 
1.4 7.76183e-05 
1.3975 7.28676e-05 
1.405 8.80778e-05 
1.4025 8.26814e-05 
1.41 9.9961e-05 
1.4075 9.38298e-05 
1.415 0.000113465 
1.4125 0.000106497 
1.42 0.000128815 
1.4175 0.000120894 
1.425 0.000146268 
1.4225 0.000137261 
1.43 0.000166119 
1.4275 0.000155874 
1.435 0.000188706 
1.4325 0.000177048 
1.44 0.000214413 
1.4375 0.000201143 
1.445 0.000243686 
1.4425 0.000228574 
1.45 0.000277031 
1.4475 0.000259815 
1.455 0.000315034 
1.4525 0.000295411 
1.46 0.000358365 
1.4575 0.000335988 
1.465 0.000407798 
1.4625 0.000382266 
1.47 0.000464223 
1.4675 0.000435076 
1.475 0.000528666 
1.4725 0.000495372 
1.48 0.000602311 
1.4775 0.000564258 
1.485 0.000686527 
1.4825 0.000643005 
1.49 0.000782894 
1.4875 0.000733084 
1.495 0.000893242 
1.4925 0.000836195 
1.5 0.00101969 
1.4975 0.000954307 
1.505 0.00116468 
1.5025 0.0010897 
1.51 0.00133107 
1.5075 0.00124501 
1.515 0.00152214 
1.5125 0.00142329 
1.52 0.00174172 
1.5175 0.00162811 
1.525 0.00199423 
1.5225 0.00186356 
1.53 0.00228481 
1.5275 0.00213441 
1.535 0.0026194 
1.5325 0.0024462 
1.54 0.00300489 
1.5375 0.00280531 
1.545 0.00344924 
1.5425 0.00321916 
1.55 0.00396165 
1.5475 0.00369631 
1.555 0.00455272 
1.5525 0.00424663 
1.56 0.00523465 
1.5575 0.0048815 
1.565 0.00602146 
1.5625 0.005614 
1.57 0.00692917 
1.5675 0.00645912 
1.575 0.00797605 
1.5725 0.00743398 
1.58 0.00918285 
1.5775 0.00855806 
1.585 0.010573 
1.5825 0.00985345 
1.59 0.012173 
1.5875 0.011345 
1.595 0.0140122 
1.5925 0.0130607 
1.6 0.0161233 
1.5975 0.0150316 
1.605 0.0185425 
1.6025 0.017292 
1.61 0.021309 
1.6075 0.0198797 
1.615 0.0244654 
1.6125 0.0228357 
1.62 0.0280575 
1.6175 0.0262041 
1.625 0.0321335 
1.6225 0.0300319 
1.63 0.036744 
1.6275 0.0343687 
1.635 0.0419412 
1.6325 0.0392659 
1.64 0.0477784 
1.6375 0.0447765 
1.645 0.0543089 
1.6425 0.0509536 
1.65 0.0615855 
1.6475 0.0578507 
1.655 0.0696597 
1.6525 0.0655198 
1.66 0.0785802 
1.6575 0.0740112 
1.665 0.0883929 
1.6625 0.0833723 
1.67 0.0991395 
1.6675 0.093647 
1.675 0.110857 
1.6725 0.104875 
1.68 0.123578 
1.6775 0.11709 
1.685 0.137326 
1.6825 0.130322 
1.69 0.15212 
1.6875 0.144591 
1.695 0.167971 
1.6925 0.159913 
1.7 0.184879 
1.6975 0.176293 
1.705 0.202838 
1.7025 0.193728 
1.71 0.221828 
1.7075 0.212205 
1.715 0.24182 
1.7125 0.231701 
1.72 0.262772 
1.7175 0.252179 
1.725 0.284631 
1.7225 0.273592 
1.73 0.307329 
1.7275 0.295879 
1.735 0.330789 
1.7325 0.318969 
1.74 0.35492 
1.7375 0.342777 
1.745 0.379621 
1.7425 0.367206 
1.75 0.404781 
1.7475 0.392151 
1.755 0.430281 
1.7525 0.417496 
1.76 0.455997 
1.7575 0.44312 
1.765 0.481802 
1.7625 0.468897 
1.77 0.507567 
1.7675 0.494698 
1.775 0.533166 
1.7725 0.520395 
1.78 0.558473 
1.7775 0.545863 
1.785 0.583374 
1.7825 0.570982 
1.79 0.607759 
1.7875 0.595637 
1.795 0.631529 
1.7925 0.619726 
1.8 0.654596 
1.7975 0.643155 
1.805 0.676886 
1.8025 0.665842 
1.81 0.698335 
1.8075 0.687719 
1.815 0.718893 
1.8125 0.708728 
1.82 0.738524 
1.8175 0.728827 
1.825 0.757201 
1.8225 0.747983 
1.83 0.77491 
1.8275 0.766177 
1.835 0.791647 
1.8325 0.7834 
1.84 0.807419 
1.8375 0.799653 
1.845 0.822238 
1.8425 0.814946 
1.85 0.836124 
1.8475 0.829296 
1.855 0.849105 
1.8525 0.842726 
1.86 0.861212 
1.8575 0.855266 
1.865 0.872478 
1.8625 0.866947 
1.87 0.882941 
1.8675 0.877807 
1.875 0.892641 
1.8725 0.887884 
1.88 0.901617 
1.8775 0.897217 
1.885 0.909911 
1.8825 0.905847 
1.89 0.917563 
1.8875 0.913815 
1.895 0.924614 
1.8925 0.921161 
1.9 0.931102 
1.8975 0.927926 
1.905 0.937066 
1.9025 0.934147 
1.91 0.942542 
1.9075 0.939863 
1.915 0.947566 
1.9125 0.945109 
1.92 0.952171 
1.9175 0.949919 
1.925 0.956388 
1.9225 0.954326 
1.93 0.960247 
1.9275 0.958361 
1.935 0.963777 
1.9325 0.962051 
1.94 0.967002 
1.9375 0.965426 
1.945 0.969949 
1.9425 0.968509 
1.95 0.972639 
1.9475 0.971325 
1.955 0.975094 
1.9525 0.973895 
1.96 0.977333 
1.9575 0.976239 
1.965 0.979375 
1.9625 0.978378 
1.97 0.981236 
1.9675 0.980327 
1.975 0.982932 
1.9725 0.982104 
1.98 0.984477 
1.9775 0.983722 
1.985 0.985883 
1.9825 0.985197 
1.99 0.987164 
1.9875 0.986539 
1.995 0.98833 
1.9925 0.987761 
2 0.989391 
1.9975 0.988873 
2.005 0.990356 
2.0025 0.989885 
2.01 0.991235 
2.0075 0.990806 
2.015 0.992034 
2.0125 0.991644 
2.02 0.99276 
2.0175 0.992405 
2.025 0.993421 
2.0225 0.993098 
2.03 0.994022 
2.0275 0.993728 
2.035 0.994568 
2.0325 0.994301 
2.04 0.995064 
2.0375 0.994822 
2.045 0.995515 
2.0425 0.995295 
2.05 0.995926 
2.0475 0.995725 
2.055 0.996298 
2.0525 0.996116 
2.06 0.996637 
2.0575 0.996472 
2.065 0.996945 
2.0625 0.996795 
2.07 0.997225 
2.0675 0.997088 
2.075 0.997479 
2.0725 0.997355 
2.08 0.99771 
2.0775 0.997597 
2.085 0.99792 
2.0825 0.997817 
2.09 0.99811 
2.0875 0.998017 
2.095 0.998284 
2.0925 0.998199 
2.1 0.998441 
2.0975 0.998364 
2.105 0.998584 
2.1025 0.998514 
2.11 0.998714 
2.1075 0.99865 
2.115 0.998831 
2.1125 0.998774 
2.12 0.998939 
2.1175 0.998886 
2.125 0.999036 
2.1225 0.998988 
2.13 0.999124 
2.1275 0.999081 
2.135 0.999204 
2.1325 0.999165 
2.14 0.999277 
2.1375 0.999242 
2.145 0.999343 
2.1425 0.999311 
2.15 0.999403 
2.1475 0.999374 
2.155 0.999458 
2.1525 0.999431 
2.16 0.999507 
2.1575 0.999483 
2.165 0.999552 
2.1625 0.99953 
2.17 0.999593 
2.1675 0.999573 
2.175 0.99963 
2.1725 0.999612 
2.18 0.999664 
2.1775 0.999647 
2.185 0.999694 
2.1825 0.999679 
2.19 0.999722 
2.1875 0.999708 
2.195 0.999747 
2.1925 0.999735 
2.2 0.99977 
2.1975 0.999759 
2.205 0.99979 
2.2025 0.99978 
2.21 0.999809 
2.2075 0.9998 
2.215 0.999826 
2.2125 0.999818 
2.22 0.999841 
2.2175 0.999834 
2.225 0.999855 
2.2225 0.999848 
2.23 0.999867 
2.2275 0.999861 
2.235 0.999878 
2.2325 0.999873 
2.24 0.999888 
2.2375 0.999884 
2.245 0.999897 
2.2425 0.999893 
2.25 0.999906 
2.2475 0.999902 
2.255 0.999913 
2.2525 0.999909 
2.26 0.999919 
2.2575 0.999916 
2.265 0.999925 
2.2625 0.999922 
2.27 0.99993 
2.2675 0.999927 
2.275 0.999934 
2.2725 0.999932 
2.28 0.999938 
2.2775 0.999936 
2.285 0.999941 
2.2825 0.999939 
2.29 0.999944 
2.2875 0.999942 
2.295 0.999946 
2.2925 0.999945 
2.3 0.999947 
2.2975 0.999947 
2.305 0.999948 
2.3025 0.999948 
2.31 0.999949 
2.3075 0.999949 
2.315 0.999949 
2.3125 0.999949 
2.32 0.999949 
2.3175 0.999949 
2.325 0.999948 
2.3225 0.999949 
2.33 0.999947 
2.3275 0.999948 
2.335 0.999945 
2.3325 0.999946 
2.34 0.999943 
2.3375 0.999944 
2.345 0.999941 
2.3425 0.999942 
2.35 0.999938 
2.3475 0.999939 
2.355 0.999934 
2.3525 0.999936 
2.36 0.99993 
2.3575 0.999932 
2.365 0.999925 
2.3625 0.999927 
2.37 0.999919 
2.3675 0.999922 
2.375 0.999913 
2.3725 0.999916 
2.38 0.999906 
2.3775 0.999909 
2.385 0.999898 
2.3825 0.999902 
2.39 0.999889 
2.3875 0.999894 
2.395 0.999879 
2.3925 0.999884 
2.4 0.999869 
2.3975 0.999874 
2.405 0.999857 
2.4025 0.999863 
2.41 0.999844 
2.4075 0.99985 
2.415 0.999829 
2.4125 0.999837 
2.42 0.999813 
2.4175 0.999821 
2.425 0.999795 
2.4225 0.999805 
2.43 0.999776 
2.4275 0.999786 
2.435 0.999755 
2.4325 0.999766 
2.44 0.999731 
2.4375 0.999743 
2.445 0.999705 
2.4425 0.999719 
2.45 0.999677 
2.4475 0.999692 
2.455 0.999646 
2.4525 0.999662 
2.46 0.999612 
2.4575 0.999629 
2.465 0.999574 
2.4625 0.999593 
2.47 0.999533 
2.4675 0.999554 
2.475 0.999487 
2.4725 0.999511 
2.48 0.999438 
2.4775 0.999463 
2.485 0.999383 
2.4825 0.999411 
2.49 0.999323 
2.4875 0.999354 
2.495 0.999257 
2.4925 0.999291 
2.5 0.999185 
2.4975 0.999222 
2.505 0.999105 
2.5025 0.999146 
2.51 0.999018 
2.5075 0.999063 
2.515 0.998922 
2.5125 0.998971 
2.52 0.998817 
2.5175 0.998871 
2.525 0.998702 
2.5225 0.998761 
2.53 0.998575 
2.5275 0.99864 
2.535 0.998436 
2.5325 0.998508 
2.54 0.998284 
2.5375 0.998362 
2.545 0.998117 
2.5425 0.998202 
2.55 0.997933 
2.5475 0.998027 
2.555 0.997732 
2.5525 0.997835 
2.56 0.997511 
2.5575 0.997624 
2.565 0.997268 
2.5625 0.997392 
2.57 0.997002 
2.5675 0.997138 
2.575 0.99671 
2.5725 0.99686 
2.58 0.99639 
2.5775 0.996554 
2.585 0.996039 
2.5825 0.996218 
2.59 0.995653 
2.5875 0.99585 
2.595 0.99523 
2.5925 0.995447 
2.6 0.994766 
2.5975 0.995004 
2.605 0.994258 
2.6025 0.994518 
2.61 0.9937 
2.6075 0.993985 
2.615 0.993088 
2.6125 0.993401 
2.62 0.992417 
2.6175 0.99276 
2.625 0.991681 
2.6225 0.992057 
2.63 0.990875 
2.6275 0.991287 
2.635 0.989991 
2.6325 0.990443 
2.64 0.989022 
2.6375 0.989517 
2.645 0.98796 
2.6425 0.988503 
2.65 0.986797 
2.6475 0.987392 
2.655 0.985522 
2.6525 0.986174 
2.66 0.984127 
2.6575 0.98484 
2.665 0.982599 
2.6625 0.98338 
2.67 0.980926 
2.6675 0.981781 
2.675 0.979095 
2.6725 0.980031 
2.68 0.977092 
2.6775 0.978116 
2.685 0.974901 
2.6825 0.976021 
2.69 0.972506 
2.6875 0.97373 
2.695 0.969888 
2.6925 0.971226 
2.7 0.967029 
2.6975 0.96849 
2.705 0.963907 
2.7025 0.965502 
2.71 0.9605 
2.7075 0.96224 
2.715 0.956784 
2.7125 0.958682 
2.72 0.952734 
2.7175 0.954802 
2.725 0.948323 
2.7225 0.950575 
2.73 0.943522 
2.7275 0.945973 
2.735 0.938301 
2.7325 0.940966 
2.74 0.932629 
2.7375 0.935523 
2.745 0.926472 
2.7425 0.929613 
2.75 0.919798 
2.7475 0.923202 
2.755 0.91257 
2.7525 0.916255 
2.76 0.904753 
2.7575 0.908737 
2.765 0.896311 
2.7625 0.900612 
2.77 0.887207 
2.7675 0.891844 
2.775 0.877406 
2.7725 0.882396 
2.78 0.866874 
2.7775 0.872233 
2.785 0.855576 
2.7825 0.861322 
2.79 0.843483 
2.7875 0.849631 
2.795 0.830568 
2.7925 0.83713 
2.8 0.816806 
2.7975 0.823794 
2.805 0.80218 
2.8025 0.809602 
2.81 0.786677 
2.8075 0.794539 
2.815 0.770292 
2.8125 0.778595 
2.82 0.753027 
2.8175 0.761769 
2.825 0.734893 
2.8225 0.744067 
2.83 0.71591 
2.8275 0.725506 
2.835 0.696109 
2.8325 0.70611 
2.84 0.675531 
2.8375 0.685914 
2.845 0.654227 
2.8425 0.664966 
2.85 0.632259 
2.8475 0.643321 
2.855 0.609699 
2.8525 0.621048 
2.86 0.586629 
2.8575 0.598223 
2.865 0.56314 
2.8625 0.574931 
2.87 0.539327 
2.8675 0.551267 
2.875 0.515295 
2.8725 0.527332 
2.88 0.491149 
2.8775 0.503229 
2.885 0.466999 
2.8825 0.479068 
2.89 0.442953 
2.8875 0.454956 
2.895 0.419119 
2.8925 0.431003 
2.9 0.395599 
2.8975 0.407314 
2.905 0.372492 
2.9025 0.383988 
2.91 0.349887 
2.9075 0.361121 
2.915 0.327866 
2.9125 0.338799 
2.92 0.306504 
2.9175 0.317099 
2.925 0.285862 
2.9225 0.296089 
2.93 0.265993 
2.9275 0.275828 
2.935 0.24694 
2.9325 0.256362 
2.94 0.228733 
2.9375 0.237729 
2.945 0.211395 
2.9425 0.219955 
2.95 0.194939 
2.9475 0.203057 
2.955 0.179368 
2.9525 0.187043 
2.96 0.164679 
2.9575 0.171914 
2.965 0.150861 
2.9625 0.157662 
2.97 0.137897 
2.9675 0.144273 
2.975 0.125767 
2.9725 0.131729 
2.98 0.114445 
2.9775 0.120007 
2.985 0.103903 
2.9825 0.109079 
2.99 0.0941104 
2.9875 0.0989152 
2.995 0.0850345 
2.9925 0.0894849 
3 0.0766421 
2.9975 0.0807549 
3.005 0.0688996 
3.0025 0.0726917 
3.01 0.0617734 
3.0075 0.0652616 
3.015 0.0552302 
3.0125 0.058431 
3.02 0.0492372 
3.0175 0.0521669 
3.025 0.0437629 
3.0225 0.0464372 
3.03 0.0387764 
3.0275 0.0412106 
3.035 0.0342478 
3.0325 0.0364567 
3.04 0.0301484 
3.0375 0.0321463 
3.045 0.0264503 
3.0425 0.0282509 
3.05 0.0231265 
3.0475 0.0247433 
3.055 0.0201506 
3.0525 0.0215967 
3.06 0.0174972 
3.0575 0.0187852 
3.065 0.0151414 
3.0625 0.0162836 
3.07 0.0130588 
3.0675 0.0140674 
3.075 0.011226 
3.0725 0.0121126 
3.08 0.00962002 
3.0775 0.010396 
3.085 0.00821903 
3.0825 0.00889524 
3.09 0.00700203 
3.0875 0.0075888 
3.095 0.0059492 
3.0925 0.00645628 
3.1 0.00504194 
3.0975 0.00547848 
3.105 0.00426301 
3.1025 0.00463746 
3.11 0.00359655 
3.1075 0.00391665 
3.115 0.00302814 
3.1125 0.00330093 
3.12 0.00254479 
3.1175 0.00277659 
3.125 0.00213488 
3.1225 0.00233133 
3.13 0.0017881 
3.1275 0.00195419 
3.135 0.0014954 
3.1325 0.00163551 
3.14 0.00124885 
3.1375 0.00136681 
3.145 0.00104158 
3.1425 0.0011407 
3.15 0.000867621 
3.1475 0.000950773 
3.155 0.000721861 
3.1525 0.000791506 
3.16 0.000599909 
3.1575 0.000658157 
3.165 0.000498018 
3.1625 0.000546667 
3.17 0.000412999 
3.1675 0.000453579 
3.175 0.000342144 
3.1725 0.000375953 
3.18 0.000283164 
3.1775 0.000311298 
3.185 0.000234122 
3.1825 0.000257509 
3.19 0.000193388 
3.1875 0.000212808 
3.195 0.00015959 
3.1925 0.000175699 
3.2 0.000131575 
3.1975 0.000144924 
3.205 0.000108377 
3.2025 0.000119428 
3.21 8.91859e-05 
3.2075 9.83256e-05 
3.215 7.33252e-05 
3.2125 8.08769e-05 
3.22 6.02293e-05 
3.2175 6.64631e-05 
3.225 4.94265e-05 
3.2225 5.45675e-05 
3.23 4.05237e-05 
3.2275 4.47594e-05 
3.235 3.31936e-05 
3.2325 3.66802e-05 
3.24 2.7164e-05 
3.2375 3.00313e-05 
3.245 2.22089e-05 
3.2425 2.45647e-05 
3.25 1.81405e-05 
3.2475 2.00742e-05 
3.255 1.48035e-05 
3.2525 1.63892e-05 
3.26 1.20688e-05 
3.2575 1.33679e-05 
3.265 9.8299e-06 
3.2625 1.08933e-05 
3.27 7.99867e-06 
3.2675 8.8682e-06 
3.275 6.50231e-06 
3.2725 7.21265e-06 
3.28 5.28075e-06 
3.2775 5.86049e-06 
3.285 4.28451e-06 
3.2825 4.7572e-06 
3.29 3.4728e-06 
3.2875 3.85783e-06 
3.295 2.8121e-06 
3.2925 3.12542e-06 
3.3 2.27485e-06 
3.2975 2.52956e-06 
3.305 1.83841e-06 
3.3025 2.04527e-06 
3.31 1.48421e-06 
3.3075 1.65205e-06 
3.315 1.19706e-06 
3.3125 1.33309e-06 
3.32 9.64484e-07 
3.3175 1.07463e-06 
3.325 7.7631e-07 
3.3225 8.65406e-07 
3.33 6.24213e-07 
3.3275 6.96208e-07 
3.335 5.01402e-07 
3.3325 5.59519e-07 
3.34 4.02341e-07 
3.3375 4.49206e-07 
3.345 3.22518e-07 
3.3425 3.60271e-07 
3.35 2.58265e-07 
3.3475 2.88646e-07 
3.355 2.06597e-07 
3.3525 2.31021e-07 
3.36 1.65094e-07 
3.3575 1.84707e-07 
3.365 1.31791e-07 
3.3625 1.47525e-07 
3.37 1.05095e-07 
3.3675 1.17703e-07 
3.375 8.37184e-08 
3.3725 9.38119e-08 
3.38 6.66196e-08 
3.3775 7.4691e-08 
3.385 5.2957e-08 
3.3825 5.94045e-08 
3.39 4.20517e-08 
3.3875 4.71966e-08 
3.395 3.33565e-08 
3.3925 3.74575e-08 
3.4 2.6431e-08 
3.3975 2.96964e-08 
3.405 2.0921e-08 
3.4025 2.35183e-08 
3.41 1.65419e-08 
3.4075 1.86055e-08 
3.415 1.30653e-08 
3.4125 1.47031e-08 
3.42 1.03083e-08 
3.4175 1.16068e-08 
3.425 8.12427e-09 
3.4225 9.15258e-09 
3.43 6.39605e-09 
3.4275 7.20952e-09 
3.435 5.03e-09 
3.4325 5.67281e-09 
3.44 3.95141e-09 
3.4375 4.45881e-09 
3.445 3.10073e-09 
3.4425 3.50079e-09 
3.45 2.43053e-09 
3.4475 2.74563e-09 
3.455 1.90312e-09 
3.4525 2.15101e-09 
3.46 1.48852e-09 
3.4575 1.68333e-09 
3.465 1.16296e-09 
3.4625 1.31589e-09 
3.47 9.07616e-10 
3.4675 1.02753e-09 
3.475 7.07556e-10 
3.4725 8.01476e-10 
3.48 5.50988e-10 
3.4775 6.24469e-10 
3.485 4.28593e-10 
3.4825 4.86019e-10 
3.49 3.3302e-10 
3.4875 3.77848e-10 
3.495 2.58473e-10 
3.4925 2.93428e-10 
3.5 2.00392e-10 
3.4975 2.27618e-10 
3.505 1.55191e-10 
3.5025 1.76373e-10 
3.51 1.20052e-10 
3.5075 1.36514e-10 
3.515 9.27674e-11 
3.5125 1.05546e-10 
3.52 7.16042e-11 
3.5175 8.15128e-11 
3.525 5.52077e-11 
3.5225 6.28823e-11 
3.53 4.25187e-11 
3.5275 4.84562e-11 
3.535 3.27098e-11 
3.5325 3.72982e-11 
3.54 2.51358e-11 
3.5375 2.86777e-11 
3.545 1.92942e-11 
3.5425 2.20252e-11 
3.55 1.47937e-11 
3.5475 1.6897e-11 
3.555 1.13304e-11 
3.5525 1.29485e-11 
3.56 8.66823e-12 
3.5575 9.91167e-12 
3.565 6.62419e-12 
3.5625 7.57863e-12 
3.57 5.05652e-12 
3.5675 5.78831e-12 
3.575 3.85557e-12 
3.5725 4.41601e-12 
3.58 2.93658e-12 
3.5775 3.36531e-12 
3.585 2.23415e-12 
3.5825 2.56175e-12 
3.59 1.69786e-12 
3.5875 1.9479e-12 
3.595 1.28886e-12 
3.5925 1.47949e-12 
3.6 9.77304e-13 
3.5975 1.12248e-12 
3.605 7.40236e-13 
3.6025 8.50666e-13 
3.61 5.60052e-13 
3.6075 6.43959e-13 
3.615 4.23258e-13 
3.6125 4.8694e-13 
3.62 3.19521e-13 
3.6175 3.678e-13 
3.625 2.40942e-13 
3.6225 2.77501e-13 
3.63 1.81487e-13 
3.6275 2.0914e-13 
3.635 1.36552e-13 
3.6325 1.57446e-13 
3.64 1.02629e-13 
3.6375 1.18397e-13 
3.645 7.70481e-14 
3.6425 8.89353e-14 
3.65 5.77797e-14 
3.6475 6.67309e-14 
3.655 4.32822e-14 
3.6525 5.0015e-14 
3.66 3.23867e-14 
3.6575 3.74452e-14 
3.665 2.42073e-14 
3.6625 2.80037e-14 
3.67 1.80739e-14 
3.6675 2.09198e-14 
3.675 1.34797e-14 
3.6725 1.56107e-14 
3.68 1.00423e-14 
3.6775 1.16363e-14 
3.685 7.47338e-15 
3.6825 8.6643e-15 
3.69 5.55555e-15 
3.6875 6.44435e-15 
3.695 4.1254e-15 
3.6925 4.78799e-15 
3.7 3.06011e-15 
3.6975 3.55352e-15 
3.705 2.26746e-15 
3.7025 2.63448e-15 
3.71 1.67833e-15 
3.7075 1.95104e-15 
3.715 1.24095e-15 
3.7125 1.44335e-15 
3.72 9.16572e-16 
3.7175 1.06663e-15 
3.725 6.76272e-16 
3.7225 7.87408e-16 
3.73 4.98449e-16 
3.7275 5.80666e-16 
3.735 3.67001e-16 
3.7325 4.27758e-16 
3.74 2.69938e-16 
3.7375 3.14789e-16 
3.745 1.98342e-16 
3.7425 2.31416e-16 
3.75 1.45588e-16 
3.7475 1.69951e-16 
3.755 1.06757e-16 
3.7525 1.24685e-16 
3.76 7.82058e-17 
3.7575 9.13839e-17 
3.765 5.7234e-17 
3.7625 6.6911e-17 
3.77 4.18457e-17 
3.7675 4.89443e-17 
3.775 3.05657e-17 
3.7725 3.57677e-17 
3.78 2.23056e-17 
3.7775 2.61139e-17 
3.785 1.6263e-17 
3.7825 1.90482e-17 
3.79 1.18468e-17 
3.7875 1.38818e-17 
3.795 8.62237e-18 
3.7925 1.01078e-17 
3.8 6.27036e-18 
3.7975 7.35363e-18 
3.805 4.55629e-18 
3.8025 5.34554e-18 
3.81 3.30826e-18 
3.8075 3.88279e-18 
3.815 2.40035e-18 
3.8125 2.81821e-18 
3.82 1.74043e-18 
3.8175 2.04408e-18 
3.825 1.26115e-18 
3.8225 1.48164e-18 
3.83 9.13337e-19 
3.8275 1.07331e-18 
3.835 6.61114e-19 
3.8325 7.771e-19 
3.84 4.78338e-19 
3.8375 5.62373e-19 
3.845 3.4597e-19 
3.8425 4.06819e-19 
3.85 2.50166e-19 
3.8475 2.942e-19 
3.855 1.80861e-19 
3.8525 2.12711e-19 
3.86 1.30748e-19 
3.8575 1.53776e-19 
3.865 9.45264e-20 
3.8625 1.11169e-19 
3.87 6.83522e-20 
3.8675 8.03778e-20 
3.875 4.94422e-20 
3.8725 5.813e-20 
3.88 3.57812e-20 
3.8775 4.20574e-20 
3.885 2.59119e-20 
3.8825 3.04463e-20 
3.89 1.87806e-20 
3.8875 2.20572e-20 
3.895 1.36261e-20 
3.8925 1.59947e-20 
3.9 9.89859e-21 
3.8975 1.16117e-20 
3.905 7.20131e-21 
3.9025 8.4412e-21 
3.91 5.24787e-21 
3.9075 6.14606e-21 
3.915 3.8317e-21 
3.9125 4.48305e-21 
3.92 2.80374e-21 
3.9175 3.27671e-21 
3.925 2.05648e-21 
3.9225 2.40045e-21 
3.93 1.51236e-21 
3.9275 1.76295e-21 
3.935 1.11538e-21 
3.9325 1.2983e-21 
3.94 8.25127e-22 
3.9375 9.58956e-22 
3.945 6.12391e-22 
3.9425 7.10545e-22 
3.95 4.56056e-22 
3.9475 5.28241e-22 
3.955 3.40837e-22 
3.9525 3.94081e-22 
3.96 2.55657e-22 
3.9575 2.95054e-22 
3.965 1.92478e-22 
3.9625 2.21725e-22 
3.97 1.45453e-22 
3.9675 1.67243e-22 
3.975 1.10327e-22 
3.9725 1.26619e-22 
3.98 8.39908e-23 
3.9775 9.62183e-23 
3.985 6.41708e-23 
3.9825 7.33823e-23 
3.99 4.91978e-23 
3.9875 5.61637e-23 
3.995 3.78436e-23 
3.9925 4.31312e-23 
4 2.92013e-23 
3.9975 3.323e-23 
4.005 2.25992e-23 
4.0025 2.56798e-23 
4.01 1.75379e-23 
4.0075 1.99017e-23 
4.015 1.36446e-23 
4.0125 1.54645e-23 
4.02 1.06402e-23 
4.0175 1.20458e-23 
4.025 8.31484e-24 
4.0225 9.40358e-24 
4.03 6.50994e-24 
4.0275 7.35559e-24 
4.035 5.10543e-24 
4.0325 5.76392e-24 
4.04 4.00989e-24 
4.0375 4.52382e-24 
4.045 3.15353e-24 
4.0425 3.55548e-24 
4.05 2.48285e-24 
4.0475 2.7978e-24 
4.055 1.95669e-24 
4.0525 2.20388e-24 
4.06 1.54328e-24 
4.0575 1.73757e-24 
4.065 1.21804e-24 
4.0625 1.37094e-24 
4.07 9.6186e-25 
4.0675 1.08233e-24 
4.075 7.59887e-25 
4.0725 8.54888e-25 
4.08 6.00517e-25 
4.0775 6.75494e-25 
4.085 4.7468e-25 
4.0825 5.33891e-25 
4.09 3.75264e-25 
4.0875 4.22049e-25 
4.095 2.96687e-25 
4.0925 3.33669e-25 
4.1 2.34562e-25 
4.0975 2.63803e-25 
4.105 1.85432e-25 
4.1025 2.08558e-25 
4.11 1.46573e-25 
4.1075 1.64865e-25 
4.115 1.15837e-25 
4.1125 1.30305e-25 
4.12 9.15243e-26 
4.1175 1.02968e-25 
4.125 7.22952e-26 
4.1225 8.13464e-26 
4.13 5.70883e-26 
4.1275 6.42459e-26 
4.135 4.50645e-26 
4.1325 5.07236e-26 
4.14 3.55597e-26 
4.1375 4.00329e-26 
4.145 2.80482e-26 
4.1425 3.1583e-26 
4.15 2.21137e-26 
4.1475 2.49062e-26 
4.155 1.74269e-26 
4.1525 1.9632e-26 
4.16 1.37268e-26 
4.1575 1.54675e-26 
4.165 1.08068e-26 
4.1625 1.21803e-26 
4.17 8.50352e-27 
4.1675 9.58686e-27 
4.175 6.68752e-27 
4.1725 7.54156e-27 
4.18 5.25639e-27 
4.1775 5.92934e-27 
4.185 4.12915e-27 
4.1825 4.65913e-27 
4.19 3.24172e-27 
4.1875 3.6589e-27 
4.195 2.54348e-27 
4.1925 2.87167e-27 
4.2 1.99439e-27 
4.1975 2.25243e-27 
4.205 1.56285e-27 
4.2025 1.76562e-27 
4.21 1.22389e-27 
4.2075 1.38313e-27 
4.215 9.57811e-28 
4.2125 1.08279e-27 
4.22 7.49078e-28 
4.2175 8.47109e-28 
4.225 5.85433e-28 
4.2225 6.62276e-28 
4.23 4.57221e-28 
4.2275 5.17415e-28 
4.235 3.56837e-28 
4.2325 4.03957e-28 
4.24 2.78293e-28 
4.2375 3.15155e-28 
4.245 2.1688e-28 
4.2425 2.45697e-28 
4.25 1.68895e-28 
4.2475 1.91407e-28 
4.255 1.31429e-28 
4.2525 1.49003e-28 
4.26 1.02198e-28 
4.2575 1.15906e-28 
4.265 7.94068e-29 
4.2625 9.00928e-29 
4.27 6.1651e-29 
4.2675 6.99745e-29 
4.275 4.78281e-29 
4.2725 5.43067e-29 
4.28 3.70753e-29 
4.2775 4.2114e-29 
4.285 2.87172e-29 
4.2825 3.26329e-29 
4.29 2.22254e-29 
4.2875 2.52661e-29 
4.295 1.71872e-29 
4.2925 1.95465e-29 
4.3 1.32802e-29 
4.2975 1.51094e-29 
4.305 1.02529e-29 
4.3025 1.16699e-29 
4.31 7.90907e-30 
4.3075 9.00596e-30 
4.315 6.09595e-30 
4.3125 6.94429e-30 
4.32 4.6945e-30 
4.3175 5.35008e-30 
4.325 3.61216e-30 
4.3225 4.11836e-30 
4.33 2.77698e-30 
4.3275 3.16749e-30 
4.335 2.13306e-30 
4.3325 2.43407e-30 
4.34 1.63702e-30 
4.3375 1.86885e-30 
4.345 1.25524e-30 
4.3425 1.43363e-30 
4.35 9.61643e-31 
4.3475 1.0988e-30 
4.355 7.36066e-31 
4.3525 8.4142e-31 
4.36 5.62901e-31 
4.3575 6.43757e-31 
4.365 4.30088e-31 
4.3625 4.92087e-31 
4.37 3.28314e-31 
4.3675 3.75813e-31 
4.375 2.50397e-31 
4.3725 2.86753e-31 
4.38 1.90797e-31 
4.3775 2.18599e-31 
4.385 1.4525e-31 
4.3825 1.66491e-31 
4.39 1.10474e-31 
4.3875 1.26688e-31 
4.395 8.3946e-32 
4.3925 9.63116e-32 
4.4 6.37291e-32 
4.3975 7.31506e-32 
4.405 4.83358e-32 
4.4025 5.55077e-32 
4.41 3.66263e-32 
4.4075 4.20805e-32 
4.415 2.77273e-32 
4.4125 3.18714e-32 
4.42 2.09706e-32 
4.4175 2.41163e-32 
4.425 1.58454e-32 
4.4225 1.82309e-32 
4.43 1.19614e-32 
4.4275 1.37687e-32 
4.435 9.02075e-33 
4.4325 1.03887e-32 
4.44 6.79654e-33 
4.4375 7.83098e-33 
4.445 5.11581e-33 
4.4425 5.89728e-33 
4.45 3.84699e-33 
4.4475 4.43679e-33 
4.455 2.89006e-33 
4.4525 3.33477e-33 
4.46 2.16906e-33 
4.4575 2.50404e-33 
4.465 1.62634e-33 
4.4625 1.87842e-33 
4.47 1.21822e-33 
4.4675 1.40773e-33 
4.475 9.11626e-34 
4.4725 1.05396e-33 
4.48 6.81521e-34 
4.4775 7.88315e-34 
4.485 5.08996e-34 
4.4825 5.89045e-34 
4.49 3.79769e-34 
4.4875 4.39713e-34 
4.495 2.83071e-34 
4.4925 3.27914e-34 
4.5 2.10785e-34 
4.4975 2.44298e-34 
4.505 1.56802e-34 
4.5025 1.81823e-34 
4.51 1.16528e-34 
4.5075 1.3519e-34 
4.515 8.65122e-35 
4.5125 1.00417e-34 
4.52 6.41635e-35 
4.5175 7.45136e-35 
4.525 4.75405e-35 
4.5225 5.52368e-35 
4.53 3.51887e-35 
4.5275 4.09059e-35 
4.535 2.60199e-35 
4.5325 3.02627e-35 
4.54 1.92207e-35 
4.5375 2.23661e-35 
4.545 1.41839e-35 
4.5425 1.65134e-35 
4.55 1.04564e-35 
4.5475 1.21799e-35 
4.555 7.70071e-36 
4.5525 8.97449e-36 
4.56 5.66549e-36 
4.5575 6.60598e-36 
4.565 4.16393e-36 
4.5625 4.85762e-36 
4.57 3.05723e-36 
4.5675 3.56836e-36 
4.575 2.24238e-36 
4.5725 2.61862e-36 
4.58 1.64305e-36 
4.5775 1.9197e-36 
4.585 1.20267e-36 
4.5825 1.40589e-36 
4.59 8.79425e-37 
4.5875 1.02855e-36 
4.595 6.42403e-37 
4.5925 7.51721e-37 
4.6 4.68783e-37 
4.5975 5.48836e-37 
4.605 3.41736e-37 
4.6025 4.00299e-37 
4.61 2.48865e-37 
4.6075 2.91663e-37 
4.615 1.81047e-37 
4.6125 2.12291e-37 
4.62 1.31575e-37 
4.6175 1.54361e-37 
4.625 9.55234e-38 
4.6225 1.12123e-37 
4.63 6.92785e-38 
4.6275 8.13593e-38 
4.635 5.01926e-38 
4.6325 5.89756e-38 
4.64 3.63273e-38 
4.6375 4.27061e-38 
4.645 2.62651e-38 
4.6425 3.0893e-38 
4.65 1.89705e-38 
4.6475 2.23245e-38 
4.655 1.36876e-38 
4.6525 1.6116e-38 
4.66 9.86574e-39 
4.6575 1.1622e-38 
4.665 7.10367e-39 
4.6625 8.37259e-39 
4.67 5.1096e-39 
4.6675 6.02543e-39 
4.675 3.67149e-39 
4.6725 4.33179e-39 
4.68 2.63541e-39 
4.6775 3.11099e-39 
4.685 1.88975e-39 
4.6825 2.23192e-39 
4.69 1.35366e-39 
4.6875 1.5996e-39 
4.695 9.68652e-40 
4.6925 1.14523e-39 
4.7 6.92429e-40 
4.6975 8.19077e-40 
4.705 4.94461e-40 
4.7025 5.85204e-40 
4.71 3.52728e-40 
4.7075 4.17676e-40 
4.715 2.5136e-40 
4.7125 2.97798e-40 
4.72 1.78939e-40 
4.7175 2.12106e-40 
4.725 1.27251e-40 
4.7225 1.50916e-40 
4.73 9.03997e-41 
4.7275 1.07267e-40 
4.735 6.41539e-41 
4.7325 7.61637e-41 
4.74 4.54809e-41 
4.7375 5.4023e-41 
4.745 3.22095e-41 
4.7425 3.82789e-41 
4.75 2.27871e-41 
4.7475 2.7095e-41 
4.755 1.61043e-41 
4.7525 1.91588e-41 
4.76 1.13696e-41 
4.7575 1.35331e-41 
4.765 8.01864e-42 
4.7625 9.54942e-42 
4.77 5.64942e-42 
4.7675 6.7314e-42 
4.775 3.97609e-42 
4.7725 4.74005e-42 
4.78 2.7955e-42 
4.7775 3.33435e-42 
4.785 1.96341e-42 
4.7825 2.34308e-42 
4.79 1.37757e-42 
4.7875 1.64481e-42 
4.795 9.65528e-43 
4.7925 1.15343e-42 
4.8 6.76031e-43 
4.7975 8.08013e-43 
4.805 4.72845e-43 
4.8025 5.65451e-43 
4.81 3.30385e-43 
4.8075 3.95296e-43 
4.815 2.30607e-43 
4.8125 2.76057e-43 
4.82 1.60796e-43 
4.8175 1.92587e-43 
4.825 1.12003e-43 
4.8225 1.34216e-43 
4.83 7.79348e-44 
4.8275 9.34398e-44 
4.835 5.41733e-44 
4.8325 6.49846e-44 
4.84 3.76175e-44 
4.8375 4.51481e-44 
4.845 2.60943e-44 
4.8425 3.13343e-44 
4.85 1.80823e-44 
4.8475 2.17246e-44 
4.855 1.25173e-44 
4.8525 1.50464e-44 
4.86 8.65605e-45 
4.8575 1.04104e-44 
4.865 5.97972e-45 
4.8625 7.19536e-45 
4.87 4.12661e-45 
4.8675 4.96809e-45 
4.875 2.84484e-45 
4.8725 3.42671e-45 
4.88 1.95918e-45 
4.8775 2.36112e-45 
4.885 1.34786e-45 
4.8825 1.62521e-45 
4.89 9.26328e-46 
4.8875 1.11752e-45 
4.895 6.35973e-46 
4.8925 7.67632e-46 
4.9 4.3618e-46 
4.8975 5.26749e-46 
4.905 2.98845e-46 
4.9025 3.61083e-46 
4.91 2.0454e-46 
4.9075 2.47265e-46 
4.915 1.39851e-46 
4.9125 1.6915e-46 
4.92 9.55226e-47 
4.9175 1.15594e-46 
4.925 6.51781e-47 
4.9225 7.89141e-47 
4.93 4.44277e-47 
4.9275 5.38181e-47 
4.935 3.02527e-47 
4.9325 3.66656e-47 
4.94 2.05796e-47 
4.9375 2.49546e-47 
4.945 1.39858e-47 
4.9425 1.69672e-47 
4.95 9.49593e-48 
4.9475 1.15254e-47 
4.955 6.44235e-48 
4.9525 7.8221e-48 
4.96 4.36848e-48 
4.9575 5.30515e-48 
4.965 2.96256e-48 
4.9625 3.59717e-48 
4.97 2.01211e-48 
4.9675 2.4407e-48 
4.975 1.37275e-48 
4.9725 1.66052e-48 
4.98 9.46833e-49 
4.9775 1.1378e-48 
4.985 6.69035e-49 
4.9825 7.92524e-49 
4.99 4.9655e-49 
4.9875 5.71609e-49 
4.995 4.02711e-49 
4.9925 4.40954e-49 
5 3.7297e-49 
4.9975 3.8033e-49 
