0 9.92062e-16 
0.005 1.00428e-15 
0.0025 9.95114e-16 
0.01 1.04117e-15 
0.0075 1.01961e-15 
0.015 1.10341e-15 
0.0125 1.06906e-15 
0.02 1.19212e-15 
0.0175 1.14436e-15 
0.025 1.3089e-15 
0.0225 1.24688e-15 
0.03 1.45586e-15 
0.0275 1.37846e-15 
0.035 1.63557e-15 
0.0325 1.54144e-15 
0.04 1.85118e-15 
0.0375 1.73867e-15 
0.045 2.10637e-15 
0.0425 1.97357e-15 
0.05 2.40544e-15 
0.0475 2.25013e-15 
0.055 2.75333e-15 
0.0525 2.57295e-15 
0.06 3.15566e-15 
0.0575 2.94731e-15 
0.065 3.61876e-15 
0.0625 3.37918e-15 
0.07 4.14979e-15 
0.0675 3.87531e-15 
0.075 4.7567e-15 
0.0725 4.44322e-15 
0.08 5.44839e-15 
0.0775 5.09136e-15 
0.085 6.23468e-15 
0.0825 5.82905e-15 
0.09 7.12645e-15 
0.0875 6.66666e-15 
0.095 8.13566e-15 
0.0925 7.61558e-15 
0.1 9.27544e-15 
0.0975 8.68836e-15 
0.105 1.05602e-14 
0.1025 9.89873e-15 
0.11 1.20055e-14 
0.1075 1.12617e-14 
0.115 1.36285e-14 
0.1125 1.27937e-14 
0.12 1.54477e-14 
0.1175 1.45123e-14 
0.125 1.74831e-14 
0.1225 1.6437e-14 
0.13 1.97563e-14 
0.1275 1.85885e-14 
0.135 2.22906e-14 
0.1325 2.09893e-14 
0.14 2.51109e-14 
0.1375 2.36634e-14 
0.145 2.8244e-14 
0.1425 2.66366e-14 
0.15 3.17184e-14 
0.1475 2.99367e-14 
0.155 3.55643e-14 
0.1525 3.35929e-14 
0.16 3.98142e-14 
0.1575 3.76367e-14 
0.165 4.45019e-14 
0.1625 4.21011e-14 
0.17 4.96634e-14 
0.1675 4.70211e-14 
0.175 5.53367e-14 
0.1725 5.24337e-14 
0.18 6.15613e-14 
0.1775 5.83775e-14 
0.185 6.83788e-14 
0.1825 6.48933e-14 
0.19 7.58323e-14 
0.1875 7.20232e-14 
0.195 8.39668e-14 
0.1925 7.98116e-14 
0.2 9.28289e-14 
0.1975 8.8304e-14 
0.205 1.02467e-13 
0.2025 9.75478e-14 
0.21 1.1293e-13 
0.2075 1.07592e-13 
0.215 1.24268e-13 
0.2125 1.18486e-13 
0.22 1.36535e-13 
0.2175 1.30283e-13 
0.225 1.49783e-13 
0.2225 1.43033e-13 
0.23 1.64066e-13 
0.2275 1.56792e-13 
0.235 1.79438e-13 
0.2325 1.71612e-13 
0.24 1.95956e-13 
0.2375 1.87551e-13 
0.245 2.13675e-13 
0.2425 2.04662e-13 
0.25 2.32652e-13 
0.2475 2.23003e-13 
0.255 2.52944e-13 
0.2525 2.4263e-13 
0.26 2.74608e-13 
0.2575 2.63601e-13 
0.265 2.97703e-13 
0.2625 2.85973e-13 
0.27 3.22286e-13 
0.2675 3.09805e-13 
0.275 3.48418e-13 
0.2725 3.35155e-13 
0.28 3.76159e-13 
0.2775 3.62084e-13 
0.285 4.0557e-13 
0.2825 3.90652e-13 
0.29 4.36715e-13 
0.2875 4.20922e-13 
0.295 4.69661e-13 
0.2925 4.52959e-13 
0.3 5.04476e-13 
0.2975 4.8683e-13 
0.305 5.41236e-13 
0.3025 5.22608e-13 
0.31 5.80018e-13 
0.3075 5.60369e-13 
0.315 6.20908e-13 
0.3125 6.00193e-13 
0.32 6.64e-13 
0.3175 6.42173e-13 
0.325 7.09399e-13 
0.3225 6.86404e-13 
0.33 7.57219e-13 
0.3275 7.32998e-13 
0.335 8.07589e-13 
0.3325 7.82076e-13 
0.34 8.60657e-13 
0.3375 8.33776e-13 
0.345 9.16586e-13 
0.3425 8.88252e-13 
0.35 9.75563e-13 
0.3475 9.45681e-13 
0.355 1.0378e-12 
0.3525 1.00626e-12 
0.36 1.10354e-12 
0.3575 1.07022e-12 
0.365 1.17305e-12 
0.3625 1.1378e-12 
0.37 1.24664e-12 
0.3675 1.20931e-12 
0.375 1.32465e-12 
0.3725 1.28507e-12 
0.38 1.40748e-12 
0.3775 1.36544e-12 
0.385 1.49556e-12 
0.3825 1.45084e-12 
0.39 1.58938e-12 
0.3875 1.54172e-12 
0.395 1.68948e-12 
0.3925 1.63861e-12 
0.4 1.79647e-12 
0.3975 1.74208e-12 
0.405 1.91102e-12 
0.4025 1.85276e-12 
0.41 2.03387e-12 
0.4075 1.97136e-12 
0.415 2.16583e-12 
0.4125 2.09865e-12 
0.42 2.30781e-12 
0.4175 2.2355e-12 
0.425 2.4608e-12 
0.4225 2.38286e-12 
0.43 2.6259e-12 
0.4275 2.54176e-12 
0.435 2.80431e-12 
0.4325 2.71336e-12 
0.44 2.99737e-12 
0.4375 2.89892e-12 
0.445 3.20653e-12 
0.4425 3.09984e-12 
0.45 3.43341e-12 
0.4475 3.31765e-12 
0.455 3.67981e-12 
0.4525 3.55405e-12 
0.46 3.94771e-12 
0.4575 3.81094e-12 
0.465 4.23931e-12 
0.4625 4.0904e-12 
0.47 4.55706e-12 
0.4675 4.39475e-12 
0.475 4.90369e-12 
0.4725 4.72658e-12 
0.48 5.28225e-12 
0.4775 5.08877e-12 
0.485 5.69617e-12 
0.4825 5.48456e-12 
0.49 6.14925e-12 
0.4875 5.91756e-12 
0.495 6.6458e-12 
0.4925 6.3918e-12 
0.5 7.19062e-12 
0.4975 6.91185e-12 
0.505 7.78913e-12 
0.5025 7.4828e-12 
0.51 8.44742e-12 
0.5075 8.11039e-12 
0.515 9.17235e-12 
0.5125 8.80109e-12 
0.52 9.97161e-12 
0.5175 9.56217e-12 
0.525 1.08539e-11 
0.5225 1.04018e-11 
0.53 1.1829e-11 
0.5275 1.13292e-11 
0.535 1.29079e-11 
0.5325 1.23547e-11 
0.54 1.4103e-11 
0.5375 1.34901e-11 
0.545 1.54281e-11 
0.5425 1.47483e-11 
0.55 1.68991e-11 
0.5475 1.61443e-11 
0.555 1.85334e-11 
0.5525 1.76946e-11 
0.56 2.03509e-11 
0.5575 1.94179e-11 
0.565 2.23739e-11 
0.5625 2.13352e-11 
0.57 2.46273e-11 
0.5675 2.34701e-11 
0.575 2.71392e-11 
0.5725 2.58491e-11 
0.58 2.99411e-11 
0.5775 2.85018e-11 
0.585 3.30684e-11 
0.5825 3.14617e-11 
0.59 3.65608e-11 
0.5875 3.47663e-11 
0.595 4.04628e-11 
0.5925 3.84576e-11 
0.6 4.48242e-11 
0.5975 4.25827e-11 
0.605 4.97013e-11 
0.6025 4.71946e-11 
0.61 5.51567e-11 
0.6075 5.23525e-11 
0.615 6.12609e-11 
0.6125 5.8123e-11 
0.62 6.8093e-11 
0.6175 6.45807e-11 
0.625 7.57414e-11 
0.6225 7.18092e-11 
0.63 8.43054e-11 
0.6275 7.99023e-11 
0.635 9.38964e-11 
0.6325 8.89651e-11 
0.64 1.04639e-10 
0.6375 9.91155e-11 
0.645 1.16674e-10 
0.6425 1.10486e-10 
0.65 1.30157e-10 
0.6475 1.23224e-10 
0.655 1.45264e-10 
0.6525 1.37495e-10 
0.66 1.62193e-10 
0.6575 1.53487e-10 
0.665 1.81164e-10 
0.6625 1.71408e-10 
0.67 2.02425e-10 
0.6675 1.91492e-10 
0.675 2.26255e-10 
0.6725 2.14e-10 
0.68 2.52963e-10 
0.6775 2.39228e-10 
0.685 2.829e-10 
0.6825 2.67505e-10 
0.69 3.16457e-10 
0.6875 2.992e-10 
0.695 3.54072e-10 
0.6925 3.34728e-10 
0.7 3.96237e-10 
0.6975 3.74553e-10 
0.705 4.43505e-10 
0.7025 4.19196e-10 
0.71 4.96492e-10 
0.7075 4.69242e-10 
0.715 5.55892e-10 
0.7125 5.25344e-10 
0.72 6.22483e-10 
0.7175 5.88237e-10 
0.725 6.97135e-10 
0.7225 6.58743e-10 
0.73 7.80826e-10 
0.7275 7.37785e-10 
0.735 8.74651e-10 
0.7325 8.26398e-10 
0.74 9.79836e-10 
0.7375 9.25741e-10 
0.745 1.09776e-09 
0.7425 1.03711e-09 
0.75 1.22997e-09 
0.7475 1.16197e-09 
0.755 1.37818e-09 
0.7525 1.30196e-09 
0.76 1.54435e-09 
0.7575 1.4589e-09 
0.765 1.73065e-09 
0.7625 1.63484e-09 
0.77 1.93952e-09 
0.7675 1.8321e-09 
0.775 2.17369e-09 
0.7725 2.05326e-09 
0.78 2.43622e-09 
0.7775 2.3012e-09 
0.785 2.73056e-09 
0.7825 2.57918e-09 
0.79 3.06056e-09 
0.7875 2.89084e-09 
0.795 3.43054e-09 
0.7925 3.24026e-09 
0.8 3.84535e-09 
0.7975 3.63202e-09 
0.805 4.31041e-09 
0.8025 4.07123e-09 
0.81 4.83183e-09 
0.8075 4.56367e-09 
0.815 5.41643e-09 
0.8125 5.11578e-09 
0.82 6.07187e-09 
0.8175 5.73478e-09 
0.825 6.80673e-09 
0.8225 6.42879e-09 
0.83 7.63064e-09 
0.8275 7.20691e-09 
0.835 8.5544e-09 
0.8325 8.07932e-09 
0.84 9.59011e-09 
0.8375 9.05745e-09 
0.845 1.07513e-08 
0.8425 1.01541e-08 
0.85 1.20533e-08 
0.8475 1.13837e-08 
0.855 1.35131e-08 
0.8525 1.27623e-08 
0.86 1.51497e-08 
0.8575 1.4308e-08 
0.865 1.69848e-08 
0.8625 1.6041e-08 
0.87 1.90423e-08 
0.8675 1.79841e-08 
0.875 2.13491e-08 
0.8725 2.01627e-08 
0.88 2.39356e-08 
0.8775 2.26054e-08 
0.885 2.68357e-08 
0.8825 2.53442e-08 
0.89 3.00872e-08 
0.8875 2.8415e-08 
0.895 3.3733e-08 
0.8925 3.1858e-08 
0.9 3.78207e-08 
0.8975 3.57184e-08 
0.905 4.2404e-08 
0.9025 4.00468e-08 
0.91 4.75429e-08 
0.9075 4.48999e-08 
0.915 5.33048e-08 
0.9125 5.03414e-08 
0.92 5.97653e-08 
0.9175 5.64427e-08 
0.925 6.70092e-08 
0.9225 6.32836e-08 
0.93 7.51313e-08 
0.9275 7.09541e-08 
0.935 8.42382e-08 
0.9325 7.95545e-08 
0.94 9.44494e-08 
0.9375 8.91977e-08 
0.945 1.05899e-07 
0.9425 1.0001e-07 
0.95 1.18736e-07 
0.9475 1.12134e-07 
0.955 1.33131e-07 
0.9525 1.25728e-07 
0.96 1.49271e-07 
0.9575 1.4097e-07 
0.965 1.67368e-07 
0.9625 1.58061e-07 
0.97 1.8766e-07 
0.9675 1.77224e-07 
0.975 2.10413e-07 
0.9725 1.98711e-07 
0.98 2.35925e-07 
0.9775 2.22804e-07 
0.985 2.64532e-07 
0.9825 2.49819e-07 
0.99 2.96608e-07 
0.9875 2.80111e-07 
0.995 3.32574e-07 
0.9925 3.14077e-07 
1 3.72903e-07 
0.9975 3.52162e-07 
1.005 4.18124e-07 
1.0025 3.94867e-07 
1.01 4.6883e-07 
1.0075 4.42751e-07 
1.015 5.25686e-07 
1.0125 4.96445e-07 
1.02 5.8944e-07 
1.0175 5.56651e-07 
1.025 6.60927e-07 
1.0225 6.24161e-07 
1.03 7.41086e-07 
1.0275 6.9986e-07 
1.035 8.3097e-07 
1.0325 7.84742e-07 
1.04 9.31758e-07 
1.0375 8.79922e-07 
1.045 1.04477e-06 
1.0425 9.86649e-07 
1.05 1.1715e-06 
1.0475 1.10632e-06 
1.055 1.3136e-06 
1.0525 1.24052e-06 
1.06 1.47295e-06 
1.0575 1.391e-06 
1.065 1.65163e-06 
1.0625 1.55973e-06 
1.07 1.85198e-06 
1.0675 1.74894e-06 
1.075 2.07665e-06 
1.0725 1.9611e-06 
1.08 2.32858e-06 
1.0775 2.19901e-06 
1.085 2.61109e-06 
1.0825 2.46579e-06 
1.09 2.92787e-06 
1.0875 2.76494e-06 
1.095 3.2831e-06 
1.0925 3.1004e-06 
1.1 3.68143e-06 
1.0975 3.47656e-06 
1.105 4.12811e-06 
1.1025 3.89837e-06 
1.11 4.62899e-06 
1.1075 4.37138e-06 
1.115 5.19067e-06 
1.1125 4.90179e-06 
1.12 5.82052e-06 
1.1175 5.49658e-06 
1.125 6.52681e-06 
1.1225 6.16355e-06 
1.13 7.31884e-06 
1.1275 6.91149e-06 
1.135 8.207e-06 
1.1325 7.7502e-06 
1.14 9.20297e-06 
1.1375 8.69072e-06 
1.145 1.03198e-05 
1.1425 9.74541e-06 
1.15 1.15723e-05 
1.1475 1.09281e-05 
1.155 1.29768e-05 
1.1525 1.22544e-05 
1.16 1.45518e-05 
1.1575 1.37417e-05 
1.165 1.6318e-05 
1.1625 1.54096e-05 
1.17 1.82986e-05 
1.1675 1.72799e-05 
1.175 2.05197e-05 
1.1725 1.93774e-05 
1.18 2.30106e-05 
1.1775 2.17295e-05 
1.185 2.58038e-05 
1.1825 2.43672e-05 
1.19 2.89362e-05 
1.1875 2.73252e-05 
1.195 3.24491e-05 
1.1925 3.06423e-05 
1.2 3.63885e-05 
1.1975 3.43623e-05 
1.205 4.08063e-05 
1.2025 3.85341e-05 
1.21 4.57606e-05 
1.2075 4.32125e-05 
1.215 5.13167e-05 
1.2125 4.84591e-05 
1.22 5.75477e-05 
1.2175 5.4343e-05 
1.225 6.45355e-05 
1.2225 6.09415e-05 
1.23 7.23722e-05 
1.2275 6.83416e-05 
1.235 8.11609e-05 
1.2325 7.66406e-05 
1.24 9.10173e-05 
1.2375 8.59479e-05 
1.245 0.000102071 
1.2425 9.63859e-05 
1.25 0.000114468 
1.2475 0.000108092 
1.255 0.000128372 
1.2525 0.000121221 
1.26 0.000143965 
1.2575 0.000135945 
1.265 0.000161453 
1.2625 0.000152458 
1.27 0.000181067 
1.2675 0.000170979 
1.275 0.000203064 
1.2725 0.00019175 
1.28 0.000227736 
1.2775 0.000215046 
1.285 0.000255407 
1.2825 0.000241175 
1.29 0.000286443 
1.2875 0.00027048 
1.295 0.000321252 
1.2925 0.000303348 
1.3 0.000360294 
1.2975 0.000340213 
1.305 0.000404085 
1.3025 0.000381561 
1.31 0.000453201 
1.3075 0.000427938 
1.315 0.000508293 
1.3125 0.000479957 
1.32 0.000570087 
1.3175 0.000538303 
1.325 0.0006394 
1.3225 0.000603749 
1.33 0.000717147 
1.3275 0.000677158 
1.335 0.000804356 
1.3325 0.0007595 
1.34 0.00090218 
1.3375 0.000851864 
1.345 0.00101191 
1.3425 0.00095547 
1.35 0.001135 
1.3475 0.00107169 
1.355 0.00127308 
1.3525 0.00120206 
1.36 0.00142797 
1.3575 0.0013483 
1.365 0.00160173 
1.3625 0.00151235 
1.37 0.00179664 
1.3675 0.00169638 
1.375 0.0020153 
1.3725 0.00190283 
1.38 0.00226059 
1.3775 0.00213442 
1.385 0.00253575 
1.3825 0.00239422 
1.39 0.00284444 
1.3875 0.00268566 
1.395 0.00319073 
1.3925 0.00301261 
1.4 0.00357919 
1.3975 0.00337938 
1.405 0.00401495 
1.4025 0.00379081 
1.41 0.00450378 
1.4075 0.00425235 
1.415 0.0050521 
1.4125 0.00477007 
1.42 0.00566715 
1.4175 0.00535081 
1.425 0.00635701 
1.4225 0.00600219 
1.43 0.00713073 
1.4275 0.00673278 
1.435 0.00799844 
1.4325 0.00755216 
1.44 0.00897147 
1.4375 0.00847103 
1.445 0.0100625 
1.4425 0.00950138 
1.45 0.0112856 
1.4475 0.0106566 
1.455 0.0126566 
1.4525 0.0119516 
1.46 0.0141931 
1.4575 0.013403 
1.465 0.0159146 
1.4625 0.0150294 
1.47 0.017843 
1.4675 0.0168515 
1.475 0.0200023 
1.4725 0.0188921 
1.48 0.0224193 
1.4775 0.0211768 
1.485 0.0251237 
1.4825 0.0237337 
1.49 0.0281481 
1.4875 0.0265937 
1.495 0.0315283 
1.4925 0.0297913 
1.5 0.0353037 
1.4975 0.033364 
1.505 0.0395173 
1.5025 0.0373529 
1.51 0.0442158 
1.5075 0.0418029 
1.515 0.0494497 
1.5125 0.0467625 
1.52 0.0552733 
1.5175 0.0522842 
1.525 0.0617446 
1.5225 0.0584242 
1.53 0.068925 
1.5275 0.0652422 
1.535 0.0768791 
1.5325 0.0728012 
1.54 0.0856738 
1.5375 0.0811671 
1.545 0.0953774 
1.5425 0.0904076 
1.55 0.106059 
1.5475 0.100592 
1.555 0.117787 
1.5525 0.111788 
1.56 0.130626 
1.5575 0.124063 
1.565 0.144638 
1.5625 0.137482 
1.57 0.159876 
1.5675 0.1521 
1.575 0.176385 
1.5725 0.167969 
1.58 0.194198 
1.5775 0.185127 
1.585 0.213332 
1.5825 0.2036 
1.59 0.233788 
1.5875 0.223396 
1.595 0.255546 
1.5925 0.244506 
1.6 0.278563 
1.5975 0.2669 
1.605 0.302775 
1.6025 0.290525 
1.61 0.328091 
1.6075 0.315301 
1.615 0.354399 
1.6125 0.341129 
1.62 0.381563 
1.6175 0.367884 
1.625 0.409428 
1.6225 0.395418 
1.63 0.437819 
1.6275 0.423569 
1.635 0.466553 
1.6325 0.452155 
1.64 0.495437 
1.6375 0.480989 
1.645 0.524276 
1.6425 0.509875 
1.65 0.552877 
1.6475 0.538618 
1.655 0.581056 
1.6525 0.56703 
1.66 0.60864 
1.6575 0.594932 
1.665 0.635474 
1.6625 0.62216 
1.67 0.661422 
1.6675 0.648567 
1.675 0.686368 
1.6725 0.674027 
1.68 0.71022 
1.6775 0.698436 
1.685 0.732905 
1.6825 0.721712 
1.69 0.754376 
1.6875 0.743794 
1.695 0.774603 
1.6925 0.764646 
1.7 0.793577 
1.6975 0.784246 
1.705 0.811303 
1.7025 0.802595 
1.71 0.827803 
1.7075 0.819705 
1.715 0.843108 
1.7125 0.835602 
1.72 0.857261 
1.7175 0.850326 
1.725 0.870309 
1.7225 0.86392 
1.73 0.882308 
1.7275 0.876436 
1.735 0.893316 
1.7325 0.887932 
1.74 0.903391 
1.7375 0.898466 
1.745 0.912595 
1.7425 0.908098 
1.75 0.920987 
1.7475 0.916889 
1.755 0.928628 
1.7525 0.924898 
1.76 0.935573 
1.7575 0.932184 
1.765 0.941878 
1.7625 0.938802 
1.77 0.947595 
1.7675 0.944807 
1.775 0.952773 
1.7725 0.950248 
1.78 0.957458 
1.7775 0.955174 
1.785 0.961694 
1.7825 0.959629 
1.79 0.96552 
1.7875 0.963656 
1.795 0.968975 
1.7925 0.967292 
1.8 0.972091 
1.7975 0.970573 
1.805 0.974901 
1.8025 0.973532 
1.81 0.977433 
1.8075 0.9762 
1.815 0.979714 
1.8125 0.978604 
1.82 0.981768 
1.8175 0.980768 
1.825 0.983617 
1.8225 0.982717 
1.83 0.98528 
1.8275 0.984471 
1.835 0.986777 
1.8325 0.986048 
1.84 0.988123 
1.8375 0.987468 
1.845 0.989332 
1.8425 0.988744 
1.85 0.99042 
1.8475 0.989891 
1.855 0.991397 
1.8525 0.990922 
1.86 0.992276 
1.8575 0.991848 
1.865 0.993065 
1.8625 0.992681 
1.87 0.993774 
1.8675 0.993429 
1.875 0.994411 
1.8725 0.994101 
1.88 0.994983 
1.8775 0.994704 
1.885 0.995496 
1.8825 0.995246 
1.89 0.995957 
1.8875 0.995733 
1.895 0.996371 
1.8925 0.99617 
1.9 0.996743 
1.8975 0.996562 
1.905 0.997077 
1.9025 0.996915 
1.91 0.997377 
1.9075 0.997231 
1.915 0.997646 
1.9125 0.997515 
1.92 0.997887 
1.9175 0.99777 
1.925 0.998104 
1.9225 0.997998 
1.93 0.998298 
1.9275 0.998204 
1.935 0.998473 
1.9325 0.998388 
1.94 0.99863 
1.9375 0.998553 
1.945 0.99877 
1.9425 0.998702 
1.95 0.998896 
1.9475 0.998835 
1.955 0.99901 
1.9525 0.998954 
1.96 0.999111 
1.9575 0.999062 
1.965 0.999202 
1.9625 0.999158 
1.97 0.999284 
1.9675 0.999244 
1.975 0.999358 
1.9725 0.999322 
1.98 0.999423 
1.9775 0.999391 
1.985 0.999483 
1.9825 0.999454 
1.99 0.999536 
1.9875 0.99951 
1.995 0.999583 
1.9925 0.99956 
2 0.999626 
1.9975 0.999605 
2.005 0.999664 
2.0025 0.999645 
2.01 0.999698 
2.0075 0.999682 
2.015 0.999729 
2.0125 0.999714 
2.02 0.999757 
2.0175 0.999743 
2.025 0.999782 
2.0225 0.99977 
2.03 0.999804 
2.0275 0.999793 
2.035 0.999824 
2.0325 0.999814 
2.04 0.999841 
2.0375 0.999833 
2.045 0.999857 
2.0425 0.99985 
2.05 0.999872 
2.0475 0.999865 
2.055 0.999884 
2.0525 0.999878 
2.06 0.999896 
2.0575 0.99989 
2.065 0.999906 
2.0625 0.999901 
2.07 0.999915 
2.0675 0.999911 
2.075 0.999923 
2.0725 0.999919 
2.08 0.99993 
2.0775 0.999927 
2.085 0.999936 
2.0825 0.999933 
2.09 0.999942 
2.0875 0.999939 
2.095 0.999947 
2.0925 0.999945 
2.1 0.999951 
2.0975 0.999949 
2.105 0.999955 
2.1025 0.999953 
2.11 0.999958 
2.1075 0.999957 
2.115 0.999961 
2.1125 0.99996 
2.12 0.999964 
2.1175 0.999962 
2.125 0.999965 
2.1225 0.999965 
2.13 0.999967 
2.1275 0.999966 
2.135 0.999968 
2.1325 0.999968 
2.14 0.999969 
2.1375 0.999969 
2.145 0.99997 
2.1425 0.999969 
2.15 0.99997 
2.1475 0.99997 
2.155 0.99997 
2.1525 0.99997 
2.16 0.999969 
2.1575 0.999969 
2.165 0.999968 
2.1625 0.999969 
2.17 0.999967 
2.1675 0.999968 
2.175 0.999966 
2.1725 0.999966 
2.18 0.999964 
2.1775 0.999965 
2.185 0.999962 
2.1825 0.999963 
2.19 0.999959 
2.1875 0.99996 
2.195 0.999956 
2.1925 0.999957 
2.2 0.999952 
2.1975 0.999954 
2.205 0.999949 
2.2025 0.999951 
2.21 0.999944 
2.2075 0.999946 
2.215 0.999939 
2.2125 0.999942 
2.22 0.999934 
2.2175 0.999936 
2.225 0.999927 
2.2225 0.999931 
2.23 0.99992 
2.2275 0.999924 
2.235 0.999913 
2.2325 0.999917 
2.24 0.999904 
2.2375 0.999908 
2.245 0.999895 
2.2425 0.999899 
2.25 0.999884 
2.2475 0.999889 
2.255 0.999872 
2.2525 0.999878 
2.26 0.999859 
2.2575 0.999866 
2.265 0.999845 
2.2625 0.999852 
2.27 0.999829 
2.2675 0.999837 
2.275 0.999812 
2.2725 0.999821 
2.28 0.999792 
2.2775 0.999802 
2.285 0.999771 
2.2825 0.999782 
2.29 0.999748 
2.2875 0.99976 
2.295 0.999722 
2.2925 0.999735 
2.3 0.999693 
2.2975 0.999708 
2.305 0.999661 
2.3025 0.999677 
2.31 0.999626 
2.3075 0.999644 
2.315 0.999587 
2.3125 0.999607 
2.32 0.999545 
2.3175 0.999567 
2.325 0.999498 
2.3225 0.999522 
2.33 0.999446 
2.3275 0.999472 
2.335 0.999388 
2.3325 0.999418 
2.34 0.999325 
2.3375 0.999357 
2.345 0.999255 
2.3425 0.999291 
2.35 0.999178 
2.3475 0.999218 
2.355 0.999093 
2.3525 0.999137 
2.36 0.998999 
2.3575 0.999047 
2.365 0.998895 
2.3625 0.998948 
2.37 0.998781 
2.3675 0.99884 
2.375 0.998655 
2.3725 0.998719 
2.38 0.998515 
2.3775 0.998587 
2.385 0.998362 
2.3825 0.998441 
2.39 0.998192 
2.3875 0.998279 
2.395 0.998005 
2.3925 0.998101 
2.4 0.997799 
2.3975 0.997904 
2.405 0.997571 
2.4025 0.997687 
2.41 0.997319 
2.4075 0.997448 
2.415 0.997042 
2.4125 0.997184 
2.42 0.996736 
2.4175 0.996893 
2.425 0.996399 
2.4225 0.996572 
2.43 0.996026 
2.4275 0.996217 
2.435 0.995615 
2.4325 0.995826 
2.44 0.995162 
2.4375 0.995394 
2.445 0.994663 
2.4425 0.994919 
2.45 0.994111 
2.4475 0.994394 
2.455 0.993503 
2.4525 0.993815 
2.46 0.992833 
2.4575 0.993176 
2.465 0.992094 
2.4625 0.992473 
2.47 0.991279 
2.4675 0.991696 
2.475 0.990381 
2.4725 0.990841 
2.48 0.98939 
2.4775 0.989897 
2.485 0.988299 
2.4825 0.988858 
2.49 0.987096 
2.4875 0.987712 
2.495 0.985771 
2.4925 0.986449 
2.5 0.984311 
2.4975 0.985059 
2.505 0.982704 
2.5025 0.983527 
2.51 0.980934 
2.5075 0.98184 
2.515 0.978985 
2.5125 0.979983 
2.52 0.976841 
2.5175 0.977939 
2.525 0.974483 
2.5225 0.97569 
2.53 0.971889 
2.5275 0.973217 
2.535 0.969038 
2.5325 0.970498 
2.54 0.965906 
2.5375 0.967509 
2.545 0.962466 
2.5425 0.964226 
2.55 0.958691 
2.5475 0.960622 
2.555 0.95455 
2.5525 0.956668 
2.56 0.95001 
2.5575 0.952332 
2.565 0.945038 
2.5625 0.94758 
2.57 0.939596 
2.5675 0.942378 
2.575 0.933646 
2.5725 0.936687 
2.58 0.927147 
2.5775 0.930468 
2.585 0.920056 
2.5825 0.923678 
2.59 0.912329 
2.5875 0.916275 
2.595 0.903919 
2.5925 0.908212 
2.6 0.894781 
2.5975 0.899444 
2.605 0.884867 
2.6025 0.889924 
2.61 0.87413 
2.6075 0.879604 
2.615 0.862525 
2.6125 0.868439 
2.62 0.850008 
2.6175 0.856383 
2.625 0.836539 
2.6225 0.843395 
2.63 0.822081 
2.6275 0.829436 
2.635 0.806602 
2.6325 0.814471 
2.64 0.79008 
2.6375 0.798473 
2.645 0.772499 
2.6425 0.781422 
2.65 0.753852 
2.6475 0.763308 
2.655 0.734146 
2.6525 0.74413 
2.66 0.713398 
2.6575 0.7239 
2.665 0.691642 
2.6625 0.702644 
2.67 0.668923 
2.6675 0.680399 
2.675 0.645304 
2.6725 0.657221 
2.68 0.620861 
2.6775 0.63318 
2.685 0.595687 
2.6825 0.608359 
2.69 0.569888 
2.6875 0.582859 
2.695 0.543583 
2.6925 0.556791 
2.7 0.5169 
2.6975 0.53028 
2.705 0.489978 
2.7025 0.50346 
2.71 0.462961 
2.7075 0.476473 
2.715 0.435995 
2.7125 0.449463 
2.72 0.409226 
2.7175 0.422577 
2.725 0.382798 
2.7225 0.395961 
2.73 0.356848 
2.7275 0.369755 
2.735 0.331503 
2.7325 0.344092 
2.74 0.306883 
2.7375 0.319096 
2.745 0.283093 
2.7425 0.294878 
2.75 0.260223 
2.7475 0.271538 
2.755 0.238352 
2.7525 0.249159 
2.76 0.217542 
2.7575 0.227811 
2.765 0.197839 
2.7625 0.207549 
2.77 0.179277 
2.7675 0.188414 
2.775 0.161876 
2.7725 0.170431 
2.78 0.145642 
2.7775 0.153614 
2.785 0.13057 
2.7825 0.137962 
2.79 0.116644 
2.7875 0.123465 
2.795 0.103838 
2.7925 0.110103 
2.8 0.09212 
2.7975 0.0978458 
2.805 0.0814474 
2.8025 0.0866558 
2.81 0.0717738 
2.8075 0.0764889 
2.815 0.0630468 
2.8125 0.0672954 
2.82 0.0552105 
2.8175 0.059021 
2.825 0.0482061 
2.8225 0.0516081 
2.83 0.0419729 
2.8275 0.0449969 
2.835 0.0364497 
2.8325 0.0391263 
2.84 0.0315757 
2.8375 0.0339353 
2.845 0.0272912 
2.8425 0.0293634 
2.85 0.0235386 
2.8475 0.0253519 
2.855 0.020263 
2.8525 0.0218445 
2.86 0.0174127 
2.8575 0.0187878 
2.865 0.0149396 
2.8625 0.0161319 
2.87 0.0127994 
2.8675 0.0138305 
2.875 0.0109515 
2.8725 0.0118413 
2.88 0.00935957 
2.8775 0.0101257 
2.885 0.00799063 
2.8825 0.00864913 
2.89 0.00681546 
2.8875 0.00738052 
2.895 0.00580817 
2.8925 0.00629232 
2.9 0.00494592 
2.8975 0.00536022 
2.905 0.00420872 
2.9025 0.00456284 
2.91 0.0035791 
2.9075 0.00388146 
2.915 0.00304187 
2.9125 0.0032998 
2.92 0.00258386 
2.9175 0.00280371 
2.925 0.00219369 
2.9225 0.00238095 
2.93 0.00186154 
2.9275 0.00202092 
2.935 0.00157896 
2.9325 0.00171454 
2.94 0.00133869 
2.9375 0.00145395 
2.945 0.0011345 
2.9425 0.00123244 
2.95 0.000961064 
2.9475 0.00104424 
2.955 0.000813813 
2.9525 0.000884423 
2.96 0.000688849 
2.9575 0.000748765 
2.965 0.000582845 
2.9625 0.000633665 
2.97 0.00049296 
2.9675 0.000536048 
2.975 0.000416774 
2.9725 0.000453291 
2.98 0.000352222 
2.9775 0.00038316 
2.985 0.000297551 
2.9825 0.000323751 
2.99 0.000251264 
2.9875 0.000273443 
2.995 0.000212091 
2.9925 0.00023086 
3 0.000178951 
2.9975 0.000194827 
3.005 0.000150925 
3.0025 0.00016435 
3.01 0.000127234 
3.0075 0.000138582 
3.015 0.000107215 
3.0125 0.000116803 
3.02 9.03059e-05 
3.0175 9.84036e-05 
3.025 7.60287e-05 
3.0225 8.28651e-05 
3.03 6.3979e-05 
3.0275 6.97482e-05 
3.035 5.38136e-05 
3.0325 5.868e-05 
3.04 4.52415e-05 
3.0375 4.93447e-05 
3.045 3.80161e-05 
3.0425 4.14743e-05 
3.05 3.19286e-05 
3.0475 3.48418e-05 
3.055 2.68021e-05 
3.0525 2.92552e-05 
3.06 2.2487e-05 
3.0575 2.45516e-05 
3.065 1.88566e-05 
3.0625 2.05934e-05 
3.07 1.58037e-05 
3.0675 1.7264e-05 
3.075 1.32378e-05 
3.0725 1.4465e-05 
3.08 1.10822e-05 
3.0775 1.2113e-05 
3.085 9.27238e-06 
3.0825 1.01377e-05 
3.09 7.75357e-06 
3.0875 8.47965e-06 
3.095 6.4797e-06 
3.0925 7.0886e-06 
3.1 5.41187e-06 
3.0975 5.92221e-06 
3.105 4.51726e-06 
3.1025 4.94475e-06 
3.11 3.76819e-06 
3.1075 4.12608e-06 
3.115 3.14135e-06 
3.1125 3.4408e-06 
3.12 2.61712e-06 
3.1175 2.86751e-06 
3.125 2.17896e-06 
3.1225 2.38821e-06 
3.13 1.81297e-06 
3.1275 1.98773e-06 
3.135 1.50745e-06 
3.1325 1.65331e-06 
3.14 1.25258e-06 
3.1375 1.37423e-06 
3.145 1.04009e-06 
3.1425 1.14149e-06 
3.15 8.63046e-07 
3.1475 9.47521e-07 
3.155 7.15643e-07 
3.1525 7.85965e-07 
3.16 5.92998e-07 
3.1575 6.51498e-07 
3.165 4.91022e-07 
3.1625 5.39654e-07 
3.17 4.0629e-07 
3.1675 4.46691e-07 
3.175 3.35935e-07 
3.1725 3.69475e-07 
3.18 2.7756e-07 
3.1775 3.05384e-07 
3.185 2.29159e-07 
3.1825 2.52225e-07 
3.19 1.89058e-07 
3.1875 2.08164e-07 
3.195 1.55856e-07 
3.1925 1.71672e-07 
3.2 1.28388e-07 
3.1975 1.4147e-07 
3.205 1.0568e-07 
3.2025 1.16493e-07 
3.21 8.69221e-08 
3.2075 9.58526e-08 
3.215 7.14381e-08 
3.2125 7.88083e-08 
3.22 5.86666e-08 
3.2175 6.47444e-08 
3.225 4.81407e-08 
3.2225 5.31489e-08 
3.23 3.94722e-08 
3.2275 4.35958e-08 
3.235 3.2339e-08 
3.2325 3.57315e-08 
3.24 2.64738e-08 
3.2375 2.92627e-08 
3.245 2.1655e-08 
3.2425 2.39458e-08 
3.25 1.76991e-08 
3.2475 1.95793e-08 
3.255 1.44542e-08 
3.2525 1.59962e-08 
3.26 1.17947e-08 
3.2575 1.30582e-08 
3.265 9.61671e-09 
3.2625 1.06512e-08 
3.27 7.83453e-09 
3.2675 8.68088e-09 
3.275 6.37742e-09 
3.2725 7.06924e-09 
3.28 5.18707e-09 
3.2775 5.75211e-09 
3.285 4.21544e-09 
3.2825 4.67656e-09 
3.29 3.42301e-09 
3.2875 3.799e-09 
3.295 2.77726e-09 
3.2925 3.08359e-09 
3.3 2.25148e-09 
3.2975 2.50084e-09 
3.305 1.82374e-09 
3.3025 2.02656e-09 
3.31 1.47605e-09 
3.3075 1.64088e-09 
3.315 1.19366e-09 
3.3125 1.3275e-09 
3.32 9.64509e-10 
3.3175 1.07309e-09 
3.325 7.78709e-10 
3.3225 8.66732e-10 
3.33 6.28187e-10 
3.3275 6.99481e-10 
3.335 5.06347e-10 
3.3325 5.64043e-10 
3.34 4.07807e-10 
3.3375 4.54459e-10 
3.345 3.28177e-10 
3.3425 3.65868e-10 
3.35 2.63882e-10 
3.3475 2.94308e-10 
3.355 2.12013e-10 
3.3525 2.36554e-10 
3.36 1.70203e-10 
3.3575 1.8998e-10 
3.365 1.3653e-10 
3.3625 1.52455e-10 
3.37 1.09432e-10 
3.3675 1.22244e-10 
3.375 8.76427e-11 
3.3725 9.79425e-11 
3.38 7.01374e-11 
3.3775 7.84106e-11 
3.385 5.60851e-11 
3.3825 6.27249e-11 
3.39 4.48137e-11 
3.3875 5.01384e-11 
3.395 3.57803e-11 
3.3925 4.00469e-11 
3.4 2.85464e-11 
3.3975 3.19623e-11 
3.405 2.2758e-11 
3.4025 2.54907e-11 
3.41 1.81299e-11 
3.4075 2.03144e-11 
3.415 1.44326e-11 
3.4125 1.61774e-11 
3.42 1.1481e-11 
3.4175 1.28736e-11 
3.425 9.12661e-12 
3.4225 1.02372e-11 
3.43 7.24999e-12 
3.4275 8.13505e-12 
3.435 5.75532e-12 
3.4325 6.46011e-12 
3.44 4.56574e-12 
3.4375 5.12655e-12 
3.445 3.61966e-12 
3.4425 4.06559e-12 
3.45 2.86778e-12 
3.4475 3.22211e-12 
3.455 2.27066e-12 
3.4525 2.552e-12 
3.46 1.79677e-12 
3.4575 2.02001e-12 
3.465 1.42094e-12 
3.4625 1.59796e-12 
3.47 1.12307e-12 
3.4675 1.26334e-12 
3.475 8.87151e-13 
3.4725 9.98232e-13 
3.48 7.00412e-13 
3.4775 7.88322e-13 
3.485 5.52693e-13 
3.4825 6.22223e-13 
3.49 4.35911e-13 
3.4875 4.9087e-13 
3.495 3.43641e-13 
3.4925 3.87058e-13 
3.5 2.70779e-13 
3.4975 3.05058e-13 
3.505 2.13274e-13 
3.5025 2.40324e-13 
3.51 1.67912e-13 
3.5075 1.89248e-13 
3.515 1.32149e-13 
3.5125 1.48968e-13 
3.52 1.03965e-13 
3.5175 1.17218e-13 
3.525 8.17655e-14 
3.5225 9.22031e-14 
3.53 6.42867e-14 
3.5275 7.25038e-14 
3.535 5.05305e-14 
3.5325 5.69968e-14 
3.54 3.97081e-14 
3.5375 4.47948e-14 
3.545 3.11968e-14 
3.5425 3.51969e-14 
3.55 2.45054e-14 
3.5475 2.765e-14 
3.555 1.92462e-14 
3.5525 2.17175e-14 
3.56 1.51138e-14 
3.5575 1.70555e-14 
3.565 1.18676e-14 
3.5625 1.33928e-14 
3.57 9.31803e-15 
3.5675 1.05159e-14 
3.575 7.31598e-15 
3.5725 8.25655e-15 
3.58 5.74409e-15 
3.5775 6.48254e-15 
3.585 4.51008e-15 
3.5825 5.08978e-15 
3.59 3.5414e-15 
3.5875 3.99645e-15 
3.595 2.78103e-15 
3.5925 3.13822e-15 
3.6 2.1842e-15 
3.5975 2.46457e-15 
3.605 1.71572e-15 
3.6025 1.9358e-15 
3.61 1.34797e-15 
3.6075 1.52073e-15 
3.615 1.05927e-15 
3.6125 1.1949e-15 
3.62 8.32606e-16 
3.6175 9.39094e-16 
3.625 6.54617e-16 
3.6225 7.38239e-16 
3.63 5.14828e-16 
3.6275 5.80506e-16 
3.635 4.05018e-16 
3.6325 4.56614e-16 
3.64 3.18738e-16 
3.6375 3.59281e-16 
3.645 2.50928e-16 
3.6425 2.82794e-16 
3.65 1.97619e-16 
3.6475 2.22673e-16 
3.655 1.55697e-16 
3.6525 1.75401e-16 
3.66 1.22719e-16 
3.6575 1.38221e-16 
3.665 9.67671e-17 
3.6625 1.08967e-16 
3.67 7.63367e-17 
3.6675 8.59421e-17 
3.675 6.02467e-17 
3.6725 6.78123e-17 
3.68 4.75697e-17 
3.6775 5.35311e-17 
3.685 3.75775e-17 
3.6825 4.2277e-17 
3.69 2.96981e-17 
3.6875 3.34043e-17 
3.695 2.34818e-17 
3.6925 2.6406e-17 
3.7 1.85753e-17 
3.6975 2.08837e-17 
3.705 1.47009e-17 
3.7025 1.6524e-17 
3.71 1.164e-17 
3.7075 1.30805e-17 
3.715 9.22067e-18 
3.7125 1.03594e-17 
3.72 7.30747e-18 
3.7175 8.20804e-18 
3.725 5.79382e-18 
3.7225 6.50641e-18 
3.73 4.59571e-18 
3.7275 5.15983e-18 
3.735 3.64691e-18 
3.7325 4.0937e-18 
3.74 2.8952e-18 
3.7375 3.24922e-18 
3.745 2.29936e-18 
3.7425 2.58e-18 
3.75 1.82685e-18 
3.7475 2.04943e-18 
3.755 1.45199e-18 
3.7525 1.6286e-18 
3.76 1.15447e-18 
3.7575 1.29466e-18 
3.765 9.18236e-19 
3.7625 1.02956e-18 
3.77 7.30583e-19 
3.7675 8.19019e-19 
3.775 5.81465e-19 
3.7725 6.51747e-19 
3.78 4.62924e-19 
3.7775 5.188e-19 
3.785 3.68655e-19 
3.7825 4.13094e-19 
3.79 2.93664e-19 
3.7875 3.29018e-19 
3.795 2.33987e-19 
3.7925 2.62124e-19 
3.8 1.86483e-19 
3.7975 2.08882e-19 
3.805 1.48657e-19 
3.8025 1.66494e-19 
3.81 1.18529e-19 
3.8075 1.32737e-19 
3.815 9.45254e-20 
3.8125 1.05846e-19 
3.82 7.5397e-20 
3.8175 8.44192e-20 
3.825 6.01498e-20 
3.8225 6.73418e-20 
3.83 4.79935e-20 
3.8275 5.37278e-20 
3.835 3.82995e-20 
3.8325 4.28726e-20 
3.84 3.05676e-20 
3.8375 3.42153e-20 
3.845 2.43996e-20 
3.8425 2.73096e-20 
3.85 1.94782e-20 
3.8475 2.18001e-20 
3.855 1.5551e-20 
3.8525 1.7404e-20 
3.86 1.24166e-20 
3.8575 1.38955e-20 
3.865 9.91473e-21 
3.8625 1.10953e-20 
3.87 7.91747e-21 
3.8675 8.85992e-21 
3.875 6.32287e-21 
3.8725 7.07534e-21 
3.88 5.04965e-21 
3.8775 5.65048e-21 
3.885 4.03294e-21 
3.8825 4.51273e-21 
3.89 3.22102e-21 
3.8875 3.60418e-21 
3.895 2.57259e-21 
3.8925 2.8786e-21 
3.9 2.05471e-21 
3.8975 2.29911e-21 
3.905 1.64107e-21 
3.9025 1.83628e-21 
3.91 1.31069e-21 
3.9075 1.46661e-21 
3.915 1.04679e-21 
3.9125 1.17133e-21 
3.92 8.36007e-22 
3.9175 9.35485e-22 
3.925 6.67638e-22 
3.9225 7.47097e-22 
3.93 5.33153e-22 
3.9275 5.96621e-22 
3.935 4.25733e-22 
3.9325 4.76428e-22 
3.94 3.39934e-22 
3.9375 3.80425e-22 
3.945 2.71406e-22 
3.9425 3.03746e-22 
3.95 2.16675e-22 
3.9475 2.42504e-22 
3.955 1.72965e-22 
3.9525 1.93592e-22 
3.96 1.38058e-22 
3.9575 1.54531e-22 
3.965 1.10184e-22 
3.9625 1.23338e-22 
3.97 8.79275e-23 
3.9675 9.84302e-23 
3.975 7.01575e-23 
3.9725 7.85428e-23 
3.98 5.59711e-23 
3.9775 6.26652e-23 
3.985 4.46467e-23 
3.9825 4.99902e-23 
3.99 3.5608e-23 
3.9875 3.98728e-23 
3.995 2.83943e-23 
3.9925 3.17979e-23 
4 2.26381e-23 
3.9975 2.53539e-23 
4.005 1.80454e-23 
4.0025 2.02122e-23 
4.01 1.43816e-23 
4.0075 1.61101e-23 
4.015 1.14593e-23 
4.0125 1.28379e-23 
4.02 9.12877e-24 
4.0175 1.02281e-23 
4.025 7.27056e-24 
4.0225 8.14709e-24 
4.03 5.78921e-24 
4.0275 6.48793e-24 
4.035 4.60851e-24 
4.0325 5.16539e-24 
4.04 3.66765e-24 
4.0375 4.11139e-24 
4.045 2.91808e-24 
4.0425 3.27158e-24 
4.05 2.32103e-24 
4.0475 2.60258e-24 
4.055 1.84559e-24 
4.0525 2.06978e-24 
4.06 1.46709e-24 
4.0575 1.64555e-24 
4.065 1.16583e-24 
4.0625 1.30787e-24 
4.07 9.26132e-25 
4.0675 1.03914e-24 
4.075 7.3546e-25 
4.0725 8.25343e-25 
4.08 5.83835e-25 
4.0775 6.55305e-25 
4.085 4.63298e-25 
4.0825 5.2011e-25 
4.09 3.67507e-25 
4.0875 4.12651e-25 
4.095 2.91406e-25 
4.0925 3.27268e-25 
4.1 2.3097e-25 
4.0975 2.59447e-25 
4.105 1.82992e-25 
4.1025 2.05597e-25 
4.11 1.44917e-25 
4.1075 1.62854e-25 
4.115 1.14714e-25 
4.1125 1.28941e-25 
4.12 9.07637e-26 
4.1175 1.02044e-25 
4.125 7.17806e-26 
4.1225 8.07207e-26 
4.13 5.67405e-26 
4.1275 6.38228e-26 
4.135 4.48297e-26 
4.1325 5.04378e-26 
4.14 3.54013e-26 
4.1375 3.984e-26 
4.145 2.79414e-26 
4.1425 3.1453e-26 
4.15 2.20419e-26 
4.1475 2.48186e-26 
4.155 1.73786e-26 
4.1525 1.95731e-26 
4.16 1.36943e-26 
4.1575 1.54279e-26 
4.165 1.0785e-26 
4.1625 1.21538e-26 
4.17 8.48892e-27 
4.1675 9.56902e-27 
4.175 6.67774e-27 
4.1725 7.52961e-27 
4.18 5.24985e-27 
4.1775 5.92135e-27 
4.185 4.12478e-27 
4.1825 4.65379e-27 
4.19 3.2388e-27 
4.1875 3.65532e-27 
4.195 2.54153e-27 
4.1925 2.86929e-27 
4.2 1.99309e-27 
4.1975 2.25084e-27 
4.205 1.56198e-27 
4.2025 1.76456e-27 
4.21 1.22331e-27 
4.2075 1.38243e-27 
4.215 9.5743e-28 
4.2125 1.08233e-27 
4.22 7.48825e-28 
4.2175 8.46799e-28 
4.225 5.85266e-28 
4.2225 6.6207e-28 
4.23 4.5711e-28 
4.2275 5.17279e-28 
4.235 3.56763e-28 
4.2325 4.03867e-28 
4.24 2.78244e-28 
4.2375 3.15095e-28 
4.245 2.16848e-28 
4.2425 2.45657e-28 
4.25 1.68874e-28 
4.2475 1.91381e-28 
4.255 1.31416e-28 
4.2525 1.48986e-28 
4.26 1.02188e-28 
4.2575 1.15895e-28 
4.265 7.94008e-29 
4.2625 9.00853e-29 
4.27 6.1647e-29 
4.2675 6.99696e-29 
4.275 4.78255e-29 
4.2725 5.43035e-29 
4.28 3.70736e-29 
4.2775 4.21119e-29 
4.285 2.8716e-29 
4.2825 3.26315e-29 
4.29 2.22246e-29 
4.2875 2.52652e-29 
4.295 1.71867e-29 
4.2925 1.95459e-29 
4.3 1.32799e-29 
4.2975 1.5109e-29 
4.305 1.02527e-29 
4.3025 1.16697e-29 
4.31 7.90894e-30 
4.3075 9.00579e-30 
4.315 6.09586e-30 
4.3125 6.94419e-30 
4.32 4.69444e-30 
4.3175 5.35001e-30 
4.325 3.61213e-30 
4.3225 4.11831e-30 
4.33 2.77696e-30 
4.3275 3.16747e-30 
4.335 2.13304e-30 
4.3325 2.43406e-30 
4.34 1.63701e-30 
4.3375 1.86884e-30 
4.345 1.25523e-30 
4.3425 1.43362e-30 
4.35 9.61639e-31 
4.3475 1.09879e-30 
4.355 7.36063e-31 
4.3525 8.41416e-31 
4.36 5.62899e-31 
4.3575 6.43755e-31 
4.365 4.30087e-31 
4.3625 4.92086e-31 
4.37 3.28314e-31 
4.3675 3.75812e-31 
4.375 2.50396e-31 
4.3725 2.86752e-31 
4.38 1.90796e-31 
4.3775 2.18599e-31 
4.385 1.45249e-31 
4.3825 1.66491e-31 
4.39 1.10474e-31 
4.3875 1.26688e-31 
4.395 8.39459e-32 
4.3925 9.63115e-32 
4.4 6.3729e-32 
4.3975 7.31506e-32 
4.405 4.83358e-32 
4.4025 5.55076e-32 
4.41 3.66263e-32 
4.4075 4.20805e-32 
4.415 2.77273e-32 
4.4125 3.18713e-32 
4.42 2.09706e-32 
4.4175 2.41163e-32 
4.425 1.58454e-32 
4.4225 1.82309e-32 
4.43 1.19614e-32 
4.4275 1.37687e-32 
4.435 9.02075e-33 
4.4325 1.03887e-32 
4.44 6.79654e-33 
4.4375 7.83098e-33 
4.445 5.11581e-33 
4.4425 5.89728e-33 
4.45 3.84699e-33 
4.4475 4.43679e-33 
4.455 2.89006e-33 
4.4525 3.33477e-33 
4.46 2.16906e-33 
4.4575 2.50404e-33 
4.465 1.62634e-33 
4.4625 1.87842e-33 
4.47 1.21822e-33 
4.4675 1.40773e-33 
4.475 9.11626e-34 
4.4725 1.05396e-33 
4.48 6.81521e-34 
4.4775 7.88315e-34 
4.485 5.08996e-34 
4.4825 5.89045e-34 
4.49 3.79769e-34 
4.4875 4.39713e-34 
4.495 2.83071e-34 
4.4925 3.27914e-34 
4.5 2.10785e-34 
4.4975 2.44298e-34 
4.505 1.56802e-34 
4.5025 1.81823e-34 
4.51 1.16528e-34 
4.5075 1.3519e-34 
4.515 8.65122e-35 
4.5125 1.00417e-34 
4.52 6.41635e-35 
4.5175 7.45136e-35 
4.525 4.75405e-35 
4.5225 5.52368e-35 
4.53 3.51887e-35 
4.5275 4.09059e-35 
4.535 2.60199e-35 
4.5325 3.02627e-35 
4.54 1.92207e-35 
4.5375 2.23661e-35 
4.545 1.41839e-35 
4.5425 1.65134e-35 
4.55 1.04564e-35 
4.5475 1.21799e-35 
4.555 7.70071e-36 
4.5525 8.97449e-36 
4.56 5.66549e-36 
4.5575 6.60598e-36 
4.565 4.16393e-36 
4.5625 4.85762e-36 
4.57 3.05723e-36 
4.5675 3.56836e-36 
4.575 2.24238e-36 
4.5725 2.61862e-36 
4.58 1.64305e-36 
4.5775 1.9197e-36 
4.585 1.20267e-36 
4.5825 1.40589e-36 
4.59 8.79425e-37 
4.5875 1.02855e-36 
4.595 6.42403e-37 
4.5925 7.51721e-37 
4.6 4.68783e-37 
4.5975 5.48836e-37 
4.605 3.41736e-37 
4.6025 4.00299e-37 
4.61 2.48865e-37 
4.6075 2.91663e-37 
4.615 1.81047e-37 
4.6125 2.12291e-37 
4.62 1.31575e-37 
4.6175 1.54361e-37 
4.625 9.55234e-38 
4.6225 1.12123e-37 
4.63 6.92785e-38 
4.6275 8.13593e-38 
4.635 5.01926e-38 
4.6325 5.89756e-38 
4.64 3.63273e-38 
4.6375 4.27061e-38 
4.645 2.62651e-38 
4.6425 3.0893e-38 
4.65 1.89705e-38 
4.6475 2.23245e-38 
4.655 1.36876e-38 
4.6525 1.6116e-38 
4.66 9.86574e-39 
4.6575 1.1622e-38 
4.665 7.10367e-39 
4.6625 8.37259e-39 
4.67 5.1096e-39 
4.6675 6.02543e-39 
4.675 3.67149e-39 
4.6725 4.33179e-39 
4.68 2.63541e-39 
4.6775 3.11099e-39 
4.685 1.88975e-39 
4.6825 2.23192e-39 
4.69 1.35366e-39 
4.6875 1.5996e-39 
4.695 9.68652e-40 
4.6925 1.14523e-39 
4.7 6.92429e-40 
4.6975 8.19077e-40 
4.705 4.94461e-40 
4.7025 5.85204e-40 
4.71 3.52728e-40 
4.7075 4.17676e-40 
4.715 2.5136e-40 
4.7125 2.97798e-40 
4.72 1.78939e-40 
4.7175 2.12106e-40 
4.725 1.27251e-40 
4.7225 1.50916e-40 
4.73 9.03997e-41 
4.7275 1.07267e-40 
4.735 6.41539e-41 
4.7325 7.61637e-41 
4.74 4.54809e-41 
4.7375 5.4023e-41 
4.745 3.22095e-41 
4.7425 3.82789e-41 
4.75 2.27871e-41 
4.7475 2.7095e-41 
4.755 1.61043e-41 
4.7525 1.91588e-41 
4.76 1.13696e-41 
4.7575 1.35331e-41 
4.765 8.01864e-42 
4.7625 9.54942e-42 
4.77 5.64942e-42 
4.7675 6.7314e-42 
4.775 3.97609e-42 
4.7725 4.74005e-42 
4.78 2.7955e-42 
4.7775 3.33435e-42 
4.785 1.96341e-42 
4.7825 2.34308e-42 
4.79 1.37757e-42 
4.7875 1.64481e-42 
4.795 9.65528e-43 
4.7925 1.15343e-42 
4.8 6.76031e-43 
4.7975 8.08013e-43 
4.805 4.72845e-43 
4.8025 5.65451e-43 
4.81 3.30385e-43 
4.8075 3.95296e-43 
4.815 2.30607e-43 
4.8125 2.76057e-43 
4.82 1.60796e-43 
4.8175 1.92587e-43 
4.825 1.12003e-43 
4.8225 1.34216e-43 
4.83 7.79348e-44 
4.8275 9.34398e-44 
4.835 5.41733e-44 
4.8325 6.49846e-44 
4.84 3.76175e-44 
4.8375 4.51481e-44 
4.845 2.60943e-44 
4.8425 3.13343e-44 
4.85 1.80823e-44 
4.8475 2.17246e-44 
4.855 1.25173e-44 
4.8525 1.50464e-44 
4.86 8.65605e-45 
4.8575 1.04104e-44 
4.865 5.97972e-45 
4.8625 7.19536e-45 
4.87 4.12661e-45 
4.8675 4.96809e-45 
4.875 2.84484e-45 
4.8725 3.42671e-45 
4.88 1.95918e-45 
4.8775 2.36112e-45 
4.885 1.34786e-45 
4.8825 1.62521e-45 
4.89 9.26328e-46 
4.8875 1.11752e-45 
4.895 6.35973e-46 
4.8925 7.67632e-46 
4.9 4.3618e-46 
4.8975 5.26749e-46 
4.905 2.98845e-46 
4.9025 3.61083e-46 
4.91 2.0454e-46 
4.9075 2.47265e-46 
4.915 1.39851e-46 
4.9125 1.6915e-46 
4.92 9.55226e-47 
4.9175 1.15594e-46 
4.925 6.51781e-47 
4.9225 7.89141e-47 
4.93 4.44277e-47 
4.9275 5.38181e-47 
4.935 3.02527e-47 
4.9325 3.66656e-47 
4.94 2.05796e-47 
4.9375 2.49546e-47 
4.945 1.39858e-47 
4.9425 1.69672e-47 
4.95 9.49593e-48 
4.9475 1.15254e-47 
4.955 6.44235e-48 
4.9525 7.8221e-48 
4.96 4.36848e-48 
4.9575 5.30515e-48 
4.965 2.96256e-48 
4.9625 3.59717e-48 
4.97 2.01211e-48 
4.9675 2.4407e-48 
4.975 1.37275e-48 
4.9725 1.66052e-48 
4.98 9.46833e-49 
4.9775 1.1378e-48 
4.985 6.69035e-49 
4.9825 7.92524e-49 
4.99 4.9655e-49 
4.9875 5.71609e-49 
4.995 4.02711e-49 
4.9925 4.40954e-49 
5 3.7297e-49 
4.9975 3.8033e-49 
