0 7.82868e-16 
0.005 7.85896e-16 
0.0025 7.83625e-16 
0.01 7.94978e-16 
0.0075 7.8968e-16 
0.015 8.1011e-16 
0.0125 8.01788e-16 
0.02 8.31282e-16 
0.0175 8.19941e-16 
0.025 8.58481e-16 
0.0225 8.44129e-16 
0.03 8.91688e-16 
0.0275 8.74335e-16 
0.035 9.30875e-16 
0.0325 9.10536e-16 
0.04 9.76008e-16 
0.0375 9.52701e-16 
0.045 1.02704e-15 
0.0425 1.00079e-15 
0.05 1.08391e-15 
0.0475 1.05475e-15 
0.055 1.14654e-15 
0.0525 1.11451e-15 
0.06 1.21484e-15 
0.0575 1.17999e-15 
0.065 1.28869e-15 
0.0625 1.25108e-15 
0.07 1.36796e-15 
0.0675 1.32766e-15 
0.075 1.45247e-15 
0.0725 1.40957e-15 
0.08 1.54204e-15 
0.0775 1.49664e-15 
0.085 1.63642e-15 
0.0825 1.58864e-15 
0.09 1.73537e-15 
0.0875 1.68534e-15 
0.095 1.83856e-15 
0.0925 1.78645e-15 
0.1 1.94568e-15 
0.0975 1.89165e-15 
0.105 2.05631e-15 
0.1025 2.00058e-15 
0.11 2.17005e-15 
0.1075 2.11282e-15 
0.115 2.2864e-15 
0.1125 2.22793e-15 
0.12 2.40486e-15 
0.1175 2.3454e-15 
0.125 2.52485e-15 
0.1225 2.4647e-15 
0.13 2.64576e-15 
0.1275 2.58523e-15 
0.135 2.76693e-15 
0.1325 2.70636e-15 
0.14 2.88766e-15 
0.1375 2.8274e-15 
0.145 3.00722e-15 
0.1425 2.94764e-15 
0.15 3.12482e-15 
0.1475 3.06631e-15 
0.155 3.23966e-15 
0.1525 3.18264e-15 
0.16 3.35091e-15 
0.1575 3.29579e-15 
0.165 3.45771e-15 
0.1625 3.40492e-15 
0.17 3.5592e-15 
0.1675 3.50917e-15 
0.175 3.65452e-15 
0.1725 3.60769e-15 
0.18 3.74281e-15 
0.1775 3.6996e-15 
0.185 3.82322e-15 
0.1825 3.78405e-15 
0.19 3.89494e-15 
0.1875 3.86021e-15 
0.195 3.9572e-15 
0.1925 3.9273e-15 
0.2 4.00928e-15 
0.1975 3.98456e-15 
0.205 4.05052e-15 
0.2025 4.03129e-15 
0.21 4.08035e-15 
0.2075 4.06689e-15 
0.215 4.09827e-15 
0.2125 4.09082e-15 
0.22 4.10392e-15 
0.2175 4.10265e-15 
0.225 4.09702e-15 
0.2225 4.10205e-15 
0.23 4.07743e-15 
0.2275 4.08881e-15 
0.235 4.04516e-15 
0.2325 4.06288e-15 
0.24 4.00036e-15 
0.2375 4.02431e-15 
0.245 3.94332e-15 
0.2425 3.97335e-15 
0.25 3.8745e-15 
0.2475 3.91035e-15 
0.255 3.79452e-15 
0.2525 3.83586e-15 
0.26 3.70414e-15 
0.2575 3.75058e-15 
0.265 3.60429e-15 
0.2625 3.65534e-15 
0.27 3.49604e-15 
0.2675 3.55114e-15 
0.275 3.38058e-15 
0.2725 3.43913e-15 
0.28 3.25922e-15 
0.2775 3.32055e-15 
0.285 3.13339e-15 
0.2825 3.19678e-15 
0.29 3.00458e-15 
0.2875 3.06926e-15 
0.295 2.87431e-15 
0.2925 2.93953e-15 
0.3 2.74417e-15 
0.2975 2.80913e-15 
0.305 2.61572e-15 
0.3025 2.67964e-15 
0.31 2.4905e-15 
0.3075 2.55261e-15 
0.315 2.37e-15 
0.3125 2.42957e-15 
0.32 2.25563e-15 
0.3175 2.31197e-15 
0.325 2.14869e-15 
0.3225 2.20115e-15 
0.33 2.05039e-15 
0.3275 2.09839e-15 
0.335 1.96179e-15 
0.3325 2.00481e-15 
0.34 1.88382e-15 
0.3375 1.92142e-15 
0.345 1.81728e-15 
0.3425 1.84908e-15 
0.35 1.76286e-15 
0.3475 1.78852e-15 
0.355 1.72108e-15 
0.3525 1.74036e-15 
0.36 1.6924e-15 
0.3575 1.70508e-15 
0.365 1.67717e-15 
0.3625 1.68309e-15 
0.37 1.67569e-15 
0.3675 1.6747e-15 
0.375 1.68821e-15 
0.3725 1.68019e-15 
0.38 1.71495e-15 
0.3775 1.69978e-15 
0.385 1.75615e-15 
0.3825 1.73373e-15 
0.39 1.8121e-15 
0.3875 1.78226e-15 
0.395 1.88311e-15 
0.3925 1.8457e-15 
0.4 1.9696e-15 
0.3975 1.92439e-15 
0.405 2.07207e-15 
0.4025 2.0188e-15 
0.41 2.19115e-15 
0.4075 2.12949e-15 
0.415 2.32762e-15 
0.4125 2.25716e-15 
0.42 2.4824e-15 
0.4175 2.40266e-15 
0.425 2.65662e-15 
0.4225 2.56701e-15 
0.43 2.85158e-15 
0.4275 2.75142e-15 
0.435 3.06883e-15 
0.4325 2.95732e-15 
0.44 3.31016e-15 
0.4375 3.18637e-15 
0.445 3.57764e-15 
0.4425 3.44049e-15 
0.45 3.87365e-15 
0.4475 3.72192e-15 
0.455 4.20091e-15 
0.4525 4.03319e-15 
0.46 4.56255e-15 
0.4575 4.37722e-15 
0.465 4.96212e-15 
0.4625 4.75735e-15 
0.47 5.40366e-15 
0.4675 5.17737e-15 
0.475 5.8918e-15 
0.4725 5.64159e-15 
0.48 6.43179e-15 
0.4775 6.15496e-15 
0.485 7.02958e-15 
0.4825 6.72305e-15 
0.49 7.69198e-15 
0.4875 7.35224e-15 
0.495 8.4267e-15 
0.4925 8.04977e-15 
0.5 9.24255e-15 
0.4975 8.82389e-15 
0.505 1.01495e-14 
0.5025 9.68396e-15 
0.51 1.1159e-14 
0.5075 1.06407e-14 
0.515 1.22839e-14 
0.5125 1.17061e-14 
0.52 1.35389e-14 
0.5175 1.28941e-14 
0.525 1.49409e-14 
0.5225 1.42204e-14 
0.53 1.6509e-14 
0.5275 1.57029e-14 
0.535 1.82646e-14 
0.5325 1.73619e-14 
0.54 2.02327e-14 
0.5375 1.92205e-14 
0.545 2.24411e-14 
0.5425 2.1305e-14 
0.55 2.49219e-14 
0.5475 2.36453e-14 
0.555 2.77111e-14 
0.5525 2.62755e-14 
0.56 3.085e-14 
0.5575 2.92341e-14 
0.565 3.43854e-14 
0.5625 3.2565e-14 
0.57 3.83704e-14 
0.5675 3.63181e-14 
0.575 4.28653e-14 
0.5725 4.055e-14 
0.58 4.79386e-14 
0.5775 4.5325e-14 
0.585 5.36682e-14 
0.5825 5.07161e-14 
0.59 6.01422e-14 
0.5875 5.68061e-14 
0.595 6.74609e-14 
0.5925 6.36892e-14 
0.6 7.57379e-14 
0.5975 7.14719e-14 
0.605 8.51024e-14 
0.6025 8.02755e-14 
0.61 9.57006e-14 
0.6075 9.02374e-14 
0.615 1.07699e-13 
0.6125 1.01514e-13 
0.62 1.21285e-13 
0.6175 1.14281e-13 
0.625 1.36674e-13 
0.6225 1.2874e-13 
0.63 1.54108e-13 
0.6275 1.45119e-13 
0.635 1.73862e-13 
0.6325 1.63676e-13 
0.64 1.96248e-13 
0.6375 1.84705e-13 
0.645 2.21621e-13 
0.6425 2.08537e-13 
0.65 2.50383e-13 
0.6475 2.35551e-13 
0.655 2.82989e-13 
0.6525 2.66174e-13 
0.66 3.19957e-13 
0.6575 3.00892e-13 
0.665 3.61873e-13 
0.6625 3.40256e-13 
0.67 4.09403e-13 
0.6675 3.84891e-13 
0.675 4.63304e-13 
0.6725 4.35506e-13 
0.68 5.2443e-13 
0.6775 4.92906e-13 
0.685 5.93755e-13 
0.6825 5.58002e-13 
0.69 6.72381e-13 
0.6875 6.3183e-13 
0.695 7.61558e-13 
0.6925 7.15566e-13 
0.7 8.62707e-13 
0.6975 8.1054e-13 
0.705 9.77438e-13 
0.7025 9.18266e-13 
0.71 1.10758e-12 
0.7075 1.04046e-12 
0.715 1.25519e-12 
0.7125 1.17906e-12 
0.72 1.42264e-12 
0.7175 1.33628e-12 
0.725 1.61259e-12 
0.7225 1.51463e-12 
0.73 1.82807e-12 
0.7275 1.71693e-12 
0.735 2.07249e-12 
0.7325 1.94643e-12 
0.74 2.34978e-12 
0.7375 2.20677e-12 
0.745 2.66433e-12 
0.7425 2.50209e-12 
0.75 3.02116e-12 
0.7475 2.83712e-12 
0.755 3.42596e-12 
0.7525 3.21718e-12 
0.76 3.88518e-12 
0.7575 3.64833e-12 
0.765 4.40614e-12 
0.7625 4.13745e-12 
0.77 4.99714e-12 
0.7675 4.69233e-12 
0.775 5.66761e-12 
0.7725 5.32181e-12 
0.78 6.42823e-12 
0.7775 6.03593e-12 
0.785 7.29112e-12 
0.7825 6.84607e-12 
0.79 8.27004e-12 
0.7875 7.76514e-12 
0.795 9.38059e-12 
0.7925 8.8078e-12 
0.8 1.06405e-11 
0.7975 9.99068e-12 
0.805 1.20698e-11 
0.8025 1.13326e-11 
0.81 1.36913e-11 
0.8075 1.2855e-11 
0.815 1.55309e-11 
0.8125 1.45821e-11 
0.82 1.76179e-11 
0.8175 1.65415e-11 
0.825 1.99856e-11 
0.8225 1.87644e-11 
0.83 2.26717e-11 
0.8275 2.12863e-11 
0.835 2.5719e-11 
0.8325 2.41473e-11 
0.84 2.91761e-11 
0.8375 2.7393e-11 
0.845 3.30982e-11 
0.8425 3.10753e-11 
0.85 3.75478e-11 
0.8475 3.52529e-11 
0.855 4.25959e-11 
0.8525 3.99923e-11 
0.86 4.83228e-11 
0.8575 4.5369e-11 
0.865 5.482e-11 
0.8625 5.1469e-11 
0.87 6.21911e-11 
0.8675 5.83893e-11 
0.875 7.05535e-11 
0.8725 6.62404e-11 
0.88 8.00407e-11 
0.8775 7.51475e-11 
0.885 9.08039e-11 
0.8825 8.52526e-11 
0.89 1.03015e-10 
0.8875 9.67167e-11 
0.895 1.16868e-10 
0.8925 1.09723e-10 
0.9 1.32584e-10 
0.8975 1.24478e-10 
0.905 1.50415e-10 
0.9025 1.41218e-10 
0.91 1.70643e-10 
0.9075 1.6021e-10 
0.915 1.93593e-10 
0.9125 1.81756e-10 
0.92 2.19629e-10 
0.9175 2.062e-10 
0.925 2.49167e-10 
0.9225 2.33932e-10 
0.93 2.82678e-10 
0.9275 2.65394e-10 
0.935 3.20696e-10 
0.9325 3.01088e-10 
0.94 3.63829e-10 
0.9375 3.41582e-10 
0.945 4.12763e-10 
0.9425 3.87524e-10 
0.95 4.68279e-10 
0.9475 4.39645e-10 
0.955 5.31262e-10 
0.9525 4.98777e-10 
0.96 6.02717e-10 
0.9575 5.65862e-10 
0.965 6.83783e-10 
0.9625 6.41972e-10 
0.97 7.75754e-10 
0.9675 7.28318e-10 
0.975 8.80096e-10 
0.9725 8.26279e-10 
0.98 9.98473e-10 
0.9775 9.37417e-10 
0.985 1.13277e-09 
0.9825 1.0635e-09 
0.99 1.28514e-09 
0.9875 1.20655e-09 
0.995 1.458e-09 
0.9925 1.36884e-09 
1 1.65411e-09 
0.9975 1.55296e-09 
1.005 1.8766e-09 
1.0025 1.76185e-09 
1.01 2.12903e-09 
1.0075 1.99883e-09 
1.015 2.4154e-09 
1.0125 2.2677e-09 
1.02 2.7403e-09 
1.0175 2.57273e-09 
1.025 3.10891e-09 
1.0225 2.91879e-09 
1.03 3.5271e-09 
1.0275 3.31141e-09 
1.035 4.00154e-09 
1.0325 3.75683e-09 
1.04 4.5398e-09 
1.0375 4.26218e-09 
1.045 5.15048e-09 
1.0425 4.83551e-09 
1.05 5.8433e-09 
1.0475 5.48596e-09 
1.055 6.62932e-09 
1.0525 6.22391e-09 
1.06 7.52108e-09 
1.0575 7.06114e-09 
1.065 8.53281e-09 
1.0625 8.01099e-09 
1.07 9.68063e-09 
1.0675 9.08862e-09 
1.075 1.09829e-08 
1.0725 1.03112e-08 
1.08 1.24603e-08 
1.0775 1.16983e-08 
1.085 1.41365e-08 
1.0825 1.3272e-08 
1.09 1.60382e-08 
1.0875 1.50573e-08 
1.095 1.81957e-08 
1.0925 1.70829e-08 
1.1 2.06435e-08 
1.0975 1.9381e-08 
1.105 2.34205e-08 
1.1025 2.19882e-08 
1.11 2.65712e-08 
1.1075 2.49462e-08 
1.115 3.01458e-08 
1.1125 2.83022e-08 
1.12 3.42013e-08 
1.1175 3.21096e-08 
1.125 3.88025e-08 
1.1225 3.64293e-08 
1.13 4.40226e-08 
1.1275 4.13302e-08 
1.135 4.99452e-08 
1.1325 4.68905e-08 
1.14 5.66646e-08 
1.1375 5.31989e-08 
1.145 6.4288e-08 
1.1425 6.0356e-08 
1.15 7.29372e-08 
1.1475 6.84762e-08 
1.155 8.27502e-08 
1.1525 7.76889e-08 
1.16 9.38836e-08 
1.1575 8.81413e-08 
1.165 1.06515e-07 
1.1625 1e-07 
1.17 1.20846e-07 
1.1675 1.13455e-07 
1.175 1.37106e-07 
1.1725 1.2872e-07 
1.18 1.55554e-07 
1.1775 1.46039e-07 
1.185 1.76485e-07 
1.1825 1.65689e-07 
1.19 2.00232e-07 
1.1875 1.87984e-07 
1.195 2.27176e-07 
1.1925 2.13279e-07 
1.2 2.57746e-07 
1.1975 2.41978e-07 
1.205 2.9243e-07 
1.2025 2.74541e-07 
1.21 3.31784e-07 
1.2075 3.11486e-07 
1.215 3.76435e-07 
1.2125 3.53405e-07 
1.22 4.27097e-07 
1.2175 4.00966e-07 
1.225 4.8458e-07 
1.2225 4.54931e-07 
1.23 5.49803e-07 
1.2275 5.16162e-07 
1.235 6.23808e-07 
1.2325 5.85637e-07 
1.24 7.07779e-07 
1.2375 6.64468e-07 
1.245 8.0306e-07 
1.2425 7.53915e-07 
1.25 9.11175e-07 
1.2475 8.5541e-07 
1.255 1.03385e-06 
1.2525 9.70577e-07 
1.26 1.17306e-06 
1.2575 1.10126e-06 
1.265 1.33103e-06 
1.2625 1.24955e-06 
1.27 1.51029e-06 
1.2675 1.41783e-06 
1.275 1.71371e-06 
1.2725 1.60878e-06 
1.28 1.94456e-06 
1.2775 1.82549e-06 
1.285 2.20654e-06 
1.2825 2.07141e-06 
1.29 2.50386e-06 
1.2875 2.3505e-06 
1.295 2.8413e-06 
1.2925 2.66725e-06 
1.3 3.22429e-06 
1.2975 3.02673e-06 
1.305 3.65898e-06 
1.3025 3.43475e-06 
1.31 4.15239e-06 
1.3075 3.89787e-06 
1.315 4.71246e-06 
1.3125 4.42355e-06 
1.32 5.34825e-06 
1.3175 5.02028e-06 
1.325 6.07003e-06 
1.3225 5.6977e-06 
1.33 6.88948e-06 
1.3275 6.46676e-06 
1.335 7.81989e-06 
1.3325 7.33992e-06 
1.34 8.87637e-06 
1.3375 8.33135e-06 
1.345 1.00761e-05 
1.3425 9.45716e-06 
1.35 1.14386e-05 
1.3475 1.07357e-05 
1.355 1.29862e-05 
1.3525 1.21878e-05 
1.36 1.47442e-05 
1.3575 1.38372e-05 
1.365 1.67415e-05 
1.3625 1.5711e-05 
1.37 1.90109e-05 
1.3675 1.784e-05 
1.375 2.159e-05 
1.3725 2.02592e-05 
1.38 2.45214e-05 
1.3775 2.30088e-05 
1.385 2.7854e-05 
1.3825 2.61343e-05 
1.39 3.16435e-05 
1.3875 2.96879e-05 
1.395 3.59533e-05 
1.3925 3.3729e-05 
1.4 4.08563e-05 
1.3975 3.83258e-05 
1.405 4.64356e-05 
1.4025 4.35558e-05 
1.41 5.27863e-05 
1.4075 4.9508e-05 
1.415 6.00173e-05 
1.4125 5.62843e-05 
1.42 6.82538e-05 
1.4175 6.40014e-05 
1.425 7.76389e-05 
1.4225 7.2793e-05 
1.43 8.83375e-05 
1.4275 8.28128e-05 
1.435 0.000100539 
1.4325 9.42375e-05 
1.44 0.000114461 
1.4375 0.00010727 
1.445 0.000130354 
1.4425 0.000122144 
1.45 0.000148509 
1.4475 0.000139129 
1.455 0.00016926 
1.4525 0.000158537 
1.46 0.000192992 
1.4575 0.000180727 
1.465 0.000220154 
1.4625 0.000206114 
1.47 0.000251264 
1.4675 0.00023518 
1.475 0.000286925 
1.4725 0.000268485 
1.48 0.000327834 
1.4775 0.000306675 
1.485 0.000374806 
1.4825 0.000350506 
1.49 0.000428787 
1.4875 0.000400855 
1.495 0.00049088 
1.4925 0.000458744 
1.5 0.000562375 
1.4975 0.000525364 
1.505 0.000644773 
1.5025 0.000602108 
1.51 0.000739833 
1.5075 0.0006906 
1.515 0.000849609 
1.5125 0.00079274 
1.52 0.000976502 
1.5175 0.000910751 
1.525 0.00112332 
1.5225 0.00104723 
1.53 0.00129336 
1.5275 0.00120522 
1.535 0.00149046 
1.5325 0.00138827 
1.54 0.00171911 
1.5375 0.00160054 
1.545 0.00198456 
1.5425 0.00184688 
1.55 0.00229292 
1.5475 0.00213296 
1.555 0.00265131 
1.5525 0.00246538 
1.56 0.00306801 
1.5575 0.00285181 
1.565 0.00355259 
1.5625 0.00330116 
1.57 0.00411614 
1.5675 0.00382374 
1.575 0.00477141 
1.5725 0.00443145 
1.58 0.00553302 
1.5775 0.00513793 
1.585 0.00641766 
1.5825 0.00595884 
1.59 0.00744428 
1.5875 0.00691195 
1.595 0.00863425 
1.5925 0.00801742 
1.6 0.0100115 
1.5975 0.00929787 
1.605 0.0116026 
1.6025 0.0107786 
1.61 0.013437 
1.6075 0.0124875 
1.615 0.0155464 
1.6125 0.0144552 
1.62 0.0179655 
1.6175 0.016715 
1.625 0.020731 
1.6225 0.0193026 
1.63 0.0238817 
1.6275 0.0222558 
1.635 0.0274579 
1.6325 0.0256141 
1.64 0.031501 
1.6375 0.0294185 
1.645 0.0360527 
1.6425 0.0337106 
1.65 0.041155 
1.6475 0.0385324 
1.655 0.0468491 
1.6525 0.0439255 
1.66 0.0531755 
1.6575 0.0499308 
1.665 0.060173 
1.6625 0.056588 
1.67 0.0678792 
1.6675 0.0639353 
1.675 0.0763298 
1.6725 0.0720093 
1.68 0.0855584 
1.6775 0.0808448 
1.685 0.0955967 
1.6825 0.0904744 
1.69 0.106474 
1.6875 0.100929 
1.695 0.118218 
1.6925 0.112236 
1.7 0.130851 
1.6975 0.124421 
1.705 0.144393 
1.7025 0.137507 
1.71 0.158862 
1.7075 0.151511 
1.715 0.174266 
1.7125 0.166447 
1.72 0.190611 
1.7175 0.182321 
1.725 0.207894 
1.7225 0.199136 
1.73 0.226104 
1.7275 0.216884 
1.735 0.24522 
1.7325 0.23555 
1.74 0.265213 
1.7375 0.255109 
1.745 0.286041 
1.7425 0.275525 
1.75 0.307654 
1.7475 0.296753 
1.755 0.329987 
1.7525 0.318735 
1.76 0.352969 
1.7575 0.341402 
1.765 0.376513 
1.7625 0.364676 
1.77 0.400527 
1.7675 0.388468 
1.775 0.42491 
1.7725 0.412679 
1.78 0.449552 
1.7775 0.437205 
1.785 0.474342 
1.7825 0.461936 
1.79 0.499164 
1.7875 0.486757 
1.795 0.523903 
1.7925 0.511551 
1.8 0.548445 
1.7975 0.536206 
1.805 0.572679 
1.8025 0.560607 
1.81 0.596502 
1.8075 0.584648 
1.815 0.619816 
1.8125 0.608228 
1.82 0.642535 
1.8175 0.631255 
1.825 0.66458 
1.8225 0.653646 
1.83 0.685884 
1.8275 0.675328 
1.835 0.706392 
1.8325 0.696241 
1.84 0.726059 
1.8375 0.716333 
1.845 0.744852 
1.8425 0.735567 
1.85 0.762749 
1.8475 0.753914 
1.855 0.779736 
1.8525 0.771356 
1.86 0.79581 
1.8575 0.787887 
1.865 0.810976 
1.8625 0.803506 
1.87 0.825246 
1.8675 0.818222 
1.875 0.838639 
1.8725 0.832051 
1.88 0.851178 
1.8775 0.845014 
1.885 0.862891 
1.8825 0.857136 
1.89 0.87381 
1.8875 0.868448 
1.895 0.883968 
1.8925 0.878982 
1.9 0.893402 
1.8975 0.888773 
1.905 0.902148 
1.9025 0.897858 
1.91 0.910244 
1.9075 0.906275 
1.915 0.917727 
1.9125 0.914059 
1.92 0.924634 
1.9175 0.92125 
1.925 0.931003 
1.9225 0.927884 
1.93 0.936867 
1.9275 0.933996 
1.935 0.942263 
1.9325 0.939622 
1.94 0.947221 
1.9375 0.944795 
1.945 0.951774 
1.9425 0.949546 
1.95 0.955952 
1.9475 0.953908 
1.955 0.959782 
1.9525 0.957908 
1.96 0.963291 
1.9575 0.961575 
1.965 0.966504 
1.9625 0.964933 
1.97 0.969444 
1.9675 0.968006 
1.975 0.972133 
1.9725 0.970818 
1.98 0.974591 
1.9775 0.97339 
1.985 0.976837 
1.9825 0.97574 
1.99 0.978889 
1.9875 0.977887 
1.995 0.980763 
1.9925 0.979847 
2 0.982473 
1.9975 0.981637 
2.005 0.984033 
2.0025 0.983271 
2.01 0.985456 
2.0075 0.984761 
2.015 0.986754 
2.0125 0.98612 
2.02 0.987938 
2.0175 0.98736 
2.025 0.989017 
2.0225 0.98849 
2.03 0.99 
2.0275 0.98952 
2.035 0.990896 
2.0325 0.990459 
2.04 0.991713 
2.0375 0.991314 
2.045 0.992457 
2.0425 0.992093 
2.05 0.993134 
2.0475 0.992803 
2.055 0.993751 
2.0525 0.99345 
2.06 0.994313 
2.0575 0.994038 
2.065 0.994824 
2.0625 0.994574 
2.07 0.99529 
2.0675 0.995063 
2.075 0.995714 
2.0725 0.995507 
2.08 0.9961 
2.0775 0.995912 
2.085 0.996451 
2.0825 0.99628 
2.09 0.996771 
2.0875 0.996615 
2.095 0.997062 
2.0925 0.99692 
2.1 0.997327 
2.0975 0.997198 
2.105 0.997568 
2.1025 0.99745 
2.11 0.997787 
2.1075 0.99768 
2.115 0.997987 
2.1125 0.99789 
2.12 0.998169 
2.1175 0.99808 
2.125 0.998334 
2.1225 0.998253 
2.13 0.998484 
2.1275 0.998411 
2.135 0.998621 
2.1325 0.998554 
2.14 0.998745 
2.1375 0.998685 
2.145 0.998859 
2.1425 0.998803 
2.15 0.998962 
2.1475 0.998911 
2.155 0.999055 
2.1525 0.999009 
2.16 0.99914 
2.1575 0.999099 
2.165 0.999218 
2.1625 0.99918 
2.17 0.999288 
2.1675 0.999254 
2.175 0.999352 
2.1725 0.999321 
2.18 0.999411 
2.1775 0.999382 
2.185 0.999464 
2.1825 0.999438 
2.19 0.999512 
2.1875 0.999488 
2.195 0.999556 
2.1925 0.999534 
2.2 0.999596 
2.1975 0.999576 
2.205 0.999632 
2.2025 0.999614 
2.21 0.999665 
2.2075 0.999649 
2.215 0.999695 
2.2125 0.99968 
2.22 0.999722 
2.2175 0.999709 
2.225 0.999747 
2.2225 0.999734 
2.23 0.999769 
2.2275 0.999758 
2.235 0.999789 
2.2325 0.999779 
2.24 0.999808 
2.2375 0.999799 
2.245 0.999824 
2.2425 0.999816 
2.25 0.999839 
2.2475 0.999832 
2.255 0.999853 
2.2525 0.999846 
2.26 0.999865 
2.2575 0.999859 
2.265 0.999877 
2.2625 0.999871 
2.27 0.999887 
2.2675 0.999882 
2.275 0.999896 
2.2725 0.999891 
2.28 0.999904 
2.2775 0.9999 
2.285 0.999911 
2.2825 0.999908 
2.29 0.999917 
2.2875 0.999914 
2.295 0.999923 
2.2925 0.99992 
2.3 0.999928 
2.2975 0.999926 
2.305 0.999933 
2.3025 0.99993 
2.31 0.999936 
2.3075 0.999935 
2.315 0.99994 
2.3125 0.999938 
2.32 0.999942 
2.3175 0.999941 
2.325 0.999944 
2.3225 0.999943 
2.33 0.999946 
2.3275 0.999945 
2.335 0.999947 
2.3325 0.999947 
2.34 0.999948 
2.3375 0.999948 
2.345 0.999948 
2.3425 0.999948 
2.35 0.999948 
2.3475 0.999948 
2.355 0.999947 
2.3525 0.999948 
2.36 0.999946 
2.3575 0.999947 
2.365 0.999945 
2.3625 0.999946 
2.37 0.999943 
2.3675 0.999944 
2.375 0.99994 
2.3725 0.999941 
2.38 0.999937 
2.3775 0.999939 
2.385 0.999933 
2.3825 0.999935 
2.39 0.999929 
2.3875 0.999931 
2.395 0.999924 
2.3925 0.999927 
2.4 0.999919 
2.3975 0.999922 
2.405 0.999913 
2.4025 0.999916 
2.41 0.999906 
2.4075 0.999909 
2.415 0.999898 
2.4125 0.999902 
2.42 0.999889 
2.4175 0.999894 
2.425 0.99988 
2.4225 0.999885 
2.43 0.999869 
2.4275 0.999875 
2.435 0.999858 
2.4325 0.999864 
2.44 0.999845 
2.4375 0.999851 
2.445 0.99983 
2.4425 0.999838 
2.45 0.999815 
2.4475 0.999823 
2.455 0.999797 
2.4525 0.999806 
2.46 0.999778 
2.4575 0.999788 
2.465 0.999757 
2.4625 0.999768 
2.47 0.999734 
2.4675 0.999746 
2.475 0.999709 
2.4725 0.999722 
2.48 0.999681 
2.4775 0.999695 
2.485 0.99965 
2.4825 0.999666 
2.49 0.999616 
2.4875 0.999634 
2.495 0.99958 
2.4925 0.999598 
2.5 0.999539 
2.4975 0.99956 
2.505 0.999495 
2.5025 0.999517 
2.51 0.999446 
2.5075 0.999471 
2.515 0.999392 
2.5125 0.99942 
2.52 0.999333 
2.5175 0.999363 
2.525 0.999269 
2.5225 0.999302 
2.53 0.999198 
2.5275 0.999234 
2.535 0.99912 
2.5325 0.99916 
2.54 0.999035 
2.5375 0.999079 
2.545 0.998941 
2.5425 0.998989 
2.55 0.998839 
2.5475 0.998891 
2.555 0.998726 
2.5525 0.998784 
2.56 0.998603 
2.5575 0.998666 
2.565 0.998467 
2.5625 0.998537 
2.57 0.998319 
2.5675 0.998395 
2.575 0.998156 
2.5725 0.998239 
2.58 0.997977 
2.5775 0.998069 
2.585 0.997781 
2.5825 0.997881 
2.59 0.997566 
2.5875 0.997676 
2.595 0.99733 
2.5925 0.997451 
2.6 0.997072 
2.5975 0.997204 
2.605 0.996788 
2.6025 0.996933 
2.61 0.996477 
2.6075 0.996636 
2.615 0.996136 
2.6125 0.996311 
2.62 0.995762 
2.6175 0.995954 
2.625 0.995352 
2.6225 0.995562 
2.63 0.994903 
2.6275 0.995133 
2.635 0.99441 
2.6325 0.994662 
2.64 0.99387 
2.6375 0.994147 
2.645 0.993278 
2.6425 0.993581 
2.65 0.99263 
2.6475 0.992962 
2.655 0.991919 
2.6525 0.992282 
2.66 0.99114 
2.6575 0.991538 
2.665 0.990287 
2.6625 0.990723 
2.67 0.989352 
2.6675 0.98983 
2.675 0.988328 
2.6725 0.988852 
2.68 0.987208 
2.6775 0.987781 
2.685 0.98598 
2.6825 0.986608 
2.69 0.984637 
2.6875 0.985324 
2.695 0.983167 
2.6925 0.983918 
2.7 0.981559 
2.6975 0.982381 
2.705 0.979799 
2.7025 0.980699 
2.71 0.977876 
2.7075 0.978859 
2.715 0.975774 
2.7125 0.976848 
2.72 0.973476 
2.7175 0.97465 
2.725 0.970967 
2.7225 0.972249 
2.73 0.968228 
2.7275 0.969627 
2.735 0.965239 
2.7325 0.966766 
2.74 0.961979 
2.7375 0.963644 
2.745 0.958425 
2.7425 0.96024 
2.75 0.954554 
2.7475 0.956531 
2.755 0.950341 
2.7525 0.952492 
2.76 0.945757 
2.7575 0.948097 
2.765 0.940776 
2.7625 0.943318 
2.77 0.935367 
2.7675 0.938127 
2.775 0.929499 
2.7725 0.932492 
2.78 0.92314 
2.7775 0.926383 
2.785 0.916257 
2.7825 0.919766 
2.79 0.908817 
2.7875 0.912609 
2.795 0.900784 
2.7925 0.904876 
2.8 0.892125 
2.7975 0.896535 
2.805 0.882805 
2.8025 0.887549 
2.81 0.872791 
2.8075 0.877886 
2.815 0.862051 
2.8125 0.867513 
2.82 0.850555 
2.8175 0.856399 
2.825 0.838277 
2.8225 0.844516 
2.83 0.825192 
2.8275 0.831837 
2.835 0.811282 
2.8325 0.818341 
2.84 0.796531 
2.8375 0.804012 
2.845 0.780933 
2.8425 0.788838 
2.85 0.764484 
2.8475 0.772814 
2.855 0.747193 
2.8525 0.755943 
2.86 0.729074 
2.8575 0.738236 
2.865 0.71015 
2.8625 0.719711 
2.87 0.690456 
2.8675 0.700397 
2.875 0.670034 
2.8725 0.680333 
2.88 0.648937 
2.8775 0.659566 
2.885 0.627228 
2.8825 0.638155 
2.89 0.604978 
2.8875 0.616165 
2.895 0.582267 
2.8925 0.593675 
2.9 0.559183 
2.8975 0.570766 
2.905 0.535819 
2.9025 0.54753 
2.91 0.512274 
2.9075 0.524063 
2.915 0.488649 
2.9125 0.500465 
2.92 0.465046 
2.9175 0.476838 
2.925 0.441567 
2.9225 0.453285 
2.93 0.418313 
2.9275 0.429906 
2.935 0.39538 
2.9325 0.406801 
2.94 0.372858 
2.9375 0.384062 
2.945 0.350832 
2.9425 0.361778 
2.95 0.329377 
2.9475 0.340028 
2.955 0.308561 
2.9525 0.318885 
2.96 0.288441 
2.9575 0.298411 
2.965 0.269068 
2.9625 0.278659 
2.97 0.250478 
2.9675 0.259673 
2.975 0.232702 
2.9725 0.241487 
2.98 0.21576 
2.9775 0.224126 
2.985 0.199662 
2.9825 0.207605 
2.99 0.184413 
2.9875 0.191931 
2.995 0.170008 
2.9925 0.177105 
3 0.156438 
2.9975 0.163119 
3.005 0.143686 
3.0025 0.149961 
3.01 0.131733 
3.0075 0.137611 
3.015 0.120553 
3.0125 0.126048 
3.02 0.11012 
3.0175 0.115245 
3.025 0.100404 
3.0225 0.105174 
3.03 0.0913732 
3.0275 0.0958048 
3.035 0.0829956 
3.0325 0.0871048 
3.04 0.0752381 
3.0375 0.0790414 
3.045 0.0680678 
3.0425 0.0715816 
3.05 0.061452 
3.0475 0.0646926 
3.055 0.0553586 
3.0525 0.058342 
3.06 0.0497565 
3.0575 0.052498 
3.065 0.0446157 
3.0625 0.0471303 
3.07 0.0399073 
3.0675 0.0422092 
3.075 0.0356039 
3.0725 0.0377066 
3.08 0.0316791 
3.0775 0.0335957 
3.085 0.0281081 
3.0825 0.0298509 
3.09 0.0248674 
3.0875 0.0264479 
3.095 0.0219344 
3.0925 0.0233638 
3.1 0.019288 
3.0975 0.0205767 
3.105 0.0169077 
3.1025 0.0180658 
3.11 0.0147741 
3.1075 0.0158112 
3.115 0.0128686 
3.1125 0.013794 
3.12 0.0111733 
3.1175 0.0119958 
3.125 0.00967088 
3.1225 0.010399 
3.13 0.00834478 
3.1275 0.0089868 
3.135 0.00717905 
3.1325 0.00774284 
3.14 0.00615843 
3.1375 0.00665152 
3.145 0.00526841 
3.1425 0.00569797 
3.15 0.00449527 
3.1475 0.00486805 
3.155 0.00382615 
3.1525 0.00414847 
3.16 0.00324911 
3.1575 0.00352683 
3.165 0.00275313 
3.1625 0.00299164 
3.17 0.00232815 
3.1675 0.00253235 
3.175 0.00196505 
3.1725 0.0021394 
3.18 0.00165567 
3.1775 0.00180413 
3.185 0.00139271 
3.1825 0.00151881 
3.19 0.00116971 
3.1875 0.00127659 
3.195 0.000980993 
3.1925 0.00107139 
3.2 0.0008216 
3.1975 0.000897915 
3.205 0.000687215 
3.2025 0.000751528 
3.21 0.000574101 
3.2075 0.000628212 
3.215 0.000479039 
3.2125 0.000524496 
3.22 0.000399262 
3.2175 0.000437396 
3.225 0.000332404 
3.2225 0.000364352 
3.23 0.000276445 
3.2275 0.000303176 
3.235 0.000229666 
3.2325 0.000252005 
3.24 0.000190606 
3.2375 0.000209253 
3.245 0.000158028 
3.2425 0.000173576 
3.25 0.000130888 
3.2475 0.000143837 
3.255 0.0001083 
3.2525 0.000119074 
3.26 8.95224e-05 
3.2575 9.84769e-05 
3.265 7.39273e-05 
3.2625 8.1362e-05 
3.27 6.09888e-05 
3.2675 6.71554e-05 
3.275 5.02653e-05 
3.2725 5.53748e-05 
3.28 4.13864e-05 
3.2775 4.56159e-05 
3.285 3.40422e-05 
3.2825 3.75397e-05 
3.29 2.79734e-05 
3.2875 3.08628e-05 
3.295 2.29637e-05 
3.2925 2.53482e-05 
3.3 1.88323e-05 
3.2975 2.07982e-05 
3.305 1.54286e-05 
3.3025 1.70479e-05 
3.31 1.26273e-05 
3.3075 1.39596e-05 
3.315 1.03242e-05 
3.3125 1.14193e-05 
3.32 8.43244e-06 
3.3175 9.33167e-06 
3.325 6.88025e-06 
3.3225 7.61789e-06 
3.33 5.60797e-06 
3.3275 6.21243e-06 
3.335 4.5662e-06 
3.3325 5.06101e-06 
3.34 3.71406e-06 
3.3375 4.11868e-06 
3.345 3.01776e-06 
3.3425 3.3483e-06 
3.35 2.44941e-06 
3.3475 2.71913e-06 
3.355 1.98597e-06 
3.3525 2.20584e-06 
3.36 1.6085e-06 
3.3575 1.78754e-06 
3.365 1.30137e-06 
3.3625 1.447e-06 
3.37 1.05174e-06 
3.3675 1.17007e-06 
3.375 8.49071e-07 
3.3725 9.45116e-07 
3.38 6.84707e-07 
3.3775 7.62577e-07 
3.385 5.51554e-07 
3.3825 6.14619e-07 
3.39 4.43804e-07 
3.3875 4.94822e-07 
3.395 3.56708e-07 
3.3925 3.97935e-07 
3.4 2.86385e-07 
3.3975 3.19663e-07 
3.405 2.29669e-07 
3.4025 2.565e-07 
3.41 1.83978e-07 
3.4075 2.05587e-07 
3.415 1.47211e-07 
3.4125 1.64594e-07 
3.42 1.17658e-07 
3.4175 1.31626e-07 
3.425 9.39317e-08 
3.4225 1.05143e-07 
3.43 7.49043e-08 
3.4275 8.38921e-08 
3.435 5.96629e-08 
3.4325 6.68601e-08 
3.44 4.74683e-08 
3.4375 5.3225e-08 
3.445 3.77228e-08 
3.4425 4.23219e-08 
3.45 2.99435e-08 
3.4475 3.36136e-08 
3.455 2.37409e-08 
3.4525 2.66663e-08 
3.46 1.88014e-08 
3.4575 2.11303e-08 
3.465 1.48723e-08 
3.4625 1.67242e-08 
3.47 1.17506e-08 
3.4675 1.32215e-08 
3.475 9.27324e-09 
3.4725 1.04402e-08 
3.48 7.30965e-09 
3.4775 8.23431e-09 
3.485 5.75508e-09 
3.4825 6.4869e-09 
3.49 4.52581e-09 
3.4875 5.10431e-09 
3.495 3.55491e-09 
3.4925 4.01167e-09 
3.5 2.789e-09 
3.4975 3.14922e-09 
3.505 2.18553e-09 
3.5025 2.46926e-09 
3.51 1.7106e-09 
3.5075 1.93382e-09 
3.515 1.3373e-09 
3.5125 1.5127e-09 
3.52 1.04421e-09 
3.5175 1.18188e-09 
3.525 8.14397e-10 
3.5225 9.22309e-10 
3.53 6.34403e-10 
3.5275 7.18893e-10 
3.535 4.93602e-10 
3.5325 5.59674e-10 
3.54 3.83593e-10 
3.5375 4.35199e-10 
3.545 2.97746e-10 
3.5425 3.38004e-10 
3.55 2.30835e-10 
3.5475 2.62203e-10 
3.555 1.78747e-10 
3.5525 2.03158e-10 
3.56 1.38247e-10 
3.5575 1.57221e-10 
3.565 1.06795e-10 
3.5625 1.21525e-10 
3.57 8.23998e-11 
3.5675 9.38216e-11 
3.575 6.35011e-11 
3.5725 7.23466e-11 
3.58 4.88782e-11 
3.5775 5.57201e-11 
3.585 3.75774e-11 
3.5825 4.28633e-11 
3.59 2.88548e-11 
3.5875 3.29334e-11 
3.595 2.21303e-11 
3.5925 2.52736e-11 
3.6 1.69525e-11 
3.5975 1.9372e-11 
3.605 1.29705e-11 
3.6025 1.48306e-11 
3.61 9.912e-12 
3.6075 1.13403e-11 
3.615 7.56557e-12 
3.6125 8.66095e-12 
3.62 5.76766e-12 
3.6175 6.60671e-12 
3.625 4.39173e-12 
3.6225 5.03364e-12 
3.63 3.34003e-12 
3.6275 3.83051e-12 
3.635 2.53712e-12 
3.6325 2.91145e-12 
3.64 1.92491e-12 
3.6375 2.21025e-12 
3.645 1.45868e-12 
3.6425 1.6759e-12 
3.65 1.10404e-12 
3.6475 1.26922e-12 
3.655 8.34618e-13 
3.6525 9.60064e-13 
3.66 6.30188e-13 
3.6575 7.25342e-13 
3.665 4.75259e-13 
3.6625 5.47349e-13 
3.67 3.57989e-13 
3.6675 4.12538e-13 
3.675 2.69332e-13 
3.6725 3.10558e-13 
3.68 2.02388e-13 
3.6775 2.33507e-13 
3.685 1.51902e-13 
3.6825 1.75363e-13 
3.69 1.13873e-13 
3.6875 1.31539e-13 
3.695 8.5262e-14 
3.6925 9.85487e-14 
3.7 6.37635e-14 
3.6975 7.37441e-14 
3.705 4.76288e-14 
3.7025 5.51169e-14 
3.71 3.55343e-14 
3.7075 4.11455e-14 
3.715 2.64794e-14 
3.7125 3.0679e-14 
3.72 1.97083e-14 
3.7175 2.28477e-14 
3.725 1.46512e-14 
3.7225 1.69952e-14 
3.73 1.08788e-14 
3.7275 1.26267e-14 
3.735 8.06808e-15 
3.7325 9.36997e-15 
3.74 5.97646e-15 
3.7375 6.94496e-15 
3.745 4.42182e-15 
3.7425 5.14144e-15 
3.75 3.26771e-15 
3.7475 3.80176e-15 
3.755 2.41197e-15 
3.7525 2.80782e-15 
3.76 1.77822e-15 
3.7575 2.07129e-15 
3.765 1.30944e-15 
3.7625 1.52615e-15 
3.77 9.631e-16 
3.7675 1.12316e-15 
3.775 7.07533e-16 
3.7725 8.25603e-16 
3.78 5.19171e-16 
3.7775 6.06164e-16 
3.785 3.80508e-16 
3.7825 4.44528e-16 
3.79 2.78552e-16 
3.7875 3.25609e-16 
3.795 2.03677e-16 
3.7925 2.38224e-16 
3.8 1.48754e-16 
3.7975 1.74087e-16 
3.805 1.08515e-16 
3.8025 1.27069e-16 
3.81 7.90684e-17 
3.8075 9.26417e-17 
3.815 5.75457e-17 
3.8125 6.74634e-17 
3.82 4.1833e-17 
3.8175 4.90712e-17 
3.825 3.03755e-17 
3.8225 3.56518e-17 
3.83 2.20307e-17 
3.8275 2.58724e-17 
3.835 1.59601e-17 
3.8325 1.87539e-17 
3.84 1.1549e-17 
3.8375 1.35784e-17 
3.845 8.34752e-18 
3.8425 9.81996e-18 
3.85 6.02669e-18 
3.8475 7.09377e-18 
3.855 4.34621e-18 
3.8525 5.11863e-18 
3.86 3.13079e-18 
3.8575 3.68927e-18 
3.865 2.25275e-18 
3.8625 2.65608e-18 
3.87 1.61916e-18 
3.8675 1.91011e-18 
3.875 1.16249e-18 
3.8725 1.37214e-18 
3.88 8.33715e-19 
3.8775 9.84602e-19 
3.885 5.97277e-19 
3.8825 7.05752e-19 
3.89 4.27435e-19 
3.8875 5.05333e-19 
3.895 3.05567e-19 
3.8925 3.61445e-19 
3.9 2.18219e-19 
3.8975 2.58257e-19 
3.905 1.5568e-19 
3.9025 1.84338e-19 
3.91 1.10953e-19 
3.9075 1.31443e-19 
3.915 7.89989e-20 
3.9125 9.36332e-20 
3.92 5.61937e-20 
3.9175 6.6635e-20 
3.925 3.99348e-20 
3.9225 4.73768e-20 
3.93 2.83549e-20 
3.9275 3.36538e-20 
3.935 2.01155e-20 
3.9325 2.38848e-20 
3.94 1.42587e-20 
3.9375 1.69374e-20 
3.945 1.00995e-20 
3.9425 1.20013e-20 
3.95 7.14835e-21 
3.9475 8.4974e-21 
3.955 5.05628e-21 
3.9525 6.01241e-21 
3.96 3.5744e-21 
3.9575 4.25151e-21 
3.965 2.52557e-21 
3.9625 3.00471e-21 
3.97 1.78376e-21 
3.9675 2.12258e-21 
3.975 1.25945e-21 
3.9725 1.49889e-21 
3.98 8.8908e-22 
3.9775 1.05819e-21 
3.985 6.27588e-22 
3.9825 7.46971e-22 
3.99 4.43043e-22 
3.9875 5.27288e-22 
3.995 3.12842e-22 
3.9925 3.72275e-22 
4 2.21e-22 
3.9975 2.62922e-22 
4.005 1.56219e-22 
4.0025 1.85789e-22 
4.01 1.10522e-22 
4.0075 1.31382e-22 
4.015 7.82782e-23 
4.0125 9.29982e-23 
4.02 5.55169e-23 
4.0175 6.59095e-23 
4.025 3.94389e-23 
4.0225 4.67815e-23 
4.03 2.80718e-23 
4.0275 3.32644e-23 
4.035 2.00262e-23 
4.0325 2.37028e-23 
4.04 1.43235e-23 
4.0375 1.69306e-23 
4.045 1.02747e-23 
4.0425 1.21266e-23 
4.05 7.39423e-24 
4.0475 8.71249e-24 
4.055 5.34025e-24 
4.0525 6.28092e-24 
4.06 3.87172e-24 
4.0575 4.54478e-24 
4.065 2.8186e-24 
4.0625 3.30168e-24 
4.07 2.06087e-24 
4.0675 2.40878e-24 
4.075 1.51367e-24 
4.0725 1.76518e-24 
4.08 1.11695e-24 
4.0775 1.2995e-24 
4.085 8.28114e-25 
4.0825 9.61176e-25 
4.09 6.16877e-25 
4.0875 7.14309e-25 
4.095 4.61677e-25 
4.0925 5.33353e-25 
4.1 3.47104e-25 
4.0975 4.00086e-25 
4.105 2.62115e-25 
4.1025 3.01468e-25 
4.11 1.98766e-25 
4.1075 2.28136e-25 
4.115 1.51321e-25 
4.1125 1.73346e-25 
4.12 1.15624e-25 
4.1175 1.32215e-25 
4.125 8.86442e-26 
4.1225 1.01198e-25 
4.13 6.81674e-26 
4.1275 7.77061e-26 
4.135 5.25643e-26 
4.1325 5.98401e-26 
4.14 4.0631e-26 
4.1375 4.62008e-26 
4.145 3.14736e-26 
4.1425 3.57514e-26 
4.15 2.4425e-26 
4.1475 2.77203e-26 
4.155 1.89847e-26 
4.1525 2.15298e-26 
4.16 1.47756e-26 
4.1575 1.67459e-26 
4.165 1.15122e-26 
4.1625 1.30406e-26 
4.17 8.97743e-27 
4.1675 1.01651e-26 
4.175 7.00556e-27 
4.1725 7.92984e-27 
4.18 5.46961e-27 
4.1775 6.18978e-27 
4.185 4.27193e-27 
4.1825 4.83363e-27 
4.19 3.33724e-27 
4.1875 3.77569e-27 
4.195 2.6073e-27 
4.1925 2.94976e-27 
4.2 2.03699e-27 
4.1975 2.30459e-27 
4.205 1.59126e-27 
4.2025 1.80041e-27 
4.21 1.24281e-27 
4.2075 1.40632e-27 
4.215 9.70404e-28 
4.2125 1.09823e-27 
4.22 7.57448e-28 
4.2175 8.57377e-28 
4.225 5.90991e-28 
4.2225 6.69097e-28 
4.23 4.60908e-28 
4.2275 5.21942e-28 
4.235 3.59279e-28 
4.2325 4.06959e-28 
4.24 2.79909e-28 
4.2375 3.17142e-28 
4.245 2.17949e-28 
4.2425 2.47011e-28 
4.25 1.69601e-28 
4.2475 1.92276e-28 
4.255 1.31895e-28 
4.2525 1.49577e-28 
4.26 1.02505e-28 
4.2575 1.16285e-28 
4.265 7.9609e-29 
4.2625 9.0342e-29 
4.27 6.17839e-29 
4.2675 7.01385e-29 
4.275 4.79155e-29 
4.2725 5.44145e-29 
4.28 3.71327e-29 
4.2775 4.21848e-29 
4.285 2.87548e-29 
4.2825 3.26794e-29 
4.29 2.225e-29 
4.2875 2.52965e-29 
4.295 1.72033e-29 
4.2925 1.95665e-29 
4.3 1.32907e-29 
4.2975 1.51224e-29 
4.305 1.02597e-29 
4.3025 1.16785e-29 
4.31 7.91356e-30 
4.3075 9.01151e-30 
4.315 6.09887e-30 
4.3125 6.94791e-30 
4.32 4.6964e-30 
4.3175 5.35244e-30 
4.325 3.6134e-30 
4.3225 4.11989e-30 
4.33 2.77778e-30 
4.3275 3.16849e-30 
4.335 2.13358e-30 
4.3325 2.43472e-30 
4.34 1.63736e-30 
4.3375 1.86927e-30 
4.345 1.25546e-30 
4.3425 1.4339e-30 
4.35 9.61785e-31 
4.3475 1.09897e-30 
4.355 7.36158e-31 
4.3525 8.41533e-31 
4.36 5.6296e-31 
4.3575 6.4383e-31 
4.365 4.30126e-31 
4.3625 4.92135e-31 
4.37 3.28339e-31 
4.3675 3.75843e-31 
4.375 2.50413e-31 
4.3725 2.86772e-31 
4.38 1.90807e-31 
4.3775 2.18612e-31 
4.385 1.45256e-31 
4.3825 1.66499e-31 
4.39 1.10478e-31 
4.3875 1.26693e-31 
4.395 8.39487e-32 
4.3925 9.63149e-32 
4.4 6.37308e-32 
4.3975 7.31528e-32 
4.405 4.83369e-32 
4.4025 5.5509e-32 
4.41 3.6627e-32 
4.4075 4.20814e-32 
4.415 2.77278e-32 
4.4125 3.18719e-32 
4.42 2.09709e-32 
4.4175 2.41166e-32 
4.425 1.58456e-32 
4.4225 1.82311e-32 
4.43 1.19615e-32 
4.4275 1.37688e-32 
4.435 9.02083e-33 
4.4325 1.03888e-32 
4.44 6.79659e-33 
4.4375 7.83104e-33 
4.445 5.11584e-33 
4.4425 5.89732e-33 
4.45 3.84701e-33 
4.4475 4.43682e-33 
4.455 2.89008e-33 
4.4525 3.33478e-33 
4.46 2.16907e-33 
4.4575 2.50405e-33 
4.465 1.62635e-33 
4.4625 1.87843e-33 
4.47 1.21823e-33 
4.4675 1.40774e-33 
4.475 9.11628e-34 
4.4725 1.05396e-33 
4.48 6.81522e-34 
4.4775 7.88317e-34 
4.485 5.08996e-34 
4.4825 5.89046e-34 
4.49 3.7977e-34 
4.4875 4.39713e-34 
4.495 2.83071e-34 
4.4925 3.27914e-34 
4.5 2.10785e-34 
4.4975 2.44298e-34 
4.505 1.56802e-34 
4.5025 1.81823e-34 
4.51 1.16528e-34 
4.5075 1.3519e-34 
4.515 8.65122e-35 
4.5125 1.00417e-34 
4.52 6.41635e-35 
4.5175 7.45136e-35 
4.525 4.75405e-35 
4.5225 5.52368e-35 
4.53 3.51887e-35 
4.5275 4.09059e-35 
4.535 2.60199e-35 
4.5325 3.02627e-35 
4.54 1.92207e-35 
4.5375 2.23661e-35 
4.545 1.41839e-35 
4.5425 1.65134e-35 
4.55 1.04564e-35 
4.5475 1.21799e-35 
4.555 7.70071e-36 
4.5525 8.9745e-36 
4.56 5.66549e-36 
4.5575 6.60598e-36 
4.565 4.16393e-36 
4.5625 4.85762e-36 
4.57 3.05723e-36 
4.5675 3.56836e-36 
4.575 2.24238e-36 
4.5725 2.61862e-36 
4.58 1.64305e-36 
4.5775 1.9197e-36 
4.585 1.20267e-36 
4.5825 1.40589e-36 
4.59 8.79425e-37 
4.5875 1.02855e-36 
4.595 6.42403e-37 
4.5925 7.51721e-37 
4.6 4.68783e-37 
4.5975 5.48836e-37 
4.605 3.41736e-37 
4.6025 4.00299e-37 
4.61 2.48865e-37 
4.6075 2.91663e-37 
4.615 1.81047e-37 
4.6125 2.12291e-37 
4.62 1.31575e-37 
4.6175 1.54361e-37 
4.625 9.55234e-38 
4.6225 1.12123e-37 
4.63 6.92785e-38 
4.6275 8.13593e-38 
4.635 5.01926e-38 
4.6325 5.89756e-38 
4.64 3.63273e-38 
4.6375 4.27061e-38 
4.645 2.62651e-38 
4.6425 3.0893e-38 
4.65 1.89705e-38 
4.6475 2.23245e-38 
4.655 1.36876e-38 
4.6525 1.6116e-38 
4.66 9.86574e-39 
4.6575 1.1622e-38 
4.665 7.10367e-39 
4.6625 8.37259e-39 
4.67 5.1096e-39 
4.6675 6.02543e-39 
4.675 3.67149e-39 
4.6725 4.33179e-39 
4.68 2.63541e-39 
4.6775 3.11099e-39 
4.685 1.88975e-39 
4.6825 2.23192e-39 
4.69 1.35366e-39 
4.6875 1.5996e-39 
4.695 9.68652e-40 
4.6925 1.14523e-39 
4.7 6.92429e-40 
4.6975 8.19077e-40 
4.705 4.94461e-40 
4.7025 5.85204e-40 
4.71 3.52728e-40 
4.7075 4.17676e-40 
4.715 2.5136e-40 
4.7125 2.97798e-40 
4.72 1.78939e-40 
4.7175 2.12106e-40 
4.725 1.27251e-40 
4.7225 1.50916e-40 
4.73 9.03997e-41 
4.7275 1.07267e-40 
4.735 6.41539e-41 
4.7325 7.61637e-41 
4.74 4.54809e-41 
4.7375 5.4023e-41 
4.745 3.22095e-41 
4.7425 3.82789e-41 
4.75 2.27871e-41 
4.7475 2.7095e-41 
4.755 1.61043e-41 
4.7525 1.91588e-41 
4.76 1.13696e-41 
4.7575 1.35331e-41 
4.765 8.01864e-42 
4.7625 9.54942e-42 
4.77 5.64942e-42 
4.7675 6.7314e-42 
4.775 3.97609e-42 
4.7725 4.74005e-42 
4.78 2.7955e-42 
4.7775 3.33435e-42 
4.785 1.96341e-42 
4.7825 2.34308e-42 
4.79 1.37757e-42 
4.7875 1.64481e-42 
4.795 9.65528e-43 
4.7925 1.15343e-42 
4.8 6.76031e-43 
4.7975 8.08013e-43 
4.805 4.72845e-43 
4.8025 5.65451e-43 
4.81 3.30385e-43 
4.8075 3.95296e-43 
4.815 2.30607e-43 
4.8125 2.76057e-43 
4.82 1.60796e-43 
4.8175 1.92587e-43 
4.825 1.12003e-43 
4.8225 1.34216e-43 
4.83 7.79348e-44 
4.8275 9.34398e-44 
4.835 5.41733e-44 
4.8325 6.49846e-44 
4.84 3.76175e-44 
4.8375 4.51481e-44 
4.845 2.60943e-44 
4.8425 3.13343e-44 
4.85 1.80823e-44 
4.8475 2.17246e-44 
4.855 1.25173e-44 
4.8525 1.50464e-44 
4.86 8.65605e-45 
4.8575 1.04104e-44 
4.865 5.97972e-45 
4.8625 7.19536e-45 
4.87 4.12661e-45 
4.8675 4.96809e-45 
4.875 2.84484e-45 
4.8725 3.42671e-45 
4.88 1.95918e-45 
4.8775 2.36112e-45 
4.885 1.34786e-45 
4.8825 1.62521e-45 
4.89 9.26328e-46 
4.8875 1.11752e-45 
4.895 6.35973e-46 
4.8925 7.67632e-46 
4.9 4.3618e-46 
4.8975 5.26749e-46 
4.905 2.98845e-46 
4.9025 3.61083e-46 
4.91 2.0454e-46 
4.9075 2.47265e-46 
4.915 1.39851e-46 
4.9125 1.6915e-46 
4.92 9.55226e-47 
4.9175 1.15594e-46 
4.925 6.51781e-47 
4.9225 7.89141e-47 
4.93 4.44277e-47 
4.9275 5.38181e-47 
4.935 3.02527e-47 
4.9325 3.66656e-47 
4.94 2.05796e-47 
4.9375 2.49546e-47 
4.945 1.39858e-47 
4.9425 1.69672e-47 
4.95 9.49593e-48 
4.9475 1.15254e-47 
4.955 6.44235e-48 
4.9525 7.8221e-48 
4.96 4.36848e-48 
4.9575 5.30515e-48 
4.965 2.96256e-48 
4.9625 3.59717e-48 
4.97 2.01211e-48 
4.9675 2.4407e-48 
4.975 1.37275e-48 
4.9725 1.66052e-48 
4.98 9.46833e-49 
4.9775 1.1378e-48 
4.985 6.69035e-49 
4.9825 7.92524e-49 
4.99 4.9655e-49 
4.9875 5.71609e-49 
4.995 4.02711e-49 
4.9925 4.40954e-49 
5 3.7297e-49 
4.9975 3.8033e-49 
