0 2.61169e-16 
0.005 2.65991e-16 
0.0025 2.62372e-16 
0.01 2.80605e-16 
0.0075 2.72052e-16 
0.015 3.05465e-16 
0.0125 2.91713e-16 
0.02 3.41338e-16 
0.0175 3.21964e-16 
0.025 3.89324e-16 
0.0225 3.63734e-16 
0.03 4.50884e-16 
0.0275 4.18301e-16 
0.035 5.27872e-16 
0.0325 4.87317e-16 
0.04 6.22579e-16 
0.0375 5.72848e-16 
0.045 7.37789e-16 
0.0425 6.77426e-16 
0.05 8.76841e-16 
0.0475 8.04103e-16 
0.055 1.0437e-15 
0.0525 9.56521e-16 
0.06 1.24306e-15 
0.0575 1.139e-15 
0.065 1.48042e-15 
0.0625 1.35661e-15 
0.07 1.76221e-15 
0.0675 1.61532e-15 
0.075 2.09594e-15 
0.0725 1.92207e-15 
0.08 2.49034e-15 
0.0775 2.28496e-15 
0.085 2.95551e-15 
0.0825 2.71339e-15 
0.09 3.50314e-15 
0.0875 3.21822e-15 
0.095 4.14673e-15 
0.0925 3.81202e-15 
0.1 4.9018e-15 
0.0975 4.50927e-15 
0.105 5.78619e-15 
0.1025 5.32661e-15 
0.11 6.82036e-15 
0.1075 6.28316e-15 
0.115 8.02772e-15 
0.1125 7.4008e-15 
0.12 9.43501e-15 
0.1175 8.70456e-15 
0.125 1.10727e-14 
0.1225 1.0223e-14 
0.13 1.29755e-14 
0.1275 1.19886e-14 
0.135 1.51826e-14 
0.1325 1.40383e-14 
0.14 1.77388e-14 
0.1375 1.64141e-14 
0.145 2.06945e-14 
0.1425 1.91633e-14 
0.15 2.41065e-14 
0.1475 2.23396e-14 
0.155 2.8039e-14 
0.1525 2.60034e-14 
0.16 3.2564e-14 
0.1575 3.02226e-14 
0.165 3.77625e-14 
0.1625 3.50737e-14 
0.17 4.37249e-14 
0.1675 4.06422e-14 
0.175 5.05524e-14 
0.1725 4.70238e-14 
0.18 5.83577e-14 
0.1775 5.43253e-14 
0.185 6.72663e-14 
0.1825 6.26657e-14 
0.19 7.74176e-14 
0.1875 7.21773e-14 
0.195 8.89658e-14 
0.1925 8.30068e-14 
0.2 1.02082e-13 
0.1975 9.53165e-14 
0.205 1.16954e-13 
0.2025 1.09286e-13 
0.21 1.33789e-13 
0.2075 1.25112e-13 
0.215 1.52815e-13 
0.2125 1.43013e-13 
0.22 1.74283e-13 
0.2175 1.63227e-13 
0.225 1.98464e-13 
0.2225 1.86016e-13 
0.23 2.25658e-13 
0.2275 2.11665e-13 
0.235 2.56189e-13 
0.2325 2.40485e-13 
0.24 2.90411e-13 
0.2375 2.72815e-13 
0.245 3.28706e-13 
0.2425 3.09024e-13 
0.25 3.71489e-13 
0.2475 3.49509e-13 
0.255 4.19208e-13 
0.2525 3.94702e-13 
0.26 4.72346e-13 
0.2575 4.45068e-13 
0.265 5.31422e-13 
0.2625 5.01108e-13 
0.27 5.96994e-13 
0.2675 5.6336e-13 
0.275 6.69659e-13 
0.2725 6.32401e-13 
0.28 7.50057e-13 
0.2775 7.0885e-13 
0.285 8.3887e-13 
0.2825 7.93367e-13 
0.29 9.36825e-13 
0.2875 8.86657e-13 
0.295 1.0447e-12 
0.2925 9.89471e-13 
0.3 1.16331e-12 
0.2975 1.10261e-12 
0.305 1.29354e-12 
0.3025 1.22691e-12 
0.31 1.4363e-12 
0.3075 1.36329e-12 
0.315 1.5926e-12 
0.3125 1.5127e-12 
0.32 1.76346e-12 
0.3175 1.67614e-12 
0.325 1.94999e-12 
0.3225 1.85469e-12 
0.33 2.15335e-12 
0.3275 2.04949e-12 
0.335 2.3748e-12 
0.3325 2.26174e-12 
0.34 2.61563e-12 
0.3375 2.4927e-12 
0.345 2.87725e-12 
0.3425 2.74375e-12 
0.35 3.16114e-12 
0.3475 3.01632e-12 
0.355 3.46889e-12 
0.3525 3.31193e-12 
0.36 3.80217e-12 
0.3575 3.63223e-12 
0.365 4.16281e-12 
0.3625 3.97895e-12 
0.37 4.55275e-12 
0.3675 4.35399e-12 
0.375 4.97408e-12 
0.3725 4.75935e-12 
0.38 5.42906e-12 
0.3775 5.19721e-12 
0.385 5.92015e-12 
0.3825 5.66993e-12 
0.39 6.45003e-12 
0.3875 6.18007e-12 
0.395 7.02159e-12 
0.3925 6.73041e-12 
0.4 7.63804e-12 
0.3975 7.324e-12 
0.405 8.30287e-12 
0.4025 7.96418e-12 
0.41 9.01993e-12 
0.4075 8.65462e-12 
0.415 9.79347e-12 
0.4125 9.39936e-12 
0.42 1.06282e-11 
0.4175 1.02029e-11 
0.425 1.15292e-11 
0.4225 1.10701e-11 
0.43 1.25024e-11 
0.4275 1.20064e-11 
0.435 1.35542e-11 
0.4325 1.30181e-11 
0.44 1.46915e-11 
0.4375 1.41117e-11 
0.445 1.59224e-11 
0.4425 1.52948e-11 
0.45 1.72558e-11 
0.4475 1.65757e-11 
0.455 1.87014e-11 
0.4525 1.79639e-11 
0.46 2.02702e-11 
0.4575 1.94696e-11 
0.465 2.19747e-11 
0.4625 2.11047e-11 
0.47 2.38285e-11 
0.4675 2.2882e-11 
0.475 2.58473e-11 
0.4725 2.48163e-11 
0.48 2.80482e-11 
0.4775 2.69238e-11 
0.485 3.04507e-11 
0.4825 2.92229e-11 
0.49 3.30768e-11 
0.4875 3.17344e-11 
0.495 3.59509e-11 
0.4925 3.44812e-11 
0.5 3.91006e-11 
0.4975 3.74895e-11 
0.505 4.2557e-11 
0.5025 4.07884e-11 
0.51 4.63549e-11 
0.5075 4.44109e-11 
0.515 5.05335e-11 
0.5125 4.8394e-11 
0.52 5.5137e-11 
0.5175 5.27792e-11 
0.525 6.02149e-11 
0.5225 5.76133e-11 
0.53 6.58229e-11 
0.5275 6.29488e-11 
0.535 7.20236e-11 
0.5325 6.88449e-11 
0.54 7.88873e-11 
0.5375 7.53678e-11 
0.545 8.64931e-11 
0.5425 8.25921e-11 
0.55 9.49295e-11 
0.5475 9.06015e-11 
0.555 1.04296e-10 
0.5525 9.94898e-11 
0.56 1.14704e-10 
0.5575 1.09362e-10 
0.565 1.26279e-10 
0.5625 1.20337e-10 
0.57 1.39161e-10 
0.5675 1.32547e-10 
0.575 1.53507e-10 
0.5725 1.4614e-10 
0.58 1.69493e-10 
0.5775 1.61283e-10 
0.585 1.87316e-10 
0.5825 1.78161e-10 
0.59 2.07197e-10 
0.5875 1.96984e-10 
0.595 2.29383e-10 
0.5925 2.17985e-10 
0.6 2.54152e-10 
0.5975 2.41426e-10 
0.605 2.81812e-10 
0.6025 2.676e-10 
0.61 3.12711e-10 
0.6075 2.96834e-10 
0.615 3.47237e-10 
0.6125 3.29495e-10 
0.62 3.85824e-10 
0.6175 3.65994e-10 
0.625 4.28958e-10 
0.6225 4.0679e-10 
0.63 4.77184e-10 
0.6275 4.52398e-10 
0.635 5.3111e-10 
0.6325 5.03394e-10 
0.64 5.91418e-10 
0.6375 5.60421e-10 
0.645 6.5887e-10 
0.6425 6.242e-10 
0.65 7.34319e-10 
0.6475 6.95538e-10 
0.655 8.18721e-10 
0.6525 7.75337e-10 
0.66 9.13143e-10 
0.6575 8.64608e-10 
0.665 1.01878e-09 
0.6625 9.6448e-10 
0.67 1.13698e-09 
0.6675 1.07622e-09 
0.675 1.26922e-09 
0.6725 1.20124e-09 
0.68 1.4172e-09 
0.6775 1.34113e-09 
0.685 1.58277e-09 
0.6825 1.49766e-09 
0.69 1.76806e-09 
0.6875 1.67281e-09 
0.695 1.97539e-09 
0.6925 1.86881e-09 
0.7 2.2074e-09 
0.6975 2.08813e-09 
0.705 2.46704e-09 
0.7025 2.33357e-09 
0.71 2.7576e-09 
0.7075 2.60823e-09 
0.715 3.08275e-09 
0.7125 2.9156e-09 
0.72 3.44663e-09 
0.7175 3.25957e-09 
0.725 3.85385e-09 
0.7225 3.64451e-09 
0.73 4.30958e-09 
0.7275 4.07531e-09 
0.735 4.8196e-09 
0.7325 4.55742e-09 
0.74 5.39038e-09 
0.7375 5.09696e-09 
0.745 6.02916e-09 
0.7425 5.70078e-09 
0.75 6.74404e-09 
0.7475 6.37654e-09 
0.755 7.54411e-09 
0.7525 7.13282e-09 
0.76 8.43951e-09 
0.7575 7.97921e-09 
0.765 9.4416e-09 
0.7625 8.92645e-09 
0.77 1.05631e-08 
0.7675 9.98657e-09 
0.775 1.18183e-08 
0.7725 1.1173e-08 
0.78 1.3223e-08 
0.7775 1.25008e-08 
0.785 1.47951e-08 
0.7825 1.39869e-08 
0.79 1.65546e-08 
0.7875 1.56501e-08 
0.795 1.85238e-08 
0.7925 1.75115e-08 
0.8 2.07277e-08 
0.7975 1.95947e-08 
0.805 2.31943e-08 
0.8025 2.19263e-08 
0.81 2.59549e-08 
0.8075 2.45357e-08 
0.815 2.90445e-08 
0.8125 2.74562e-08 
0.82 3.25024e-08 
0.8175 3.07248e-08 
0.825 3.63724e-08 
0.8225 3.43829e-08 
0.83 4.07038e-08 
0.8275 3.84772e-08 
0.835 4.55516e-08 
0.8325 4.30595e-08 
0.84 5.09772e-08 
0.8375 4.8188e-08 
0.845 5.70496e-08 
0.8425 5.3928e-08 
0.85 6.3846e-08 
0.8475 6.03522e-08 
0.855 7.14526e-08 
0.8525 6.75422e-08 
0.86 7.99661e-08 
0.8575 7.55895e-08 
0.865 8.94946e-08 
0.8625 8.45962e-08 
0.87 1.00159e-07 
0.8675 9.46767e-08 
0.875 1.12095e-07 
0.8725 1.05959e-07 
0.88 1.25454e-07 
0.8775 1.18587e-07 
0.885 1.40407e-07 
0.8825 1.3272e-07 
0.89 1.57142e-07 
0.8875 1.48538e-07 
0.895 1.75872e-07 
0.8925 1.66243e-07 
0.9 1.96836e-07 
0.8975 1.86059e-07 
0.905 2.203e-07 
0.9025 2.08238e-07 
0.91 2.46562e-07 
0.9075 2.33061e-07 
0.915 2.75955e-07 
0.9125 2.60845e-07 
0.92 3.08854e-07 
0.9175 2.91942e-07 
0.925 3.45677e-07 
0.9225 3.26747e-07 
0.93 3.86891e-07 
0.9275 3.65703e-07 
0.935 4.3302e-07 
0.9325 4.09306e-07 
0.94 4.84651e-07 
0.9375 4.58108e-07 
0.945 5.42439e-07 
0.9425 5.12731e-07 
0.95 6.0712e-07 
0.9475 5.73869e-07 
0.955 6.79516e-07 
0.9525 6.42299e-07 
0.96 7.60547e-07 
0.9575 7.18891e-07 
0.965 8.51243e-07 
0.9625 8.04618e-07 
0.97 9.52758e-07 
0.9675 9.00571e-07 
0.975 1.06638e-06 
0.9725 1.00797e-06 
0.98 1.19356e-06 
0.9775 1.12818e-06 
0.985 1.33591e-06 
0.9825 1.26273e-06 
0.99 1.49523e-06 
0.9875 1.41333e-06 
0.995 1.67357e-06 
0.9925 1.58189e-06 
1 1.87318e-06 
0.9975 1.77056e-06 
1.005 2.0966e-06 
1.0025 1.98175e-06 
1.01 2.34668e-06 
1.0075 2.21812e-06 
1.015 2.62659e-06 
1.0125 2.4827e-06 
1.02 2.9399e-06 
1.0175 2.77884e-06 
1.025 3.29059e-06 
1.0225 3.11031e-06 
1.03 3.68312e-06 
1.0275 3.48133e-06 
1.035 4.12248e-06 
1.0325 3.89661e-06 
1.04 4.61427e-06 
1.0375 4.36145e-06 
1.045 5.16473e-06 
1.0425 4.88175e-06 
1.05 5.78088e-06 
1.0475 5.46412e-06 
1.055 6.47054e-06 
1.0525 6.11599e-06 
1.06 7.2425e-06 
1.0575 6.84564e-06 
1.065 8.10657e-06 
1.0625 7.66236e-06 
1.07 9.07375e-06 
1.0675 8.57654e-06 
1.075 1.01564e-05 
1.0725 9.5998e-06 
1.08 1.13681e-05 
1.0775 1.07452e-05 
1.085 1.27245e-05 
1.0825 1.20272e-05 
1.09 1.42428e-05 
1.0875 1.34623e-05 
1.095 1.59423e-05 
1.0925 1.50686e-05 
1.1 1.78445e-05 
1.0975 1.68666e-05 
1.105 1.99738e-05 
1.1025 1.88792e-05 
1.11 2.23572e-05 
1.1075 2.11319e-05 
1.115 2.50251e-05 
1.1125 2.36536e-05 
1.12 2.80114e-05 
1.1175 2.64762e-05 
1.125 3.13541e-05 
1.1225 2.96357e-05 
1.13 3.50958e-05 
1.1275 3.31722e-05 
1.135 3.9284e-05 
1.1325 3.71309e-05 
1.14 4.39722e-05 
1.1375 4.15621e-05 
1.145 4.922e-05 
1.1425 4.65221e-05 
1.15 5.50941e-05 
1.1475 5.20743e-05 
1.155 6.16694e-05 
1.1525 5.82891e-05 
1.16 6.90295e-05 
1.1575 6.52457e-05 
1.165 7.72682e-05 
1.1625 7.30328e-05 
1.17 8.64904e-05 
1.1675 8.17493e-05 
1.175 9.68134e-05 
1.1725 9.15064e-05 
1.18 0.000108369 
1.1775 0.000102428 
1.185 0.000121303 
1.1825 0.000114654 
1.19 0.000135782 
1.1875 0.000128339 
1.195 0.000151989 
1.1925 0.000143657 
1.2 0.000170131 
1.1975 0.000160804 
1.205 0.000190438 
1.2025 0.000179998 
1.21 0.00021317 
1.2075 0.000201484 
1.215 0.000238615 
1.2125 0.000225534 
1.22 0.000267098 
1.2175 0.000252455 
1.225 0.000298981 
1.2225 0.00028259 
1.23 0.00033467 
1.2275 0.000316322 
1.235 0.000374619 
1.2325 0.000354081 
1.24 0.000419336 
1.2375 0.000396347 
1.245 0.000469392 
1.2425 0.000443659 
1.25 0.000525422 
1.2475 0.000496617 
1.255 0.000588139 
1.2525 0.000555897 
1.26 0.000658342 
1.2575 0.000622251 
1.265 0.000736922 
1.2625 0.000696525 
1.27 0.00082488 
1.2675 0.000779662 
1.275 0.000923334 
1.2725 0.00087272 
1.28 0.00103353 
1.2775 0.000976882 
1.285 0.00115688 
1.2825 0.00109347 
1.29 0.00129494 
1.2875 0.00122397 
1.295 0.00144946 
1.2925 0.00137003 
1.3 0.00162241 
1.2975 0.0015335 
1.305 0.00181598 
1.3025 0.00171647 
1.31 0.00203262 
1.3075 0.00192125 
1.315 0.00227506 
1.3125 0.00215043 
1.32 0.00254639 
1.3175 0.00240691 
1.325 0.00285002 
1.3225 0.00269394 
1.33 0.00318979 
1.3275 0.00301513 
1.335 0.00356997 
1.3325 0.00337454 
1.34 0.00399535 
1.3375 0.00377669 
1.345 0.00447127 
1.3425 0.00422663 
1.35 0.00500369 
1.3475 0.00473002 
1.355 0.00559926 
1.3525 0.00529314 
1.36 0.00626542 
1.3575 0.00592302 
1.365 0.00701043 
1.3625 0.00662751 
1.37 0.00784352 
1.3675 0.00741535 
1.375 0.00877496 
1.3725 0.00829626 
1.38 0.0098162 
1.3775 0.00928109 
1.385 0.0109799 
1.3825 0.0103819 
1.39 0.0122803 
1.3875 0.0116121 
1.395 0.013733 
1.3925 0.0129866 
1.4 0.0153554 
1.3975 0.0145218 
1.405 0.0171668 
1.4025 0.0162362 
1.41 0.0191884 
1.4075 0.0181499 
1.415 0.0214437 
1.4125 0.0202853 
1.42 0.0239587 
1.4175 0.022667 
1.425 0.0267617 
1.4225 0.0253223 
1.43 0.029884 
1.4275 0.0282809 
1.435 0.0333596 
1.4325 0.0315754 
1.44 0.0372258 
1.4375 0.0352414 
1.445 0.0415229 
1.4425 0.0393178 
1.45 0.0462944 
1.4475 0.0438465 
1.455 0.0515875 
1.4525 0.0488727 
1.46 0.0574523 
1.4575 0.0544452 
1.465 0.0639423 
1.4625 0.0606157 
1.47 0.0711138 
1.4675 0.0674392 
1.475 0.0790258 
1.4725 0.0749734 
1.48 0.0877393 
1.4775 0.0832785 
1.485 0.0973169 
1.4825 0.0924162 
1.49 0.107821 
1.4875 0.102449 
1.495 0.119315 
1.4925 0.113441 
1.5 0.131858 
1.4975 0.125452 
1.505 0.145508 
1.5025 0.138541 
1.51 0.160314 
1.5075 0.152763 
1.515 0.176321 
1.5125 0.168165 
1.52 0.193561 
1.5175 0.184785 
1.525 0.212057 
1.5225 0.202651 
1.53 0.231814 
1.5275 0.221778 
1.535 0.252821 
1.5325 0.242162 
1.54 0.275049 
1.5375 0.263785 
1.545 0.298448 
1.5425 0.286606 
1.55 0.322944 
1.5475 0.310564 
1.555 0.348445 
1.5525 0.335576 
1.56 0.374833 
1.5575 0.361536 
1.565 0.401974 
1.5625 0.388319 
1.57 0.429712 
1.5675 0.415779 
1.575 0.457881 
1.5725 0.443754 
1.58 0.486301 
1.5775 0.472071 
1.585 0.514787 
1.5825 0.500547 
1.59 0.543152 
1.5875 0.528996 
1.595 0.571215 
1.5925 0.557232 
1.6 0.5988 
1.5975 0.585077 
1.605 0.625746 
1.6025 0.612362 
1.61 0.651907 
1.6075 0.638933 
1.615 0.677156 
1.6125 0.664653 
1.62 0.701387 
1.6175 0.689405 
1.625 0.724514 
1.6225 0.713093 
1.63 0.746473 
1.6275 0.735643 
1.635 0.767223 
1.6325 0.757001 
1.64 0.786738 
1.6375 0.777135 
1.645 0.805014 
1.6425 0.796031 
1.65 0.822061 
1.6475 0.81369 
1.655 0.837902 
1.6525 0.83013 
1.66 0.852571 
1.6575 0.84538 
1.665 0.866112 
1.6625 0.85948 
1.67 0.878576 
1.6675 0.872476 
1.675 0.890017 
1.6725 0.884421 
1.68 0.900493 
1.6775 0.895372 
1.685 0.910065 
1.6825 0.905388 
1.69 0.918792 
1.6875 0.91453 
1.695 0.926736 
1.6925 0.922858 
1.7 0.933953 
1.6975 0.930431 
1.705 0.940501 
1.7025 0.937307 
1.71 0.946433 
1.7075 0.943541 
1.715 0.951801 
1.7125 0.949185 
1.72 0.956654 
1.7175 0.954289 
1.725 0.961036 
1.7225 0.958901 
1.73 0.964989 
1.7275 0.963063 
1.735 0.968553 
1.7325 0.966817 
1.74 0.971763 
1.7375 0.9702 
1.745 0.974654 
1.7425 0.973246 
1.75 0.977254 
1.7475 0.975988 
1.755 0.979592 
1.7525 0.978454 
1.76 0.981695 
1.7575 0.980672 
1.765 0.983583 
1.7625 0.982664 
1.77 0.985279 
1.7675 0.984454 
1.775 0.986803 
1.7725 0.986062 
1.78 0.98817 
1.7775 0.987505 
1.785 0.989396 
1.7825 0.9888 
1.79 0.990497 
1.7875 0.989962 
1.795 0.991484 
1.7925 0.991004 
1.8 0.99237 
1.7975 0.991939 
1.805 0.993163 
1.8025 0.992777 
1.81 0.993875 
1.8075 0.993529 
1.815 0.994513 
1.8125 0.994203 
1.82 0.995085 
1.8175 0.994807 
1.825 0.995597 
1.8225 0.995348 
1.83 0.996056 
1.8275 0.995833 
1.835 0.996468 
1.8325 0.996268 
1.84 0.996836 
1.8375 0.996657 
1.845 0.997166 
1.8425 0.997006 
1.85 0.997462 
1.8475 0.997318 
1.855 0.997727 
1.8525 0.997598 
1.86 0.997965 
1.8575 0.997849 
1.865 0.998177 
1.8625 0.998074 
1.87 0.998368 
1.8675 0.998275 
1.875 0.998538 
1.8725 0.998455 
1.88 0.998691 
1.8775 0.998617 
1.885 0.998828 
1.8825 0.998761 
1.89 0.99895 
1.8875 0.998891 
1.895 0.99906 
1.8925 0.999007 
1.9 0.999158 
1.8975 0.99911 
1.905 0.999246 
1.9025 0.999203 
1.91 0.999325 
1.9075 0.999287 
1.915 0.999395 
1.9125 0.999361 
1.92 0.999458 
1.9175 0.999428 
1.925 0.999515 
1.9225 0.999488 
1.93 0.999566 
1.9275 0.999541 
1.935 0.999611 
1.9325 0.999589 
1.94 0.999651 
1.9375 0.999632 
1.945 0.999688 
1.9425 0.99967 
1.95 0.99972 
1.9475 0.999704 
1.955 0.999749 
1.9525 0.999735 
1.96 0.999775 
1.9575 0.999763 
1.965 0.999798 
1.9625 0.999787 
1.97 0.999819 
1.9675 0.999809 
1.975 0.999838 
1.9725 0.999829 
1.98 0.999854 
1.9775 0.999846 
1.985 0.999869 
1.9825 0.999862 
1.99 0.999882 
1.9875 0.999876 
1.995 0.999894 
1.9925 0.999888 
2 0.999905 
1.9975 0.9999 
2.005 0.999914 
2.0025 0.99991 
2.01 0.999922 
2.0075 0.999918 
2.015 0.99993 
2.0125 0.999926 
2.02 0.999936 
2.0175 0.999933 
2.025 0.999942 
2.0225 0.999939 
2.03 0.999947 
2.0275 0.999945 
2.035 0.999951 
2.0325 0.999949 
2.04 0.999955 
2.0375 0.999953 
2.045 0.999958 
2.0425 0.999957 
2.05 0.999961 
2.0475 0.99996 
2.055 0.999964 
2.0525 0.999963 
2.06 0.999966 
2.0575 0.999965 
2.065 0.999967 
2.0625 0.999966 
2.07 0.999968 
2.0675 0.999968 
2.075 0.999969 
2.0725 0.999969 
2.08 0.999969 
2.0775 0.999969 
2.085 0.999969 
2.0825 0.999969 
2.09 0.999969 
2.0875 0.999969 
2.095 0.999969 
2.0925 0.999969 
2.1 0.999968 
2.0975 0.999968 
2.105 0.999966 
2.1025 0.999967 
2.11 0.999965 
2.1075 0.999966 
2.115 0.999963 
2.1125 0.999964 
2.12 0.99996 
2.1175 0.999962 
2.125 0.999957 
2.1225 0.999959 
2.13 0.999954 
2.1275 0.999956 
2.135 0.999951 
2.1325 0.999952 
2.14 0.999946 
2.1375 0.999948 
2.145 0.999941 
2.1425 0.999944 
2.15 0.999936 
2.1475 0.999939 
2.155 0.99993 
2.1525 0.999933 
2.16 0.999923 
2.1575 0.999927 
2.165 0.999916 
2.1625 0.99992 
2.17 0.999907 
2.1675 0.999912 
2.175 0.999898 
2.1725 0.999903 
2.18 0.999888 
2.1775 0.999893 
2.185 0.999876 
2.1825 0.999882 
2.19 0.999864 
2.1875 0.99987 
2.195 0.99985 
2.1925 0.999857 
2.2 0.999834 
2.1975 0.999842 
2.205 0.999817 
2.2025 0.999826 
2.21 0.999798 
2.2075 0.999807 
2.215 0.999777 
2.2125 0.999787 
2.22 0.999753 
2.2175 0.999765 
2.225 0.999727 
2.2225 0.999741 
2.23 0.999699 
2.2275 0.999713 
2.235 0.999667 
2.2325 0.999683 
2.24 0.999632 
2.2375 0.99965 
2.245 0.999594 
2.2425 0.999613 
2.25 0.999551 
2.2475 0.999573 
2.255 0.999504 
2.2525 0.999528 
2.26 0.999452 
2.2575 0.999478 
2.265 0.999394 
2.2625 0.999424 
2.27 0.99933 
2.2675 0.999363 
2.275 0.99926 
2.2725 0.999296 
2.28 0.999182 
2.2775 0.999222 
2.285 0.999096 
2.2825 0.99914 
2.29 0.999001 
2.2875 0.99905 
2.295 0.998896 
2.2925 0.99895 
2.3 0.99878 
2.2975 0.998839 
2.305 0.998651 
2.3025 0.998717 
2.31 0.998509 
2.3075 0.998582 
2.315 0.998353 
2.3125 0.998433 
2.32 0.99818 
2.3175 0.998268 
2.325 0.997988 
2.3225 0.998086 
2.33 0.997777 
2.3275 0.997885 
2.335 0.997543 
2.3325 0.997663 
2.34 0.997285 
2.3375 0.997417 
2.345 0.997 
2.3425 0.997146 
2.35 0.996685 
2.3475 0.996846 
2.355 0.996337 
2.3525 0.996515 
2.36 0.995952 
2.3575 0.996149 
2.365 0.995528 
2.3625 0.995745 
2.37 0.995059 
2.3675 0.995299 
2.375 0.99454 
2.3725 0.994806 
2.38 0.993968 
2.3775 0.994261 
2.385 0.993337 
2.3825 0.99366 
2.39 0.992639 
2.3875 0.992996 
2.395 0.991869 
2.3925 0.992264 
2.4 0.991019 
2.3975 0.991454 
2.405 0.990081 
2.4025 0.990561 
2.41 0.989045 
2.4075 0.989576 
2.415 0.987903 
2.4125 0.988488 
2.42 0.986642 
2.4175 0.987288 
2.425 0.985252 
2.4225 0.985964 
2.43 0.983719 
2.4275 0.984504 
2.435 0.982029 
2.4325 0.982895 
2.44 0.980167 
2.4375 0.981121 
2.445 0.978115 
2.4425 0.979165 
2.45 0.975854 
2.4475 0.977012 
2.455 0.973365 
2.4525 0.97464 
2.46 0.970626 
2.4575 0.972029 
2.465 0.967613 
2.4625 0.969156 
2.47 0.9643 
2.4675 0.965996 
2.475 0.96066 
2.4725 0.962523 
2.48 0.956661 
2.4775 0.958707 
2.485 0.952273 
2.4825 0.954518 
2.49 0.94746 
2.4875 0.949922 
2.495 0.942187 
2.4925 0.944883 
2.5 0.936413 
2.4975 0.939365 
2.505 0.930098 
2.5025 0.933326 
2.51 0.923199 
2.5075 0.926725 
2.515 0.915671 
2.5125 0.919517 
2.52 0.907468 
2.5175 0.911657 
2.525 0.89854 
2.5225 0.903097 
2.53 0.888841 
2.5275 0.89379 
2.535 0.878322 
2.5325 0.883687 
2.54 0.866934 
2.5375 0.872739 
2.545 0.854632 
2.5425 0.8609 
2.55 0.841372 
2.5475 0.848125 
2.555 0.827115 
2.5525 0.834371 
2.56 0.811824 
2.5575 0.819601 
2.565 0.795473 
2.5625 0.803783 
2.57 0.778041 
2.5675 0.786893 
2.575 0.759518 
2.5725 0.768916 
2.58 0.739904 
2.5775 0.749846 
2.585 0.719212 
2.5825 0.729691 
2.59 0.697471 
2.5875 0.708471 
2.595 0.674723 
2.5925 0.68622 
2.6 0.651027 
2.5975 0.66299 
2.605 0.626458 
2.6025 0.638846 
2.61 0.601106 
2.6075 0.613873 
2.615 0.575079 
2.6125 0.588169 
2.62 0.548497 
2.6175 0.561849 
2.625 0.521494 
2.6225 0.535039 
2.63 0.494214 
2.6275 0.50788 
2.635 0.466808 
2.6325 0.480517 
2.64 0.439432 
2.6375 0.453107 
2.645 0.412242 
2.6425 0.425804 
2.65 0.385393 
2.6475 0.398765 
2.655 0.359033 
2.6525 0.372143 
2.66 0.333302 
2.6575 0.346081 
2.665 0.30833 
2.6625 0.320714 
2.67 0.284231 
2.6675 0.296165 
2.675 0.261105 
2.6725 0.272541 
2.68 0.239036 
2.6775 0.249934 
2.685 0.21809 
2.6825 0.228419 
2.69 0.198315 
2.6875 0.208054 
2.695 0.179744 
2.6925 0.188878 
2.7 0.162393 
2.6975 0.170916 
2.705 0.146263 
2.7025 0.154176 
2.71 0.13134 
2.7075 0.138652 
2.715 0.117599 
2.7125 0.124323 
2.72 0.105004 
2.7175 0.11116 
2.725 0.0935099 
2.7225 0.0991222 
2.73 0.0830655 
2.7275 0.08816 
2.735 0.0736129 
2.7325 0.078219 
2.74 0.0650908 
2.7375 0.0692394 
2.745 0.0574354 
2.7425 0.0611588 
2.75 0.0505823 
2.7475 0.0539126 
2.755 0.044467 
2.7525 0.0474364 
2.76 0.0390263 
2.7575 0.0416662 
2.765 0.0341992 
2.7625 0.0365397 
2.77 0.0299274 
2.7675 0.0319974 
2.775 0.0261558 
2.7725 0.0279824 
2.78 0.0228331 
2.7775 0.0244414 
2.785 0.0199114 
2.7825 0.0213249 
2.79 0.0173468 
2.7875 0.018587 
2.795 0.0150994 
2.7925 0.0161858 
2.8 0.0131326 
2.7975 0.014083 
2.805 0.0114137 
2.8025 0.0122441 
2.81 0.00991325 
2.8075 0.0106379 
2.815 0.00860475 
2.8125 0.00923653 
2.82 0.00746476 
2.8175 0.00801506 
2.825 0.00647243 
2.8225 0.00695135 
2.83 0.00560927 
2.8275 0.00602577 
2.835 0.00485901 
2.8325 0.00522097 
2.84 0.00420729 
2.8375 0.00452166 
2.845 0.00364148 
2.8425 0.00391437 
2.85 0.00315053 
2.8475 0.00338729 
2.855 0.00272474 
2.8525 0.00293005 
2.86 0.00235562 
2.8575 0.00253358 
2.865 0.00203578 
2.8625 0.00218997 
2.87 0.00175874 
2.8675 0.00189228 
2.875 0.00151887 
2.8725 0.00163448 
2.88 0.00131125 
2.8775 0.00141131 
2.885 0.00113162 
2.8825 0.00121818 
2.89 0.000976257 
2.8875 0.00105112 
2.895 0.000841924 
2.8925 0.000906646 
2.9 0.000725817 
2.8975 0.000781753 
2.905 0.000625495 
2.9025 0.000673822 
2.91 0.000538841 
2.9075 0.00058058 
2.915 0.000464018 
2.9125 0.000500055 
2.92 0.000399432 
2.9175 0.000430536 
2.925 0.000343702 
2.9225 0.000370539 
2.93 0.00029563 
2.9275 0.000318777 
2.935 0.000254179 
2.9325 0.000274136 
2.94 0.000218449 
2.9375 0.00023565 
2.945 0.000187662 
2.9425 0.000202482 
2.95 0.000161144 
2.9475 0.000173908 
2.955 0.000138312 
2.9525 0.000149301 
2.96 0.000118661 
2.9575 0.000128118 
2.965 0.000101755 
2.9625 0.00010989 
2.97 8.72168e-05 
2.9675 9.42116e-05 
2.975 7.47194e-05 
2.9725 8.07315e-05 
2.98 6.39812e-05 
2.9775 6.91464e-05 
2.985 5.47587e-05 
2.9825 5.91943e-05 
2.99 4.68415e-05 
2.9875 5.06489e-05 
2.995 4.00481e-05 
2.9925 4.33146e-05 
3 3.42216e-05 
2.9975 3.70229e-05 
3.005 2.9227e-05 
3.0025 3.1628e-05 
3.01 2.49475e-05 
3.0075 2.70045e-05 
3.015 2.12827e-05 
3.0125 2.3044e-05 
3.02 1.81458e-05 
3.0175 1.96532e-05 
3.025 1.54623e-05 
3.0225 1.67516e-05 
3.03 1.31679e-05 
3.0275 1.42701e-05 
3.035 1.12072e-05 
3.0325 1.21489e-05 
3.04 9.5326e-06 
3.0375 1.03368e-05 
3.045 8.10323e-06 
3.0425 8.78958e-06 
3.05 6.88387e-06 
3.0475 7.4693e-06 
3.055 5.84429e-06 
3.0525 6.34332e-06 
3.06 4.9585e-06 
3.0575 5.38364e-06 
3.065 4.20423e-06 
3.0625 4.56619e-06 
3.07 3.56234e-06 
3.0675 3.87032e-06 
3.075 3.01643e-06 
3.0725 3.27831e-06 
3.08 2.55246e-06 
3.0775 2.775e-06 
3.085 2.15838e-06 
3.0825 2.34736e-06 
3.09 1.82388e-06 
3.0875 1.98426e-06 
3.095 1.54014e-06 
3.0925 1.67616e-06 
3.1 1.29963e-06 
3.0975 1.41491e-06 
3.105 1.0959e-06 
3.1025 1.19354e-06 
3.11 9.23447e-07 
3.1075 1.00608e-06 
3.115 7.77566e-07 
3.1125 8.4745e-07 
3.12 6.54254e-07 
3.1175 7.13315e-07 
3.125 5.50093e-07 
3.1225 5.99972e-07 
3.13 4.62173e-07 
3.1275 5.04267e-07 
3.135 3.88015e-07 
3.1325 4.23513e-07 
3.14 3.25512e-07 
3.1375 3.55426e-07 
3.145 2.72871e-07 
3.1425 2.9806e-07 
3.15 2.2857e-07 
3.1475 2.49764e-07 
3.155 1.91314e-07 
3.1525 2.09134e-07 
3.16 1.60008e-07 
3.1575 1.74979e-07 
3.165 1.33722e-07 
3.1625 1.4629e-07 
3.17 1.11667e-07 
3.1675 1.2221e-07 
3.175 9.31773e-08 
3.1725 1.02014e-07 
3.18 7.76883e-08 
3.1775 8.50893e-08 
3.185 6.47232e-08 
3.1825 7.0917e-08 
3.19 5.38794e-08 
3.1875 5.90587e-08 
3.195 4.48169e-08 
3.1925 4.91445e-08 
3.2 3.72493e-08 
3.1975 4.08623e-08 
3.205 3.09349e-08 
3.2025 3.3949e-08 
3.21 2.56705e-08 
3.2075 2.81829e-08 
3.215 2.12851e-08 
3.2125 2.33775e-08 
3.22 1.76347e-08 
3.2175 1.9376e-08 
3.225 1.45987e-08 
3.2225 1.60467e-08 
3.23 1.20758e-08 
3.2275 1.32788e-08 
3.235 9.98085e-09 
3.2325 1.09795e-08 
3.24 8.24277e-09 
3.2375 9.07118e-09 
3.245 6.80193e-09 
3.2425 7.48852e-09 
3.25 5.60847e-09 
3.2475 6.17705e-09 
3.255 4.62072e-09 
3.2525 5.0912e-09 
3.26 3.8039e-09 
3.2575 4.19288e-09 
3.265 3.12899e-09 
3.2625 3.45032e-09 
3.27 2.57178e-09 
3.2675 2.83702e-09 
3.275 2.11213e-09 
3.2725 2.33088e-09 
3.28 1.73326e-09 
3.2775 1.91353e-09 
3.285 1.42123e-09 
3.2825 1.56966e-09 
3.29 1.16447e-09 
3.2875 1.28658e-09 
3.295 9.53344e-10 
3.2925 1.05373e-09 
3.3 7.79892e-10 
3.2975 8.62351e-10 
3.305 6.37506e-10 
3.3025 7.05182e-10 
3.31 5.20714e-10 
3.3075 5.76213e-10 
3.315 4.24994e-10 
3.3125 4.7047e-10 
3.32 3.46606e-10 
3.3175 3.8384e-10 
3.325 2.82464e-10 
3.3225 3.12925e-10 
3.33 2.30019e-10 
3.3275 2.54919e-10 
3.335 1.87172e-10 
3.3325 2.07511e-10 
3.34 1.52194e-10 
3.3375 1.68795e-10 
3.345 1.23663e-10 
3.3425 1.37201e-10 
3.35 1.00408e-10 
3.3475 1.1144e-10 
3.355 8.14671e-11 
3.3525 9.04508e-11 
3.36 6.60527e-11 
3.3575 7.33625e-11 
3.365 5.35173e-11 
3.3625 5.94607e-11 
3.37 4.33309e-11 
3.3675 4.81596e-11 
3.375 3.50595e-11 
3.3725 3.89797e-11 
3.38 2.83479e-11 
3.3775 3.15282e-11 
3.385 2.29059e-11 
3.3825 2.54841e-11 
3.39 1.84965e-11 
3.3875 2.05851e-11 
3.395 1.49263e-11 
3.3925 1.66171e-11 
3.4 1.20376e-11 
3.3975 1.34054e-11 
3.405 9.70197e-12 
3.4025 1.08077e-11 
3.41 7.81473e-12 
3.4075 8.70802e-12 
3.415 6.29084e-12 
3.4125 7.01202e-12 
3.42 5.06115e-12 
3.4175 5.643e-12 
3.425 4.06951e-12 
3.4225 4.53864e-12 
3.43 3.27033e-12 
3.4275 3.64835e-12 
3.435 2.62667e-12 
3.4325 2.93108e-12 
3.44 2.10857e-12 
3.4375 2.35355e-12 
3.445 1.69179e-12 
3.4425 1.88883e-12 
3.45 1.35671e-12 
3.4475 1.5151e-12 
3.455 1.08746e-12 
3.4525 1.21472e-12 
3.46 8.71243e-13 
3.4575 9.73423e-13 
3.465 6.97696e-13 
3.4625 7.79698e-13 
3.47 5.58473e-13 
3.4675 6.24248e-13 
3.475 4.46843e-13 
3.4725 4.99575e-13 
3.48 3.5738e-13 
3.4775 3.99635e-13 
3.485 2.85718e-13 
3.4825 3.19561e-13 
3.49 2.28341e-13 
3.4875 2.55435e-13 
3.495 1.82421e-13 
3.4925 2.04102e-13 
3.5 1.45687e-13 
3.4975 1.63029e-13 
3.505 1.16313e-13 
3.5025 1.30179e-13 
3.51 9.28329e-14 
3.5075 1.03915e-13 
3.515 7.4072e-14 
3.5125 8.29263e-14 
3.52 5.90868e-14 
3.5175 6.61585e-14 
3.525 4.71215e-14 
3.5225 5.27676e-14 
3.53 3.75706e-14 
3.5275 4.2077e-14 
3.535 2.99491e-14 
3.5325 3.35449e-14 
3.54 2.38691e-14 
3.5375 2.67374e-14 
3.545 1.902e-14 
3.5425 2.13075e-14 
3.55 1.51536e-14 
3.5475 1.69774e-14 
3.555 1.20715e-14 
3.5525 1.35252e-14 
3.56 9.61497e-15 
3.5575 1.07736e-14 
3.565 7.65753e-15 
3.5625 8.58071e-15 
3.57 6.09802e-15 
3.5675 6.83349e-15 
3.575 4.85573e-15 
3.5725 5.44158e-15 
3.58 3.86628e-15 
3.5775 4.33288e-15 
3.585 3.07831e-15 
3.5825 3.44988e-15 
3.59 2.45084e-15 
3.5875 2.74672e-15 
3.595 1.95124e-15 
3.5925 2.18682e-15 
3.6 1.55347e-15 
3.5975 1.74103e-15 
3.605 1.23679e-15 
3.6025 1.38611e-15 
3.61 9.84688e-16 
3.6075 1.10356e-15 
3.615 7.83995e-16 
3.6125 8.78625e-16 
3.62 6.24231e-16 
3.6175 6.99562e-16 
3.625 4.97048e-16 
3.6225 5.57017e-16 
3.63 3.95801e-16 
3.6275 4.43541e-16 
3.635 3.15199e-16 
3.6325 3.53205e-16 
3.64 2.5103e-16 
3.6375 2.81288e-16 
3.645 1.99941e-16 
3.6425 2.24031e-16 
3.65 1.59264e-16 
3.6475 1.78445e-16 
3.655 1.26874e-16 
3.6525 1.42147e-16 
3.66 1.01081e-16 
3.6575 1.13244e-16 
3.665 8.05402e-17 
3.6625 9.02267e-17 
3.67 6.41804e-17 
3.6675 7.18954e-17 
3.675 5.11493e-17 
3.6725 5.72947e-17 
3.68 4.07686e-17 
3.6775 4.56642e-17 
3.685 3.24983e-17 
3.6825 3.63988e-17 
3.69 2.59088e-17 
3.6875 2.90166e-17 
3.695 2.06577e-17 
3.6925 2.31344e-17 
3.7 1.64728e-17 
3.6975 1.84467e-17 
3.705 1.31373e-17 
3.7025 1.47106e-17 
3.71 1.04783e-17 
3.7075 1.17325e-17 
3.715 8.35846e-18 
3.7125 9.35841e-18 
3.72 6.66823e-18 
3.7175 7.46555e-18 
3.725 5.32038e-18 
3.7225 5.95621e-18 
3.73 4.24542e-18 
3.7275 4.75253e-18 
3.735 3.38801e-18 
3.7325 3.79251e-18 
3.74 2.70404e-18 
3.7375 3.02672e-18 
3.745 2.15836e-18 
3.7425 2.41581e-18 
3.75 1.72297e-18 
3.7475 1.92839e-18 
3.755 1.37553e-18 
3.7525 1.53946e-18 
3.76 1.09825e-18 
3.7575 1.22908e-18 
3.765 8.76939e-19 
3.7625 9.81364e-19 
3.77 7.00281e-19 
3.7675 7.83638e-19 
3.775 5.59253e-19 
3.7725 6.258e-19 
3.78 4.46659e-19 
3.7775 4.9979e-19 
3.785 3.56758e-19 
3.7825 3.99181e-19 
3.79 2.84969e-19 
3.7875 3.18847e-19 
3.795 2.2764e-19 
3.7925 2.54695e-19 
3.8 1.81855e-19 
3.7975 2.03462e-19 
3.805 1.45285e-19 
3.8025 1.62544e-19 
3.81 1.16075e-19 
3.8075 1.29861e-19 
3.815 9.27417e-20 
3.8125 1.03754e-19 
3.82 7.41016e-20 
3.8175 8.28989e-20 
3.825 5.921e-20 
3.8225 6.62383e-20 
3.83 4.73124e-20 
3.8275 5.29277e-20 
3.835 3.78064e-20 
3.8325 4.2293e-20 
3.84 3.0211e-20 
3.8375 3.37958e-20 
3.845 2.41419e-20 
3.8425 2.70064e-20 
3.85 1.92922e-20 
3.8475 2.15812e-20 
3.855 1.54169e-20 
3.8525 1.7246e-20 
3.86 1.232e-20 
3.8575 1.37817e-20 
3.865 9.84523e-21 
3.8625 1.10133e-20 
3.87 7.8675e-21 
3.8675 8.80099e-21 
3.875 6.28699e-21 
3.8725 7.03299e-21 
3.88 5.02391e-21 
3.8775 5.62009e-21 
3.885 4.0145e-21 
3.8825 4.49094e-21 
3.89 3.20781e-21 
3.8875 3.58857e-21 
3.895 2.56315e-21 
3.8925 2.86743e-21 
3.9 2.04796e-21 
3.8975 2.29113e-21 
3.905 1.63626e-21 
3.9025 1.83058e-21 
3.91 1.30725e-21 
3.9075 1.46254e-21 
3.915 1.04435e-21 
3.9125 1.16844e-21 
3.92 8.34267e-22 
3.9175 9.33422e-22 
3.925 6.66401e-22 
3.9225 7.4563e-22 
3.93 5.32275e-22 
3.9275 5.95579e-22 
3.935 4.2511e-22 
3.9325 4.75688e-22 
3.94 3.39493e-22 
3.9375 3.79901e-22 
3.945 2.71094e-22 
3.9425 3.03375e-22 
3.95 2.16454e-22 
3.9475 2.42241e-22 
3.955 1.72808e-22 
3.9525 1.93406e-22 
3.96 1.37948e-22 
3.9575 1.544e-22 
3.965 1.10106e-22 
3.9625 1.23245e-22 
3.97 8.78728e-23 
3.9675 9.83649e-23 
3.975 7.0119e-23 
3.9725 7.84968e-23 
3.98 5.5944e-23 
3.9775 6.26329e-23 
3.985 4.46277e-23 
3.9825 4.99675e-23 
3.99 3.55946e-23 
3.9875 3.98568e-23 
3.995 2.8385e-23 
3.9925 3.17867e-23 
4 2.26315e-23 
3.9975 2.53461e-23 
4.005 1.80408e-23 
4.0025 2.02067e-23 
4.01 1.43784e-23 
4.0075 1.61062e-23 
4.015 1.1457e-23 
4.0125 1.28352e-23 
4.02 9.12722e-24 
4.0175 1.02263e-23 
4.025 7.26948e-24 
4.0225 8.14579e-24 
4.03 5.78845e-24 
4.0275 6.48703e-24 
4.035 4.60799e-24 
4.0325 5.16476e-24 
4.04 3.66729e-24 
4.0375 4.11095e-24 
4.045 2.91782e-24 
4.0425 3.27127e-24 
4.05 2.32085e-24 
4.0475 2.60237e-24 
4.055 1.84547e-24 
4.0525 2.06963e-24 
4.06 1.467e-24 
4.0575 1.64545e-24 
4.065 1.16578e-24 
4.0625 1.3078e-24 
4.07 9.26092e-25 
4.0675 1.03909e-24 
4.075 7.35432e-25 
4.0725 8.2531e-25 
4.08 5.83816e-25 
4.0775 6.55282e-25 
4.085 4.63285e-25 
4.0825 5.20094e-25 
4.09 3.67498e-25 
4.0875 4.1264e-25 
4.095 2.914e-25 
4.0925 3.2726e-25 
4.1 2.30966e-25 
4.0975 2.59442e-25 
4.105 1.82989e-25 
4.1025 2.05593e-25 
4.11 1.44915e-25 
4.1075 1.62851e-25 
4.115 1.14712e-25 
4.1125 1.28939e-25 
4.12 9.07628e-26 
4.1175 1.02043e-25 
4.125 7.17799e-26 
4.1225 8.07199e-26 
4.13 5.67401e-26 
4.1275 6.38223e-26 
4.135 4.48294e-26 
4.1325 5.04374e-26 
4.14 3.54011e-26 
4.1375 3.98398e-26 
4.145 2.79413e-26 
4.1425 3.14528e-26 
4.15 2.20418e-26 
4.1475 2.48185e-26 
4.155 1.73785e-26 
4.1525 1.9573e-26 
4.16 1.36943e-26 
4.1575 1.54278e-26 
4.165 1.0785e-26 
4.1625 1.21537e-26 
4.17 8.4889e-27 
4.1675 9.569e-27 
4.175 6.67773e-27 
4.1725 7.5296e-27 
4.18 5.24985e-27 
4.1775 5.92134e-27 
4.185 4.12477e-27 
4.1825 4.65378e-27 
4.19 3.2388e-27 
4.1875 3.65532e-27 
4.195 2.54153e-27 
4.1925 2.86928e-27 
4.2 1.99309e-27 
4.1975 2.25084e-27 
4.205 1.56198e-27 
4.2025 1.76456e-27 
4.21 1.22331e-27 
4.2075 1.38243e-27 
4.215 9.5743e-28 
4.2125 1.08233e-27 
4.22 7.48825e-28 
4.2175 8.46798e-28 
4.225 5.85265e-28 
4.2225 6.6207e-28 
4.23 4.5711e-28 
4.2275 5.17279e-28 
4.235 3.56763e-28 
4.2325 4.03867e-28 
4.24 2.78244e-28 
4.2375 3.15095e-28 
4.245 2.16848e-28 
4.2425 2.45657e-28 
4.25 1.68874e-28 
4.2475 1.91381e-28 
4.255 1.31416e-28 
4.2525 1.48986e-28 
4.26 1.02188e-28 
4.2575 1.15895e-28 
4.265 7.94008e-29 
4.2625 9.00853e-29 
4.27 6.1647e-29 
4.2675 6.99696e-29 
4.275 4.78255e-29 
4.2725 5.43035e-29 
4.28 3.70736e-29 
4.2775 4.21119e-29 
4.285 2.8716e-29 
4.2825 3.26315e-29 
4.29 2.22246e-29 
4.2875 2.52652e-29 
4.295 1.71867e-29 
4.2925 1.95459e-29 
4.3 1.32799e-29 
4.2975 1.5109e-29 
4.305 1.02527e-29 
4.3025 1.16697e-29 
4.31 7.90894e-30 
4.3075 9.00579e-30 
4.315 6.09586e-30 
4.3125 6.94419e-30 
4.32 4.69444e-30 
4.3175 5.35001e-30 
4.325 3.61213e-30 
4.3225 4.11831e-30 
4.33 2.77696e-30 
4.3275 3.16747e-30 
4.335 2.13304e-30 
4.3325 2.43406e-30 
4.34 1.63701e-30 
4.3375 1.86884e-30 
4.345 1.25523e-30 
4.3425 1.43362e-30 
4.35 9.61639e-31 
4.3475 1.09879e-30 
4.355 7.36063e-31 
4.3525 8.41416e-31 
4.36 5.62899e-31 
4.3575 6.43755e-31 
4.365 4.30087e-31 
4.3625 4.92086e-31 
4.37 3.28314e-31 
4.3675 3.75812e-31 
4.375 2.50396e-31 
4.3725 2.86752e-31 
4.38 1.90796e-31 
4.3775 2.18599e-31 
4.385 1.45249e-31 
4.3825 1.66491e-31 
4.39 1.10474e-31 
4.3875 1.26688e-31 
4.395 8.39459e-32 
4.3925 9.63115e-32 
4.4 6.3729e-32 
4.3975 7.31506e-32 
4.405 4.83358e-32 
4.4025 5.55076e-32 
4.41 3.66263e-32 
4.4075 4.20805e-32 
4.415 2.77273e-32 
4.4125 3.18713e-32 
4.42 2.09706e-32 
4.4175 2.41163e-32 
4.425 1.58454e-32 
4.4225 1.82309e-32 
4.43 1.19614e-32 
4.4275 1.37687e-32 
4.435 9.02075e-33 
4.4325 1.03887e-32 
4.44 6.79654e-33 
4.4375 7.83098e-33 
4.445 5.11581e-33 
4.4425 5.89728e-33 
4.45 3.84699e-33 
4.4475 4.43679e-33 
4.455 2.89006e-33 
4.4525 3.33477e-33 
4.46 2.16906e-33 
4.4575 2.50404e-33 
4.465 1.62634e-33 
4.4625 1.87842e-33 
4.47 1.21822e-33 
4.4675 1.40773e-33 
4.475 9.11626e-34 
4.4725 1.05396e-33 
4.48 6.81521e-34 
4.4775 7.88315e-34 
4.485 5.08996e-34 
4.4825 5.89045e-34 
4.49 3.79769e-34 
4.4875 4.39713e-34 
4.495 2.83071e-34 
4.4925 3.27914e-34 
4.5 2.10785e-34 
4.4975 2.44298e-34 
4.505 1.56802e-34 
4.5025 1.81823e-34 
4.51 1.16528e-34 
4.5075 1.3519e-34 
4.515 8.65122e-35 
4.5125 1.00417e-34 
4.52 6.41635e-35 
4.5175 7.45136e-35 
4.525 4.75405e-35 
4.5225 5.52368e-35 
4.53 3.51887e-35 
4.5275 4.09059e-35 
4.535 2.60199e-35 
4.5325 3.02627e-35 
4.54 1.92207e-35 
4.5375 2.23661e-35 
4.545 1.41839e-35 
4.5425 1.65134e-35 
4.55 1.04564e-35 
4.5475 1.21799e-35 
4.555 7.70071e-36 
4.5525 8.97449e-36 
4.56 5.66549e-36 
4.5575 6.60598e-36 
4.565 4.16393e-36 
4.5625 4.85762e-36 
4.57 3.05723e-36 
4.5675 3.56836e-36 
4.575 2.24238e-36 
4.5725 2.61862e-36 
4.58 1.64305e-36 
4.5775 1.9197e-36 
4.585 1.20267e-36 
4.5825 1.40589e-36 
4.59 8.79425e-37 
4.5875 1.02855e-36 
4.595 6.42403e-37 
4.5925 7.51721e-37 
4.6 4.68783e-37 
4.5975 5.48836e-37 
4.605 3.41736e-37 
4.6025 4.00299e-37 
4.61 2.48865e-37 
4.6075 2.91663e-37 
4.615 1.81047e-37 
4.6125 2.12291e-37 
4.62 1.31575e-37 
4.6175 1.54361e-37 
4.625 9.55234e-38 
4.6225 1.12123e-37 
4.63 6.92785e-38 
4.6275 8.13593e-38 
4.635 5.01926e-38 
4.6325 5.89756e-38 
4.64 3.63273e-38 
4.6375 4.27061e-38 
4.645 2.62651e-38 
4.6425 3.0893e-38 
4.65 1.89705e-38 
4.6475 2.23245e-38 
4.655 1.36876e-38 
4.6525 1.6116e-38 
4.66 9.86574e-39 
4.6575 1.1622e-38 
4.665 7.10367e-39 
4.6625 8.37259e-39 
4.67 5.1096e-39 
4.6675 6.02543e-39 
4.675 3.67149e-39 
4.6725 4.33179e-39 
4.68 2.63541e-39 
4.6775 3.11099e-39 
4.685 1.88975e-39 
4.6825 2.23192e-39 
4.69 1.35366e-39 
4.6875 1.5996e-39 
4.695 9.68652e-40 
4.6925 1.14523e-39 
4.7 6.92429e-40 
4.6975 8.19077e-40 
4.705 4.94461e-40 
4.7025 5.85204e-40 
4.71 3.52728e-40 
4.7075 4.17676e-40 
4.715 2.5136e-40 
4.7125 2.97798e-40 
4.72 1.78939e-40 
4.7175 2.12106e-40 
4.725 1.27251e-40 
4.7225 1.50916e-40 
4.73 9.03997e-41 
4.7275 1.07267e-40 
4.735 6.41539e-41 
4.7325 7.61637e-41 
4.74 4.54809e-41 
4.7375 5.4023e-41 
4.745 3.22095e-41 
4.7425 3.82789e-41 
4.75 2.27871e-41 
4.7475 2.7095e-41 
4.755 1.61043e-41 
4.7525 1.91588e-41 
4.76 1.13696e-41 
4.7575 1.35331e-41 
4.765 8.01864e-42 
4.7625 9.54942e-42 
4.77 5.64942e-42 
4.7675 6.7314e-42 
4.775 3.97609e-42 
4.7725 4.74005e-42 
4.78 2.7955e-42 
4.7775 3.33435e-42 
4.785 1.96341e-42 
4.7825 2.34308e-42 
4.79 1.37757e-42 
4.7875 1.64481e-42 
4.795 9.65528e-43 
4.7925 1.15343e-42 
4.8 6.76031e-43 
4.7975 8.08013e-43 
4.805 4.72845e-43 
4.8025 5.65451e-43 
4.81 3.30385e-43 
4.8075 3.95296e-43 
4.815 2.30607e-43 
4.8125 2.76057e-43 
4.82 1.60796e-43 
4.8175 1.92587e-43 
4.825 1.12003e-43 
4.8225 1.34216e-43 
4.83 7.79348e-44 
4.8275 9.34398e-44 
4.835 5.41733e-44 
4.8325 6.49846e-44 
4.84 3.76175e-44 
4.8375 4.51481e-44 
4.845 2.60943e-44 
4.8425 3.13343e-44 
4.85 1.80823e-44 
4.8475 2.17246e-44 
4.855 1.25173e-44 
4.8525 1.50464e-44 
4.86 8.65605e-45 
4.8575 1.04104e-44 
4.865 5.97972e-45 
4.8625 7.19536e-45 
4.87 4.12661e-45 
4.8675 4.96809e-45 
4.875 2.84484e-45 
4.8725 3.42671e-45 
4.88 1.95918e-45 
4.8775 2.36112e-45 
4.885 1.34786e-45 
4.8825 1.62521e-45 
4.89 9.26328e-46 
4.8875 1.11752e-45 
4.895 6.35973e-46 
4.8925 7.67632e-46 
4.9 4.3618e-46 
4.8975 5.26749e-46 
4.905 2.98845e-46 
4.9025 3.61083e-46 
4.91 2.0454e-46 
4.9075 2.47265e-46 
4.915 1.39851e-46 
4.9125 1.6915e-46 
4.92 9.55226e-47 
4.9175 1.15594e-46 
4.925 6.51781e-47 
4.9225 7.89141e-47 
4.93 4.44277e-47 
4.9275 5.38181e-47 
4.935 3.02527e-47 
4.9325 3.66656e-47 
4.94 2.05796e-47 
4.9375 2.49546e-47 
4.945 1.39858e-47 
4.9425 1.69672e-47 
4.95 9.49593e-48 
4.9475 1.15254e-47 
4.955 6.44235e-48 
4.9525 7.8221e-48 
4.96 4.36848e-48 
4.9575 5.30515e-48 
4.965 2.96256e-48 
4.9625 3.59717e-48 
4.97 2.01211e-48 
4.9675 2.4407e-48 
4.975 1.37275e-48 
4.9725 1.66052e-48 
4.98 9.46833e-49 
4.9775 1.1378e-48 
4.985 6.69035e-49 
4.9825 7.92524e-49 
4.99 4.9655e-49 
4.9875 5.71609e-49 
4.995 4.02711e-49 
4.9925 4.40954e-49 
5 3.7297e-49 
4.9975 3.8033e-49 
