0 1.05568e-15 
0.005 1.06106e-15 
0.0025 1.05702e-15 
0.01 1.0772e-15 
0.0075 1.06778e-15 
0.015 1.10416e-15 
0.0125 1.08933e-15 
0.02 1.14199e-15 
0.0175 1.12171e-15 
0.025 1.19079e-15 
0.0225 1.16501e-15 
0.03 1.25066e-15 
0.0275 1.21933e-15 
0.035 1.32174e-15 
0.0325 1.28479e-15 
0.04 1.40418e-15 
0.0375 1.36153e-15 
0.045 1.49812e-15 
0.0425 1.4497e-15 
0.05 1.60373e-15 
0.0475 1.54946e-15 
0.055 1.72118e-15 
0.0525 1.66097e-15 
0.06 1.85062e-15 
0.0575 1.78439e-15 
0.065 1.9922e-15 
0.0625 1.91989e-15 
0.07 2.14605e-15 
0.0675 2.06759e-15 
0.075 2.31228e-15 
0.0725 2.22761e-15 
0.08 2.49094e-15 
0.0775 2.40005e-15 
0.085 2.68207e-15 
0.0825 2.58494e-15 
0.09 2.88564e-15 
0.0875 2.7823e-15 
0.095 3.10158e-15 
0.0925 2.99207e-15 
0.1 3.32973e-15 
0.0975 3.21414e-15 
0.105 3.56987e-15 
0.1025 3.44832e-15 
0.11 3.8217e-15 
0.1075 3.69435e-15 
0.115 4.08481e-15 
0.1125 3.95187e-15 
0.12 4.35871e-15 
0.1175 4.22045e-15 
0.125 4.64278e-15 
0.1225 4.49951e-15 
0.13 4.93631e-15 
0.1275 4.78841e-15 
0.135 5.23846e-15 
0.1325 5.08637e-15 
0.14 5.54828e-15 
0.1375 5.39248e-15 
0.145 5.86466e-15 
0.1425 5.70572e-15 
0.15 6.1864e-15 
0.1475 6.02494e-15 
0.155 6.51216e-15 
0.1525 6.34887e-15 
0.16 6.84046e-15 
0.1575 6.67609e-15 
0.165 7.16972e-15 
0.1625 7.00508e-15 
0.17 7.49823e-15 
0.1675 7.33418e-15 
0.175 7.82416e-15 
0.1725 7.66163e-15 
0.18 8.14561e-15 
0.1775 7.98557e-15 
0.185 8.46057e-15 
0.1825 8.30403e-15 
0.19 8.76698e-15 
0.1875 8.61498e-15 
0.195 9.06271e-15 
0.1925 8.91631e-15 
0.2 9.34561e-15 
0.1975 9.2059e-15 
0.205 9.61352e-15 
0.2025 9.48157e-15 
0.21 9.8643e-15 
0.2075 9.74119e-15 
0.215 1.00959e-14 
0.2125 9.98262e-15 
0.22 1.03062e-14 
0.2175 1.02038e-14 
0.225 1.04934e-14 
0.2225 1.04028e-14 
0.23 1.06556e-14 
0.2275 1.05777e-14 
0.235 1.07914e-14 
0.2325 1.07269e-14 
0.24 1.08993e-14 
0.2375 1.08489e-14 
0.245 1.09782e-14 
0.2425 1.09425e-14 
0.25 1.10273e-14 
0.2475 1.10065e-14 
0.255 1.1046e-14 
0.2525 1.10405e-14 
0.26 1.10342e-14 
0.2575 1.10439e-14 
0.265 1.09919e-14 
0.2625 1.10168e-14 
0.27 1.09199e-14 
0.2675 1.09596e-14 
0.275 1.0819e-14 
0.2725 1.0873e-14 
0.28 1.06907e-14 
0.2775 1.07582e-14 
0.285 1.05368e-14 
0.2825 1.06168e-14 
0.29 1.03595e-14 
0.2875 1.04509e-14 
0.295 1.01613e-14 
0.2925 1.02628e-14 
0.3 9.94546e-15 
0.2975 1.00554e-14 
0.305 9.71515e-15 
0.3025 9.83189e-15 
0.31 9.47407e-15 
0.3075 9.59572e-15 
0.315 9.22612e-15 
0.3125 9.3507e-15 
0.32 8.97543e-15 
0.3175 9.10085e-15 
0.325 8.72623e-15 
0.3225 8.85037e-15 
0.33 8.48289e-15 
0.3275 8.60356e-15 
0.335 8.24973e-15 
0.3325 8.36476e-15 
0.34 8.03106e-15 
0.3375 8.13832e-15 
0.345 7.83109e-15 
0.3425 7.92848e-15 
0.35 7.65385e-15 
0.3475 7.73938e-15 
0.355 7.50319e-15 
0.3525 7.57497e-15 
0.36 7.38272e-15 
0.3575 7.43896e-15 
0.365 7.29581e-15 
0.3625 7.33487e-15 
0.37 7.24559e-15 
0.3675 7.26593e-15 
0.375 7.23495e-15 
0.3725 7.23515e-15 
0.38 7.26657e-15 
0.3775 7.24531e-15 
0.385 7.34297e-15 
0.3825 7.29902e-15 
0.39 7.46655e-15 
0.3875 7.39872e-15 
0.395 7.63966e-15 
0.3925 7.54677e-15 
0.4 7.86466e-15 
0.3975 7.74553e-15 
0.405 8.144e-15 
0.4025 7.99738e-15 
0.41 8.48029e-15 
0.4075 8.30485e-15 
0.415 8.8764e-15 
0.4125 8.67068e-15 
0.42 9.33555e-15 
0.4175 9.09788e-15 
0.425 9.86134e-15 
0.4225 9.58987e-15 
0.43 1.04579e-14 
0.4275 1.01505e-14 
0.435 1.113e-14 
0.4325 1.07842e-14 
0.44 1.1883e-14 
0.4375 1.1496e-14 
0.445 1.27233e-14 
0.4425 1.22918e-14 
0.45 1.36578e-14 
0.4475 1.31782e-14 
0.455 1.46948e-14 
0.4525 1.41629e-14 
0.46 1.58436e-14 
0.4575 1.52546e-14 
0.465 1.71148e-14 
0.4625 1.64632e-14 
0.47 1.85207e-14 
0.4675 1.78001e-14 
0.475 2.00749e-14 
0.4725 1.92783e-14 
0.48 2.17934e-14 
0.4775 2.09126e-14 
0.485 2.36938e-14 
0.4825 2.27196e-14 
0.49 2.57967e-14 
0.4875 2.47186e-14 
0.495 2.81251e-14 
0.4925 2.69312e-14 
0.5 3.07054e-14 
0.4975 2.9382e-14 
0.505 3.35675e-14 
0.5025 3.20992e-14 
0.51 3.67453e-14 
0.5075 3.51146e-14 
0.515 4.02775e-14 
0.5125 3.84644e-14 
0.52 4.4208e-14 
0.5175 4.21899e-14 
0.525 4.85868e-14 
0.5225 4.6338e-14 
0.53 5.34705e-14 
0.5275 5.09617e-14 
0.535 5.89236e-14 
0.5325 5.61215e-14 
0.54 6.50193e-14 
0.5375 6.18862e-14 
0.545 7.18407e-14 
0.5425 6.83336e-14 
0.55 7.94821e-14 
0.5475 7.55525e-14 
0.555 8.80507e-14 
0.5525 8.36433e-14 
0.56 9.7668e-14 
0.5575 9.272e-14 
0.565 1.08472e-13 
0.5625 1.02912e-13 
0.57 1.20618e-13 
0.5675 1.14367e-13 
0.575 1.34285e-13 
0.5725 1.2725e-13 
0.58 1.49673e-13 
0.5775 1.41751e-13 
0.585 1.6701e-13 
0.5825 1.58083e-13 
0.59 1.86554e-13 
0.5875 1.76489e-13 
0.595 2.08598e-13 
0.5925 1.97244e-13 
0.6 2.33473e-13 
0.5975 2.20659e-13 
0.605 2.61554e-13 
0.6025 2.47088e-13 
0.61 2.93268e-13 
0.6075 2.76928e-13 
0.615 3.29095e-13 
0.6125 3.10634e-13 
0.62 3.6958e-13 
0.6175 3.48718e-13 
0.625 4.15343e-13 
0.6225 3.91761e-13 
0.63 4.67083e-13 
0.6275 4.40419e-13 
0.635 5.25592e-13 
0.6325 4.95438e-13 
0.64 5.91767e-13 
0.6375 5.5766e-13 
0.645 6.66625e-13 
0.6425 6.28042e-13 
0.65 7.51317e-13 
0.6475 7.07664e-13 
0.655 8.47146e-13 
0.6525 7.97751e-13 
0.66 9.55587e-13 
0.6575 8.9969e-13 
0.665 1.07831e-12 
0.6625 1.01505e-12 
0.67 1.21721e-12 
0.6675 1.14561e-12 
0.675 1.37443e-12 
0.6725 1.29339e-12 
0.68 1.5524e-12 
0.6775 1.46066e-12 
0.685 1.75386e-12 
0.6825 1.65e-12 
0.69 1.98192e-12 
0.6875 1.86435e-12 
0.695 2.24012e-12 
0.6925 2.10701e-12 
0.7 2.53243e-12 
0.6975 2.38174e-12 
0.705 2.86338e-12 
0.7025 2.69277e-12 
0.71 3.23809e-12 
0.7075 3.04492e-12 
0.715 3.66235e-12 
0.7125 3.44364e-12 
0.72 4.14273e-12 
0.7175 3.89509e-12 
0.725 4.68665e-12 
0.7225 4.40625e-12 
0.73 5.30254e-12 
0.7275 4.98503e-12 
0.735 5.99992e-12 
0.7325 5.6404e-12 
0.74 6.78958e-12 
0.7375 6.38248e-12 
0.745 7.68375e-12 
0.7425 7.22278e-12 
0.75 8.69627e-12 
0.7475 8.17428e-12 
0.755 9.84282e-12 
0.7525 9.25173e-12 
0.76 1.11411e-11 
0.7575 1.04718e-11 
0.765 1.26113e-11 
0.7625 1.18534e-11 
0.77 1.42762e-11 
0.7675 1.34179e-11 
0.775 1.61614e-11 
0.7725 1.51895e-11 
0.78 1.82963e-11 
0.7775 1.71957e-11 
0.785 2.07138e-11 
0.7825 1.94675e-11 
0.79 2.34515e-11 
0.7875 2.20401e-11 
0.795 2.65517e-11 
0.7925 2.49534e-11 
0.8 3.00624e-11 
0.7975 2.82525e-11 
0.805 3.4038e-11 
0.8025 3.19884e-11 
0.81 3.85401e-11 
0.8075 3.62191e-11 
0.815 4.36385e-11 
0.8125 4.10101e-11 
0.82 4.94121e-11 
0.8175 4.64355e-11 
0.825 5.59503e-11 
0.8225 5.25795e-11 
0.83 6.33544e-11 
0.8275 5.95373e-11 
0.835 7.17392e-11 
0.8325 6.74165e-11 
0.84 8.12346e-11 
0.8375 7.63393e-11 
0.845 9.19876e-11 
0.8425 8.6444e-11 
0.85 1.04165e-10 
0.8475 9.7887e-11 
0.855 1.17955e-10 
0.8525 1.10846e-10 
0.86 1.33572e-10 
0.8575 1.25521e-10 
0.865 1.51258e-10 
0.8625 1.4214e-10 
0.87 1.71286e-10 
0.8675 1.6096e-10 
0.875 1.93967e-10 
0.8725 1.82274e-10 
0.88 2.19652e-10 
0.8775 2.0641e-10 
0.885 2.48741e-10 
0.8825 2.33744e-10 
0.89 2.81682e-10 
0.8875 2.64699e-10 
0.895 3.18987e-10 
0.8925 2.99755e-10 
0.9 3.61235e-10 
0.8975 3.39454e-10 
0.905 4.09079e-10 
0.9025 3.84413e-10 
0.91 4.63261e-10 
0.9075 4.35327e-10 
0.915 5.24621e-10 
0.9125 4.92987e-10 
0.92 5.94111e-10 
0.9175 5.58285e-10 
0.925 6.72806e-10 
0.9225 6.32235e-10 
0.93 7.61928e-10 
0.9275 7.15981e-10 
0.935 8.62856e-10 
0.9325 8.10823e-10 
0.94 9.77157e-10 
0.9375 9.1823e-10 
0.945 1.1066e-09 
0.9425 1.03987e-09 
0.95 1.2532e-09 
0.9475 1.17762e-09 
0.955 1.41921e-09 
0.9525 1.33362e-09 
0.96 1.60723e-09 
0.9575 1.5103e-09 
0.965 1.82016e-09 
0.9625 1.71038e-09 
0.97 2.06129e-09 
0.9675 1.93698e-09 
0.975 2.33438e-09 
0.9725 2.19359e-09 
0.98 2.64366e-09 
0.9775 2.48421e-09 
0.985 2.99391e-09 
0.9825 2.81334e-09 
0.99 3.39058e-09 
0.9875 3.18608e-09 
0.995 3.83981e-09 
0.9925 3.60821e-09 
1 4.34856e-09 
0.9975 4.08627e-09 
1.005 4.92473e-09 
1.0025 4.62769e-09 
1.01 5.57725e-09 
1.0075 5.24085e-09 
1.015 6.31624e-09 
1.0125 5.93526e-09 
1.02 7.15316e-09 
1.0175 6.72169e-09 
1.025 8.10099e-09 
1.0225 7.61234e-09 
1.03 9.17442e-09 
1.0275 8.62101e-09 
1.035 1.03901e-08 
1.0325 9.76336e-09 
1.04 1.17669e-08 
1.0375 1.10571e-08 
1.045 1.33262e-08 
1.0425 1.25223e-08 
1.05 1.50921e-08 
1.0475 1.41817e-08 
1.055 1.7092e-08 
1.0525 1.60609e-08 
1.06 1.9357e-08 
1.0575 1.81893e-08 
1.065 2.19222e-08 
1.0625 2.05997e-08 
1.07 2.48274e-08 
1.0675 2.33296e-08 
1.075 2.81176e-08 
1.0725 2.64213e-08 
1.08 3.18439e-08 
1.0775 2.99228e-08 
1.085 3.60641e-08 
1.0825 3.38884e-08 
1.09 4.08437e-08 
1.0875 3.83796e-08 
1.095 4.62568e-08 
1.0925 4.3466e-08 
1.1 5.23874e-08 
1.0975 4.92267e-08 
1.105 5.93306e-08 
1.1025 5.5751e-08 
1.11 6.71942e-08 
1.1075 6.31401e-08 
1.115 7.61002e-08 
1.1125 7.15086e-08 
1.12 8.61867e-08 
1.1175 8.09865e-08 
1.125 9.76103e-08 
1.1225 9.17208e-08 
1.13 1.10548e-07 
1.1275 1.03878e-07 
1.135 1.25202e-07 
1.1325 1.17647e-07 
1.14 1.41797e-07 
1.1375 1.33241e-07 
1.145 1.60593e-07 
1.1425 1.50903e-07 
1.15 1.81881e-07 
1.1475 1.70906e-07 
1.155 2.05992e-07 
1.1525 1.93561e-07 
1.16 2.33299e-07 
1.1575 2.1922e-07 
1.165 2.64226e-07 
1.1625 2.48281e-07 
1.17 2.99255e-07 
1.1675 2.81196e-07 
1.175 3.38928e-07 
1.1725 3.18474e-07 
1.18 3.83863e-07 
1.1775 3.60696e-07 
1.185 4.34755e-07 
1.1825 4.08517e-07 
1.19 4.92398e-07 
1.1875 4.62679e-07 
1.195 5.57684e-07 
1.1925 5.24025e-07 
1.2 6.3163e-07 
1.1975 5.93506e-07 
1.205 7.15383e-07 
1.2025 6.72203e-07 
1.21 8.10246e-07 
1.2075 7.61338e-07 
1.215 9.17692e-07 
1.2125 8.62296e-07 
1.22 1.03939e-06 
1.2175 9.76647e-07 
1.225 1.17724e-06 
1.2225 1.10617e-06 
1.23 1.33337e-06 
1.2275 1.25287e-06 
1.235 1.51022e-06 
1.2325 1.41904e-06 
1.24 1.71055e-06 
1.2375 1.60727e-06 
1.245 1.93745e-06 
1.2425 1.82046e-06 
1.25 2.19448e-06 
1.2475 2.06196e-06 
1.255 2.48562e-06 
1.2525 2.33551e-06 
1.26 2.81541e-06 
1.2575 2.64538e-06 
1.265 3.189e-06 
1.2625 2.99639e-06 
1.27 3.6122e-06 
1.2675 3.394e-06 
1.275 4.09161e-06 
1.2725 3.84443e-06 
1.28 4.63471e-06 
1.2775 4.35469e-06 
1.285 5.24997e-06 
1.2825 4.93274e-06 
1.29 5.947e-06 
1.2875 5.58761e-06 
1.295 6.73668e-06 
1.2925 6.32952e-06 
1.3 7.63138e-06 
1.2975 7.17007e-06 
1.305 8.64507e-06 
1.3025 8.1224e-06 
1.31 9.79362e-06 
1.3075 9.20141e-06 
1.315 1.1095e-05 
1.3125 1.0424e-05 
1.32 1.25697e-05 
1.3175 1.18094e-05 
1.325 1.42409e-05 
1.3225 1.33792e-05 
1.33 1.61347e-05 
1.3275 1.51581e-05 
1.335 1.82809e-05 
1.3325 1.71742e-05 
1.34 2.07135e-05 
1.3375 1.94591e-05 
1.345 2.34707e-05 
1.3425 2.20489e-05 
1.35 2.65962e-05 
1.3475 2.49845e-05 
1.355 3.01394e-05 
1.3525 2.83122e-05 
1.36 3.41564e-05 
1.3575 3.20849e-05 
1.365 3.87112e-05 
1.3625 3.63623e-05 
1.37 4.38762e-05 
1.3675 4.12125e-05 
1.375 4.97339e-05 
1.3725 4.67129e-05 
1.38 5.63781e-05 
1.3775 5.29514e-05 
1.385 6.39153e-05 
1.3825 6.00278e-05 
1.39 7.2467e-05 
1.3875 6.80561e-05 
1.395 8.21712e-05 
1.3925 7.71657e-05 
1.4 9.31853e-05 
1.3975 8.75039e-05 
1.405 0.000105689 
1.4025 9.92387e-05 
1.41 0.000119885 
1.4075 0.000112562 
1.415 0.000136009 
1.4125 0.000127691 
1.42 0.000154325 
1.4175 0.000144875 
1.425 0.000175138 
1.4225 0.000164399 
1.43 0.000198795 
1.4275 0.000186588 
1.435 0.000225694 
1.4325 0.000211812 
1.44 0.000256287 
1.4375 0.000240498 
1.445 0.000291097 
1.4425 0.00027313 
1.45 0.00033072 
1.4475 0.000310267 
1.455 0.000375841 
1.4525 0.000352547 
1.46 0.000427244 
1.4575 0.000400704 
1.465 0.000485834 
1.4625 0.000455579 
1.47 0.000552648 
1.4675 0.000518142 
1.475 0.000628881 
1.4725 0.000589506 
1.48 0.000715911 
1.4775 0.000670953 
1.485 0.000815324 
1.4825 0.000763961 
1.49 0.00092895 
1.4875 0.000870235 
1.495 0.0010589 
1.4925 0.000991741 
1.5 0.00120763 
1.4975 0.00113075 
1.505 0.00137794 
1.5025 0.00128989 
1.51 0.0015731 
1.5075 0.00147219 
1.515 0.00179689 
1.5125 0.00168116 
1.52 0.00205366 
1.5175 0.00192085 
1.525 0.00234847 
1.5225 0.00219597 
1.53 0.00268715 
1.5275 0.00251193 
1.535 0.00307644 
1.5325 0.00287501 
1.54 0.00352413 
1.5375 0.00329245 
1.545 0.00403919 
1.5425 0.00377262 
1.55 0.00463197 
1.5475 0.00432516 
1.555 0.00531436 
1.5525 0.00496115 
1.56 0.00610001 
1.5575 0.00569335 
1.565 0.00700453 
1.5625 0.00653635 
1.57 0.00804575 
1.5675 0.00750685 
1.575 0.00924393 
1.5725 0.00862386 
1.58 0.010622 
1.5775 0.00990893 
1.585 0.0122058 
1.5825 0.0113865 
1.59 0.0140244 
1.5875 0.0130838 
1.595 0.0161099 
1.5925 0.0150316 
1.6 0.0184982 
1.5975 0.0172639 
1.605 0.0212285 
1.6025 0.019818 
1.61 0.0243435 
1.6075 0.0227351 
1.615 0.0278894 
1.6125 0.0260596 
1.62 0.0319152 
1.6175 0.0298391 
1.625 0.036473 
1.6225 0.0341243 
1.63 0.041617 
1.6275 0.0389683 
1.635 0.0474027 
1.6325 0.0444261 
1.64 0.0538867 
1.6375 0.0505539 
1.645 0.0611253 
1.6425 0.0574082 
1.65 0.0691738 
1.6475 0.065045 
1.655 0.0780854 
1.6525 0.0735185 
1.66 0.0879101 
1.6575 0.0828806 
1.665 0.0986939 
1.6625 0.0931794 
1.67 0.110478 
1.6675 0.104458 
1.675 0.123296 
1.6725 0.116756 
1.68 0.137177 
1.6775 0.130102 
1.685 0.15214 
1.6825 0.144522 
1.69 0.168196 
1.6875 0.160031 
1.695 0.185347 
1.6925 0.176635 
1.7 0.203582 
1.6975 0.19433 
1.705 0.222881 
1.7025 0.2131 
1.71 0.24321 
1.7075 0.232919 
1.715 0.264524 
1.7125 0.253747 
1.72 0.286763 
1.7175 0.275532 
1.725 0.309855 
1.7225 0.298207 
1.73 0.333715 
1.7275 0.321695 
1.735 0.358246 
1.7325 0.345903 
1.74 0.383339 
1.7375 0.370729 
1.745 0.408879 
1.7425 0.396061 
1.75 0.434739 
1.7475 0.421777 
1.755 0.460789 
1.7525 0.447748 
1.76 0.486897 
1.7575 0.473844 
1.765 0.51293 
1.7625 0.499931 
1.77 0.538758 
1.7675 0.525878 
1.775 0.564253 
1.7725 0.551554 
1.78 0.589299 
1.7775 0.576839 
1.785 0.613786 
1.7825 0.601619 
1.79 0.637615 
1.7875 0.625788 
1.795 0.660701 
1.7925 0.649256 
1.8 0.68297 
1.7975 0.671942 
1.805 0.704363 
1.8025 0.693779 
1.81 0.724831 
1.8075 0.714715 
1.815 0.744342 
1.8125 0.734708 
1.82 0.762873 
1.8175 0.753731 
1.825 0.780415 
1.8225 0.771768 
1.83 0.796968 
1.8275 0.788815 
1.835 0.812539 
1.8325 0.804875 
1.84 0.827147 
1.8375 0.819962 
1.845 0.840816 
1.8425 0.834097 
1.85 0.853574 
1.8475 0.847307 
1.855 0.865455 
1.8525 0.859622 
1.86 0.876495 
1.8575 0.871078 
1.865 0.886736 
1.8625 0.881713 
1.87 0.896216 
1.8675 0.891568 
1.875 0.904979 
1.8725 0.900685 
1.88 0.913065 
1.8775 0.909104 
1.885 0.920517 
1.8825 0.916868 
1.89 0.927375 
1.8875 0.924018 
1.895 0.93368 
1.8925 0.930594 
1.9 0.939468 
1.8975 0.936636 
1.905 0.944779 
1.9025 0.942181 
1.91 0.949645 
1.9075 0.947265 
1.915 0.954101 
1.9125 0.951922 
1.92 0.958178 
1.9175 0.956185 
1.925 0.961906 
1.9225 0.960084 
1.93 0.965312 
1.9275 0.963648 
1.935 0.968423 
1.9325 0.966903 
1.94 0.971262 
1.9375 0.969875 
1.945 0.973852 
1.9425 0.972587 
1.95 0.976214 
1.9475 0.97506 
1.955 0.978366 
1.9525 0.977315 
1.96 0.980327 
1.9575 0.97937 
1.965 0.982114 
1.9625 0.981242 
1.97 0.98374 
1.9675 0.982946 
1.975 0.985221 
1.9725 0.984498 
1.98 0.986569 
1.9775 0.985911 
1.985 0.987795 
1.9825 0.987196 
1.99 0.98891 
1.9875 0.988365 
1.995 0.989924 
1.9925 0.989429 
2 0.990846 
1.9975 0.990396 
2.005 0.991685 
2.0025 0.991276 
2.01 0.992447 
2.0075 0.992075 
2.015 0.99314 
2.0125 0.992802 
2.02 0.993769 
2.0175 0.993462 
2.025 0.994342 
2.0225 0.994062 
2.03 0.994861 
2.0275 0.994608 
2.035 0.995334 
2.0325 0.995103 
2.04 0.995763 
2.0375 0.995553 
2.045 0.996152 
2.0425 0.995962 
2.05 0.996506 
2.0475 0.996334 
2.055 0.996828 
2.0525 0.996671 
2.06 0.99712 
2.0575 0.996977 
2.065 0.997385 
2.0625 0.997256 
2.07 0.997626 
2.0675 0.997508 
2.075 0.997845 
2.0725 0.997738 
2.08 0.998043 
2.0775 0.997946 
2.085 0.998223 
2.0825 0.998135 
2.09 0.998387 
2.0875 0.998307 
2.095 0.998536 
2.0925 0.998463 
2.1 0.998671 
2.0975 0.998605 
2.105 0.998793 
2.1025 0.998733 
2.11 0.998904 
2.1075 0.99885 
2.115 0.999005 
2.1125 0.998956 
2.12 0.999097 
2.1175 0.999052 
2.125 0.99918 
2.1225 0.99914 
2.13 0.999256 
2.1275 0.999219 
2.135 0.999324 
2.1325 0.999291 
2.14 0.999386 
2.1375 0.999356 
2.145 0.999443 
2.1425 0.999415 
2.15 0.999494 
2.1475 0.999469 
2.155 0.99954 
2.1525 0.999518 
2.16 0.999583 
2.1575 0.999562 
2.165 0.999621 
2.1625 0.999602 
2.17 0.999655 
2.1675 0.999638 
2.175 0.999687 
2.1725 0.999672 
2.18 0.999715 
2.1775 0.999701 
2.185 0.999741 
2.1825 0.999729 
2.19 0.999765 
2.1875 0.999753 
2.195 0.999786 
2.1925 0.999775 
2.2 0.999805 
2.1975 0.999796 
2.205 0.999822 
2.2025 0.999814 
2.21 0.999838 
2.2075 0.99983 
2.215 0.999852 
2.2125 0.999845 
2.22 0.999865 
2.2175 0.999859 
2.225 0.999876 
2.2225 0.999871 
2.23 0.999887 
2.2275 0.999882 
2.235 0.999896 
2.2325 0.999892 
2.24 0.999904 
2.2375 0.9999 
2.245 0.999912 
2.2425 0.999908 
2.25 0.999918 
2.2475 0.999915 
2.255 0.999924 
2.2525 0.999921 
2.26 0.999929 
2.2575 0.999927 
2.265 0.999934 
2.2625 0.999932 
2.27 0.999938 
2.2675 0.999936 
2.275 0.999941 
2.2725 0.99994 
2.28 0.999944 
2.2775 0.999943 
2.285 0.999946 
2.2825 0.999945 
2.29 0.999948 
2.2875 0.999947 
2.295 0.999949 
2.2925 0.999949 
2.3 0.99995 
2.2975 0.99995 
2.305 0.99995 
2.3025 0.99995 
2.31 0.99995 
2.3075 0.99995 
2.315 0.99995 
2.3125 0.99995 
2.32 0.999949 
2.3175 0.999949 
2.325 0.999947 
2.3225 0.999948 
2.33 0.999945 
2.3275 0.999946 
2.335 0.999943 
2.3325 0.999944 
2.34 0.99994 
2.3375 0.999942 
2.345 0.999937 
2.3425 0.999938 
2.35 0.999933 
2.3475 0.999935 
2.355 0.999928 
2.3525 0.99993 
2.36 0.999923 
2.3575 0.999925 
2.365 0.999917 
2.3625 0.99992 
2.37 0.99991 
2.3675 0.999914 
2.375 0.999903 
2.3725 0.999906 
2.38 0.999894 
2.3775 0.999899 
2.385 0.999885 
2.3825 0.99989 
2.39 0.999875 
2.3875 0.99988 
2.395 0.999864 
2.3925 0.999869 
2.4 0.999851 
2.3975 0.999857 
2.405 0.999837 
2.4025 0.999844 
2.41 0.999822 
2.4075 0.99983 
2.415 0.999805 
2.4125 0.999814 
2.42 0.999787 
2.4175 0.999796 
2.425 0.999766 
2.4225 0.999777 
2.43 0.999744 
2.4275 0.999755 
2.435 0.999719 
2.4325 0.999732 
2.44 0.999692 
2.4375 0.999706 
2.445 0.999662 
2.4425 0.999678 
2.45 0.99963 
2.4475 0.999646 
2.455 0.999594 
2.4525 0.999612 
2.46 0.999554 
2.4575 0.999575 
2.465 0.999511 
2.4625 0.999533 
2.47 0.999463 
2.4675 0.999488 
2.475 0.999411 
2.4725 0.999438 
2.48 0.999354 
2.4775 0.999383 
2.485 0.999291 
2.4825 0.999323 
2.49 0.999221 
2.4875 0.999257 
2.495 0.999145 
2.4925 0.999184 
2.5 0.999062 
2.4975 0.999105 
2.505 0.99897 
2.5025 0.999017 
2.51 0.99887 
2.5075 0.998921 
2.515 0.998759 
2.5125 0.998816 
2.52 0.998638 
2.5175 0.9987 
2.525 0.998505 
2.5225 0.998573 
2.53 0.998359 
2.5275 0.998433 
2.535 0.998198 
2.5325 0.99828 
2.54 0.998022 
2.5375 0.998112 
2.545 0.997829 
2.5425 0.997928 
2.55 0.997617 
2.5475 0.997726 
2.555 0.997385 
2.5525 0.997504 
2.56 0.997129 
2.5575 0.99726 
2.565 0.996849 
2.5625 0.996992 
2.57 0.996541 
2.5675 0.996699 
2.575 0.996204 
2.5725 0.996376 
2.58 0.995833 
2.5775 0.996023 
2.585 0.995427 
2.5825 0.995635 
2.59 0.994981 
2.5875 0.995209 
2.595 0.994492 
2.5925 0.994742 
2.6 0.993955 
2.5975 0.99423 
2.605 0.993367 
2.6025 0.993668 
2.61 0.992721 
2.6075 0.993052 
2.615 0.992013 
2.6125 0.992375 
2.62 0.991237 
2.6175 0.991634 
2.625 0.990385 
2.6225 0.990821 
2.63 0.989452 
2.6275 0.98993 
2.635 0.988429 
2.6325 0.988952 
2.64 0.987308 
2.6375 0.987881 
2.645 0.986079 
2.6425 0.986707 
2.65 0.984733 
2.6475 0.985421 
2.655 0.983258 
2.6525 0.984012 
2.66 0.981643 
2.6575 0.982469 
2.665 0.979876 
2.6625 0.98078 
2.67 0.977941 
2.6675 0.97893 
2.675 0.975823 
2.6725 0.976906 
2.68 0.973508 
2.6775 0.974692 
2.685 0.970976 
2.6825 0.97227 
2.69 0.968209 
2.6875 0.969623 
2.695 0.965186 
2.6925 0.966731 
2.7 0.961886 
2.6975 0.963572 
2.705 0.958284 
2.7025 0.960124 
2.71 0.954357 
2.7075 0.956363 
2.715 0.950076 
2.7125 0.952262 
2.72 0.945414 
2.7175 0.947795 
2.725 0.940342 
2.7225 0.942931 
2.73 0.934827 
2.7275 0.937642 
2.735 0.928837 
2.7325 0.931893 
2.74 0.922338 
2.7375 0.925653 
2.745 0.915294 
2.7425 0.918886 
2.75 0.90767 
2.7475 0.911557 
2.755 0.899428 
2.7525 0.903628 
2.76 0.890533 
2.7575 0.895065 
2.765 0.880947 
2.7625 0.885828 
2.77 0.870634 
2.7675 0.875884 
2.775 0.859561 
2.7725 0.865195 
2.78 0.847696 
2.7775 0.85373 
2.785 0.835008 
2.7825 0.841456 
2.79 0.821473 
2.7875 0.828348 
2.795 0.80707 
2.7925 0.814381 
2.8 0.791783 
2.7975 0.799538 
2.805 0.775606 
2.8025 0.783806 
2.81 0.758536 
2.8075 0.767182 
2.815 0.740582 
2.8125 0.749669 
2.82 0.721761 
2.8175 0.731278 
2.825 0.7021 
2.8225 0.712034 
2.83 0.681638 
2.8275 0.691967 
2.835 0.660423 
2.8325 0.671121 
2.84 0.638515 
2.8375 0.649551 
2.845 0.615983 
2.8425 0.627322 
2.85 0.592908 
2.8475 0.604508 
2.855 0.569379 
2.8525 0.581194 
2.86 0.545493 
2.8575 0.557474 
2.865 0.521352 
2.8625 0.533448 
2.87 0.497066 
2.8675 0.50922 
2.875 0.472743 
2.8725 0.484902 
2.88 0.448494 
2.8775 0.460602 
2.885 0.424431 
2.8825 0.436433 
2.89 0.400657 
2.8875 0.412501 
2.895 0.377276 
2.8925 0.388911 
2.9 0.35438 
2.8975 0.365761 
2.905 0.332055 
2.9025 0.343141 
2.91 0.310379 
2.9075 0.321132 
2.915 0.289418 
2.9125 0.299806 
2.92 0.269229 
2.9175 0.279224 
2.925 0.249855 
2.9225 0.259438 
2.93 0.231333 
2.9275 0.240486 
2.935 0.213687 
2.9325 0.222399 
2.94 0.196931 
2.9375 0.205197 
2.945 0.181072 
2.9425 0.188889 
2.95 0.166108 
2.9475 0.173479 
2.955 0.152029 
2.9525 0.158959 
2.96 0.138821 
2.9575 0.145318 
2.965 0.126463 
2.9625 0.132537 
2.97 0.11493 
2.9675 0.120595 
2.975 0.104194 
2.9725 0.109464 
2.98 0.0942254 
2.9775 0.0991159 
2.985 0.0849914 
2.9825 0.0895186 
2.99 0.0764587 
2.9875 0.0806395 
2.995 0.0685937 
2.9925 0.0724449 
3 0.0613623 
2.9975 0.0649009 
3.005 0.054731 
3.0025 0.0579737 
3.01 0.0486667 
3.0075 0.05163 
3.015 0.0431372 
3.0125 0.0458371 
3.02 0.0381107 
3.0175 0.040563 
3.025 0.0335568 
3.0225 0.0357766 
3.03 0.0294456 
3.0275 0.0314477 
3.035 0.0257479 
3.0325 0.0275468 
3.04 0.0224355 
3.0375 0.0240453 
3.045 0.0194805 
3.0425 0.020915 
3.05 0.0168558 
3.0475 0.0181285 
3.055 0.0145349 
3.0525 0.015659 
3.06 0.0124919 
3.0575 0.0134802 
3.065 0.0107016 
3.0625 0.0115667 
3.07 0.00913974 
3.0675 0.00989357 
3.075 0.00778316 
3.0725 0.0084372 
3.08 0.0066098 
3.0775 0.0071749 
3.085 0.00559895 
3.0825 0.0060853 
3.09 0.00473139 
3.0875 0.0051484 
3.095 0.00398942 
3.0925 0.00434575 
3.1 0.00335692 
3.0975 0.00366043 
3.105 0.00281936 
3.1025 0.00307712 
3.11 0.00236374 
3.1075 0.00258206 
3.115 0.00197854 
3.1125 0.002163 
3.12 0.00165362 
3.1175 0.00180912 
3.125 0.00138011 
3.1225 0.00151094 
3.13 0.00115033 
3.1275 0.0012602 
3.135 0.00095762 
3.1325 0.00104972 
3.14 0.000796257 
3.1375 0.000873343 
3.145 0.000661344 
3.1425 0.000725771 
3.15 0.000548701 
3.1475 0.000602474 
3.155 0.000454774 
3.1525 0.000499598 
3.16 0.000376548 
3.1575 0.000413868 
3.165 0.000311474 
3.1625 0.00034251 
3.17 0.0002574 
3.1675 0.000283183 
3.175 0.000212514 
3.1725 0.00023391 
3.18 0.000175293 
3.1775 0.000193031 
3.185 0.000144459 
3.1825 0.000159149 
3.19 0.00011894 
3.1875 0.000131095 
3.195 9.78412e-05 
3.1925 0.000107888 
3.2 8.04122e-05 
3.1975 8.87096e-05 
3.205 6.60285e-05 
3.2025 7.28744e-05 
3.21 5.41689e-05 
3.2075 5.98121e-05 
3.215 4.43993e-05 
3.2125 4.90469e-05 
3.22 3.63589e-05 
3.2175 4.0183e-05 
3.225 2.97476e-05 
3.2225 3.28912e-05 
3.23 2.43163e-05 
3.2275 2.68982e-05 
3.235 1.98585e-05 
3.2325 2.19771e-05 
3.24 1.6203e-05 
3.2375 1.79399e-05 
3.245 1.32083e-05 
3.2425 1.46309e-05 
3.25 1.07571e-05 
3.2475 1.19212e-05 
3.255 8.75264e-06 
3.2525 9.70437e-06 
3.26 7.11502e-06 
3.2575 7.89239e-06 
3.265 5.77837e-06 
3.2625 6.41271e-06 
3.27 4.68839e-06 
3.2675 5.20554e-06 
3.275 3.8004e-06 
3.2725 4.22161e-06 
3.28 3.07765e-06 
3.2775 3.42039e-06 
3.285 2.48997e-06 
3.2825 2.76859e-06 
3.29 2.01256e-06 
3.2875 2.23884e-06 
3.295 1.62511e-06 
3.2925 1.8087e-06 
3.3 1.31097e-06 
3.2975 1.45979e-06 
3.305 1.05652e-06 
3.3025 1.17703e-06 
3.31 8.50622e-07 
3.3075 9.48114e-07 
3.315 6.84174e-07 
3.3125 7.62965e-07 
3.32 5.4975e-07 
3.3175 6.13366e-07 
3.325 4.41298e-07 
3.3225 4.92609e-07 
3.33 3.53887e-07 
3.3275 3.95232e-07 
3.335 2.83505e-07 
3.3325 3.16786e-07 
3.34 2.26892e-07 
3.3375 2.53655e-07 
3.345 1.814e-07 
3.3425 2.02901e-07 
3.35 1.44883e-07 
3.3475 1.62137e-07 
3.355 1.15599e-07 
3.3525 1.29432e-07 
3.36 9.21395e-08 
3.3575 1.03218e-07 
3.365 7.33657e-08 
3.3625 8.22289e-08 
3.37 5.83571e-08 
3.3675 6.54408e-08 
3.375 4.63709e-08 
3.3725 5.20266e-08 
3.38 3.68086e-08 
3.3775 4.13193e-08 
3.385 2.91878e-08 
3.3825 3.27817e-08 
3.39 2.31208e-08 
3.3875 2.59812e-08 
3.395 1.82958e-08 
3.3925 2.05699e-08 
3.4 1.44626e-08 
3.3975 1.62688e-08 
3.405 1.14205e-08 
3.4025 1.28535e-08 
3.41 9.0088e-09 
3.4075 1.01445e-08 
3.415 7.09892e-09 
3.4125 7.99809e-09 
3.42 5.58804e-09 
3.4175 6.29916e-09 
3.425 4.39408e-09 
3.4225 4.95588e-09 
3.43 3.45157e-09 
3.4275 3.89492e-09 
3.435 2.70834e-09 
3.4325 3.05786e-09 
3.44 2.1229e-09 
3.4375 2.39814e-09 
3.445 1.66224e-09 
3.4425 1.87875e-09 
3.45 1.30015e-09 
3.4475 1.47028e-09 
3.455 1.01585e-09 
3.4525 1.14939e-09 
3.46 7.92869e-10 
3.4575 8.9758e-10 
3.465 6.1817e-10 
3.4625 7.00184e-10 
3.47 4.81447e-10 
3.4675 5.45615e-10 
3.475 3.74562e-10 
3.4725 4.24711e-10 
3.48 2.91092e-10 
3.4775 3.30244e-10 
3.485 2.2598e-10 
3.4825 2.56512e-10 
3.49 1.75244e-10 
3.4875 1.99028e-10 
3.495 1.35752e-10 
3.4925 1.54259e-10 
3.5 1.05046e-10 
3.4975 1.19432e-10 
3.505 8.11981e-11 
3.5025 9.23678e-11 
3.51 6.26962e-11 
3.5075 7.13594e-11 
3.515 4.83579e-11 
3.5125 5.50696e-11 
3.52 3.72583e-11 
3.5175 4.24525e-11 
3.525 2.86753e-11 
3.5225 3.26906e-11 
3.53 2.20456e-11 
3.5275 2.51462e-11 
3.535 1.69303e-11 
3.5325 1.9322e-11 
3.54 1.29878e-11 
3.5375 1.48306e-11 
3.545 9.95263e-12 
3.5425 1.13709e-11 
3.55 7.61846e-12 
3.5475 8.70884e-12 
3.555 5.82539e-12 
3.5525 6.66276e-12 
3.56 4.4495e-12 
3.5575 5.09186e-12 
3.565 3.39489e-12 
3.5625 3.88711e-12 
3.57 2.58743e-12 
3.5675 2.96419e-12 
3.575 1.96988e-12 
3.5725 2.25794e-12 
3.58 1.4981e-12 
3.5775 1.7181e-12 
3.585 1.13807e-12 
3.5825 1.30591e-12 
3.59 8.6363e-13 
3.5875 9.91531e-13 
3.595 6.54658e-13 
3.5925 7.52019e-13 
3.6 4.95713e-13 
3.5975 5.69744e-13 
3.605 3.74953e-13 
3.6025 4.31183e-13 
3.61 2.83304e-13 
3.6075 3.25966e-13 
3.615 2.13825e-13 
3.6125 2.46158e-13 
3.62 1.61212e-13 
3.6175 1.85689e-13 
3.625 1.21413e-13 
3.6225 1.39923e-13 
3.63 9.13414e-14 
3.6275 1.05323e-13 
3.635 6.86439e-14 
3.6325 7.91939e-14 
3.64 5.15311e-14 
3.6375 5.9483e-14 
3.645 3.86431e-14 
3.6425 4.46301e-14 
3.65 2.89475e-14 
3.6475 3.34501e-14 
3.655 2.16613e-14 
3.6525 2.5044e-14 
3.66 1.61919e-14 
3.6575 1.87304e-14 
3.665 1.20907e-14 
3.6625 1.39936e-14 
3.67 9.01867e-15 
3.6675 1.04436e-14 
3.675 6.72013e-15 
3.6725 7.78602e-15 
3.68 5.00216e-15 
3.6775 5.7986e-15 
3.685 3.71949e-15 
3.6825 4.31395e-15 
3.69 2.76285e-15 
3.6875 3.20608e-15 
3.695 2.05014e-15 
3.6925 2.38026e-15 
3.7 1.51972e-15 
3.6975 1.76533e-15 
3.705 1.12538e-15 
3.7025 1.30793e-15 
3.71 8.32523e-16 
3.7075 9.68056e-16 
3.715 6.15258e-16 
3.7125 7.15779e-16 
3.72 4.54242e-16 
3.7175 5.28718e-16 
3.725 3.35035e-16 
3.7225 3.90158e-16 
3.73 2.46872e-16 
3.7275 2.87628e-16 
3.735 1.81735e-16 
3.7325 2.11839e-16 
3.74 1.33658e-16 
3.7375 1.55871e-16 
3.745 9.82089e-17 
3.7425 1.14583e-16 
3.75 7.20962e-17 
3.7475 8.41547e-17 
3.755 5.28797e-17 
3.7525 6.17513e-17 
3.76 3.87517e-17 
3.7575 4.52725e-17 
3.765 2.83746e-17 
3.7625 3.3163e-17 
3.77 2.07595e-17 
3.7675 2.42725e-17 
3.775 1.51764e-17 
3.7725 1.77513e-17 
3.78 1.10865e-17 
3.7775 1.29723e-17 
3.785 8.09319e-18 
3.7825 9.47311e-18 
3.79 5.90416e-18 
3.7875 6.91307e-18 
3.795 4.3046e-18 
3.7925 5.04167e-18 
3.8 3.13665e-18 
3.7975 3.67473e-18 
3.805 2.28448e-18 
3.8025 2.67701e-18 
3.81 1.66311e-18 
3.8075 1.94928e-18 
3.815 1.21033e-18 
3.8125 1.41882e-18 
3.82 8.80587e-19 
3.8175 1.0324e-18 
3.825 6.40563e-19 
3.8225 7.51055e-19 
3.83 4.65928e-19 
3.8275 5.4631e-19 
3.835 3.38914e-19 
3.8325 3.97371e-19 
3.84 2.46562e-19 
3.8375 2.89064e-19 
3.845 1.79427e-19 
3.8425 2.10323e-19 
3.85 1.30628e-19 
3.8475 1.53085e-19 
3.855 9.51555e-20 
3.8525 1.1148e-19 
3.86 6.93676e-20 
3.8575 8.12358e-20 
3.865 5.06151e-20 
3.8625 5.92463e-20 
3.87 3.6973e-20 
3.8675 4.32528e-20 
3.875 2.7043e-20 
3.8725 3.16149e-20 
3.88 1.98098e-20 
3.8775 2.31408e-20 
3.885 1.45362e-20 
3.8825 1.69654e-20 
3.89 1.06871e-20 
3.8875 1.24607e-20 
3.895 7.87407e-21 
3.8925 9.17077e-21 
3.9 5.81513e-21 
3.8975 6.76463e-21 
3.905 4.30555e-21 
3.9025 5.00205e-21 
3.91 3.19661e-21 
3.9075 3.70854e-21 
3.915 2.38023e-21 
3.9125 2.75733e-21 
3.92 1.7778e-21 
3.9175 2.05626e-21 
3.925 1.33212e-21 
3.9225 1.53827e-21 
3.93 1.00147e-21 
3.9275 1.15453e-21 
3.935 7.55448e-22 
3.9325 8.69429e-22 
3.94 5.71821e-22 
3.9375 6.56968e-22 
3.945 4.34318e-22 
3.9425 4.98134e-22 
3.95 3.31007e-22 
3.9475 3.78998e-22 
3.955 2.53118e-22 
3.9525 2.89333e-22 
3.96 1.94191e-22 
3.9575 2.21615e-22 
3.965 1.49453e-22 
3.9625 1.70294e-22 
3.97 1.1537e-22 
3.9675 1.31262e-22 
3.975 8.93153e-23 
3.9725 1.01475e-22 
3.98 6.9331e-23 
3.9775 7.86655e-23 
3.985 5.39536e-23 
3.9825 6.11423e-23 
3.99 4.20845e-23 
3.9875 4.76375e-23 
3.995 3.28966e-23 
3.9925 3.71985e-23 
4 2.57646e-23 
3.9975 2.91062e-23 
4.005 2.02142e-23 
4.0025 2.28165e-23 
4.01 1.58846e-23 
4.0075 1.79157e-23 
4.015 1.24997e-23 
4.0125 1.40885e-23 
4.02 9.84824e-24 
4.0175 1.10934e-23 
4.025 7.76757e-24 
4.0225 8.74514e-24 
4.03 6.13218e-24 
4.0275 6.90085e-24 
4.035 4.84494e-24 
4.0325 5.45019e-24 
4.04 3.83047e-24 
4.0375 4.30761e-24 
4.045 3.03008e-24 
4.0425 3.40663e-24 
4.05 2.398e-24 
4.0475 2.69544e-24 
4.055 1.89843e-24 
4.0525 2.13356e-24 
4.06 1.50332e-24 
4.0575 1.68931e-24 
4.065 1.19066e-24 
4.0625 1.33786e-24 
4.07 9.43119e-25 
4.0675 1.05967e-24 
4.075 7.47073e-25 
4.0725 8.3939e-25 
4.08 5.91766e-25 
4.0775 6.64903e-25 
4.085 4.68709e-25 
4.0825 5.26661e-25 
4.09 3.71194e-25 
4.0875 4.17118e-25 
4.095 2.93917e-25 
4.0925 3.3031e-25 
4.1 2.32677e-25 
4.0975 2.61518e-25 
4.105 1.84152e-25 
4.1025 2.07004e-25 
4.11 1.45704e-25 
4.1075 1.6381e-25 
4.115 1.15247e-25 
4.1125 1.29589e-25 
4.12 9.11253e-26 
4.1175 1.02483e-25 
4.125 7.20252e-26 
4.1225 8.10181e-26 
4.13 5.69058e-26 
4.1275 6.40239e-26 
4.135 4.49413e-26 
4.1325 5.05736e-26 
4.14 3.54766e-26 
4.1375 3.99317e-26 
4.145 2.79922e-26 
4.1425 3.15148e-26 
4.15 2.2076e-26 
4.1475 2.48602e-26 
4.155 1.74015e-26 
4.1525 1.96011e-26 
4.16 1.37097e-26 
4.1575 1.54467e-26 
4.165 1.07954e-26 
4.1625 1.21664e-26 
4.17 8.49587e-27 
4.1675 9.57751e-27 
4.175 6.68239e-27 
4.1725 7.5353e-27 
4.18 5.25297e-27 
4.1775 5.92515e-27 
4.185 4.12686e-27 
4.1825 4.65633e-27 
4.19 3.24019e-27 
4.1875 3.65702e-27 
4.195 2.54246e-27 
4.1925 2.87042e-27 
4.2 1.99371e-27 
4.1975 2.2516e-27 
4.205 1.56239e-27 
4.2025 1.76506e-27 
4.21 1.22359e-27 
4.2075 1.38276e-27 
4.215 9.57612e-28 
4.2125 1.08255e-27 
4.22 7.48946e-28 
4.2175 8.46947e-28 
4.225 5.85346e-28 
4.2225 6.62168e-28 
4.23 4.57163e-28 
4.2275 5.17344e-28 
4.235 3.56798e-28 
4.2325 4.0391e-28 
4.24 2.78267e-28 
4.2375 3.15124e-28 
4.245 2.16863e-28 
4.2425 2.45676e-28 
4.25 1.68884e-28 
4.2475 1.91393e-28 
4.255 1.31422e-28 
4.2525 1.48994e-28 
4.26 1.02193e-28 
4.2575 1.159e-28 
4.265 7.94037e-29 
4.2625 9.00889e-29 
4.27 6.16489e-29 
4.2675 6.9972e-29 
4.275 4.78268e-29 
4.2725 5.4305e-29 
4.28 3.70745e-29 
4.2775 4.21129e-29 
4.285 2.87166e-29 
4.2825 3.26322e-29 
4.29 2.2225e-29 
4.2875 2.52656e-29 
4.295 1.71869e-29 
4.2925 1.95462e-29 
4.3 1.328e-29 
4.2975 1.51092e-29 
4.305 1.02528e-29 
4.3025 1.16698e-29 
4.31 7.909e-30 
4.3075 9.00587e-30 
4.315 6.0959e-30 
4.3125 6.94424e-30 
4.32 4.69447e-30 
4.3175 5.35004e-30 
4.325 3.61215e-30 
4.3225 4.11833e-30 
4.33 2.77697e-30 
4.3275 3.16748e-30 
4.335 2.13305e-30 
4.3325 2.43406e-30 
4.34 1.63702e-30 
4.3375 1.86885e-30 
4.345 1.25523e-30 
4.3425 1.43362e-30 
4.35 9.61641e-31 
4.3475 1.09879e-30 
4.355 7.36065e-31 
4.3525 8.41418e-31 
4.36 5.629e-31 
4.3575 6.43756e-31 
4.365 4.30087e-31 
4.3625 4.92087e-31 
4.37 3.28314e-31 
4.3675 3.75812e-31 
4.375 2.50396e-31 
4.3725 2.86752e-31 
4.38 1.90797e-31 
4.3775 2.18599e-31 
4.385 1.45249e-31 
4.3825 1.66491e-31 
4.39 1.10474e-31 
4.3875 1.26688e-31 
4.395 8.3946e-32 
4.3925 9.63115e-32 
4.4 6.3729e-32 
4.3975 7.31506e-32 
4.405 4.83358e-32 
4.4025 5.55076e-32 
4.41 3.66263e-32 
4.4075 4.20805e-32 
4.415 2.77273e-32 
4.4125 3.18713e-32 
4.42 2.09706e-32 
4.4175 2.41163e-32 
4.425 1.58454e-32 
4.4225 1.82309e-32 
4.43 1.19614e-32 
4.4275 1.37687e-32 
4.435 9.02075e-33 
4.4325 1.03887e-32 
4.44 6.79654e-33 
4.4375 7.83098e-33 
4.445 5.11581e-33 
4.4425 5.89728e-33 
4.45 3.84699e-33 
4.4475 4.43679e-33 
4.455 2.89006e-33 
4.4525 3.33477e-33 
4.46 2.16906e-33 
4.4575 2.50404e-33 
4.465 1.62634e-33 
4.4625 1.87842e-33 
4.47 1.21822e-33 
4.4675 1.40773e-33 
4.475 9.11626e-34 
4.4725 1.05396e-33 
4.48 6.81521e-34 
4.4775 7.88315e-34 
4.485 5.08996e-34 
4.4825 5.89045e-34 
4.49 3.79769e-34 
4.4875 4.39713e-34 
4.495 2.83071e-34 
4.4925 3.27914e-34 
4.5 2.10785e-34 
4.4975 2.44298e-34 
4.505 1.56802e-34 
4.5025 1.81823e-34 
4.51 1.16528e-34 
4.5075 1.3519e-34 
4.515 8.65122e-35 
4.5125 1.00417e-34 
4.52 6.41635e-35 
4.5175 7.45136e-35 
4.525 4.75405e-35 
4.5225 5.52368e-35 
4.53 3.51887e-35 
4.5275 4.09059e-35 
4.535 2.60199e-35 
4.5325 3.02627e-35 
4.54 1.92207e-35 
4.5375 2.23661e-35 
4.545 1.41839e-35 
4.5425 1.65134e-35 
4.55 1.04564e-35 
4.5475 1.21799e-35 
4.555 7.70071e-36 
4.5525 8.97449e-36 
4.56 5.66549e-36 
4.5575 6.60598e-36 
4.565 4.16393e-36 
4.5625 4.85762e-36 
4.57 3.05723e-36 
4.5675 3.56836e-36 
4.575 2.24238e-36 
4.5725 2.61862e-36 
4.58 1.64305e-36 
4.5775 1.9197e-36 
4.585 1.20267e-36 
4.5825 1.40589e-36 
4.59 8.79425e-37 
4.5875 1.02855e-36 
4.595 6.42403e-37 
4.5925 7.51721e-37 
4.6 4.68783e-37 
4.5975 5.48836e-37 
4.605 3.41736e-37 
4.6025 4.00299e-37 
4.61 2.48865e-37 
4.6075 2.91663e-37 
4.615 1.81047e-37 
4.6125 2.12291e-37 
4.62 1.31575e-37 
4.6175 1.54361e-37 
4.625 9.55234e-38 
4.6225 1.12123e-37 
4.63 6.92785e-38 
4.6275 8.13593e-38 
4.635 5.01926e-38 
4.6325 5.89756e-38 
4.64 3.63273e-38 
4.6375 4.27061e-38 
4.645 2.62651e-38 
4.6425 3.0893e-38 
4.65 1.89705e-38 
4.6475 2.23245e-38 
4.655 1.36876e-38 
4.6525 1.6116e-38 
4.66 9.86574e-39 
4.6575 1.1622e-38 
4.665 7.10367e-39 
4.6625 8.37259e-39 
4.67 5.1096e-39 
4.6675 6.02543e-39 
4.675 3.67149e-39 
4.6725 4.33179e-39 
4.68 2.63541e-39 
4.6775 3.11099e-39 
4.685 1.88975e-39 
4.6825 2.23192e-39 
4.69 1.35366e-39 
4.6875 1.5996e-39 
4.695 9.68652e-40 
4.6925 1.14523e-39 
4.7 6.92429e-40 
4.6975 8.19077e-40 
4.705 4.94461e-40 
4.7025 5.85204e-40 
4.71 3.52728e-40 
4.7075 4.17676e-40 
4.715 2.5136e-40 
4.7125 2.97798e-40 
4.72 1.78939e-40 
4.7175 2.12106e-40 
4.725 1.27251e-40 
4.7225 1.50916e-40 
4.73 9.03997e-41 
4.7275 1.07267e-40 
4.735 6.41539e-41 
4.7325 7.61637e-41 
4.74 4.54809e-41 
4.7375 5.4023e-41 
4.745 3.22095e-41 
4.7425 3.82789e-41 
4.75 2.27871e-41 
4.7475 2.7095e-41 
4.755 1.61043e-41 
4.7525 1.91588e-41 
4.76 1.13696e-41 
4.7575 1.35331e-41 
4.765 8.01864e-42 
4.7625 9.54942e-42 
4.77 5.64942e-42 
4.7675 6.7314e-42 
4.775 3.97609e-42 
4.7725 4.74005e-42 
4.78 2.7955e-42 
4.7775 3.33435e-42 
4.785 1.96341e-42 
4.7825 2.34308e-42 
4.79 1.37757e-42 
4.7875 1.64481e-42 
4.795 9.65528e-43 
4.7925 1.15343e-42 
4.8 6.76031e-43 
4.7975 8.08013e-43 
4.805 4.72845e-43 
4.8025 5.65451e-43 
4.81 3.30385e-43 
4.8075 3.95296e-43 
4.815 2.30607e-43 
4.8125 2.76057e-43 
4.82 1.60796e-43 
4.8175 1.92587e-43 
4.825 1.12003e-43 
4.8225 1.34216e-43 
4.83 7.79348e-44 
4.8275 9.34398e-44 
4.835 5.41733e-44 
4.8325 6.49846e-44 
4.84 3.76175e-44 
4.8375 4.51481e-44 
4.845 2.60943e-44 
4.8425 3.13343e-44 
4.85 1.80823e-44 
4.8475 2.17246e-44 
4.855 1.25173e-44 
4.8525 1.50464e-44 
4.86 8.65605e-45 
4.8575 1.04104e-44 
4.865 5.97972e-45 
4.8625 7.19536e-45 
4.87 4.12661e-45 
4.8675 4.96809e-45 
4.875 2.84484e-45 
4.8725 3.42671e-45 
4.88 1.95918e-45 
4.8775 2.36112e-45 
4.885 1.34786e-45 
4.8825 1.62521e-45 
4.89 9.26328e-46 
4.8875 1.11752e-45 
4.895 6.35973e-46 
4.8925 7.67632e-46 
4.9 4.3618e-46 
4.8975 5.26749e-46 
4.905 2.98845e-46 
4.9025 3.61083e-46 
4.91 2.0454e-46 
4.9075 2.47265e-46 
4.915 1.39851e-46 
4.9125 1.6915e-46 
4.92 9.55226e-47 
4.9175 1.15594e-46 
4.925 6.51781e-47 
4.9225 7.89141e-47 
4.93 4.44277e-47 
4.9275 5.38181e-47 
4.935 3.02527e-47 
4.9325 3.66656e-47 
4.94 2.05796e-47 
4.9375 2.49546e-47 
4.945 1.39858e-47 
4.9425 1.69672e-47 
4.95 9.49593e-48 
4.9475 1.15254e-47 
4.955 6.44235e-48 
4.9525 7.8221e-48 
4.96 4.36848e-48 
4.9575 5.30515e-48 
4.965 2.96256e-48 
4.9625 3.59717e-48 
4.97 2.01211e-48 
4.9675 2.4407e-48 
4.975 1.37275e-48 
4.9725 1.66052e-48 
4.98 9.46833e-49 
4.9775 1.1378e-48 
4.985 6.69035e-49 
4.9825 7.92524e-49 
4.99 4.9655e-49 
4.9875 5.71609e-49 
4.995 4.02711e-49 
4.9925 4.40954e-49 
5 3.7297e-49 
4.9975 3.8033e-49 
