0 9.18925e-16 
0.005 9.23026e-16 
0.0025 9.1995e-16 
0.01 9.35334e-16 
0.0075 9.28153e-16 
0.015 9.5586e-16 
0.0125 9.44568e-16 
0.02 9.84623e-16 
0.0175 9.6921e-16 
0.025 1.02165e-15 
0.0225 1.0021e-15 
0.03 1.06696e-15 
0.0275 1.04327e-15 
0.035 1.1206e-15 
0.0325 1.09274e-15 
0.04 1.18259e-15 
0.0375 1.15055e-15 
0.045 1.25295e-15 
0.0425 1.21672e-15 
0.05 1.33171e-15 
0.0475 1.29128e-15 
0.055 1.41887e-15 
0.0525 1.37424e-15 
0.06 1.51443e-15 
0.0575 1.46561e-15 
0.065 1.61836e-15 
0.0625 1.56536e-15 
0.07 1.73061e-15 
0.0675 1.67345e-15 
0.075 1.8511e-15 
0.0725 1.78983e-15 
0.08 1.97971e-15 
0.0775 1.9144e-15 
0.085 2.11628e-15 
0.0825 2.04701e-15 
0.09 2.26063e-15 
0.0875 2.1875e-15 
0.095 2.41249e-15 
0.0925 2.33564e-15 
0.1 2.57157e-15 
0.0975 2.49115e-15 
0.105 2.73751e-15 
0.1025 2.65371e-15 
0.11 2.90986e-15 
0.1075 2.82291e-15 
0.115 3.08815e-15 
0.1125 2.9983e-15 
0.12 3.27179e-15 
0.1175 3.17934e-15 
0.125 3.46016e-15 
0.1225 3.36543e-15 
0.13 3.65254e-15 
0.1275 3.5559e-15 
0.135 3.84812e-15 
0.1325 3.74998e-15 
0.14 4.04605e-15 
0.1375 3.94685e-15 
0.145 4.24537e-15 
0.1425 4.1456e-15 
0.15 4.44506e-15 
0.1475 4.34524e-15 
0.155 4.64404e-15 
0.1525 4.54471e-15 
0.16 4.84113e-15 
0.1575 4.74289e-15 
0.165 5.03512e-15 
0.1625 4.93859e-15 
0.17 5.22475e-15 
0.1675 5.13056e-15 
0.175 5.40869e-15 
0.1725 5.31751e-15 
0.18 5.58561e-15 
0.1775 5.49812e-15 
0.185 5.75414e-15 
0.1825 5.67101e-15 
0.19 5.91292e-15 
0.1875 5.83484e-15 
0.195 6.06058e-15 
0.1925 5.98822e-15 
0.2 6.1958e-15 
0.1975 6.12983e-15 
0.205 6.31729e-15 
0.2025 6.25834e-15 
0.21 6.42385e-15 
0.2075 6.37251e-15 
0.215 6.51432e-15 
0.2125 6.47116e-15 
0.22 6.58771e-15 
0.2175 6.55321e-15 
0.225 6.6431e-15 
0.2225 6.6177e-15 
0.23 6.67975e-15 
0.2275 6.66381e-15 
0.235 6.6971e-15 
0.2325 6.69087e-15 
0.24 6.69475e-15 
0.2375 6.6984e-15 
0.245 6.67253e-15 
0.2425 6.68613e-15 
0.25 6.63049e-15 
0.2475 6.65397e-15 
0.255 6.56891e-15 
0.2525 6.60211e-15 
0.26 6.48833e-15 
0.2575 6.53095e-15 
0.265 6.38953e-15 
0.2625 6.44115e-15 
0.27 6.27357e-15 
0.2675 6.33362e-15 
0.275 6.14173e-15 
0.2725 6.20954e-15 
0.28 5.99556e-15 
0.2775 6.07033e-15 
0.285 5.83684e-15 
0.2825 5.91765e-15 
0.29 5.66756e-15 
0.2875 5.75339e-15 
0.295 5.48988e-15 
0.2925 5.57963e-15 
0.3 5.30614e-15 
0.2975 5.39862e-15 
0.305 5.1188e-15 
0.3025 5.21277e-15 
0.31 4.9304e-15 
0.3075 5.02457e-15 
0.315 4.74352e-15 
0.3125 4.83661e-15 
0.32 4.56074e-15 
0.3175 4.65146e-15 
0.325 4.38463e-15 
0.3225 4.4717e-15 
0.33 4.21764e-15 
0.3275 4.29984e-15 
0.335 4.06212e-15 
0.3325 4.1383e-15 
0.34 3.9203e-15 
0.3375 3.98937e-15 
0.345 3.7942e-15 
0.3425 3.85516e-15 
0.35 3.6857e-15 
0.3475 3.73764e-15 
0.355 3.59644e-15 
0.3525 3.63856e-15 
0.36 3.52791e-15 
0.3575 3.5595e-15 
0.365 3.48141e-15 
0.3625 3.50183e-15 
0.37 3.45807e-15 
0.3675 3.46678e-15 
0.375 3.45891e-15 
0.3725 3.45541e-15 
0.38 3.48484e-15 
0.3775 3.46869e-15 
0.385 3.53669e-15 
0.3825 3.50747e-15 
0.39 3.61531e-15 
0.3875 3.57261e-15 
0.395 3.72154e-15 
0.3925 3.66492e-15 
0.4 3.85629e-15 
0.3975 3.78529e-15 
0.405 4.0206e-15 
0.4025 3.93468e-15 
0.41 4.21565e-15 
0.4075 4.1142e-15 
0.415 4.44281e-15 
0.4125 4.32512e-15 
0.42 4.7037e-15 
0.4175 4.56892e-15 
0.425 5.00022e-15 
0.4225 4.84737e-15 
0.43 5.3346e-15 
0.4275 5.16252e-15 
0.435 5.70944e-15 
0.4325 5.51678e-15 
0.44 6.12775e-15 
0.4375 5.91295e-15 
0.445 6.59301e-15 
0.4425 6.35427e-15 
0.45 7.10925e-15 
0.4475 6.84449e-15 
0.455 7.68108e-15 
0.4525 7.3879e-15 
0.46 8.31377e-15 
0.4575 7.98946e-15 
0.465 9.01335e-15 
0.4625 8.65478e-15 
0.47 9.78669e-15 
0.4675 9.39033e-15 
0.475 1.06416e-14 
0.4725 1.02034e-14 
0.48 1.15871e-14 
0.4775 1.11025e-14 
0.485 1.26333e-14 
0.4825 1.20969e-14 
0.49 1.37916e-14 
0.4875 1.31976e-14 
0.495 1.50754e-14 
0.4925 1.44169e-14 
0.5 1.64994e-14 
0.4975 1.57688e-14 
0.505 1.80807e-14 
0.5025 1.72692e-14 
0.51 1.98386e-14 
0.5075 1.89362e-14 
0.515 2.17951e-14 
0.5125 2.07905e-14 
0.52 2.39752e-14 
0.5175 2.28555e-14 
0.525 2.64073e-14 
0.5225 2.51578e-14 
0.53 2.91238e-14 
0.5275 2.77278e-14 
0.535 3.21614e-14 
0.5325 3.05999e-14 
0.54 3.55618e-14 
0.5375 3.38134e-14 
0.545 3.93726e-14 
0.5425 3.74127e-14 
0.55 4.36476e-14 
0.5475 4.14484e-14 
0.555 4.84482e-14 
0.5525 4.59781e-14 
0.56 5.38439e-14 
0.5575 5.10669e-14 
0.565 5.99137e-14 
0.5625 5.67892e-14 
0.57 6.67472e-14 
0.5675 6.32289e-14 
0.575 7.44462e-14 
0.5725 7.04816e-14 
0.58 8.31262e-14 
0.5775 7.86558e-14 
0.585 9.29181e-14 
0.5825 8.78743e-14 
0.59 1.0397e-13 
0.5875 9.82766e-14 
0.595 1.16452e-13 
0.5925 1.10021e-13 
0.6 1.30553e-13 
0.5975 1.23287e-13 
0.605 1.46491e-13 
0.6025 1.38278e-13 
0.61 1.64512e-13 
0.6075 1.55225e-13 
0.615 1.84893e-13 
0.6125 1.74389e-13 
0.62 2.07951e-13 
0.6175 1.96066e-13 
0.625 2.34044e-13 
0.6225 2.20594e-13 
0.63 2.63577e-13 
0.6275 2.48353e-13 
0.635 2.97011e-13 
0.6325 2.79775e-13 
0.64 3.34866e-13 
0.6375 3.15351e-13 
0.645 3.77735e-13 
0.6425 3.55634e-13 
0.65 4.26287e-13 
0.6475 4.01255e-13 
0.655 4.81282e-13 
0.6525 4.52928e-13 
0.66 5.4358e-13 
0.6575 5.1146e-13 
0.665 6.14159e-13 
0.6625 5.77769e-13 
0.67 6.94124e-13 
0.6675 6.52893e-13 
0.675 7.84729e-13 
0.6725 7.38011e-13 
0.68 8.87396e-13 
0.6775 8.34459e-13 
0.685 1.00374e-12 
0.6825 9.43748e-13 
0.69 1.13558e-12 
0.6875 1.0676e-12 
0.695 1.28499e-12 
0.6925 1.20795e-12 
0.7 1.45432e-12 
0.6975 1.36701e-12 
0.705 1.64623e-12 
0.7025 1.54727e-12 
0.71 1.86374e-12 
0.7075 1.75158e-12 
0.715 2.11026e-12 
0.7125 1.98314e-12 
0.72 2.38967e-12 
0.7175 2.24559e-12 
0.725 2.70637e-12 
0.7225 2.54306e-12 
0.73 3.06533e-12 
0.7275 2.88023e-12 
0.735 3.4722e-12 
0.7325 3.2624e-12 
0.74 3.93339e-12 
0.7375 3.69557e-12 
0.745 4.45614e-12 
0.7425 4.18658e-12 
0.75 5.04868e-12 
0.7475 4.74313e-12 
0.755 5.72033e-12 
0.7525 5.37399e-12 
0.76 6.48167e-12 
0.7575 6.08908e-12 
0.765 7.34467e-12 
0.7625 6.89965e-12 
0.77 8.32291e-12 
0.7675 7.81847e-12 
0.775 9.43179e-12 
0.7725 8.85998e-12 
0.78 1.06888e-11 
0.7775 1.00406e-11 
0.785 1.21136e-11 
0.7825 1.13789e-11 
0.79 1.37287e-11 
0.7875 1.28959e-11 
0.795 1.55596e-11 
0.7925 1.46155e-11 
0.8 1.7635e-11 
0.7975 1.65648e-11 
0.805 1.99876e-11 
0.8025 1.87745e-11 
0.81 2.26545e-11 
0.8075 2.12793e-11 
0.815 2.56776e-11 
0.8125 2.41186e-11 
0.82 2.91044e-11 
0.8175 2.73373e-11 
0.825 3.29891e-11 
0.8225 3.09859e-11 
0.83 3.73927e-11 
0.8275 3.51219e-11 
0.835 4.23845e-11 
0.8325 3.98104e-11 
0.84 4.80431e-11 
0.8375 4.51251e-11 
0.845 5.44577e-11 
0.8425 5.11499e-11 
0.85 6.17292e-11 
0.8475 5.79795e-11 
0.855 6.99721e-11 
0.8525 6.57215e-11 
0.86 7.93162e-11 
0.8575 7.44977e-11 
0.865 8.99086e-11 
0.8625 8.44464e-11 
0.87 1.01916e-10 
0.8675 9.57242e-11 
0.875 1.15528e-10 
0.8725 1.08509e-10 
0.88 1.30958e-10 
0.8775 1.23001e-10 
0.885 1.4845e-10 
0.8825 1.3943e-10 
0.89 1.68278e-10 
0.8875 1.58053e-10 
0.895 1.90756e-10 
0.8925 1.79165e-10 
0.9 2.16236e-10 
0.8975 2.03097e-10 
0.905 2.45122e-10 
0.9025 2.30226e-10 
0.91 2.77866e-10 
0.9075 2.60981e-10 
0.915 3.14985e-10 
0.9125 2.95844e-10 
0.92 3.57064e-10 
0.9175 3.35365e-10 
0.925 4.04764e-10 
0.9225 3.80166e-10 
0.93 4.58838e-10 
0.9275 4.30954e-10 
0.935 5.20137e-10 
0.9325 4.88527e-10 
0.94 5.89626e-10 
0.9375 5.53793e-10 
0.945 6.684e-10 
0.9425 6.27779e-10 
0.95 7.577e-10 
0.9475 7.1165e-10 
0.955 8.58931e-10 
0.9525 8.06729e-10 
0.96 9.73688e-10 
0.9575 9.14511e-10 
0.965 1.10378e-09 
0.9625 1.03669e-09 
0.97 1.25125e-09 
0.9675 1.1752e-09 
0.975 1.41843e-09 
0.9725 1.33222e-09 
0.98 1.60795e-09 
0.9775 1.51022e-09 
0.985 1.82279e-09 
0.9825 1.712e-09 
0.99 2.06634e-09 
0.9875 1.94075e-09 
0.995 2.34244e-09 
0.9925 2.20006e-09 
1 2.65543e-09 
0.9975 2.49403e-09 
1.005 3.01024e-09 
1.0025 2.82727e-09 
1.01 3.41247e-09 
1.0075 3.20505e-09 
1.015 3.86844e-09 
1.0125 3.63331e-09 
1.02 4.38535e-09 
1.0175 4.11879e-09 
1.025 4.97133e-09 
1.0225 4.66915e-09 
1.03 5.63562e-09 
1.0275 5.29306e-09 
1.035 6.38868e-09 
1.0325 6.00035e-09 
1.04 7.24238e-09 
1.0375 6.80215e-09 
1.045 8.21017e-09 
1.0425 7.71111e-09 
1.05 9.30729e-09 
1.0475 8.74153e-09 
1.055 1.0551e-08 
1.0525 9.90966e-09 
1.06 1.1961e-08 
1.0575 1.12339e-08 
1.065 1.35594e-08 
1.0625 1.27351e-08 
1.07 1.53714e-08 
1.0675 1.4437e-08 
1.075 1.74255e-08 
1.0725 1.63662e-08 
1.08 1.97542e-08 
1.0775 1.85534e-08 
1.085 2.23941e-08 
1.0825 2.10328e-08 
1.09 2.53869e-08 
1.0875 2.38436e-08 
1.095 2.87796e-08 
1.0925 2.70301e-08 
1.1 3.26258e-08 
1.0975 3.06424e-08 
1.105 3.69861e-08 
1.1025 3.47376e-08 
1.11 4.19291e-08 
1.1075 3.93801e-08 
1.115 4.75328e-08 
1.1125 4.46431e-08 
1.12 5.38856e-08 
1.1175 5.06096e-08 
1.125 6.10874e-08 
1.1225 5.73736e-08 
1.13 6.92519e-08 
1.1275 6.50416e-08 
1.135 7.85077e-08 
1.1325 7.37347e-08 
1.14 8.90008e-08 
1.1375 8.35897e-08 
1.145 1.00897e-07 
1.1425 9.47621e-08 
1.15 1.14382e-07 
1.1475 1.07428e-07 
1.155 1.29671e-07 
1.1525 1.21787e-07 
1.16 1.47004e-07 
1.1575 1.38066e-07 
1.165 1.66653e-07 
1.1625 1.5652e-07 
1.17 1.8893e-07 
1.1675 1.77442e-07 
1.175 2.14185e-07 
1.1725 2.01161e-07 
1.18 2.42816e-07 
1.1775 2.28052e-07 
1.185 2.75276e-07 
1.1825 2.58537e-07 
1.19 3.12076e-07 
1.1875 2.93099e-07 
1.195 3.53796e-07 
1.1925 3.32282e-07 
1.2 4.01095e-07 
1.1975 3.76704e-07 
1.205 4.5472e-07 
1.2025 4.27067e-07 
1.21 5.15516e-07 
1.2075 4.84164e-07 
1.215 5.84443e-07 
1.2125 5.48898e-07 
1.22 6.62589e-07 
1.2175 6.2229e-07 
1.225 7.51189e-07 
1.2225 7.05499e-07 
1.23 8.5164e-07 
1.2275 7.99838e-07 
1.235 9.65529e-07 
1.2325 9.06797e-07 
1.24 1.09466e-06 
1.2375 1.02807e-06 
1.245 1.24106e-06 
1.2425 1.16556e-06 
1.25 1.40706e-06 
1.2475 1.32146e-06 
1.255 1.59528e-06 
1.2525 1.49821e-06 
1.26 1.80868e-06 
1.2575 1.69863e-06 
1.265 2.05066e-06 
1.2625 1.92587e-06 
1.27 2.32504e-06 
1.2675 2.18354e-06 
1.275 2.63617e-06 
1.2725 2.47572e-06 
1.28 2.98896e-06 
1.2775 2.80702e-06 
1.285 3.38903e-06 
1.2825 3.18271e-06 
1.29 3.8427e-06 
1.2875 3.60873e-06 
1.295 4.35718e-06 
1.2925 4.09185e-06 
1.3 4.94064e-06 
1.2975 4.63973e-06 
1.305 5.60235e-06 
1.3025 5.26109e-06 
1.31 6.35284e-06 
1.3075 5.96579e-06 
1.315 7.20405e-06 
1.3125 6.76504e-06 
1.32 8.16954e-06 
1.3175 7.67159e-06 
1.325 9.26473e-06 
1.3225 8.69988e-06 
1.33 1.05071e-05 
1.3275 9.86633e-06 
1.335 1.19165e-05 
1.3325 1.11896e-05 
1.34 1.35155e-05 
1.3375 1.26908e-05 
1.345 1.53298e-05 
1.3425 1.4394e-05 
1.35 1.73886e-05 
1.3475 1.63267e-05 
1.355 1.97249e-05 
1.3525 1.85198e-05 
1.36 2.23765e-05 
1.3575 2.10087e-05 
1.365 2.53862e-05 
1.3625 2.38336e-05 
1.37 2.88028e-05 
1.3675 2.70403e-05 
1.375 3.26819e-05 
1.3725 3.06808e-05 
1.38 3.70868e-05 
1.3775 3.48144e-05 
1.385 4.20894e-05 
1.3825 3.95085e-05 
1.39 4.77719e-05 
1.3875 4.48401e-05 
1.395 5.4228e-05 
1.3925 5.08969e-05 
1.4 6.15645e-05 
1.3975 5.77789e-05 
1.405 6.99033e-05 
1.4025 6.56003e-05 
1.41 7.93838e-05 
1.4075 7.44914e-05 
1.415 9.01652e-05 
1.4125 8.46011e-05 
1.42 0.00010243 
1.4175 9.60997e-05 
1.425 0.000116386 
1.4225 0.000109182 
1.43 0.000132273 
1.4275 0.000124072 
1.435 0.000150364 
1.4325 0.000141024 
1.44 0.000170973 
1.4375 0.000160332 
1.445 0.000194463 
1.4425 0.000182333 
1.45 0.000221247 
1.4475 0.000207414 
1.455 0.000251803 
1.4525 0.000236021 
1.46 0.000286681 
1.4575 0.000268664 
1.465 0.000326517 
1.4625 0.000305936 
1.47 0.000372042 
1.4675 0.000348518 
1.475 0.000424102 
1.4725 0.000397197 
1.48 0.000483677 
1.4775 0.000452883 
1.485 0.000551899 
1.4825 0.000516629 
1.49 0.000630082 
1.4875 0.000589655 
1.495 0.000719749 
1.4925 0.000673376 
1.5 0.000822669 
1.4975 0.000769431 
1.505 0.000940894 
1.5025 0.000879727 
1.51 0.00107681 
1.5075 0.00100648 
1.515 0.0012332 
1.5125 0.00115226 
1.52 0.00141329 
1.5175 0.00132006 
1.525 0.00162083 
1.5225 0.00151337 
1.53 0.00186018 
1.5275 0.00173623 
1.535 0.00213644 
1.5325 0.00199335 
1.54 0.00245548 
1.5375 0.0022902 
1.545 0.00282415 
1.5425 0.00263314 
1.55 0.0032504 
1.5475 0.00302954 
1.555 0.00374338 
1.5525 0.00348792 
1.56 0.0043137 
1.5575 0.00401815 
1.565 0.00497358 
1.5625 0.00463162 
1.57 0.00573701 
1.5675 0.0053414 
1.575 0.00662005 
1.5725 0.00616249 
1.58 0.00764098 
1.5775 0.00711204 
1.585 0.00882054 
1.5825 0.00820953 
1.59 0.0101821 
1.5875 0.00947701 
1.595 0.011752 
1.5925 0.0109393 
1.6 0.0135594 
1.5975 0.0126241 
1.605 0.0156366 
1.6025 0.0145622 
1.61 0.0180191 
1.6075 0.0167874 
1.615 0.0207454 
1.6125 0.0193368 
1.62 0.0238566 
1.6175 0.0222502 
1.625 0.0273969 
1.6225 0.0255703 
1.63 0.0314122 
1.6275 0.0293422 
1.635 0.0359504 
1.6325 0.0336129 
1.64 0.0410605 
1.6375 0.0384309 
1.645 0.0467916 
1.6425 0.0438453 
1.65 0.053193 
1.6475 0.0499055 
1.655 0.0603127 
1.6525 0.0566601 
1.66 0.0681971 
1.6575 0.0641565 
1.665 0.0768905 
1.6625 0.07244 
1.67 0.0864341 
1.6675 0.0815536 
1.675 0.0968659 
1.6725 0.0915368 
1.68 0.10822 
1.6775 0.102426 
1.685 0.120526 
1.6825 0.114252 
1.69 0.133807 
1.6875 0.127043 
1.695 0.148084 
1.6925 0.140821 
1.7 0.163369 
1.6975 0.1556 
1.705 0.179666 
1.7025 0.171391 
1.71 0.196973 
1.7075 0.188194 
1.715 0.215277 
1.7125 0.206001 
1.72 0.234557 
1.7175 0.224797 
1.725 0.25478 
1.7225 0.244553 
1.73 0.275902 
1.7275 0.265232 
1.735 0.297867 
1.7325 0.286783 
1.74 0.320608 
1.7375 0.309145 
1.745 0.344046 
1.7425 0.332246 
1.75 0.368091 
1.7475 0.355999 
1.755 0.392641 
1.7525 0.380309 
1.76 0.41759 
1.7575 0.405073 
1.765 0.442821 
1.7625 0.430178 
1.77 0.468214 
1.7675 0.455505 
1.775 0.493646 
1.7725 0.480933 
1.78 0.518994 
1.7775 0.506338 
1.785 0.544137 
1.7825 0.531598 
1.79 0.568957 
1.7875 0.556594 
1.795 0.593346 
1.7925 0.581212 
1.8 0.617201 
1.7975 0.605346 
1.805 0.640429 
1.8025 0.628898 
1.81 0.66295 
1.8075 0.651782 
1.815 0.684693 
1.8125 0.673922 
1.82 0.705603 
1.8175 0.695255 
1.825 0.725632 
1.8225 0.71573 
1.83 0.744749 
1.8275 0.735306 
1.835 0.762931 
1.8325 0.753958 
1.84 0.780166 
1.8375 0.771667 
1.845 0.796453 
1.8425 0.788428 
1.85 0.811799 
1.8475 0.804243 
1.855 0.826218 
1.8525 0.819123 
1.86 0.839731 
1.8575 0.833086 
1.865 0.852364 
1.8625 0.846156 
1.87 0.864149 
1.8675 0.85836 
1.875 0.875118 
1.8725 0.869733 
1.88 0.885309 
1.8775 0.880308 
1.885 0.894759 
1.8825 0.890124 
1.89 0.903508 
1.8875 0.899219 
1.895 0.911595 
1.8925 0.907632 
1.9 0.91906 
1.8975 0.915403 
1.905 0.925941 
1.9025 0.922571 
1.91 0.932277 
1.9075 0.929175 
1.915 0.938103 
1.9125 0.935252 
1.92 0.943457 
1.9175 0.940837 
1.925 0.94837 
1.9225 0.945966 
1.93 0.952876 
1.9275 0.950672 
1.935 0.957005 
1.9325 0.954986 
1.94 0.960786 
1.9375 0.958937 
1.945 0.964245 
1.9425 0.962554 
1.95 0.967409 
1.9475 0.965863 
1.955 0.970301 
1.9525 0.968888 
1.96 0.972943 
1.9575 0.971652 
1.965 0.975356 
1.9625 0.974177 
1.97 0.977558 
1.9675 0.976482 
1.975 0.979566 
1.9725 0.978585 
1.98 0.981399 
1.9775 0.980504 
1.985 0.983069 
1.9825 0.982253 
1.99 0.984592 
1.9875 0.983848 
1.995 0.985979 
1.9925 0.985302 
2 0.987244 
1.9975 0.986626 
2.005 0.988395 
2.0025 0.987833 
2.01 0.989443 
2.0075 0.988931 
2.015 0.990398 
2.0125 0.989932 
2.02 0.991267 
2.0175 0.990843 
2.025 0.992058 
2.0225 0.991672 
2.03 0.992778 
2.0275 0.992426 
2.035 0.993433 
2.0325 0.993113 
2.04 0.994029 
2.0375 0.993738 
2.045 0.994571 
2.0425 0.994306 
2.05 0.995064 
2.0475 0.994823 
2.055 0.995512 
2.0525 0.995293 
2.06 0.99592 
2.0575 0.995721 
2.065 0.996291 
2.0625 0.99611 
2.07 0.996628 
2.0675 0.996464 
2.075 0.996935 
2.0725 0.996786 
2.08 0.997214 
2.0775 0.997078 
2.085 0.997468 
2.0825 0.997344 
2.09 0.997698 
2.0875 0.997586 
2.095 0.997908 
2.0925 0.997806 
2.1 0.998098 
2.0975 0.998005 
2.105 0.998271 
2.1025 0.998187 
2.11 0.998429 
2.1075 0.998352 
2.115 0.998572 
2.1125 0.998502 
2.12 0.998702 
2.1175 0.998639 
2.125 0.99882 
2.1225 0.998763 
2.13 0.998928 
2.1275 0.998875 
2.135 0.999025 
2.1325 0.998978 
2.14 0.999114 
2.1375 0.999071 
2.145 0.999195 
2.1425 0.999155 
2.15 0.999268 
2.1475 0.999232 
2.155 0.999335 
2.1525 0.999302 
2.16 0.999395 
2.1575 0.999366 
2.165 0.99945 
2.1625 0.999423 
2.17 0.9995 
2.1675 0.999476 
2.175 0.999545 
2.1725 0.999523 
2.18 0.999586 
2.1775 0.999566 
2.185 0.999624 
2.1825 0.999606 
2.19 0.999658 
2.1875 0.999641 
2.195 0.999689 
2.1925 0.999674 
2.2 0.999717 
2.1975 0.999703 
2.205 0.999742 
2.2025 0.99973 
2.21 0.999765 
2.2075 0.999754 
2.215 0.999786 
2.2125 0.999776 
2.22 0.999805 
2.2175 0.999796 
2.225 0.999822 
2.2225 0.999814 
2.23 0.999837 
2.2275 0.99983 
2.235 0.999851 
2.2325 0.999845 
2.24 0.999864 
2.2375 0.999858 
2.245 0.999875 
2.2425 0.99987 
2.25 0.999886 
2.2475 0.999881 
2.255 0.999895 
2.2525 0.99989 
2.26 0.999903 
2.2575 0.999899 
2.265 0.999911 
2.2625 0.999907 
2.27 0.999917 
2.2675 0.999914 
2.275 0.999923 
2.2725 0.99992 
2.28 0.999928 
2.2775 0.999926 
2.285 0.999932 
2.2825 0.99993 
2.29 0.999936 
2.2875 0.999934 
2.295 0.99994 
2.2925 0.999938 
2.3 0.999942 
2.2975 0.999941 
2.305 0.999944 
2.3025 0.999943 
2.31 0.999946 
2.3075 0.999945 
2.315 0.999947 
2.3125 0.999947 
2.32 0.999948 
2.3175 0.999948 
2.325 0.999948 
2.3225 0.999948 
2.33 0.999948 
2.3275 0.999948 
2.335 0.999947 
2.3325 0.999948 
2.34 0.999946 
2.3375 0.999947 
2.345 0.999945 
2.3425 0.999946 
2.35 0.999943 
2.3475 0.999944 
2.355 0.99994 
2.3525 0.999941 
2.36 0.999937 
2.3575 0.999939 
2.365 0.999933 
2.3625 0.999935 
2.37 0.999929 
2.3675 0.999931 
2.375 0.999924 
2.3725 0.999927 
2.38 0.999919 
2.3775 0.999921 
2.385 0.999912 
2.3825 0.999916 
2.39 0.999905 
2.3875 0.999909 
2.395 0.999898 
2.3925 0.999902 
2.4 0.999889 
2.3975 0.999893 
2.405 0.999879 
2.4025 0.999884 
2.41 0.999868 
2.4075 0.999874 
2.415 0.999857 
2.4125 0.999863 
2.42 0.999844 
2.4175 0.99985 
2.425 0.999829 
2.4225 0.999836 
2.43 0.999813 
2.4275 0.999821 
2.435 0.999796 
2.4325 0.999805 
2.44 0.999776 
2.4375 0.999786 
2.445 0.999755 
2.4425 0.999766 
2.45 0.999732 
2.4475 0.999744 
2.455 0.999706 
2.4525 0.999719 
2.46 0.999678 
2.4575 0.999692 
2.465 0.999647 
2.4625 0.999663 
2.47 0.999613 
2.4675 0.99963 
2.475 0.999575 
2.4725 0.999594 
2.48 0.999534 
2.4775 0.999555 
2.485 0.999489 
2.4825 0.999512 
2.49 0.99944 
2.4875 0.999465 
2.495 0.999385 
2.4925 0.999413 
2.5 0.999325 
2.4975 0.999356 
2.505 0.99926 
2.5025 0.999294 
2.51 0.999188 
2.5075 0.999225 
2.515 0.999109 
2.5125 0.99915 
2.52 0.999023 
2.5175 0.999067 
2.525 0.998928 
2.5225 0.998976 
2.53 0.998823 
2.5275 0.998877 
2.535 0.998709 
2.5325 0.998768 
2.54 0.998583 
2.5375 0.998648 
2.545 0.998446 
2.5425 0.998516 
2.55 0.998295 
2.5475 0.998372 
2.555 0.998129 
2.5525 0.998214 
2.56 0.997947 
2.5575 0.99804 
2.565 0.997747 
2.5625 0.997849 
2.57 0.997528 
2.5675 0.99764 
2.575 0.997288 
2.5725 0.997411 
2.58 0.997025 
2.5775 0.997159 
2.585 0.996736 
2.5825 0.996883 
2.59 0.996419 
2.5875 0.996581 
2.595 0.996071 
2.5925 0.996249 
2.6 0.995689 
2.5975 0.995884 
2.605 0.995271 
2.6025 0.995485 
2.61 0.994812 
2.6075 0.995047 
2.615 0.994309 
2.6125 0.994567 
2.62 0.993758 
2.6175 0.99404 
2.625 0.993153 
2.6225 0.993462 
2.63 0.99249 
2.6275 0.992829 
2.635 0.991764 
2.6325 0.992135 
2.64 0.990967 
2.6375 0.991375 
2.645 0.990094 
2.6425 0.990541 
2.65 0.989138 
2.6475 0.989627 
2.655 0.98809 
2.6525 0.988626 
2.66 0.986943 
2.6575 0.98753 
2.665 0.985686 
2.6625 0.986329 
2.67 0.98431 
2.6675 0.985013 
2.675 0.982803 
2.6725 0.983574 
2.68 0.981155 
2.6775 0.981998 
2.685 0.979351 
2.6825 0.980273 
2.69 0.977378 
2.6875 0.978386 
2.695 0.97522 
2.6925 0.976323 
2.7 0.972862 
2.6975 0.974067 
2.705 0.970286 
2.7025 0.971602 
2.71 0.967472 
2.7075 0.96891 
2.715 0.964401 
2.7125 0.96597 
2.72 0.96105 
2.7175 0.962762 
2.725 0.957396 
2.7225 0.959262 
2.73 0.953415 
2.7275 0.955448 
2.735 0.94908 
2.7325 0.951293 
2.74 0.944363 
2.7375 0.946771 
2.745 0.939234 
2.7425 0.941852 
2.75 0.933664 
2.7475 0.936506 
2.755 0.927619 
2.7525 0.930703 
2.76 0.921067 
2.7575 0.924409 
2.765 0.913973 
2.7625 0.91759 
2.77 0.906303 
2.7675 0.910212 
2.775 0.89802 
2.7725 0.90224 
2.78 0.889089 
2.7775 0.893638 
2.785 0.879476 
2.7825 0.88437 
2.79 0.869145 
2.7875 0.874402 
2.795 0.858065 
2.7925 0.863701 
2.8 0.846205 
2.7975 0.852235 
2.805 0.833538 
2.8025 0.839974 
2.81 0.82004 
2.8075 0.826894 
2.815 0.805693 
2.8125 0.812974 
2.82 0.790483 
2.8175 0.798196 
2.825 0.774403 
2.8225 0.782552 
2.83 0.757455 
2.8275 0.766037 
2.835 0.739647 
2.8325 0.748658 
2.84 0.720998 
2.8375 0.730427 
2.845 0.701536 
2.8425 0.711367 
2.85 0.681298 
2.8475 0.691511 
2.855 0.660332 
2.8525 0.670902 
2.86 0.638697 
2.8575 0.649594 
2.865 0.61646 
2.8625 0.627649 
2.87 0.593701 
2.8675 0.605141 
2.875 0.570505 
2.8725 0.582152 
2.88 0.546965 
2.8775 0.558772 
2.885 0.52318 
2.8825 0.535097 
2.89 0.499256 
2.8875 0.511229 
2.895 0.475296 
2.8925 0.487274 
2.9 0.451409 
2.8975 0.463337 
2.905 0.427699 
2.9025 0.439525 
2.91 0.404268 
2.9075 0.415942 
2.915 0.381214 
2.9125 0.392688 
2.92 0.358628 
2.9175 0.369857 
2.925 0.336592 
2.9225 0.347536 
2.93 0.315182 
2.9275 0.325804 
2.935 0.294461 
2.9325 0.304731 
2.94 0.274485 
2.9375 0.284377 
2.945 0.255299 
2.9425 0.264791 
2.95 0.236937 
2.9475 0.246013 
2.955 0.219423 
2.9525 0.228073 
2.96 0.202773 
2.9575 0.21099 
2.965 0.186994 
2.9625 0.194775 
2.97 0.172085 
2.9675 0.179432 
2.975 0.158038 
2.9725 0.164955 
2.98 0.144838 
2.9775 0.151333 
2.985 0.132467 
2.9825 0.13855 
2.99 0.1209 
2.9875 0.126584 
2.995 0.110111 
2.9925 0.11541 
3 0.100069 
2.9975 0.104998 
3.005 0.0907448 
3.0025 0.0953195 
3.01 0.0821041 
3.0075 0.0863411 
3.015 0.074114 
3.0125 0.0780298 
3.02 0.0667408 
3.0175 0.0703523 
3.025 0.0599515 
3.0225 0.0632752 
3.03 0.0537133 
3.0275 0.0567655 
3.035 0.0479945 
3.0325 0.050791 
3.04 0.0427642 
3.0375 0.0453202 
3.045 0.0379928 
3.0425 0.040323 
3.05 0.0336517 
3.0475 0.0357702 
3.055 0.0297136 
3.0525 0.0316339 
3.06 0.0261521 
3.0575 0.0278873 
3.065 0.0229419 
3.0625 0.0245046 
3.07 0.0200588 
3.0675 0.021461 
3.075 0.0174792 
3.0725 0.0187325 
3.08 0.0151803 
3.0775 0.016296 
3.085 0.0131399 
3.0825 0.0141291 
3.09 0.0113367 
3.0875 0.01221 
3.095 0.00974999 
3.0925 0.0105176 
3.1 0.00835966 
3.0975 0.00903149 
3.105 0.00714662 
3.1025 0.00773214 
3.11 0.0060926 
3.1075 0.00660083 
3.115 0.00518042 
3.1125 0.00561981 
3.12 0.00439397 
3.1175 0.00477244 
3.125 0.00371834 
3.1225 0.00404318 
3.13 0.00313987 
3.1275 0.00341777 
3.135 0.00264612 
3.1325 0.00288313 
3.14 0.00222589 
3.1375 0.00242746 
3.145 0.00186918 
3.1425 0.00204017 
3.15 0.00156712 
3.1475 0.00171183 
3.155 0.0013119 
3.1525 0.0014341 
3.16 0.00109671 
3.1575 0.0011997 
3.165 0.000915607 
3.1625 0.00100224 
3.17 0.00076345 
3.1675 0.000836201 
3.175 0.000635819 
3.1725 0.000696819 
3.18 0.000528919 
3.1775 0.000579992 
3.185 0.000439508 
3.1825 0.00048221 
3.19 0.000364822 
3.1875 0.00040048 
3.195 0.000302514 
3.1925 0.000332253 
3.2 0.000250592 
3.1975 0.000275366 
3.205 0.000207376 
3.2025 0.00022799 
3.21 0.000171444 
3.2075 0.000188578 
3.215 0.0001416 
3.2125 0.000155828 
3.22 0.000116838 
3.2175 0.00012864 
3.225 9.63147e-05 
3.2225 0.000106094 
3.23 7.93204e-05 
3.2275 8.74159e-05 
3.235 6.52624e-05 
3.2325 7.19574e-05 
3.24 5.36448e-05 
3.2375 5.91761e-05 
3.245 4.40531e-05 
3.2425 4.86187e-05 
3.25 3.61419e-05 
3.2475 3.99067e-05 
3.255 2.96229e-05 
3.2525 3.27244e-05 
3.26 2.42565e-05 
3.2575 2.6809e-05 
3.265 1.9843e-05 
3.2625 2.19416e-05 
3.27 1.62167e-05 
3.2675 1.79406e-05 
3.275 1.32402e-05 
3.2725 1.46549e-05 
3.28 1.07995e-05 
3.2775 1.19592e-05 
3.285 8.79996e-06 
3.2825 9.74979e-06 
3.29 7.16354e-06 
3.2875 7.94068e-06 
3.295 5.82562e-06 
3.2925 6.46084e-06 
3.3 4.73282e-06 
3.2975 5.25152e-06 
3.305 3.84115e-06 
3.3025 4.26427e-06 
3.31 3.1143e-06 
3.3075 3.45912e-06 
3.315 2.52243e-06 
3.3125 2.80314e-06 
3.32 2.04095e-06 
3.3175 2.26924e-06 
3.325 1.64967e-06 
3.3225 1.83514e-06 
3.33 1.33203e-06 
3.3275 1.48256e-06 
3.335 1.07443e-06 
3.3325 1.19647e-06 
3.34 8.65747e-07 
3.3375 9.64588e-07 
3.345 6.96863e-07 
3.3425 7.7683e-07 
3.35 5.60333e-07 
3.3475 6.24962e-07 
3.355 4.50075e-07 
3.3525 5.02253e-07 
3.36 3.61129e-07 
3.3575 4.0321e-07 
3.365 2.89452e-07 
3.3625 3.23353e-07 
3.37 2.31754e-07 
3.3675 2.59036e-07 
3.375 1.85357e-07 
3.3725 2.07289e-07 
3.38 1.48089e-07 
3.3775 1.65701e-07 
3.385 1.18187e-07 
3.3825 1.32314e-07 
3.39 9.42195e-08 
3.3875 1.05539e-07 
3.395 7.5031e-08 
3.3925 8.4091e-08 
3.4 5.96851e-08 
3.3975 6.69287e-08 
3.405 4.74259e-08 
3.4025 5.32108e-08 
3.41 3.76433e-08 
3.4075 4.22582e-08 
3.415 2.98457e-08 
3.4125 3.35231e-08 
3.42 2.36372e-08 
3.4175 2.65643e-08 
3.425 1.86995e-08 
3.4225 2.10268e-08 
3.43 1.47768e-08 
3.4275 1.66251e-08 
3.435 1.1664e-08 
3.4325 1.31303e-08 
3.44 9.19672e-09 
3.4375 1.03586e-08 
3.445 7.24322e-09 
3.4425 8.16286e-09 
3.45 5.6983e-09 
3.4475 6.42538e-09 
3.455 4.47786e-09 
3.4525 5.05206e-09 
3.46 3.51487e-09 
3.4575 3.96781e-09 
3.465 2.75587e-09 
3.4625 3.11275e-09 
3.47 2.15834e-09 
3.4675 2.43921e-09 
3.475 1.68845e-09 
3.4725 1.90926e-09 
3.48 1.31938e-09 
3.4775 1.49276e-09 
3.485 1.02981e-09 
3.4825 1.1658e-09 
3.49 8.02884e-10 
3.4875 9.09422e-10 
3.495 6.25253e-10 
3.4925 7.08623e-10 
3.5 4.86369e-10 
3.4975 5.51533e-10 
3.505 3.77905e-10 
3.5025 4.28781e-10 
3.51 2.93295e-10 
3.5075 3.3297e-10 
3.515 2.2737e-10 
3.5125 2.58273e-10 
3.52 1.76062e-10 
3.5175 2.00106e-10 
3.525 1.36177e-10 
3.5225 1.54862e-10 
3.53 1.05207e-10 
3.5275 1.19711e-10 
3.535 8.11877e-11 
3.5325 9.24333e-11 
3.54 6.25806e-11 
3.5375 7.12896e-11 
3.545 4.81828e-11 
3.5425 5.49196e-11 
3.55 3.70552e-11 
3.5475 4.22602e-11 
3.555 2.84648e-11 
3.5525 3.24817e-11 
3.56 2.18409e-11 
3.5575 2.49373e-11 
3.565 1.67392e-11 
3.5625 1.91233e-11 
3.57 1.28145e-11 
3.5675 1.4648e-11 
3.575 9.79879e-12 
3.5725 1.12072e-11 
3.58 7.48419e-12 
3.5775 8.56485e-12 
3.585 5.70979e-12 
3.5825 6.53798e-12 
3.59 4.35109e-12 
3.5875 4.98505e-12 
3.595 3.3119e-12 
3.5925 3.79663e-12 
3.6 2.51803e-12 
3.5975 2.88822e-12 
3.605 1.91225e-12 
3.6025 2.19464e-12 
3.61 1.45055e-12 
3.6075 1.66571e-12 
3.615 1.09907e-12 
3.6125 1.26281e-12 
3.62 8.31797e-13 
3.6175 9.56272e-13 
3.625 6.28803e-13 
3.6225 7.23314e-13 
3.63 4.74804e-13 
3.6275 5.46481e-13 
3.635 3.58111e-13 
3.6325 4.12408e-13 
3.64 2.6979e-13 
3.6375 3.10873e-13 
3.645 2.03019e-13 
3.6425 2.34068e-13 
3.65 1.526e-13 
3.6475 1.76038e-13 
3.655 1.14571e-13 
3.6525 1.32243e-13 
3.66 8.59212e-14 
3.6575 9.9231e-14 
3.665 6.43623e-14 
3.6625 7.43749e-14 
3.67 4.81581e-14 
3.6675 5.56815e-14 
3.675 3.59926e-14 
3.6725 4.16391e-14 
3.68 2.68698e-14 
3.6775 3.11028e-14 
3.685 2.00366e-14 
3.6825 2.32062e-14 
3.69 1.49242e-14 
3.6875 1.72948e-14 
3.695 1.11036e-14 
3.6925 1.28747e-14 
3.7 8.25185e-15 
3.6975 9.57344e-15 
3.705 6.12558e-15 
3.7025 7.11064e-15 
3.71 4.54207e-15 
3.7075 5.27546e-15 
3.715 3.36414e-15 
3.7125 3.90952e-15 
3.72 2.48889e-15 
3.7175 2.894e-15 
3.725 1.8393e-15 
3.7225 2.13988e-15 
3.73 1.35774e-15 
3.7275 1.5805e-15 
3.735 1.00114e-15 
3.7325 1.16604e-15 
3.74 7.37384e-16 
3.7375 8.59316e-16 
3.745 5.42514e-16 
3.7425 6.32573e-16 
3.75 3.98704e-16 
3.7475 4.65145e-16 
3.755 2.92694e-16 
3.7525 3.41657e-16 
3.76 2.14636e-16 
3.7575 2.50678e-16 
3.765 1.57224e-16 
3.7625 1.83725e-16 
3.77 1.15045e-16 
3.7675 1.34509e-16 
3.775 8.40909e-17 
3.7725 9.83704e-17 
3.78 6.13998e-17 
3.7775 7.18643e-17 
3.785 4.47842e-17 
3.7825 5.24446e-17 
3.79 3.26308e-17 
3.7875 3.82323e-17 
3.795 2.37508e-17 
3.7925 2.78424e-17 
3.8 1.72696e-17 
3.7975 2.02551e-17 
3.805 1.25443e-17 
3.8025 1.47203e-17 
3.81 9.10282e-18 
3.8075 1.06872e-17 
3.815 6.59898e-18 
3.8125 7.75134e-18 
3.82 4.77923e-18 
3.8175 5.61651e-18 
3.825 3.45801e-18 
3.8225 4.06575e-18 
3.83 2.49974e-18 
3.8275 2.94041e-18 
3.835 1.80539e-18 
3.8325 2.12461e-18 
3.84 1.30277e-18 
3.8375 1.53378e-18 
3.845 9.39297e-19 
3.8425 1.10631e-18 
3.85 6.76687e-19 
3.8475 7.97325e-19 
3.855 4.87126e-19 
3.8525 5.74186e-19 
3.86 3.50416e-19 
3.8575 4.13188e-19 
3.865 2.51905e-19 
3.8625 2.97127e-19 
3.87 1.80978e-19 
3.8675 2.13531e-19 
3.875 1.29951e-19 
3.8725 1.53365e-19 
3.88 9.32672e-20 
3.8775 1.10097e-19 
3.885 6.69129e-20 
3.8825 7.90015e-20 
3.89 4.79913e-20 
3.8875 5.66691e-20 
3.895 3.44136e-20 
3.8925 4.06398e-20 
3.9 2.46754e-20 
3.8975 2.91404e-20 
3.905 1.76937e-20 
3.9025 2.08945e-20 
3.91 1.26898e-20 
3.9075 1.49837e-20 
3.915 9.10414e-21 
3.9125 1.07478e-20 
3.92 6.53501e-21 
3.9175 7.71271e-21 
3.925 4.69416e-21 
3.9225 5.53804e-21 
3.93 3.37489e-21 
3.9275 3.97971e-21 
3.935 2.42911e-21 
3.9325 2.86275e-21 
3.94 1.75074e-21 
3.9375 2.06182e-21 
3.945 1.26383e-21 
3.9425 1.48716e-21 
3.95 9.14024e-22 
3.9475 1.07451e-21 
3.955 6.62441e-22 
3.9525 7.77907e-22 
3.96 4.81252e-22 
3.9575 5.64443e-22 
3.965 3.50552e-22 
3.9625 4.1059e-22 
3.97 2.56094e-22 
3.9675 2.99507e-22 
3.975 1.87683e-22 
3.9725 2.19144e-22 
3.98 1.38016e-22 
3.9775 1.60873e-22 
3.985 1.01861e-22 
3.9825 1.18512e-22 
3.99 7.54628e-23 
3.9875 8.76308e-23 
3.995 5.6127e-23 
3.9925 6.50479e-23 
4 4.19148e-23 
3.9975 4.84782e-23 
4.005 3.143e-23 
4.0025 3.62769e-23 
4.01 2.36651e-23 
4.0075 2.72585e-23 
4.015 1.78913e-23 
4.0125 2.05662e-23 
4.02 1.35804e-23 
4.0175 1.55798e-23 
4.025 1.03482e-23 
4.0225 1.1849e-23 
4.03 7.91471e-24 
4.0275 9.04591e-24 
4.035 6.07485e-24 
4.0325 6.93103e-24 
4.04 4.67817e-24 
4.0375 5.32881e-24 
4.045 3.61372e-24 
4.0425 4.1101e-24 
4.05 2.7994e-24 
4.0475 3.17952e-24 
4.055 2.1742e-24 
4.0525 2.46631e-24 
4.06 1.69258e-24 
4.0575 1.9178e-24 
4.065 1.3204e-24 
4.0625 1.49458e-24 
4.07 1.03197e-24 
4.0675 1.16706e-24 
4.075 8.07857e-25 
4.0725 9.1289e-25 
4.08 6.33303e-25 
4.0775 7.15157e-25 
4.085 4.97064e-25 
4.0825 5.60985e-25 
4.09 3.9053e-25 
4.0875 4.40536e-25 
4.095 3.07088e-25 
4.0925 3.46271e-25 
4.1 2.4164e-25 
4.0975 2.72384e-25 
4.105 1.90244e-25 
4.1025 2.14394e-25 
4.11 1.49841e-25 
4.1075 1.6883e-25 
4.115 1.18053e-25 
4.1125 1.32997e-25 
4.12 9.30266e-26 
4.1175 1.04794e-25 
4.125 7.33122e-26 
4.1225 8.25826e-26 
4.13 5.77761e-26 
4.1275 6.50823e-26 
4.135 4.55291e-26 
4.1325 5.12889e-26 
4.14 3.58732e-26 
4.1375 4.04146e-26 
4.145 2.82595e-26 
4.1425 3.18404e-26 
4.15 2.2256e-26 
4.1475 2.50796e-26 
4.155 1.75226e-26 
4.1525 1.97488e-26 
4.16 1.37911e-26 
4.1575 1.5546e-26 
4.165 1.085e-26 
4.1625 1.22331e-26 
4.17 8.53248e-27 
4.1675 9.62222e-27 
4.175 6.70692e-27 
4.1725 7.56526e-27 
4.18 5.26938e-27 
4.1775 5.94521e-27 
4.185 4.13783e-27 
4.1825 4.66975e-27 
4.19 3.24752e-27 
4.1875 3.66599e-27 
4.195 2.54734e-27 
4.1925 2.8764e-27 
4.2 1.99696e-27 
4.1975 2.25559e-27 
4.205 1.56456e-27 
4.2025 1.76772e-27 
4.21 1.22503e-27 
4.2075 1.38453e-27 
4.215 9.58569e-28 
4.2125 1.08372e-27 
4.22 7.49581e-28 
4.2175 8.47727e-28 
4.225 5.85767e-28 
4.2225 6.62685e-28 
4.23 4.57442e-28 
4.2275 5.17686e-28 
4.235 3.56983e-28 
4.2325 4.04137e-28 
4.24 2.78389e-28 
4.2375 3.15274e-28 
4.245 2.16944e-28 
4.2425 2.45775e-28 
4.25 1.68937e-28 
4.2475 1.91459e-28 
4.255 1.31457e-28 
4.2525 1.49037e-28 
4.26 1.02216e-28 
4.2575 1.15929e-28 
4.265 7.94188e-29 
4.2625 9.01076e-29 
4.27 6.16588e-29 
4.2675 6.99842e-29 
4.275 4.78333e-29 
4.2725 5.43131e-29 
4.28 3.70787e-29 
4.2775 4.21182e-29 
4.285 2.87194e-29 
4.2825 3.26357e-29 
4.29 2.22268e-29 
4.2875 2.52679e-29 
4.295 1.71881e-29 
4.2925 1.95477e-29 
4.3 1.32808e-29 
4.2975 1.51102e-29 
4.305 1.02533e-29 
4.3025 1.16704e-29 
4.31 7.90933e-30 
4.3075 9.00628e-30 
4.315 6.09612e-30 
4.3125 6.94451e-30 
4.32 4.69461e-30 
4.3175 5.35022e-30 
4.325 3.61224e-30 
4.3225 4.11845e-30 
4.33 2.77703e-30 
4.3275 3.16755e-30 
4.335 2.13309e-30 
4.3325 2.43411e-30 
4.34 1.63704e-30 
4.3375 1.86888e-30 
4.345 1.25525e-30 
4.3425 1.43364e-30 
4.35 9.61651e-31 
4.3475 1.09881e-30 
4.355 7.36071e-31 
4.3525 8.41426e-31 
4.36 5.62904e-31 
4.3575 6.43761e-31 
4.365 4.3009e-31 
4.3625 4.9209e-31 
4.37 3.28316e-31 
4.3675 3.75814e-31 
4.375 2.50398e-31 
4.3725 2.86754e-31 
4.38 1.90797e-31 
4.3775 2.186e-31 
4.385 1.4525e-31 
4.3825 1.66492e-31 
4.39 1.10474e-31 
4.3875 1.26688e-31 
4.395 8.39462e-32 
4.3925 9.63118e-32 
4.4 6.37292e-32 
4.3975 7.31508e-32 
4.405 4.83359e-32 
4.4025 5.55077e-32 
4.41 3.66263e-32 
4.4075 4.20806e-32 
4.415 2.77273e-32 
4.4125 3.18714e-32 
4.42 2.09707e-32 
4.4175 2.41163e-32 
4.425 1.58454e-32 
4.4225 1.82309e-32 
4.43 1.19614e-32 
4.4275 1.37687e-32 
4.435 9.02076e-33 
4.4325 1.03887e-32 
4.44 6.79654e-33 
4.4375 7.83098e-33 
4.445 5.11581e-33 
4.4425 5.89729e-33 
4.45 3.847e-33 
4.4475 4.43679e-33 
4.455 2.89007e-33 
4.4525 3.33477e-33 
4.46 2.16906e-33 
4.4575 2.50404e-33 
4.465 1.62634e-33 
4.4625 1.87842e-33 
4.47 1.21822e-33 
4.4675 1.40774e-33 
4.475 9.11626e-34 
4.4725 1.05396e-33 
4.48 6.81521e-34 
4.4775 7.88315e-34 
4.485 5.08996e-34 
4.4825 5.89045e-34 
4.49 3.79769e-34 
4.4875 4.39713e-34 
4.495 2.83071e-34 
4.4925 3.27914e-34 
4.5 2.10785e-34 
4.4975 2.44298e-34 
4.505 1.56802e-34 
4.5025 1.81823e-34 
4.51 1.16528e-34 
4.5075 1.3519e-34 
4.515 8.65122e-35 
4.5125 1.00417e-34 
4.52 6.41635e-35 
4.5175 7.45136e-35 
4.525 4.75405e-35 
4.5225 5.52368e-35 
4.53 3.51887e-35 
4.5275 4.09059e-35 
4.535 2.60199e-35 
4.5325 3.02627e-35 
4.54 1.92207e-35 
4.5375 2.23661e-35 
4.545 1.41839e-35 
4.5425 1.65134e-35 
4.55 1.04564e-35 
4.5475 1.21799e-35 
4.555 7.70071e-36 
4.5525 8.97449e-36 
4.56 5.66549e-36 
4.5575 6.60598e-36 
4.565 4.16393e-36 
4.5625 4.85762e-36 
4.57 3.05723e-36 
4.5675 3.56836e-36 
4.575 2.24238e-36 
4.5725 2.61862e-36 
4.58 1.64305e-36 
4.5775 1.9197e-36 
4.585 1.20267e-36 
4.5825 1.40589e-36 
4.59 8.79425e-37 
4.5875 1.02855e-36 
4.595 6.42403e-37 
4.5925 7.51721e-37 
4.6 4.68783e-37 
4.5975 5.48836e-37 
4.605 3.41736e-37 
4.6025 4.00299e-37 
4.61 2.48865e-37 
4.6075 2.91663e-37 
4.615 1.81047e-37 
4.6125 2.12291e-37 
4.62 1.31575e-37 
4.6175 1.54361e-37 
4.625 9.55234e-38 
4.6225 1.12123e-37 
4.63 6.92785e-38 
4.6275 8.13593e-38 
4.635 5.01926e-38 
4.6325 5.89756e-38 
4.64 3.63273e-38 
4.6375 4.27061e-38 
4.645 2.62651e-38 
4.6425 3.0893e-38 
4.65 1.89705e-38 
4.6475 2.23245e-38 
4.655 1.36876e-38 
4.6525 1.6116e-38 
4.66 9.86574e-39 
4.6575 1.1622e-38 
4.665 7.10367e-39 
4.6625 8.37259e-39 
4.67 5.1096e-39 
4.6675 6.02543e-39 
4.675 3.67149e-39 
4.6725 4.33179e-39 
4.68 2.63541e-39 
4.6775 3.11099e-39 
4.685 1.88975e-39 
4.6825 2.23192e-39 
4.69 1.35366e-39 
4.6875 1.5996e-39 
4.695 9.68652e-40 
4.6925 1.14523e-39 
4.7 6.92429e-40 
4.6975 8.19077e-40 
4.705 4.94461e-40 
4.7025 5.85204e-40 
4.71 3.52728e-40 
4.7075 4.17676e-40 
4.715 2.5136e-40 
4.7125 2.97798e-40 
4.72 1.78939e-40 
4.7175 2.12106e-40 
4.725 1.27251e-40 
4.7225 1.50916e-40 
4.73 9.03997e-41 
4.7275 1.07267e-40 
4.735 6.41539e-41 
4.7325 7.61637e-41 
4.74 4.54809e-41 
4.7375 5.4023e-41 
4.745 3.22095e-41 
4.7425 3.82789e-41 
4.75 2.27871e-41 
4.7475 2.7095e-41 
4.755 1.61043e-41 
4.7525 1.91588e-41 
4.76 1.13696e-41 
4.7575 1.35331e-41 
4.765 8.01864e-42 
4.7625 9.54942e-42 
4.77 5.64942e-42 
4.7675 6.7314e-42 
4.775 3.97609e-42 
4.7725 4.74005e-42 
4.78 2.7955e-42 
4.7775 3.33435e-42 
4.785 1.96341e-42 
4.7825 2.34308e-42 
4.79 1.37757e-42 
4.7875 1.64481e-42 
4.795 9.65528e-43 
4.7925 1.15343e-42 
4.8 6.76031e-43 
4.7975 8.08013e-43 
4.805 4.72845e-43 
4.8025 5.65451e-43 
4.81 3.30385e-43 
4.8075 3.95296e-43 
4.815 2.30607e-43 
4.8125 2.76057e-43 
4.82 1.60796e-43 
4.8175 1.92587e-43 
4.825 1.12003e-43 
4.8225 1.34216e-43 
4.83 7.79348e-44 
4.8275 9.34398e-44 
4.835 5.41733e-44 
4.8325 6.49846e-44 
4.84 3.76175e-44 
4.8375 4.51481e-44 
4.845 2.60943e-44 
4.8425 3.13343e-44 
4.85 1.80823e-44 
4.8475 2.17246e-44 
4.855 1.25173e-44 
4.8525 1.50464e-44 
4.86 8.65605e-45 
4.8575 1.04104e-44 
4.865 5.97972e-45 
4.8625 7.19536e-45 
4.87 4.12661e-45 
4.8675 4.96809e-45 
4.875 2.84484e-45 
4.8725 3.42671e-45 
4.88 1.95918e-45 
4.8775 2.36112e-45 
4.885 1.34786e-45 
4.8825 1.62521e-45 
4.89 9.26328e-46 
4.8875 1.11752e-45 
4.895 6.35973e-46 
4.8925 7.67632e-46 
4.9 4.3618e-46 
4.8975 5.26749e-46 
4.905 2.98845e-46 
4.9025 3.61083e-46 
4.91 2.0454e-46 
4.9075 2.47265e-46 
4.915 1.39851e-46 
4.9125 1.6915e-46 
4.92 9.55226e-47 
4.9175 1.15594e-46 
4.925 6.51781e-47 
4.9225 7.89141e-47 
4.93 4.44277e-47 
4.9275 5.38181e-47 
4.935 3.02527e-47 
4.9325 3.66656e-47 
4.94 2.05796e-47 
4.9375 2.49546e-47 
4.945 1.39858e-47 
4.9425 1.69672e-47 
4.95 9.49593e-48 
4.9475 1.15254e-47 
4.955 6.44235e-48 
4.9525 7.8221e-48 
4.96 4.36848e-48 
4.9575 5.30515e-48 
4.965 2.96256e-48 
4.9625 3.59717e-48 
4.97 2.01211e-48 
4.9675 2.4407e-48 
4.975 1.37275e-48 
4.9725 1.66052e-48 
4.98 9.46833e-49 
4.9775 1.1378e-48 
4.985 6.69035e-49 
4.9825 7.92524e-49 
4.99 4.9655e-49 
4.9875 5.71609e-49 
4.995 4.02711e-49 
4.9925 4.40954e-49 
5 3.7297e-49 
4.9975 3.8033e-49 
