0 7.7205e-16 
0.005 7.82718e-16 
0.0025 7.74713e-16 
0.01 8.1495e-16 
0.0075 7.96106e-16 
0.015 8.69437e-16 
0.0125 8.3935e-16 
0.02 9.47337e-16 
0.0175 9.05369e-16 
0.025 1.0503e-15 
0.0225 9.95562e-16 
0.03 1.18047e-15 
0.0275 1.11183e-15 
0.035 1.34056e-15 
0.0325 1.25658e-15 
0.04 1.53382e-15 
0.0375 1.43281e-15 
0.045 1.76415e-15 
0.0425 1.64408e-15 
0.05 2.0361e-15 
0.0475 1.89461e-15 
0.055 2.35495e-15 
0.0525 2.1893e-15 
0.06 2.72677e-15 
0.0575 2.53382e-15 
0.065 3.15849e-15 
0.0625 2.93467e-15 
0.07 3.65798e-15 
0.0675 3.39923e-15 
0.075 4.23415e-15 
0.0725 3.93588e-15 
0.08 4.897e-15 
0.0775 4.55406e-15 
0.085 5.6578e-15 
0.0825 5.2644e-15 
0.09 6.52911e-15 
0.0875 6.0788e-15 
0.095 7.52496e-15 
0.0925 7.01053e-15 
0.1 8.66097e-15 
0.0975 8.07441e-15 
0.105 9.95444e-15 
0.1025 9.28687e-15 
0.11 1.14245e-14 
0.1075 1.06661e-14 
0.115 1.30924e-14 
0.1125 1.22323e-14 
0.12 1.49813e-14 
0.1175 1.40076e-14 
0.125 1.71168e-14 
0.1225 1.60165e-14 
0.13 1.95269e-14 
0.1275 1.82857e-14 
0.135 2.22424e-14 
0.1325 2.08445e-14 
0.14 2.52965e-14 
0.1375 2.37249e-14 
0.145 2.87257e-14 
0.1425 2.69619e-14 
0.15 3.25695e-14 
0.1475 3.05932e-14 
0.155 3.68705e-14 
0.1525 3.466e-14 
0.16 4.16749e-14 
0.1575 3.92067e-14 
0.165 4.70324e-14 
0.1625 4.42813e-14 
0.17 5.29965e-14 
0.1675 4.99352e-14 
0.175 5.96245e-14 
0.1725 5.62238e-14 
0.18 6.69777e-14 
0.1775 6.32065e-14 
0.185 7.51213e-14 
0.1825 7.09464e-14 
0.19 8.41251e-14 
0.1875 7.95112e-14 
0.195 9.40628e-14 
0.1925 8.89724e-14 
0.2 1.05013e-13 
0.1975 9.94061e-14 
0.205 1.17057e-13 
0.2025 1.10893e-13 
0.21 1.30283e-13 
0.2075 1.23517e-13 
0.215 1.44782e-13 
0.2125 1.37368e-13 
0.22 1.6065e-13 
0.2175 1.52539e-13 
0.225 1.77987e-13 
0.2225 1.69129e-13 
0.23 1.96898e-13 
0.2275 1.87239e-13 
0.235 2.17492e-13 
0.2325 2.06978e-13 
0.24 2.39881e-13 
0.2375 2.28455e-13 
0.245 2.64184e-13 
0.2425 2.51786e-13 
0.25 2.90522e-13 
0.2475 2.77091e-13 
0.255 3.1902e-13 
0.2525 3.04493e-13 
0.26 3.4981e-13 
0.2575 3.34121e-13 
0.265 3.83024e-13 
0.2625 3.66105e-13 
0.27 4.18802e-13 
0.2675 4.00584e-13 
0.275 4.57286e-13 
0.2725 4.37697e-13 
0.28 4.98625e-13 
0.2775 4.7759e-13 
0.285 5.42971e-13 
0.2825 5.20412e-13 
0.29 5.90482e-13 
0.2875 5.6632e-13 
0.295 6.41323e-13 
0.2925 6.15476e-13 
0.3 6.95667e-13 
0.2975 6.68046e-13 
0.305 7.53692e-13 
0.3025 7.24208e-13 
0.31 8.1559e-13 
0.3075 7.84145e-13 
0.315 8.8156e-13 
0.3125 8.48053e-13 
0.32 9.51815e-13 
0.3175 9.16138e-13 
0.325 1.02659e-12 
0.3225 9.88621e-13 
0.33 1.10612e-12 
0.3275 1.06574e-12 
0.335 1.19068e-12 
0.3325 1.14775e-12 
0.34 1.28055e-12 
0.3375 1.23493e-12 
0.345 1.37607e-12 
0.3425 1.32759e-12 
0.35 1.47758e-12 
0.3475 1.42605e-12 
0.355 1.58547e-12 
0.3525 1.5307e-12 
0.36 1.70016e-12 
0.3575 1.64194e-12 
0.365 1.82215e-12 
0.3625 1.76021e-12 
0.37 1.95195e-12 
0.3675 1.88604e-12 
0.375 2.09017e-12 
0.3725 2.01997e-12 
0.38 2.23746e-12 
0.3775 2.16264e-12 
0.385 2.39456e-12 
0.3825 2.31474e-12 
0.39 2.5623e-12 
0.3875 2.47705e-12 
0.395 2.74157e-12 
0.3925 2.65043e-12 
0.4 2.9334e-12 
0.3975 2.83585e-12 
0.405 3.13891e-12 
0.4025 3.03437e-12 
0.41 3.35934e-12 
0.4075 3.24718e-12 
0.415 3.59609e-12 
0.4125 3.47558e-12 
0.42 3.85067e-12 
0.4175 3.72104e-12 
0.425 4.12477e-12 
0.4225 3.98517e-12 
0.43 4.42028e-12 
0.4275 4.26973e-12 
0.435 4.73925e-12 
0.4325 4.57669e-12 
0.44 5.08398e-12 
0.4375 4.90824e-12 
0.445 5.457e-12 
0.4425 5.26678e-12 
0.45 5.86112e-12 
0.4475 5.65498e-12 
0.455 6.29945e-12 
0.4525 6.0758e-12 
0.46 6.77546e-12 
0.4575 6.53252e-12 
0.465 7.29301e-12 
0.4625 7.02879e-12 
0.47 7.85639e-12 
0.4675 7.56869e-12 
0.475 8.4704e-12 
0.4725 8.15674e-12 
0.48 9.14039e-12 
0.4775 8.79804e-12 
0.485 9.87238e-12 
0.4825 9.49823e-12 
0.49 1.06731e-11 
0.4875 1.02637e-11 
0.495 1.155e-11 
0.4925 1.11015e-11 
0.5 1.25118e-11 
0.4975 1.20197e-11 
0.505 1.35677e-11 
0.5025 1.30273e-11 
0.51 1.47287e-11 
0.5075 1.41344e-11 
0.515 1.60067e-11 
0.5125 1.53523e-11 
0.52 1.74153e-11 
0.5175 1.66937e-11 
0.525 1.89697e-11 
0.5225 1.81732e-11 
0.53 2.06871e-11 
0.5275 1.98068e-11 
0.535 2.25867e-11 
0.5325 2.16128e-11 
0.54 2.46904e-11 
0.5375 2.36116e-11 
0.545 2.70224e-11 
0.5425 2.58262e-11 
0.55 2.96102e-11 
0.5475 2.82825e-11 
0.555 3.24846e-11 
0.5525 3.10095e-11 
0.56 3.56802e-11 
0.5575 3.40399e-11 
0.565 3.92358e-11 
0.5625 3.74104e-11 
0.57 4.31951e-11 
0.5675 4.11621e-11 
0.575 4.76069e-11 
0.5725 4.53412e-11 
0.58 5.25262e-11 
0.5775 4.99995e-11 
0.585 5.80145e-11 
0.5825 5.51951e-11 
0.59 6.41407e-11 
0.5875 6.09932e-11 
0.595 7.09824e-11 
0.5925 6.74669e-11 
0.6 7.86261e-11 
0.5975 7.46982e-11 
0.605 8.71691e-11 
0.6025 8.27787e-11 
0.61 9.67203e-11 
0.6075 9.18114e-11 
0.615 1.07402e-10 
0.6125 1.01912e-10 
0.62 1.1935e-10 
0.6175 1.13209e-10 
0.625 1.32719e-10 
0.6225 1.25847e-10 
0.63 1.4768e-10 
0.6275 1.39989e-10 
0.635 1.64424e-10 
0.6325 1.55816e-10 
0.64 1.83169e-10 
0.6375 1.73532e-10 
0.645 2.04155e-10 
0.6425 1.93365e-10 
0.65 2.27652e-10 
0.6475 2.15571e-10 
0.655 2.53963e-10 
0.6525 2.40435e-10 
0.66 2.83428e-10 
0.6575 2.68279e-10 
0.665 3.16427e-10 
0.6625 2.99461e-10 
0.67 3.53387e-10 
0.6675 3.34383e-10 
0.675 3.94783e-10 
0.6725 3.73498e-10 
0.68 4.41151e-10 
0.6775 4.1731e-10 
0.685 4.93091e-10 
0.6825 4.66384e-10 
0.69 5.51272e-10 
0.6875 5.21356e-10 
0.695 6.16446e-10 
0.6925 5.82934e-10 
0.7 6.89457e-10 
0.6975 6.51916e-10 
0.705 7.71247e-10 
0.7025 7.29191e-10 
0.71 8.62875e-10 
0.7075 8.1576e-10 
0.715 9.65523e-10 
0.7125 9.12742e-10 
0.72 1.08052e-09 
0.7175 1.02139e-09 
0.725 1.20935e-09 
0.7225 1.14311e-09 
0.73 1.35369e-09 
0.7275 1.27947e-09 
0.735 1.51539e-09 
0.7325 1.43224e-09 
0.74 1.69655e-09 
0.7375 1.6034e-09 
0.745 1.89951e-09 
0.7425 1.79515e-09 
0.75 2.12691e-09 
0.7475 2.00998e-09 
0.755 2.38166e-09 
0.7525 2.25067e-09 
0.76 2.66709e-09 
0.7575 2.52032e-09 
0.765 2.98687e-09 
0.7625 2.82243e-09 
0.77 3.34514e-09 
0.7675 3.16091e-09 
0.775 3.74654e-09 
0.7725 3.54014e-09 
0.78 4.19626e-09 
0.7775 3.96501e-09 
0.785 4.70012e-09 
0.7825 4.44103e-09 
0.79 5.26465e-09 
0.7875 4.97437e-09 
0.795 5.89713e-09 
0.7925 5.5719e-09 
0.8 6.60577e-09 
0.7975 6.24139e-09 
0.805 7.39973e-09 
0.8025 6.99147e-09 
0.81 8.28928e-09 
0.8075 7.83187e-09 
0.815 9.28595e-09 
0.8125 8.77345e-09 
0.82 1.04026e-08 
0.8175 9.82841e-09 
0.825 1.16537e-08 
0.8225 1.10104e-08 
0.83 1.30555e-08 
0.8275 1.23347e-08 
0.835 1.46261e-08 
0.8325 1.38185e-08 
0.84 1.63859e-08 
0.8375 1.5481e-08 
0.845 1.83575e-08 
0.8425 1.73437e-08 
0.85 2.05666e-08 
0.8475 1.94307e-08 
0.855 2.30417e-08 
0.8525 2.1769e-08 
0.86 2.5815e-08 
0.8575 2.43889e-08 
0.865 2.89222e-08 
0.8625 2.73244e-08 
0.87 3.24036e-08 
0.8675 3.06134e-08 
0.875 3.63044e-08 
0.8725 3.42986e-08 
0.88 4.0675e-08 
0.8775 3.84276e-08 
0.885 4.55721e-08 
0.8825 4.3054e-08 
0.89 5.1059e-08 
0.8875 4.82376e-08 
0.895 5.72069e-08 
0.8925 5.40456e-08 
0.9 6.40953e-08 
0.8975 6.05532e-08 
0.905 7.18135e-08 
0.9025 6.78447e-08 
0.91 8.04614e-08 
0.9075 7.60145e-08 
0.915 9.01512e-08 
0.9125 8.51686e-08 
0.92 1.01008e-07 
0.9175 9.54254e-08 
0.925 1.13173e-07 
0.9225 1.06918e-07 
0.93 1.26804e-07 
0.9275 1.19795e-07 
0.935 1.42077e-07 
0.9325 1.34223e-07 
0.94 1.5919e-07 
0.9375 1.5039e-07 
0.945 1.78365e-07 
0.9425 1.68505e-07 
0.95 1.9985e-07 
0.9475 1.88802e-07 
0.955 2.23924e-07 
0.9525 2.11544e-07 
0.96 2.50898e-07 
0.9575 2.37027e-07 
0.965 2.81123e-07 
0.9625 2.65581e-07 
0.97 3.1499e-07 
0.9675 2.97575e-07 
0.975 3.52938e-07 
0.9725 3.33424e-07 
0.98 3.95459e-07 
0.9775 3.73594e-07 
0.985 4.43104e-07 
0.9825 4.18604e-07 
0.99 4.9649e-07 
0.9875 4.69038e-07 
0.995 5.5631e-07 
0.9925 5.2555e-07 
1 6.2334e-07 
0.9975 5.88872e-07 
1.005 6.98448e-07 
1.0025 6.59826e-07 
1.01 7.82608e-07 
1.0075 7.39331e-07 
1.015 8.76911e-07 
1.0125 8.28418e-07 
1.02 9.8258e-07 
1.0175 9.28243e-07 
1.025 1.10099e-06 
1.0225 1.0401e-06 
1.03 1.23366e-06 
1.0275 1.16544e-06 
1.035 1.38233e-06 
1.0325 1.30588e-06 
1.04 1.54892e-06 
1.0375 1.46326e-06 
1.045 1.73559e-06 
1.0425 1.6396e-06 
1.05 1.94477e-06 
1.0475 1.8372e-06 
1.055 2.17915e-06 
1.0525 2.05863e-06 
1.06 2.4418e-06 
1.0575 2.30674e-06 
1.065 2.7361e-06 
1.0625 2.58476e-06 
1.07 3.06589e-06 
1.0675 2.8963e-06 
1.075 3.43543e-06 
1.0725 3.2454e-06 
1.08 3.84952e-06 
1.0775 3.63659e-06 
1.085 4.31354e-06 
1.0825 4.07493e-06 
1.09 4.83351e-06 
1.0875 4.56613e-06 
1.095 5.41616e-06 
1.0925 5.11655e-06 
1.1 6.06907e-06 
1.0975 5.73333e-06 
1.105 6.80071e-06 
1.1025 6.42448e-06 
1.11 7.62056e-06 
1.1075 7.19897e-06 
1.115 8.53927e-06 
1.1125 8.06684e-06 
1.12 9.56876e-06 
1.1175 9.03937e-06 
1.125 1.07224e-05 
1.1225 1.01292e-05 
1.13 1.20152e-05 
1.1275 1.13504e-05 
1.135 1.34638e-05 
1.1325 1.27189e-05 
1.14 1.50872e-05 
1.1375 1.42524e-05 
1.145 1.69063e-05 
1.1425 1.59708e-05 
1.15 1.89448e-05 
1.1475 1.78965e-05 
1.155 2.12292e-05 
1.1525 2.00545e-05 
1.16 2.37891e-05 
1.1575 2.24727e-05 
1.165 2.66578e-05 
1.1625 2.51826e-05 
1.17 2.98724e-05 
1.1675 2.82193e-05 
1.175 3.34749e-05 
1.1725 3.16224e-05 
1.18 3.75118e-05 
1.1775 3.54359e-05 
1.185 4.20358e-05 
1.1825 3.97094e-05 
1.19 4.71055e-05 
1.1875 4.44985e-05 
1.195 5.27867e-05 
1.1925 4.98652e-05 
1.2 5.91534e-05 
1.1975 5.58794e-05 
1.205 6.62882e-05 
1.2025 6.26192e-05 
1.21 7.42837e-05 
1.2075 7.01721e-05 
1.215 8.3244e-05 
1.2125 7.86363e-05 
1.22 9.32854e-05 
1.2175 8.81218e-05 
1.225 0.000104539 
1.2225 9.87518e-05 
1.23 0.000117149 
1.2275 0.000110664 
1.235 0.000131282 
1.2325 0.000124015 
1.24 0.00014712 
1.2375 0.000138976 
1.245 0.00016487 
1.2425 0.000155743 
1.25 0.000184762 
1.2475 0.000174533 
1.255 0.000207055 
1.2525 0.000195591 
1.26 0.000232038 
1.2575 0.000219191 
1.265 0.000260038 
1.2625 0.000245639 
1.27 0.000291417 
1.2675 0.00027528 
1.275 0.000326584 
1.2725 0.000308499 
1.28 0.000365997 
1.2775 0.000345729 
1.285 0.000410168 
1.2825 0.000387453 
1.29 0.000459672 
1.2875 0.000434214 
1.295 0.000515153 
1.2925 0.000486622 
1.3 0.000577333 
1.2975 0.000545357 
1.305 0.000647022 
1.3025 0.000611185 
1.31 0.000725126 
1.3075 0.000684961 
1.315 0.000812662 
1.3125 0.000767647 
1.32 0.00091077 
1.3175 0.000860318 
1.325 0.00102073 
1.3225 0.000964181 
1.33 0.00114396 
1.3275 0.00108059 
1.335 0.00128208 
1.3325 0.00121105 
1.34 0.00143688 
1.3375 0.00135727 
1.345 0.00161037 
1.3425 0.00152115 
1.35 0.00180481 
1.3475 0.00170482 
1.355 0.00202273 
1.3525 0.00191067 
1.36 0.00226697 
1.3575 0.00214137 
1.365 0.00254068 
1.3625 0.00239993 
1.37 0.00284744 
1.3675 0.0026897 
1.375 0.00319122 
1.3725 0.00301444 
1.38 0.00357647 
1.3775 0.00337836 
1.385 0.0040082 
1.3825 0.00378619 
1.39 0.00449197 
1.3875 0.0042432 
1.395 0.00503404 
1.3925 0.0047553 
1.4 0.0056414 
1.3975 0.00532909 
1.405 0.00632187 
1.4025 0.00597197 
1.41 0.00708417 
1.4075 0.0066922 
1.415 0.00793808 
1.4125 0.00749902 
1.42 0.00889448 
1.4175 0.00840274 
1.425 0.00996554 
1.4225 0.00941487 
1.43 0.0111648 
1.4275 0.0105482 
1.435 0.0125074 
1.4325 0.0118172 
1.44 0.0140101 
1.4375 0.0132376 
1.445 0.0156915 
1.4425 0.0148272 
1.45 0.0175725 
1.4475 0.0166057 
1.455 0.019676 
1.4525 0.0185949 
1.46 0.0220274 
1.4575 0.020819 
1.465 0.0246547 
1.4625 0.0233047 
1.47 0.027589 
1.4675 0.0260815 
1.475 0.0308642 
1.4725 0.0291817 
1.48 0.0345175 
1.4775 0.0326411 
1.485 0.0385895 
1.4825 0.0364984 
1.49 0.0431243 
1.4875 0.0407961 
1.495 0.0481698 
1.4925 0.0455801 
1.5 0.0537774 
1.4975 0.0509 
1.505 0.0600019 
1.5025 0.056809 
1.51 0.0669019 
1.5075 0.0633637 
1.515 0.0745386 
1.5125 0.0706242 
1.52 0.0829762 
1.5175 0.0786532 
1.525 0.0922804 
1.5225 0.0875158 
1.53 0.102518 
1.5275 0.0972783 
1.535 0.113756 
1.5325 0.108008 
1.54 0.126059 
1.5375 0.11977 
1.545 0.139488 
1.5425 0.132629 
1.55 0.154101 
1.5475 0.146643 
1.555 0.169944 
1.5525 0.161866 
1.56 0.187057 
1.5575 0.17834 
1.565 0.205464 
1.5625 0.196097 
1.57 0.225175 
1.5675 0.215156 
1.575 0.246182 
1.5725 0.235518 
1.58 0.268456 
1.5775 0.257163 
1.585 0.291947 
1.5825 0.280054 
1.59 0.31658 
1.5875 0.304126 
1.595 0.342259 
1.5925 0.329296 
1.6 0.368863 
1.5975 0.355454 
1.605 0.396249 
1.6025 0.382468 
1.61 0.424259 
1.6075 0.410187 
1.615 0.452715 
1.6125 0.438443 
1.62 0.481433 
1.6175 0.467054 
1.625 0.51022 
1.6225 0.49583 
1.63 0.538883 
1.6275 0.524579 
1.635 0.567234 
1.6325 0.553109 
1.64 0.595094 
1.6375 0.581236 
1.645 0.622298 
1.6425 0.608788 
1.65 0.648698 
1.6475 0.635607 
1.655 0.674164 
1.6525 0.661555 
1.66 0.698592 
1.6575 0.686514 
1.665 0.721896 
1.6625 0.710389 
1.67 0.744013 
1.6675 0.733106 
1.675 0.764904 
1.6725 0.754614 
1.68 0.784545 
1.6775 0.774881 
1.685 0.802934 
1.6825 0.793896 
1.69 0.820083 
1.6875 0.811662 
1.695 0.836017 
1.6925 0.8282 
1.7 0.850772 
1.6975 0.843539 
1.705 0.864393 
1.7025 0.857721 
1.71 0.876933 
1.7075 0.870795 
1.715 0.888446 
1.7125 0.882814 
1.72 0.898992 
1.7175 0.893836 
1.725 0.908631 
1.7225 0.903921 
1.73 0.917425 
1.7275 0.91313 
1.735 0.925433 
1.7325 0.921523 
1.74 0.932713 
1.7375 0.92916 
1.745 0.939323 
1.7425 0.936098 
1.75 0.945316 
1.7475 0.942393 
1.755 0.950744 
1.7525 0.948098 
1.76 0.955654 
1.7575 0.953261 
1.765 0.960093 
1.7625 0.95793 
1.77 0.964101 
1.7675 0.962148 
1.775 0.967718 
1.7725 0.965956 
1.78 0.970979 
1.7775 0.969391 
1.785 0.973918 
1.7825 0.972487 
1.79 0.976566 
1.7875 0.975277 
1.795 0.97895 
1.7925 0.977789 
1.8 0.981095 
1.7975 0.98005 
1.805 0.983024 
1.8025 0.982085 
1.81 0.984759 
1.8075 0.983915 
1.815 0.986319 
1.8125 0.98556 
1.82 0.98772 
1.8175 0.987038 
1.825 0.98898 
1.8225 0.988367 
1.83 0.990111 
1.8275 0.989561 
1.835 0.991127 
1.8325 0.990633 
1.84 0.992039 
1.8375 0.991595 
1.845 0.992858 
1.8425 0.99246 
1.85 0.993593 
1.8475 0.993236 
1.855 0.994253 
1.8525 0.993932 
1.86 0.994845 
1.8575 0.994557 
1.865 0.995377 
1.8625 0.995118 
1.87 0.995853 
1.8675 0.995622 
1.875 0.996281 
1.8725 0.996073 
1.88 0.996665 
1.8775 0.996478 
1.885 0.997009 
1.8825 0.996842 
1.89 0.997318 
1.8875 0.997168 
1.895 0.997595 
1.8925 0.99746 
1.9 0.997843 
1.8975 0.997722 
1.905 0.998066 
1.9025 0.997958 
1.91 0.998266 
1.9075 0.998169 
1.915 0.998445 
1.9125 0.998358 
1.92 0.998606 
1.9175 0.998528 
1.925 0.99875 
1.9225 0.99868 
1.93 0.998879 
1.9275 0.998816 
1.935 0.998995 
1.9325 0.998938 
1.94 0.999099 
1.9375 0.999048 
1.945 0.999192 
1.9425 0.999147 
1.95 0.999275 
1.9475 0.999235 
1.955 0.99935 
1.9525 0.999314 
1.96 0.999417 
1.9575 0.999385 
1.965 0.999477 
1.9625 0.999448 
1.97 0.999531 
1.9675 0.999505 
1.975 0.99958 
1.9725 0.999556 
1.98 0.999623 
1.9775 0.999602 
1.985 0.999662 
1.9825 0.999643 
1.99 0.999697 
1.9875 0.99968 
1.995 0.999728 
1.9925 0.999713 
2 0.999756 
1.9975 0.999742 
2.005 0.999781 
2.0025 0.999769 
2.01 0.999803 
2.0075 0.999792 
2.015 0.999823 
2.0125 0.999814 
2.02 0.999841 
2.0175 0.999832 
2.025 0.999857 
2.0225 0.999849 
2.03 0.999872 
2.0275 0.999865 
2.035 0.999884 
2.0325 0.999878 
2.04 0.999896 
2.0375 0.99989 
2.045 0.999906 
2.0425 0.999901 
2.05 0.999915 
2.0475 0.999911 
2.055 0.999923 
2.0525 0.999919 
2.06 0.99993 
2.0575 0.999927 
2.065 0.999937 
2.0625 0.999934 
2.07 0.999942 
2.0675 0.99994 
2.075 0.999947 
2.0725 0.999945 
2.08 0.999952 
2.0775 0.99995 
2.085 0.999955 
2.0825 0.999954 
2.09 0.999959 
2.0875 0.999957 
2.095 0.999961 
2.0925 0.99996 
2.1 0.999964 
2.0975 0.999963 
2.105 0.999966 
2.1025 0.999965 
2.11 0.999967 
2.1075 0.999966 
2.115 0.999968 
2.1125 0.999968 
2.12 0.999969 
2.1175 0.999969 
2.125 0.99997 
2.1225 0.999969 
2.13 0.99997 
2.1275 0.99997 
2.135 0.99997 
2.1325 0.99997 
2.14 0.999969 
2.1375 0.999969 
2.145 0.999968 
2.1425 0.999969 
2.15 0.999967 
2.1475 0.999968 
2.155 0.999965 
2.1525 0.999966 
2.16 0.999963 
2.1575 0.999964 
2.165 0.999961 
2.1625 0.999962 
2.17 0.999959 
2.1675 0.99996 
2.175 0.999955 
2.1725 0.999957 
2.18 0.999952 
2.1775 0.999954 
2.185 0.999948 
2.1825 0.99995 
2.19 0.999943 
2.1875 0.999946 
2.195 0.999938 
2.1925 0.999941 
2.2 0.999932 
2.1975 0.999935 
2.205 0.999926 
2.2025 0.999929 
2.21 0.999919 
2.2075 0.999923 
2.215 0.999911 
2.2125 0.999915 
2.22 0.999902 
2.2175 0.999907 
2.225 0.999892 
2.2225 0.999897 
2.23 0.999882 
2.2275 0.999887 
2.235 0.99987 
2.2325 0.999876 
2.24 0.999856 
2.2375 0.999863 
2.245 0.999842 
2.2425 0.999849 
2.25 0.999825 
2.2475 0.999834 
2.255 0.999807 
2.2525 0.999817 
2.26 0.999787 
2.2575 0.999798 
2.265 0.999766 
2.2625 0.999777 
2.27 0.999741 
2.2675 0.999754 
2.275 0.999714 
2.2725 0.999728 
2.28 0.999685 
2.2775 0.9997 
2.285 0.999652 
2.2825 0.999669 
2.29 0.999616 
2.2875 0.999635 
2.295 0.999576 
2.2925 0.999597 
2.3 0.999532 
2.2975 0.999555 
2.305 0.999483 
2.3025 0.999508 
2.31 0.99943 
2.3075 0.999457 
2.315 0.99937 
2.3125 0.999401 
2.32 0.999305 
2.3175 0.999339 
2.325 0.999233 
2.3225 0.99927 
2.33 0.999153 
2.3275 0.999194 
2.335 0.999065 
2.3325 0.99911 
2.34 0.998967 
2.3375 0.999017 
2.345 0.99886 
2.3425 0.998915 
2.35 0.998741 
2.3475 0.998802 
2.355 0.998611 
2.3525 0.998678 
2.36 0.998466 
2.3575 0.99854 
2.365 0.998306 
2.3625 0.998388 
2.37 0.99813 
2.3675 0.998221 
2.375 0.997936 
2.3725 0.998035 
2.38 0.997721 
2.3775 0.997831 
2.385 0.997484 
2.3825 0.997606 
2.39 0.997223 
2.3875 0.997357 
2.395 0.996934 
2.3925 0.997082 
2.4 0.996616 
2.3975 0.996779 
2.405 0.996264 
2.4025 0.996444 
2.41 0.995876 
2.4075 0.996075 
2.415 0.995448 
2.4125 0.995667 
2.42 0.994976 
2.4175 0.995218 
2.425 0.994454 
2.4225 0.994721 
2.43 0.993879 
2.4275 0.994174 
2.435 0.993245 
2.4325 0.99357 
2.44 0.992545 
2.4375 0.992903 
2.445 0.991773 
2.4425 0.992168 
2.45 0.990921 
2.4475 0.991357 
2.455 0.989982 
2.4525 0.990463 
2.46 0.988947 
2.4575 0.989477 
2.465 0.987805 
2.4625 0.98839 
2.47 0.986547 
2.4675 0.987191 
2.475 0.98516 
2.4725 0.98587 
2.48 0.983633 
2.4775 0.984415 
2.485 0.98195 
2.4825 0.982811 
2.49 0.980096 
2.4875 0.981045 
2.495 0.978056 
2.4925 0.979101 
2.5 0.97581 
2.4975 0.97696 
2.505 0.973339 
2.5025 0.974604 
2.51 0.970622 
2.5075 0.972013 
2.515 0.967634 
2.5125 0.969163 
2.52 0.964352 
2.5175 0.966032 
2.525 0.960747 
2.5225 0.962592 
2.53 0.95679 
2.5275 0.958815 
2.535 0.952451 
2.5325 0.95467 
2.54 0.947694 
2.5375 0.950127 
2.545 0.942484 
2.5425 0.945148 
2.55 0.936784 
2.5475 0.939698 
2.555 0.930553 
2.5525 0.933737 
2.56 0.923748 
2.5575 0.927225 
2.565 0.916326 
2.5625 0.920117 
2.57 0.908241 
2.5675 0.912369 
2.575 0.899447 
2.5725 0.903935 
2.58 0.889895 
2.5775 0.894768 
2.585 0.879539 
2.5825 0.884821 
2.59 0.868332 
2.5875 0.874045 
2.595 0.856228 
2.5925 0.862395 
2.6 0.843185 
2.5975 0.849827 
2.605 0.829163 
2.6025 0.836299 
2.61 0.814127 
2.6075 0.821774 
2.615 0.79805 
2.6125 0.80622 
2.62 0.780911 
2.6175 0.789614 
2.625 0.7627 
2.6225 0.77194 
2.63 0.743415 
2.6275 0.753191 
2.635 0.723068 
2.6325 0.733373 
2.64 0.701685 
2.6375 0.712504 
2.645 0.679306 
2.6425 0.690617 
2.65 0.655985 
2.6475 0.667759 
2.655 0.631793 
2.6525 0.643993 
2.66 0.606816 
2.6575 0.619396 
2.665 0.581155 
2.6625 0.594064 
2.67 0.554924 
2.6675 0.568103 
2.675 0.528251 
2.6725 0.541635 
2.68 0.501272 
2.6775 0.514791 
2.685 0.474132 
2.6825 0.487713 
2.69 0.446977 
2.6875 0.460547 
2.695 0.41996 
2.6925 0.433442 
2.7 0.393227 
2.6975 0.406549 
2.705 0.366922 
2.7025 0.380012 
2.71 0.341182 
2.7075 0.353973 
2.715 0.316131 
2.7125 0.328563 
2.72 0.291885 
2.7175 0.303901 
2.725 0.268542 
2.7225 0.280095 
2.73 0.246189 
2.7275 0.257237 
2.735 0.224895 
2.7325 0.235406 
2.74 0.204716 
2.7375 0.214663 
2.745 0.185689 
2.7425 0.195056 
2.75 0.167839 
2.7475 0.176616 
2.755 0.151177 
2.7525 0.159359 
2.76 0.135701 
2.7575 0.143291 
2.765 0.121395 
2.7625 0.128403 
2.77 0.108236 
2.7675 0.114674 
2.775 0.0961885 
2.7725 0.102076 
2.78 0.0852115 
2.7775 0.0905691 
2.785 0.0752558 
2.7825 0.0801092 
2.79 0.0662675 
2.7875 0.0706443 
2.795 0.0581886 
2.7925 0.0621182 
2.8 0.0509582 
2.7975 0.0544712 
2.805 0.044514 
2.8025 0.0476418 
2.81 0.0387931 
2.8075 0.041567 
2.815 0.0337333 
2.8125 0.0361844 
2.82 0.0292741 
2.8175 0.0314324 
2.825 0.0253571 
2.8225 0.0272514 
2.83 0.0219267 
2.8275 0.0235844 
2.835 0.018931 
2.8325 0.0203776 
2.84 0.0163216 
2.8375 0.0175809 
2.845 0.0140539 
2.8425 0.0151476 
2.85 0.0120873 
2.8475 0.0130354 
2.855 0.0103852 
2.8525 0.0112054 
2.86 0.00891432 
2.8575 0.00962275 
2.865 0.0076453 
2.8625 0.00825629 
2.87 0.00655189 
2.8675 0.00707816 
2.875 0.00561092 
2.8725 0.00606368 
2.88 0.00480202 
2.8775 0.00519114 
2.885 0.00410733 
2.8825 0.00444142 
2.89 0.00351122 
2.8875 0.00379784 
2.895 0.00300011 
2.8925 0.00324582 
2.9 0.00256219 
2.8975 0.00277268 
2.905 0.0021872 
2.9025 0.00236741 
2.91 0.0018663 
2.9075 0.0020205 
2.915 0.00159183 
2.9125 0.0017237 
2.92 0.00135718 
2.9175 0.0014699 
2.925 0.00115668 
2.9225 0.00125299 
2.93 0.000985417 
2.9275 0.00106767 
2.935 0.000839197 
2.9325 0.000909415 
2.94 0.000714407 
2.9375 0.000774328 
2.945 0.000607946 
2.9425 0.000659061 
2.95 0.000517155 
2.9475 0.000560742 
2.955 0.000439757 
2.9525 0.000476911 
2.96 0.000373799 
2.9575 0.000405459 
2.965 0.000317612 
2.9625 0.000344579 
2.97 0.000269764 
2.9675 0.000292726 
2.975 0.000229032 
2.9725 0.000248578 
2.98 0.000194372 
2.9775 0.000211002 
2.985 0.000164888 
2.9825 0.000179033 
2.99 0.000139818 
2.9875 0.000151845 
2.995 0.000118508 
2.9925 0.00012873 
3 0.000100402 
2.9975 0.000109086 
3.005 8.50233e-05 
3.0025 9.23983e-05 
3.01 7.19674e-05 
3.0075 7.8228e-05 
3.015 6.08877e-05 
3.0125 6.62e-05 
3.02 5.1489e-05 
3.0175 5.59948e-05 
3.025 4.35198e-05 
3.0225 4.73399e-05 
3.03 3.67656e-05 
3.0275 4.00029e-05 
3.035 3.10438e-05 
3.0325 3.3786e-05 
3.04 2.61989e-05 
3.0375 2.85205e-05 
3.045 2.20983e-05 
3.0425 2.4063e-05 
3.05 1.86295e-05 
3.0475 2.02913e-05 
3.055 1.56966e-05 
3.0525 1.71015e-05 
3.06 1.3218e-05 
3.0575 1.44051e-05 
3.065 1.11244e-05 
3.0625 1.21269e-05 
3.07 9.35697e-06 
3.0675 1.02032e-05 
3.075 7.86572e-06 
3.0725 8.57964e-06 
3.08 6.60818e-06 
3.0775 7.21013e-06 
3.085 5.5483e-06 
3.0825 6.05556e-06 
3.09 4.65554e-06 
3.0875 5.08275e-06 
3.095 3.90398e-06 
3.0925 4.26356e-06 
3.1 3.27166e-06 
3.0975 3.57414e-06 
3.105 2.73999e-06 
3.1025 2.99429e-06 
3.11 2.29322e-06 
3.1075 2.50687e-06 
3.115 1.91803e-06 
3.1125 2.09742e-06 
3.12 1.60314e-06 
3.1175 1.75368e-06 
3.125 1.33904e-06 
3.1225 1.46528e-06 
3.13 1.11769e-06 
3.1275 1.22347e-06 
3.135 9.32274e-07 
3.1325 1.02087e-06 
3.14 7.77074e-07 
3.1375 8.51219e-07 
3.145 6.47252e-07 
3.1425 7.09262e-07 
3.15 5.38733e-07 
3.1475 5.90558e-07 
3.155 4.48085e-07 
3.1525 4.91367e-07 
3.16 3.72418e-07 
3.1575 4.0854e-07 
3.165 3.09301e-07 
3.1625 3.39426e-07 
3.17 2.5669e-07 
3.1675 2.81796e-07 
3.175 2.12869e-07 
3.1725 2.33777e-07 
3.18 1.76396e-07 
3.1775 1.93795e-07 
3.185 1.46062e-07 
3.1825 1.60529e-07 
3.19 1.20852e-07 
3.1875 1.32873e-07 
3.195 9.99162e-08 
3.1925 1.09897e-07 
3.2 8.25434e-08 
3.1975 9.0824e-08 
3.205 6.81383e-08 
3.2025 7.5003e-08 
3.21 5.62031e-08 
3.2075 6.18897e-08 
3.215 4.63222e-08 
3.2125 5.1029e-08 
3.22 3.81482e-08 
3.2175 4.20411e-08 
3.225 3.13918e-08 
3.2225 3.46089e-08 
3.23 2.58114e-08 
3.2275 2.8468e-08 
3.235 2.12061e-08 
3.2325 2.3398e-08 
3.24 1.74085e-08 
3.2375 1.92156e-08 
3.245 1.42795e-08 
3.2425 1.57682e-08 
3.25 1.17035e-08 
3.2475 1.29288e-08 
3.255 9.58446e-09 
3.2525 1.05922e-08 
3.26 7.84275e-09 
3.2575 8.67085e-09 
3.265 6.41235e-09 
3.2625 7.09229e-09 
3.27 5.23858e-09 
3.2675 5.79641e-09 
3.275 4.27619e-09 
3.2725 4.73346e-09 
3.28 3.48778e-09 
3.2775 3.86231e-09 
3.285 2.84242e-09 
3.2825 3.14892e-09 
3.29 2.31459e-09 
3.2875 2.56522e-09 
3.295 1.88325e-09 
3.2925 2.08802e-09 
3.3 1.53106e-09 
3.2975 1.69822e-09 
3.305 1.24372e-09 
3.3025 1.38007e-09 
3.31 1.00949e-09 
3.3075 1.12061e-09 
3.315 8.18718e-10 
3.3125 9.09205e-10 
3.32 6.63463e-10 
3.3175 7.37087e-10 
3.325 5.3722e-10 
3.3225 5.97073e-10 
3.33 4.34651e-10 
3.3275 4.83269e-10 
3.335 3.51387e-10 
3.3325 3.90846e-10 
3.34 2.83849e-10 
3.3375 3.15848e-10 
3.345 2.29112e-10 
3.3425 2.55041e-10 
3.35 1.84786e-10 
3.3475 2.05778e-10 
3.355 1.4892e-10 
3.3525 1.65902e-10 
3.36 1.19923e-10 
3.3575 1.3365e-10 
3.365 9.64986e-11 
3.3625 1.07585e-10 
3.37 7.75908e-11 
3.3675 8.65379e-11 
3.375 6.23409e-11 
3.3725 6.95555e-11 
3.38 5.00511e-11 
3.3775 5.58641e-11 
3.385 4.01545e-11 
3.3825 4.48346e-11 
3.39 3.21913e-11 
3.3875 3.59563e-11 
3.395 2.57889e-11 
3.3925 2.88153e-11 
3.4 2.06451e-11 
3.3975 2.30761e-11 
3.405 1.65158e-11 
3.4025 1.8467e-11 
3.41 1.32033e-11 
3.4075 1.47682e-11 
3.415 1.0548e-11 
3.4125 1.18022e-11 
3.42 8.42117e-12 
3.4175 9.42557e-12 
3.425 6.71877e-12 
3.4225 7.52256e-12 
3.43 5.35709e-12 
3.4275 5.99988e-12 
3.435 4.2687e-12 
3.4325 4.78239e-12 
3.44 3.39936e-12 
3.4375 3.8096e-12 
3.445 2.70545e-12 
3.4425 3.03284e-12 
3.45 2.15194e-12 
3.4475 2.41304e-12 
3.455 1.7107e-12 
3.4525 1.91881e-12 
3.46 1.35919e-12 
3.4575 1.52495e-12 
3.465 1.07933e-12 
3.4625 1.21128e-12 
3.47 8.56661e-13 
3.4675 9.61633e-13 
3.475 6.79591e-13 
3.4725 7.63052e-13 
3.48 5.38866e-13 
3.4775 6.05186e-13 
3.485 4.27087e-13 
3.4825 4.79758e-13 
3.49 3.38348e-13 
3.4875 3.80156e-13 
3.495 2.67937e-13 
3.4925 3.01106e-13 
3.5 2.12095e-13 
3.4975 2.38397e-13 
3.505 1.67831e-13 
3.5025 1.88677e-13 
3.51 1.32758e-13 
3.5075 1.49274e-13 
3.515 1.04981e-13 
3.5125 1.1806e-13 
3.52 8.29918e-14 
3.5175 9.33444e-14 
3.525 6.55903e-14 
3.5225 7.3782e-14 
3.53 5.18247e-14 
3.5275 5.83043e-14 
3.535 4.09391e-14 
3.5325 4.60626e-14 
3.54 3.23337e-14 
3.5375 3.63836e-14 
3.545 2.55328e-14 
3.5425 2.87332e-14 
3.55 2.01594e-14 
3.5475 2.26879e-14 
3.555 1.5915e-14 
3.5525 1.79122e-14 
3.56 1.25631e-14 
3.5575 1.41402e-14 
3.565 9.91651e-15 
3.5625 1.11617e-14 
3.57 7.82714e-15 
3.5675 8.81011e-15 
3.575 6.17791e-15 
3.5725 6.95379e-15 
3.58 4.87624e-15 
3.5775 5.4886e-15 
3.585 3.84897e-15 
3.5825 4.33223e-15 
3.59 3.0383e-15 
3.5875 3.41966e-15 
3.595 2.39858e-15 
3.5925 2.69952e-15 
3.6 1.89376e-15 
3.5975 2.13124e-15 
3.605 1.49538e-15 
3.6025 1.68279e-15 
3.61 1.18099e-15 
3.6075 1.32889e-15 
3.615 9.32855e-16 
3.6125 1.04959e-15 
3.62 7.36998e-16 
3.6175 8.29141e-16 
3.625 5.82385e-16 
3.6225 6.55127e-16 
3.63 4.60313e-16 
3.6275 5.17748e-16 
3.635 3.63917e-16 
3.6325 4.09274e-16 
3.64 2.87783e-16 
3.6375 3.23608e-16 
3.645 2.27638e-16 
3.6425 2.55941e-16 
3.65 1.80115e-16 
3.6475 2.02479e-16 
3.655 1.42555e-16 
3.6525 1.60232e-16 
3.66 1.12862e-16 
3.6575 1.26837e-16 
3.665 8.93813e-17 
3.6625 1.00434e-16 
3.67 7.08086e-17 
3.6675 7.95514e-17 
3.675 5.61133e-17 
3.6725 6.30314e-17 
3.68 4.44823e-17 
3.6775 4.99583e-17 
3.685 3.52738e-17 
3.6825 3.96097e-17 
3.69 2.79809e-17 
3.6875 3.14151e-17 
3.695 2.22032e-17 
3.6925 2.49241e-17 
3.7 1.76242e-17 
3.6975 1.97808e-17 
3.705 1.39942e-17 
3.7025 1.5704e-17 
3.71 1.11154e-17 
3.7075 1.24715e-17 
3.715 8.83166e-18 
3.7125 9.90756e-18 
3.72 7.01932e-18 
3.7175 7.8732e-18 
3.725 5.58059e-18 
3.7225 6.2585e-18 
3.73 4.43808e-18 
3.7275 4.97647e-18 
3.735 3.53051e-18 
3.7325 3.95822e-18 
3.74 2.80933e-18 
3.7375 3.14923e-18 
3.745 2.23608e-18 
3.7425 2.50628e-18 
3.75 1.78027e-18 
3.7475 1.99513e-18 
3.755 1.41774e-18 
3.7525 1.58864e-18 
3.76 1.12931e-18 
3.7575 1.26529e-18 
3.765 8.99766e-19 
3.7625 1.00799e-18 
3.77 7.17042e-19 
3.7675 8.03202e-19 
3.775 5.71548e-19 
3.7725 6.40157e-19 
3.78 4.55668e-19 
3.7775 5.10316e-19 
3.785 3.63352e-19 
3.7825 4.06891e-19 
3.79 2.89792e-19 
3.7875 3.24487e-19 
3.795 2.31163e-19 
3.7925 2.58817e-19 
3.8 1.84425e-19 
3.7975 2.06472e-19 
3.805 1.47159e-19 
3.8025 1.64739e-19 
3.81 1.1744e-19 
3.8075 1.3146e-19 
3.815 9.37346e-20 
3.8125 1.04918e-19 
3.82 7.48232e-20 
3.8175 8.37454e-20 
3.825 5.97338e-20 
3.8225 6.68531e-20 
3.83 4.76923e-20 
3.8275 5.33738e-20 
3.835 3.80816e-20 
3.8325 4.26164e-20 
3.84 3.04102e-20 
3.8375 3.403e-20 
3.845 2.42859e-20 
3.8425 2.71758e-20 
3.85 1.93962e-20 
3.8475 2.17036e-20 
3.855 1.54919e-20 
3.8525 1.73344e-20 
3.86 1.23741e-20 
3.8575 1.38455e-20 
3.865 9.88419e-21 
3.8625 1.10592e-20 
3.87 7.89553e-21 
3.8675 8.83403e-21 
3.875 6.30713e-21 
3.8725 7.05675e-21 
3.88 5.03837e-21 
3.8775 5.63715e-21 
3.885 4.02487e-21 
3.8825 4.50318e-21 
3.89 3.21524e-21 
3.8875 3.59734e-21 
3.895 2.56846e-21 
3.8925 2.87371e-21 
3.9 2.05176e-21 
3.8975 2.29562e-21 
3.905 1.63897e-21 
3.9025 1.83379e-21 
3.91 1.30919e-21 
3.9075 1.46483e-21 
3.915 1.04573e-21 
3.9125 1.17007e-21 
3.92 8.35249e-22 
3.9175 9.34586e-22 
3.925 6.671e-22 
3.9225 7.46459e-22 
3.93 5.32771e-22 
3.9275 5.96168e-22 
3.935 4.25463e-22 
3.9325 4.76107e-22 
3.94 3.39743e-22 
3.9375 3.80198e-22 
3.945 2.71271e-22 
3.9425 3.03585e-22 
3.95 2.16579e-22 
3.9475 2.4239e-22 
3.955 1.72897e-22 
3.9525 1.93512e-22 
3.96 1.38011e-22 
3.9575 1.54474e-22 
3.965 1.10151e-22 
3.9625 1.23298e-22 
3.97 8.79039e-23 
3.9675 9.8402e-23 
3.975 7.01409e-23 
3.9725 7.8523e-23 
3.98 5.59595e-23 
3.9775 6.26513e-23 
3.985 4.46386e-23 
3.9825 4.99804e-23 
3.99 3.56022e-23 
3.9875 3.98659e-23 
3.995 2.83903e-23 
3.9925 3.17931e-23 
4 2.26353e-23 
3.9975 2.53506e-23 
4.005 1.80434e-23 
4.0025 2.02098e-23 
4.01 1.43802e-23 
4.0075 1.61084e-23 
4.015 1.14583e-23 
4.0125 1.28367e-23 
4.02 9.12811e-24 
4.0175 1.02273e-23 
4.025 7.2701e-24 
4.0225 8.14653e-24 
4.03 5.78888e-24 
4.0275 6.48755e-24 
4.035 4.60829e-24 
4.0325 5.16512e-24 
4.04 3.6675e-24 
4.0375 4.1112e-24 
4.045 2.91797e-24 
4.0425 3.27145e-24 
4.05 2.32095e-24 
4.0475 2.60249e-24 
4.055 1.84554e-24 
4.0525 2.06972e-24 
4.06 1.46705e-24 
4.0575 1.64551e-24 
4.065 1.16581e-24 
4.0625 1.30784e-24 
4.07 9.26115e-25 
4.0675 1.03912e-24 
4.075 7.35448e-25 
4.0725 8.25329e-25 
4.08 5.83827e-25 
4.0775 6.55296e-25 
4.085 4.63293e-25 
4.0825 5.20103e-25 
4.09 3.67503e-25 
4.0875 4.12647e-25 
4.095 2.91404e-25 
4.0925 3.27265e-25 
4.1 2.30968e-25 
4.0975 2.59445e-25 
4.105 1.8299e-25 
4.1025 2.05595e-25 
4.11 1.44916e-25 
4.1075 1.62853e-25 
4.115 1.14713e-25 
4.1125 1.2894e-25 
4.12 9.07634e-26 
4.1175 1.02044e-25 
4.125 7.17803e-26 
4.1225 8.07203e-26 
4.13 5.67403e-26 
4.1275 6.38226e-26 
4.135 4.48296e-26 
4.1325 5.04376e-26 
4.14 3.54012e-26 
4.1375 3.98399e-26 
4.145 2.79414e-26 
4.1425 3.14529e-26 
4.15 2.20418e-26 
4.1475 2.48185e-26 
4.155 1.73785e-26 
4.1525 1.95731e-26 
4.16 1.36943e-26 
4.1575 1.54279e-26 
4.165 1.0785e-26 
4.1625 1.21537e-26 
4.17 8.48892e-27 
4.1675 9.56901e-27 
4.175 6.67774e-27 
4.1725 7.52961e-27 
4.18 5.24985e-27 
4.1775 5.92134e-27 
4.185 4.12478e-27 
4.1825 4.65378e-27 
4.19 3.2388e-27 
4.1875 3.65532e-27 
4.195 2.54153e-27 
4.1925 2.86928e-27 
4.2 1.99309e-27 
4.1975 2.25084e-27 
4.205 1.56198e-27 
4.2025 1.76456e-27 
4.21 1.22331e-27 
4.2075 1.38243e-27 
4.215 9.5743e-28 
4.2125 1.08233e-27 
4.22 7.48825e-28 
4.2175 8.46799e-28 
4.225 5.85266e-28 
4.2225 6.6207e-28 
4.23 4.5711e-28 
4.2275 5.17279e-28 
4.235 3.56763e-28 
4.2325 4.03867e-28 
4.24 2.78244e-28 
4.2375 3.15095e-28 
4.245 2.16848e-28 
4.2425 2.45657e-28 
4.25 1.68874e-28 
4.2475 1.91381e-28 
4.255 1.31416e-28 
4.2525 1.48986e-28 
4.26 1.02188e-28 
4.2575 1.15895e-28 
4.265 7.94008e-29 
4.2625 9.00853e-29 
4.27 6.1647e-29 
4.2675 6.99696e-29 
4.275 4.78255e-29 
4.2725 5.43035e-29 
4.28 3.70736e-29 
4.2775 4.21119e-29 
4.285 2.8716e-29 
4.2825 3.26315e-29 
4.29 2.22246e-29 
4.2875 2.52652e-29 
4.295 1.71867e-29 
4.2925 1.95459e-29 
4.3 1.32799e-29 
4.2975 1.5109e-29 
4.305 1.02527e-29 
4.3025 1.16697e-29 
4.31 7.90894e-30 
4.3075 9.00579e-30 
4.315 6.09586e-30 
4.3125 6.94419e-30 
4.32 4.69444e-30 
4.3175 5.35001e-30 
4.325 3.61213e-30 
4.3225 4.11831e-30 
4.33 2.77696e-30 
4.3275 3.16747e-30 
4.335 2.13304e-30 
4.3325 2.43406e-30 
4.34 1.63701e-30 
4.3375 1.86884e-30 
4.345 1.25523e-30 
4.3425 1.43362e-30 
4.35 9.61639e-31 
4.3475 1.09879e-30 
4.355 7.36063e-31 
4.3525 8.41416e-31 
4.36 5.62899e-31 
4.3575 6.43755e-31 
4.365 4.30087e-31 
4.3625 4.92086e-31 
4.37 3.28314e-31 
4.3675 3.75812e-31 
4.375 2.50396e-31 
4.3725 2.86752e-31 
4.38 1.90796e-31 
4.3775 2.18599e-31 
4.385 1.45249e-31 
4.3825 1.66491e-31 
4.39 1.10474e-31 
4.3875 1.26688e-31 
4.395 8.39459e-32 
4.3925 9.63115e-32 
4.4 6.3729e-32 
4.3975 7.31506e-32 
4.405 4.83358e-32 
4.4025 5.55076e-32 
4.41 3.66263e-32 
4.4075 4.20805e-32 
4.415 2.77273e-32 
4.4125 3.18713e-32 
4.42 2.09706e-32 
4.4175 2.41163e-32 
4.425 1.58454e-32 
4.4225 1.82309e-32 
4.43 1.19614e-32 
4.4275 1.37687e-32 
4.435 9.02075e-33 
4.4325 1.03887e-32 
4.44 6.79654e-33 
4.4375 7.83098e-33 
4.445 5.11581e-33 
4.4425 5.89728e-33 
4.45 3.84699e-33 
4.4475 4.43679e-33 
4.455 2.89006e-33 
4.4525 3.33477e-33 
4.46 2.16906e-33 
4.4575 2.50404e-33 
4.465 1.62634e-33 
4.4625 1.87842e-33 
4.47 1.21822e-33 
4.4675 1.40773e-33 
4.475 9.11626e-34 
4.4725 1.05396e-33 
4.48 6.81521e-34 
4.4775 7.88315e-34 
4.485 5.08996e-34 
4.4825 5.89045e-34 
4.49 3.79769e-34 
4.4875 4.39713e-34 
4.495 2.83071e-34 
4.4925 3.27914e-34 
4.5 2.10785e-34 
4.4975 2.44298e-34 
4.505 1.56802e-34 
4.5025 1.81823e-34 
4.51 1.16528e-34 
4.5075 1.3519e-34 
4.515 8.65122e-35 
4.5125 1.00417e-34 
4.52 6.41635e-35 
4.5175 7.45136e-35 
4.525 4.75405e-35 
4.5225 5.52368e-35 
4.53 3.51887e-35 
4.5275 4.09059e-35 
4.535 2.60199e-35 
4.5325 3.02627e-35 
4.54 1.92207e-35 
4.5375 2.23661e-35 
4.545 1.41839e-35 
4.5425 1.65134e-35 
4.55 1.04564e-35 
4.5475 1.21799e-35 
4.555 7.70071e-36 
4.5525 8.97449e-36 
4.56 5.66549e-36 
4.5575 6.60598e-36 
4.565 4.16393e-36 
4.5625 4.85762e-36 
4.57 3.05723e-36 
4.5675 3.56836e-36 
4.575 2.24238e-36 
4.5725 2.61862e-36 
4.58 1.64305e-36 
4.5775 1.9197e-36 
4.585 1.20267e-36 
4.5825 1.40589e-36 
4.59 8.79425e-37 
4.5875 1.02855e-36 
4.595 6.42403e-37 
4.5925 7.51721e-37 
4.6 4.68783e-37 
4.5975 5.48836e-37 
4.605 3.41736e-37 
4.6025 4.00299e-37 
4.61 2.48865e-37 
4.6075 2.91663e-37 
4.615 1.81047e-37 
4.6125 2.12291e-37 
4.62 1.31575e-37 
4.6175 1.54361e-37 
4.625 9.55234e-38 
4.6225 1.12123e-37 
4.63 6.92785e-38 
4.6275 8.13593e-38 
4.635 5.01926e-38 
4.6325 5.89756e-38 
4.64 3.63273e-38 
4.6375 4.27061e-38 
4.645 2.62651e-38 
4.6425 3.0893e-38 
4.65 1.89705e-38 
4.6475 2.23245e-38 
4.655 1.36876e-38 
4.6525 1.6116e-38 
4.66 9.86574e-39 
4.6575 1.1622e-38 
4.665 7.10367e-39 
4.6625 8.37259e-39 
4.67 5.1096e-39 
4.6675 6.02543e-39 
4.675 3.67149e-39 
4.6725 4.33179e-39 
4.68 2.63541e-39 
4.6775 3.11099e-39 
4.685 1.88975e-39 
4.6825 2.23192e-39 
4.69 1.35366e-39 
4.6875 1.5996e-39 
4.695 9.68652e-40 
4.6925 1.14523e-39 
4.7 6.92429e-40 
4.6975 8.19077e-40 
4.705 4.94461e-40 
4.7025 5.85204e-40 
4.71 3.52728e-40 
4.7075 4.17676e-40 
4.715 2.5136e-40 
4.7125 2.97798e-40 
4.72 1.78939e-40 
4.7175 2.12106e-40 
4.725 1.27251e-40 
4.7225 1.50916e-40 
4.73 9.03997e-41 
4.7275 1.07267e-40 
4.735 6.41539e-41 
4.7325 7.61637e-41 
4.74 4.54809e-41 
4.7375 5.4023e-41 
4.745 3.22095e-41 
4.7425 3.82789e-41 
4.75 2.27871e-41 
4.7475 2.7095e-41 
4.755 1.61043e-41 
4.7525 1.91588e-41 
4.76 1.13696e-41 
4.7575 1.35331e-41 
4.765 8.01864e-42 
4.7625 9.54942e-42 
4.77 5.64942e-42 
4.7675 6.7314e-42 
4.775 3.97609e-42 
4.7725 4.74005e-42 
4.78 2.7955e-42 
4.7775 3.33435e-42 
4.785 1.96341e-42 
4.7825 2.34308e-42 
4.79 1.37757e-42 
4.7875 1.64481e-42 
4.795 9.65528e-43 
4.7925 1.15343e-42 
4.8 6.76031e-43 
4.7975 8.08013e-43 
4.805 4.72845e-43 
4.8025 5.65451e-43 
4.81 3.30385e-43 
4.8075 3.95296e-43 
4.815 2.30607e-43 
4.8125 2.76057e-43 
4.82 1.60796e-43 
4.8175 1.92587e-43 
4.825 1.12003e-43 
4.8225 1.34216e-43 
4.83 7.79348e-44 
4.8275 9.34398e-44 
4.835 5.41733e-44 
4.8325 6.49846e-44 
4.84 3.76175e-44 
4.8375 4.51481e-44 
4.845 2.60943e-44 
4.8425 3.13343e-44 
4.85 1.80823e-44 
4.8475 2.17246e-44 
4.855 1.25173e-44 
4.8525 1.50464e-44 
4.86 8.65605e-45 
4.8575 1.04104e-44 
4.865 5.97972e-45 
4.8625 7.19536e-45 
4.87 4.12661e-45 
4.8675 4.96809e-45 
4.875 2.84484e-45 
4.8725 3.42671e-45 
4.88 1.95918e-45 
4.8775 2.36112e-45 
4.885 1.34786e-45 
4.8825 1.62521e-45 
4.89 9.26328e-46 
4.8875 1.11752e-45 
4.895 6.35973e-46 
4.8925 7.67632e-46 
4.9 4.3618e-46 
4.8975 5.26749e-46 
4.905 2.98845e-46 
4.9025 3.61083e-46 
4.91 2.0454e-46 
4.9075 2.47265e-46 
4.915 1.39851e-46 
4.9125 1.6915e-46 
4.92 9.55226e-47 
4.9175 1.15594e-46 
4.925 6.51781e-47 
4.9225 7.89141e-47 
4.93 4.44277e-47 
4.9275 5.38181e-47 
4.935 3.02527e-47 
4.9325 3.66656e-47 
4.94 2.05796e-47 
4.9375 2.49546e-47 
4.945 1.39858e-47 
4.9425 1.69672e-47 
4.95 9.49593e-48 
4.9475 1.15254e-47 
4.955 6.44235e-48 
4.9525 7.8221e-48 
4.96 4.36848e-48 
4.9575 5.30515e-48 
4.965 2.96256e-48 
4.9625 3.59717e-48 
4.97 2.01211e-48 
4.9675 2.4407e-48 
4.975 1.37275e-48 
4.9725 1.66052e-48 
4.98 9.46833e-49 
4.9775 1.1378e-48 
4.985 6.69035e-49 
4.9825 7.92524e-49 
4.99 4.9655e-49 
4.9875 5.71609e-49 
4.995 4.02711e-49 
4.9925 4.40954e-49 
5 3.7297e-49 
4.9975 3.8033e-49 
