0 8.04984e-17 
0.005 8.22861e-17 
0.0025 8.09442e-17 
0.01 8.77185e-17 
0.0075 8.45368e-17 
0.015 9.70066e-17 
0.0125 9.18617e-17 
0.02 1.10509e-16 
0.0175 1.03202e-16 
0.025 1.28746e-16 
0.0225 1.18997e-16 
0.03 1.52411e-16 
0.0275 1.39849e-16 
0.035 1.82401e-16 
0.0325 1.66551e-16 
0.04 2.19837e-16 
0.0375 2.00108e-16 
0.045 2.66104e-16 
0.0425 2.41768e-16 
0.05 3.22892e-16 
0.0475 2.93063e-16 
0.055 3.92249e-16 
0.0525 3.55855e-16 
0.06 4.7664e-16 
0.0575 4.32392e-16 
0.065 5.79024e-16 
0.0625 5.25376e-16 
0.07 7.02933e-16 
0.0675 6.38041e-16 
0.075 8.5258e-16 
0.0725 7.74246e-16 
0.08 1.03297e-15 
0.0775 9.38585e-16 
0.085 1.25005e-15 
0.0825 1.13651e-15 
0.09 1.51084e-15 
0.0875 1.37449e-15 
0.095 1.82364e-15 
0.0925 1.66016e-15 
0.1 2.19826e-15 
0.0975 2.00255e-15 
0.105 2.64623e-15 
0.1025 2.41228e-15 
0.11 3.18109e-15 
0.1075 2.90186e-15 
0.115 3.81874e-15 
0.1125 3.48597e-15 
0.12 4.57779e-15 
0.1175 4.18181e-15 
0.125 5.48e-15 
0.1225 5.0095e-15 
0.13 6.55074e-15 
0.1275 5.99256e-15 
0.135 7.81961e-15 
0.1325 7.15838e-15 
0.14 9.32097e-15 
0.1375 8.53887e-15 
0.145 1.10947e-14 
0.1425 1.01711e-14 
0.15 1.31872e-14 
0.1475 1.2098e-14 
0.155 1.56518e-14 
0.1525 1.43693e-14 
0.16 1.85503e-14 
0.1575 1.70426e-14 
0.165 2.19538e-14 
0.1625 2.0184e-14 
0.17 2.59443e-14 
0.1675 2.38701e-14 
0.175 3.06157e-14 
0.1725 2.81885e-14 
0.18 3.60757e-14 
0.1775 3.32398e-14 
0.185 4.24476e-14 
0.1825 3.91393e-14 
0.19 4.9872e-14 
0.1875 4.60187e-14 
0.195 5.85093e-14 
0.1925 5.40282e-14 
0.2 6.85419e-14 
0.1975 6.33389e-14 
0.205 8.01766e-14 
0.2025 7.4145e-14 
0.21 9.36482e-14 
0.2075 8.6667e-14 
0.215 1.09222e-13 
0.2125 1.01154e-13 
0.22 1.27197e-13 
0.2175 1.17889e-13 
0.225 1.4791e-13 
0.2225 1.37188e-13 
0.23 1.7174e-13 
0.2275 1.5941e-13 
0.235 1.99113e-13 
0.2325 1.84955e-13 
0.24 2.30504e-13 
0.2375 2.14274e-13 
0.245 2.66444e-13 
0.2425 2.4787e-13 
0.25 3.07527e-13 
0.2475 2.86303e-13 
0.255 3.5441e-13 
0.2525 3.30199e-13 
0.26 4.07826e-13 
0.2575 3.80252e-13 
0.265 4.68584e-13 
0.2625 4.37233e-13 
0.27 5.37582e-13 
0.2675 5.01994e-13 
0.275 6.15805e-13 
0.2725 5.75474e-13 
0.28 7.04341e-13 
0.2775 6.58712e-13 
0.285 8.04384e-13 
0.2825 7.52845e-13 
0.29 9.17241e-13 
0.2875 8.59124e-13 
0.295 1.04434e-12 
0.2925 9.78917e-13 
0.3 1.18724e-12 
0.2975 1.11371e-12 
0.305 1.34765e-12 
0.3025 1.26515e-12 
0.31 1.52739e-12 
0.3075 1.43498e-12 
0.315 1.72848e-12 
0.3125 1.62513e-12 
0.32 1.95306e-12 
0.3175 1.83769e-12 
0.325 2.20347e-12 
0.3225 2.07488e-12 
0.33 2.48222e-12 
0.3275 2.33914e-12 
0.335 2.792e-12 
0.3325 2.63305e-12 
0.34 3.13572e-12 
0.3375 2.95943e-12 
0.345 3.51646e-12 
0.3425 3.32126e-12 
0.35 3.93756e-12 
0.3475 3.72175e-12 
0.355 4.40255e-12 
0.3525 4.16434e-12 
0.36 4.91521e-12 
0.3575 4.65268e-12 
0.365 5.4796e-12 
0.3625 5.19068e-12 
0.37 6.1e-12 
0.3675 5.78251e-12 
0.375 6.781e-12 
0.3725 6.43262e-12 
0.38 7.52752e-12 
0.3775 7.14576e-12 
0.385 8.34478e-12 
0.3825 7.92697e-12 
0.39 9.23838e-12 
0.3875 8.78167e-12 
0.395 1.02143e-11 
0.3925 9.71566e-12 
0.4 1.1279e-11 
0.3975 1.07352e-11 
0.405 1.24395e-11 
0.4025 1.18468e-11 
0.41 1.37032e-11 
0.4075 1.30579e-11 
0.415 1.50783e-11 
0.4125 1.43763e-11 
0.42 1.65736e-11 
0.4175 1.58103e-11 
0.425 1.81989e-11 
0.4225 1.73694e-11 
0.43 1.99649e-11 
0.4275 1.90636e-11 
0.435 2.18831e-11 
0.4325 2.09042e-11 
0.44 2.39667e-11 
0.4375 2.29034e-11 
0.445 2.623e-11 
0.4425 2.50749e-11 
0.45 2.8689e-11 
0.4475 2.7434e-11 
0.455 3.13616e-11 
0.4525 2.99974e-11 
0.46 3.42677e-11 
0.4575 3.27841e-11 
0.465 3.74297e-11 
0.4625 3.58152e-11 
0.47 4.08727e-11 
0.4675 3.91144e-11 
0.475 4.46248e-11 
0.4725 4.27082e-11 
0.48 4.87177e-11 
0.4775 4.66265e-11 
0.485 5.31869e-11 
0.4825 5.09028e-11 
0.49 5.80726e-11 
0.4875 5.5575e-11 
0.495 6.34199e-11 
0.4925 6.06855e-11 
0.5 6.92795e-11 
0.4975 6.62822e-11 
0.505 7.57085e-11 
0.5025 7.2419e-11 
0.51 8.27714e-11 
0.5075 7.91564e-11 
0.515 9.05404e-11 
0.5125 8.65627e-11 
0.52 9.9097e-11 
0.5175 9.47148e-11 
0.525 1.08533e-10 
0.5225 1.03699e-10 
0.53 1.18951e-10 
0.5275 1.13612e-10 
0.535 1.30466e-10 
0.5325 1.24563e-10 
0.54 1.43209e-10 
0.5375 1.36676e-10 
0.545 1.57326e-10 
0.5425 1.50086e-10 
0.55 1.7298e-10 
0.5475 1.6495e-10 
0.555 1.90354e-10 
0.5525 1.81439e-10 
0.56 2.09654e-10 
0.5575 1.99749e-10 
0.565 2.31111e-10 
0.5625 2.20098e-10 
0.57 2.54983e-10 
0.5675 2.42728e-10 
0.575 2.8156e-10 
0.5725 2.67914e-10 
0.58 3.11165e-10 
0.5775 2.95962e-10 
0.585 3.44162e-10 
0.5825 3.27215e-10 
0.59 3.80955e-10 
0.5875 3.62057e-10 
0.595 4.22001e-10 
0.5925 4.00916e-10 
0.6 4.67806e-10 
0.5975 4.44274e-10 
0.605 5.18941e-10 
0.6025 4.92669e-10 
0.61 5.76041e-10 
0.6075 5.46702e-10 
0.615 6.39818e-10 
0.6125 6.07047e-10 
0.62 7.1107e-10 
0.6175 6.74456e-10 
0.625 7.90687e-10 
0.6225 7.49773e-10 
0.63 8.79665e-10 
0.6275 8.33939e-10 
0.635 9.7912e-10 
0.6325 9.28008e-10 
0.64 1.0903e-09 
0.6375 1.03316e-09 
0.645 1.2146e-09 
0.6425 1.15071e-09 
0.65 1.35357e-09 
0.6475 1.28215e-09 
0.655 1.50897e-09 
0.6525 1.4291e-09 
0.66 1.68275e-09 
0.6575 1.59343e-09 
0.665 1.87709e-09 
0.6625 1.7772e-09 
0.67 2.09443e-09 
0.6675 1.98272e-09 
0.675 2.33751e-09 
0.6725 2.21257e-09 
0.68 2.60937e-09 
0.6775 2.46964e-09 
0.685 2.91345e-09 
0.6825 2.75716e-09 
0.69 3.25357e-09 
0.6875 3.07875e-09 
0.695 3.634e-09 
0.6925 3.43846e-09 
0.7 4.05953e-09 
0.6975 3.84081e-09 
0.705 4.53552e-09 
0.7025 4.29086e-09 
0.71 5.06795e-09 
0.7075 4.79428e-09 
0.715 5.66353e-09 
0.7125 5.3574e-09 
0.72 6.32975e-09 
0.7175 5.98731e-09 
0.725 7.075e-09 
0.7225 6.69194e-09 
0.73 7.90866e-09 
0.7275 7.48015e-09 
0.735 8.84122e-09 
0.7325 8.36187e-09 
0.74 9.88442e-09 
0.7375 9.3482e-09 
0.745 1.10514e-08 
0.7425 1.04516e-08 
0.75 1.23569e-08 
0.7475 1.16858e-08 
0.755 1.38172e-08 
0.7525 1.30666e-08 
0.76 1.54509e-08 
0.7575 1.46112e-08 
0.765 1.72784e-08 
0.7625 1.6339e-08 
0.77 1.93228e-08 
0.7675 1.8272e-08 
0.775 2.16099e-08 
0.7725 2.04343e-08 
0.78 2.41684e-08 
0.7775 2.28533e-08 
0.785 2.70306e-08 
0.7825 2.55594e-08 
0.79 3.02325e-08 
0.7875 2.85866e-08 
0.795 3.38145e-08 
0.7925 3.19733e-08 
0.8 3.78216e-08 
0.7975 3.57619e-08 
0.805 4.23045e-08 
0.8025 4.00002e-08 
0.81 4.73195e-08 
0.8075 4.47417e-08 
0.815 5.29298e-08 
0.8125 5.0046e-08 
0.82 5.92062e-08 
0.8175 5.598e-08 
0.825 6.62278e-08 
0.8225 6.26186e-08 
0.83 7.4083e-08 
0.8275 7.00453e-08 
0.835 8.28709e-08 
0.8325 7.83537e-08 
0.84 9.27021e-08 
0.8375 8.76486e-08 
0.845 1.03701e-07 
0.8425 9.80472e-08 
0.85 1.16005e-07 
0.8475 1.0968e-07 
0.855 1.29771e-07 
0.8525 1.22695e-07 
0.86 1.45171e-07 
0.8575 1.37255e-07 
0.865 1.624e-07 
0.8625 1.53544e-07 
0.87 1.81675e-07 
0.8675 1.71768e-07 
0.875 2.0324e-07 
0.8725 1.92155e-07 
0.88 2.27365e-07 
0.8775 2.14964e-07 
0.885 2.54355e-07 
0.8825 2.40481e-07 
0.89 2.84551e-07 
0.8875 2.69029e-07 
0.895 3.18333e-07 
0.8925 3.00968e-07 
0.9 3.56128e-07 
0.8975 3.36701e-07 
0.905 3.98412e-07 
0.9025 3.76677e-07 
0.91 4.45718e-07 
0.9075 4.21402e-07 
0.915 4.98644e-07 
0.9125 4.71439e-07 
0.92 5.57857e-07 
0.9175 5.2742e-07 
0.925 6.24103e-07 
0.9225 5.9005e-07 
0.93 6.98219e-07 
0.9275 6.60121e-07 
0.935 7.8114e-07 
0.9325 7.38516e-07 
0.94 8.73911e-07 
0.9375 8.26224e-07 
0.945 9.77705e-07 
0.9425 9.24352e-07 
0.95 1.09383e-06 
0.9475 1.03414e-06 
0.955 1.22375e-06 
0.9525 1.15697e-06 
0.96 1.36911e-06 
0.9575 1.29439e-06 
0.965 1.53173e-06 
0.9625 1.44814e-06 
0.97 1.71368e-06 
0.9675 1.62016e-06 
0.975 1.91725e-06 
0.9725 1.81261e-06 
0.98 2.14501e-06 
0.9775 2.02794e-06 
0.985 2.39984e-06 
0.9825 2.26885e-06 
0.99 2.68494e-06 
0.9875 2.53839e-06 
0.995 3.00392e-06 
0.9925 2.83995e-06 
1 3.36081e-06 
0.9975 3.17735e-06 
1.005 3.7601e-06 
1.0025 3.55485e-06 
1.01 4.20686e-06 
1.0075 3.97721e-06 
1.015 4.7067e-06 
1.0125 4.44976e-06 
1.02 5.26595e-06 
1.0175 4.97847e-06 
1.025 5.89166e-06 
1.0225 5.57002e-06 
1.03 6.59174e-06 
1.0275 6.23187e-06 
1.035 7.37502e-06 
1.0325 6.97239e-06 
1.04 8.2514e-06 
1.0375 7.80091e-06 
1.045 9.23195e-06 
1.0425 8.72791e-06 
1.05 1.0329e-05 
1.0475 9.7651e-06 
1.055 1.15565e-05 
1.0525 1.09256e-05 
1.06 1.29299e-05 
1.0575 1.2224e-05 
1.065 1.44666e-05 
1.0625 1.36767e-05 
1.07 1.61859e-05 
1.0675 1.53021e-05 
1.075 1.81096e-05 
1.0725 1.71207e-05 
1.08 2.0262e-05 
1.0775 1.91556e-05 
1.085 2.26702e-05 
1.0825 2.14323e-05 
1.09 2.53647e-05 
1.0875 2.39796e-05 
1.095 2.83795e-05 
1.0925 2.68298e-05 
1.1 3.17527e-05 
1.0975 3.00188e-05 
1.105 3.5527e-05 
1.1025 3.35869e-05 
1.11 3.975e-05 
1.1075 3.75792e-05 
1.115 4.4475e-05 
1.1125 4.20461e-05 
1.12 4.97617e-05 
1.1175 4.70441e-05 
1.125 5.5677e-05 
1.1225 5.26363e-05 
1.13 6.22956e-05 
1.1275 5.88934e-05 
1.135 6.9701e-05 
1.1325 6.58943e-05 
1.14 7.79869e-05 
1.1375 7.37276e-05 
1.145 8.7258e-05 
1.1425 8.24923e-05 
1.15 9.76313e-05 
1.1475 9.2299e-05 
1.155 0.000109238 
1.1525 0.000103272 
1.16 0.000122225 
1.1575 0.000115549 
1.165 0.000136755 
1.1625 0.000129286 
1.17 0.000153014 
1.1675 0.000144656 
1.175 0.000171205 
1.1725 0.000161854 
1.18 0.000191559 
1.1775 0.000181096 
1.185 0.000214333 
1.1825 0.000202626 
1.19 0.000239815 
1.1875 0.000226716 
1.195 0.000268326 
1.1925 0.00025367 
1.2 0.000300227 
1.1975 0.000283829 
1.205 0.00033592 
1.2025 0.000317572 
1.21 0.000375856 
1.2075 0.000355328 
1.215 0.00042054 
1.2125 0.000397571 
1.22 0.000470535 
1.2175 0.000444836 
1.225 0.000526473 
1.2225 0.000497719 
1.23 0.000589059 
1.2275 0.000556887 
1.235 0.000659082 
1.2325 0.000623088 
1.24 0.000737427 
1.2375 0.000697155 
1.245 0.000825081 
1.2425 0.000780024 
1.25 0.000923148 
1.2475 0.000872739 
1.255 0.00103286 
1.2525 0.000976468 
1.26 0.00115561 
1.2575 0.00109252 
1.265 0.00129294 
1.2625 0.00122235 
1.27 0.00144656 
1.2675 0.0013676 
1.275 0.00161843 
1.2725 0.00153009 
1.28 0.00181068 
1.2775 0.00171186 
1.285 0.00202574 
1.2825 0.0019152 
1.29 0.00226631 
1.2875 0.00214266 
1.295 0.00253539 
1.2925 0.00239709 
1.3 0.00283636 
1.2975 0.00268166 
1.305 0.00317297 
1.3025 0.00299995 
1.31 0.00354941 
1.3075 0.00335593 
1.315 0.00397039 
1.3125 0.00375402 
1.32 0.00444112 
1.3175 0.00419918 
1.325 0.00496744 
1.3225 0.00469694 
1.33 0.00555586 
1.3275 0.00525345 
1.335 0.00621363 
1.3325 0.00587559 
1.34 0.00694883 
1.3375 0.00657101 
1.345 0.00777047 
1.3425 0.00734824 
1.35 0.00868854 
1.3475 0.00821678 
1.355 0.00971419 
1.3525 0.00918718 
1.36 0.0108598 
1.3575 0.0102712 
1.365 0.0121391 
1.3625 0.0114818 
1.37 0.0135673 
1.3675 0.0128336 
1.375 0.0151613 
1.3725 0.0143424 
1.38 0.0169397 
1.3775 0.0160262 
1.385 0.0189232 
1.3825 0.0179045 
1.39 0.0211345 
1.3875 0.0199989 
1.395 0.0235987 
1.3925 0.0223333 
1.4 0.0263431 
1.3975 0.024934 
1.405 0.029398 
1.4025 0.0278297 
1.41 0.0327961 
1.4075 0.031052 
1.415 0.0365735 
1.4125 0.0346351 
1.42 0.0407689 
1.4175 0.0386164 
1.425 0.0454243 
1.4225 0.0430363 
1.43 0.0505851 
1.4275 0.0479386 
1.435 0.0562997 
1.4325 0.05337 
1.44 0.0626194 
1.4375 0.0593805 
1.445 0.0695986 
1.4425 0.066023 
1.45 0.0772943 
1.4475 0.0733533 
1.455 0.0857656 
1.4525 0.0814293 
1.46 0.0950729 
1.4575 0.0903109 
1.465 0.105277 
1.4625 0.100059 
1.47 0.11644 
1.4675 0.110735 
1.475 0.12862 
1.4725 0.122399 
1.48 0.141874 
1.4775 0.135109 
1.485 0.156252 
1.4825 0.148919 
1.49 0.1718 
1.4875 0.163877 
1.495 0.188553 
1.4925 0.180024 
1.5 0.206536 
1.4975 0.197389 
1.505 0.225759 
1.5025 0.215992 
1.51 0.246219 
1.5075 0.235835 
1.515 0.267892 
1.5125 0.256906 
1.52 0.290738 
1.5175 0.279172 
1.525 0.314693 
1.5225 0.302581 
1.53 0.339674 
1.5275 0.327062 
1.535 0.365577 
1.5325 0.352518 
1.54 0.392276 
1.5375 0.378835 
1.545 0.419627 
1.5425 0.405879 
1.55 0.447472 
1.5475 0.433498 
1.555 0.47564 
1.5525 0.461527 
1.56 0.503952 
1.5575 0.489789 
1.565 0.532225 
1.5625 0.518104 
1.57 0.560278 
1.5675 0.54629 
1.575 0.587935 
1.5725 0.574166 
1.58 0.615033 
1.5775 0.601564 
1.585 0.641419 
1.5825 0.628324 
1.59 0.666959 
1.5875 0.654302 
1.595 0.691539 
1.5925 0.679376 
1.6 0.715064 
1.5975 0.703439 
1.605 0.737461 
1.6025 0.726407 
1.61 0.758677 
1.6075 0.748219 
1.615 0.778679 
1.6125 0.768831 
1.62 0.797453 
1.6175 0.78822 
1.625 0.815001 
1.6225 0.80638 
1.63 0.83134 
1.6275 0.82332 
1.635 0.846498 
1.6325 0.839064 
1.64 0.860513 
1.6375 0.853645 
1.645 0.873431 
1.6425 0.867106 
1.65 0.885306 
1.6475 0.879496 
1.655 0.896193 
1.6525 0.89087 
1.66 0.906151 
1.6575 0.901285 
1.665 0.915239 
1.6625 0.9108 
1.67 0.923517 
1.6675 0.919476 
1.675 0.931044 
1.6725 0.927371 
1.68 0.937877 
1.6775 0.934544 
1.685 0.944071 
1.6825 0.941051 
1.69 0.949678 
1.6875 0.946945 
1.695 0.954748 
1.6925 0.952277 
1.7 0.959328 
1.6975 0.957097 
1.705 0.96346 
1.7025 0.961447 
1.71 0.967186 
1.7075 0.965372 
1.715 0.970543 
1.7125 0.968908 
1.72 0.973565 
1.7175 0.972093 
1.725 0.976283 
1.7225 0.97496 
1.73 0.978728 
1.7275 0.977538 
1.735 0.980925 
1.7325 0.979856 
1.74 0.982899 
1.7375 0.981938 
1.745 0.984671 
1.7425 0.983809 
1.75 0.986262 
1.7475 0.985488 
1.755 0.98769 
1.7525 0.986995 
1.76 0.988971 
1.7575 0.988348 
1.765 0.990119 
1.7625 0.989561 
1.77 0.991149 
1.7675 0.990648 
1.775 0.992073 
1.7725 0.991624 
1.78 0.992901 
1.7775 0.992498 
1.785 0.993642 
1.7825 0.993282 
1.79 0.994307 
1.7875 0.993984 
1.795 0.994902 
1.7925 0.994613 
1.8 0.995436 
1.7975 0.995176 
1.805 0.995914 
1.8025 0.995681 
1.81 0.996342 
1.8075 0.996134 
1.815 0.996725 
1.8125 0.996539 
1.82 0.997068 
1.8175 0.996901 
1.825 0.997375 
1.8225 0.997226 
1.83 0.997651 
1.8275 0.997517 
1.835 0.997897 
1.8325 0.997777 
1.84 0.998118 
1.8375 0.99801 
1.845 0.998315 
1.8425 0.998219 
1.85 0.998492 
1.8475 0.998406 
1.855 0.99865 
1.8525 0.998573 
1.86 0.998792 
1.8575 0.998723 
1.865 0.998918 
1.8625 0.998857 
1.87 0.999032 
1.8675 0.998977 
1.875 0.999133 
1.8725 0.999084 
1.88 0.999224 
1.8775 0.99918 
1.885 0.999306 
1.8825 0.999266 
1.89 0.999379 
1.8875 0.999343 
1.895 0.999444 
1.8925 0.999412 
1.9 0.999502 
1.8975 0.999474 
1.905 0.999554 
1.9025 0.999529 
1.91 0.999601 
1.9075 0.999578 
1.915 0.999643 
1.9125 0.999622 
1.92 0.99968 
1.9175 0.999662 
1.925 0.999713 
1.9225 0.999697 
1.93 0.999743 
1.9275 0.999729 
1.935 0.99977 
1.9325 0.999757 
1.94 0.999794 
1.9375 0.999782 
1.945 0.999815 
1.9425 0.999805 
1.95 0.999834 
1.9475 0.999825 
1.955 0.999851 
1.9525 0.999843 
1.96 0.999867 
1.9575 0.999859 
1.965 0.99988 
1.9625 0.999874 
1.97 0.999892 
1.9675 0.999886 
1.975 0.999903 
1.9725 0.999898 
1.98 0.999913 
1.9775 0.999908 
1.985 0.999921 
1.9825 0.999917 
1.99 0.999929 
1.9875 0.999925 
1.995 0.999935 
1.9925 0.999932 
2 0.999941 
1.9975 0.999938 
2.005 0.999946 
2.0025 0.999944 
2.01 0.999951 
2.0075 0.999949 
2.015 0.999955 
2.0125 0.999953 
2.02 0.999958 
2.0175 0.999957 
2.025 0.999961 
2.0225 0.99996 
2.03 0.999963 
2.0275 0.999962 
2.035 0.999965 
2.0325 0.999964 
2.04 0.999967 
2.0375 0.999966 
2.045 0.999968 
2.0425 0.999968 
2.05 0.999969 
2.0475 0.999969 
2.055 0.999969 
2.0525 0.999969 
2.06 0.99997 
2.0575 0.99997 
2.065 0.999969 
2.0625 0.999969 
2.07 0.999969 
2.0675 0.999969 
2.075 0.999968 
2.0725 0.999968 
2.08 0.999967 
2.0775 0.999967 
2.085 0.999965 
2.0825 0.999966 
2.09 0.999963 
2.0875 0.999964 
2.095 0.999961 
2.0925 0.999962 
2.1 0.999958 
2.0975 0.999959 
2.105 0.999955 
2.1025 0.999956 
2.11 0.999951 
2.1075 0.999953 
2.115 0.999947 
2.1125 0.999949 
2.12 0.999942 
2.1175 0.999944 
2.125 0.999936 
2.1225 0.999939 
2.13 0.99993 
2.1275 0.999933 
2.135 0.999924 
2.1325 0.999927 
2.14 0.999916 
2.1375 0.99992 
2.145 0.999908 
2.1425 0.999912 
2.15 0.999898 
2.1475 0.999903 
2.155 0.999888 
2.1525 0.999893 
2.16 0.999876 
2.1575 0.999882 
2.165 0.999864 
2.1625 0.99987 
2.17 0.999849 
2.1675 0.999857 
2.175 0.999834 
2.1725 0.999842 
2.18 0.999816 
2.1775 0.999825 
2.185 0.999797 
2.1825 0.999807 
2.19 0.999775 
2.1875 0.999786 
2.195 0.999752 
2.1925 0.999764 
2.2 0.999725 
2.1975 0.999739 
2.205 0.999696 
2.2025 0.999711 
2.21 0.999664 
2.2075 0.999681 
2.215 0.999629 
2.2125 0.999647 
2.22 0.999589 
2.2175 0.99961 
2.225 0.999546 
2.2225 0.999568 
2.23 0.999498 
2.2275 0.999523 
2.235 0.999445 
2.2325 0.999472 
2.24 0.999386 
2.2375 0.999416 
2.245 0.999321 
2.2425 0.999354 
2.25 0.999249 
2.2475 0.999285 
2.255 0.999169 
2.2525 0.99921 
2.26 0.999081 
2.2575 0.999126 
2.265 0.998983 
2.2625 0.999033 
2.27 0.998875 
2.2675 0.998931 
2.275 0.998756 
2.2725 0.998817 
2.28 0.998624 
2.2775 0.998692 
2.285 0.998478 
2.2825 0.998553 
2.29 0.998317 
2.2875 0.9984 
2.295 0.998138 
2.2925 0.99823 
2.3 0.997941 
2.2975 0.998042 
2.305 0.997723 
2.3025 0.997835 
2.31 0.997482 
2.3075 0.997605 
2.315 0.997215 
2.3125 0.997352 
2.32 0.99692 
2.3175 0.997071 
2.325 0.996594 
2.3225 0.996761 
2.33 0.996234 
2.3275 0.996419 
2.335 0.995835 
2.3325 0.99604 
2.34 0.995395 
2.3375 0.995621 
2.345 0.994908 
2.3425 0.995158 
2.35 0.99437 
2.3475 0.994646 
2.355 0.993776 
2.3525 0.99408 
2.36 0.993119 
2.3575 0.993455 
2.365 0.992393 
2.3625 0.992765 
2.37 0.991591 
2.3675 0.992002 
2.375 0.990705 
2.3725 0.991159 
2.38 0.989727 
2.3775 0.990228 
2.385 0.988647 
2.3825 0.9892 
2.39 0.987454 
2.3875 0.988065 
2.395 0.986138 
2.3925 0.986812 
2.4 0.984685 
2.3975 0.985429 
2.405 0.983082 
2.4025 0.983903 
2.41 0.981314 
2.4075 0.982219 
2.415 0.979364 
2.4125 0.980362 
2.42 0.977215 
2.4175 0.978315 
2.425 0.974846 
2.4225 0.976059 
2.43 0.972237 
2.4275 0.973573 
2.435 0.969365 
2.4325 0.970836 
2.44 0.966204 
2.4375 0.967822 
2.445 0.962728 
2.4425 0.964507 
2.45 0.958906 
2.4475 0.960862 
2.455 0.954708 
2.4525 0.956856 
2.46 0.9501 
2.4575 0.952457 
2.465 0.945045 
2.4625 0.94763 
2.47 0.939506 
2.4675 0.942338 
2.475 0.933441 
2.4725 0.936542 
2.48 0.926809 
2.4775 0.930199 
2.485 0.919564 
2.4825 0.923266 
2.49 0.911659 
2.4875 0.915697 
2.495 0.903048 
2.4925 0.907445 
2.5 0.89368 
2.4975 0.898461 
2.505 0.883507 
2.5025 0.888697 
2.51 0.872481 
2.5075 0.878104 
2.515 0.860552 
2.5125 0.866632 
2.52 0.847676 
2.5175 0.854235 
2.525 0.833809 
2.5225 0.840869 
2.53 0.818916 
2.5275 0.826493 
2.535 0.802962 
2.5325 0.811073 
2.54 0.785924 
2.5375 0.79458 
2.545 0.767788 
2.5425 0.776994 
2.55 0.748547 
2.5475 0.758305 
2.555 0.728211 
2.5525 0.738515 
2.56 0.7068 
2.5575 0.717638 
2.565 0.684353 
2.5625 0.695703 
2.57 0.66092 
2.5675 0.672756 
2.575 0.636573 
2.5725 0.648856 
2.58 0.611397 
2.5775 0.624083 
2.585 0.585496 
2.5825 0.59853 
2.59 0.558986 
2.5875 0.572309 
2.595 0.532001 
2.5925 0.545544 
2.6 0.504683 
2.5975 0.518374 
2.605 0.477186 
2.6025 0.490947 
2.61 0.449667 
2.6075 0.463419 
2.615 0.422287 
2.6125 0.435949 
2.62 0.395206 
2.6175 0.408699 
2.625 0.368578 
2.6225 0.381826 
2.63 0.342551 
2.6275 0.355481 
2.635 0.31726 
2.6325 0.329806 
2.64 0.292828 
2.6375 0.30493 
2.645 0.26936 
2.6425 0.280968 
2.65 0.246947 
2.6475 0.258017 
2.655 0.225659 
2.6525 0.236158 
2.66 0.205549 
2.6575 0.215454 
2.665 0.186651 
2.6625 0.195947 
2.67 0.168985 
2.6675 0.177664 
2.675 0.152551 
2.6725 0.160614 
2.68 0.137335 
2.6775 0.144792 
2.685 0.123312 
2.6825 0.130177 
2.69 0.110446 
2.6875 0.116737 
2.695 0.0986887 
2.6925 0.104432 
2.7 0.087988 
2.6975 0.0932099 
2.705 0.078285 
2.7025 0.0830156 
2.71 0.0695175 
2.7075 0.0737883 
2.715 0.0616211 
2.7125 0.0654644 
2.72 0.054531 
2.7175 0.0579793 
2.725 0.0481829 
2.7225 0.0512682 
2.73 0.0425139 
2.7275 0.0452674 
2.735 0.0374635 
2.7325 0.0399151 
2.74 0.0329741 
2.7375 0.0351522 
2.745 0.0289913 
2.7425 0.0309226 
2.75 0.0254645 
2.7475 0.027174 
2.755 0.0223466 
2.7525 0.0238572 
2.76 0.0195944 
2.7575 0.0209273 
2.765 0.0171682 
2.7625 0.0183428 
2.77 0.015032 
2.7675 0.0160659 
2.775 0.0131533 
2.7725 0.0140624 
2.78 0.0115027 
2.7775 0.0123012 
2.785 0.0100538 
2.7825 0.0107546 
2.79 0.00878295 
2.7875 0.00939748 
2.795 0.00766916 
2.7925 0.00820765 
2.8 0.00669365 
2.7975 0.0071652 
2.805 0.00583978 
2.8025 0.00625247 
2.81 0.0050928 
2.8075 0.00545378 
2.815 0.00443967 
2.8125 0.00475525 
2.82 0.00386887 
2.8175 0.00414464 
2.825 0.00337025 
2.8225 0.00361112 
2.83 0.00293486 
2.8275 0.00314517 
2.835 0.00255484 
2.8325 0.00273838 
2.84 0.00222326 
2.8375 0.00238339 
2.845 0.00193406 
2.8425 0.00207371 
2.85 0.00168191 
2.8475 0.00180366 
2.855 0.00146213 
2.8525 0.00156824 
2.86 0.00127064 
2.8575 0.00136308 
2.865 0.00110384 
2.8625 0.00118436 
2.87 0.000958603 
2.8675 0.00102871 
2.875 0.000832179 
2.8725 0.000893197 
2.88 0.000722167 
2.8775 0.000775259 
2.885 0.000626467 
2.8825 0.000672648 
2.89 0.000543245 
2.8875 0.000583402 
2.895 0.000470898 
2.8925 0.000505804 
2.9 0.000408026 
2.8975 0.000438358 
2.905 0.000353407 
2.9025 0.000379755 
2.91 0.000305975 
2.9075 0.000328854 
2.915 0.000264797 
2.9125 0.000284657 
2.92 0.000229064 
2.9175 0.000246296 
2.925 0.000198066 
2.9225 0.000213013 
2.93 0.000171186 
2.9275 0.000184146 
2.935 0.000147887 
2.9325 0.00015912 
2.94 0.000127699 
2.9375 0.000137431 
2.945 0.000110215 
2.9425 0.000118642 
2.95 9.50782e-05 
2.9475 0.000102373 
2.955 8.19798e-05 
2.9525 8.82919e-05 
2.96 7.06501e-05 
2.9575 7.61093e-05 
2.965 6.08549e-05 
2.9625 6.55741e-05 
2.97 5.23901e-05 
2.9675 5.64678e-05 
2.975 4.50787e-05 
2.9725 4.86004e-05 
2.98 3.87665e-05 
2.9775 4.18065e-05 
2.985 3.33197e-05 
2.9825 3.59425e-05 
2.99 2.8622e-05 
2.9875 3.08838e-05 
2.995 2.45726e-05 
2.9925 2.6522e-05 
3 2.10838e-05 
2.9975 2.27631e-05 
3.005 1.80796e-05 
3.0025 1.95255e-05 
3.01 1.54942e-05 
3.0075 1.67383e-05 
3.015 1.32704e-05 
3.0125 1.43403e-05 
3.02 1.13588e-05 
3.0175 1.22784e-05 
3.025 9.71639e-06 
3.0225 1.05064e-05 
3.03 8.30623e-06 
3.0275 8.9844e-06 
3.035 7.09616e-06 
3.0325 7.67801e-06 
3.04 6.05843e-06 
3.0375 6.55733e-06 
3.045 5.16905e-06 
3.0425 5.59656e-06 
3.05 4.40729e-06 
3.0475 4.77339e-06 
3.055 3.75526e-06 
3.0525 4.06858e-06 
3.06 3.19752e-06 
3.0575 3.46548e-06 
3.065 2.72074e-06 
3.0625 2.94976e-06 
3.07 2.31344e-06 
3.0675 2.50906e-06 
3.075 1.96574e-06 
3.0725 2.1327e-06 
3.08 1.66912e-06 
3.0775 1.81153e-06 
3.085 1.41624e-06 
3.0825 1.53762e-06 
3.09 1.20081e-06 
3.0875 1.3042e-06 
3.095 1.01741e-06 
3.0925 1.10541e-06 
3.1 8.61393e-07 
3.0975 9.36243e-07 
3.105 7.28763e-07 
3.1025 7.92381e-07 
3.11 6.16097e-07 
3.1075 6.70129e-07 
3.115 5.20461e-07 
3.1125 5.66317e-07 
3.12 4.3934e-07 
3.1175 4.78229e-07 
3.125 3.70583e-07 
3.1225 4.03538e-07 
3.13 3.1235e-07 
3.1275 3.40255e-07 
3.135 2.63066e-07 
3.1325 2.86678e-07 
3.14 2.21388e-07 
3.1375 2.41352e-07 
3.145 1.8617e-07 
3.1425 2.03036e-07 
3.15 1.56433e-07 
3.1475 1.70672e-07 
3.155 1.31344e-07 
3.1525 1.43355e-07 
3.16 1.10193e-07 
3.1575 1.20317e-07 
3.165 9.23759e-08 
3.1625 1.00902e-07 
3.17 7.73787e-08 
3.1675 8.45537e-08 
3.175 6.47653e-08 
3.1725 7.07986e-08 
3.18 5.41653e-08 
3.1775 5.92345e-08 
3.185 4.52644e-08 
3.1825 4.95201e-08 
3.19 3.77962e-08 
3.1875 4.13662e-08 
3.195 3.15352e-08 
3.1925 3.45275e-08 
3.2 2.62905e-08 
3.1975 2.87965e-08 
3.205 2.19006e-08 
3.2025 2.39977e-08 
3.21 1.82292e-08 
3.2075 1.99828e-08 
3.215 1.51613e-08 
3.2125 1.66263e-08 
3.22 1.25996e-08 
3.2175 1.38226e-08 
3.225 1.04625e-08 
3.2225 1.14826e-08 
3.23 8.68094e-09 
3.2275 9.53111e-09 
3.235 7.19704e-09 
3.2325 7.90503e-09 
3.24 5.96208e-09 
3.2375 6.55117e-09 
3.245 4.93512e-09 
3.2425 5.42488e-09 
3.25 4.08183e-09 
3.2475 4.48868e-09 
3.255 3.37341e-09 
3.2525 3.71112e-09 
3.26 2.78576e-09 
3.2575 3.06584e-09 
3.265 2.29868e-09 
3.2625 2.53077e-09 
3.27 1.89528e-09 
3.2675 2.08746e-09 
3.275 1.56146e-09 
3.2725 1.72045e-09 
3.28 1.28544e-09 
3.2775 1.41688e-09 
3.285 1.0574e-09 
3.2825 1.16597e-09 
3.29 8.69142e-10 
3.2875 9.5875e-10 
3.295 7.1386e-10 
3.2925 7.87758e-10 
3.3 5.85875e-10 
3.2975 6.4677e-10 
3.305 4.80474e-10 
3.3025 5.30613e-10 
3.31 3.9374e-10 
3.3075 4.34991e-10 
3.315 3.22423e-10 
3.3125 3.56334e-10 
3.32 2.63828e-10 
3.3175 2.91685e-10 
3.325 2.15724e-10 
3.3225 2.38589e-10 
3.33 1.76263e-10 
3.3275 1.95015e-10 
3.335 1.43916e-10 
3.3325 1.59285e-10 
3.34 1.17422e-10 
3.3375 1.30007e-10 
3.345 9.57374e-11 
3.3425 1.06036e-10 
3.35 7.80028e-11 
3.3475 8.64238e-11 
3.355 6.35095e-11 
3.3525 7.03901e-11 
3.36 5.16738e-11 
3.3575 5.72916e-11 
3.365 4.20154e-11 
3.3625 4.65989e-11 
3.37 3.41395e-11 
3.3675 3.78764e-11 
3.375 2.77217e-11 
3.3725 3.07662e-11 
3.38 2.24958e-11 
3.3775 2.49744e-11 
3.385 1.82434e-11 
3.3825 2.02599e-11 
3.39 1.47855e-11 
3.3875 1.64249e-11 
3.395 1.19756e-11 
3.3925 1.33076e-11 
3.4 9.69382e-12 
3.3975 1.07753e-11 
3.405 7.84211e-12 
3.4025 8.71958e-12 
3.41 6.34039e-12 
3.4075 7.05189e-12 
3.415 5.12329e-12 
3.4125 5.69984e-12 
3.42 4.1375e-12 
3.4175 4.6044e-12 
3.425 3.33954e-12 
3.4225 3.71742e-12 
3.43 2.69402e-12 
3.4275 2.99966e-12 
3.435 2.17214e-12 
3.4325 2.4192e-12 
3.44 1.75045e-12 
3.4375 1.95005e-12 
3.445 1.40992e-12 
3.4425 1.57108e-12 
3.45 1.13508e-12 
3.4475 1.26513e-12 
3.455 9.13387e-13 
3.4525 1.01828e-12 
3.46 7.34652e-13 
3.4575 8.19205e-13 
3.465 5.90629e-13 
3.4625 6.58752e-13 
3.47 4.74635e-13 
3.4675 5.29493e-13 
3.475 3.81262e-13 
3.4725 4.25416e-13 
3.48 3.06134e-13 
3.4775 3.41656e-13 
3.485 2.45714e-13 
3.4825 2.74278e-13 
3.49 1.97145e-13 
3.4875 2.20104e-13 
3.495 1.5812e-13 
3.4925 1.76565e-13 
3.5 1.26775e-13 
3.4975 1.41589e-13 
3.505 1.01611e-13 
3.5025 1.13502e-13 
3.51 8.1416e-14 
3.5075 9.09581e-14 
3.515 6.5215e-14 
3.5125 7.28692e-14 
3.52 5.22229e-14 
3.5175 5.83605e-14 
3.525 4.18077e-14 
3.5225 4.67275e-14 
3.53 3.34611e-14 
3.5275 3.74035e-14 
3.535 2.67744e-14 
3.5325 2.99325e-14 
3.54 2.1419e-14 
3.5375 2.39481e-14 
3.545 1.71311e-14 
3.5425 1.91559e-14 
3.55 1.36989e-14 
3.5475 1.53196e-14 
3.555 1.09523e-14 
3.5525 1.22491e-14 
3.56 8.75487e-15 
3.5575 9.79233e-15 
3.565 6.9972e-15 
3.5625 7.82699e-15 
3.57 5.5916e-15 
3.5675 6.25514e-15 
3.575 4.46775e-15 
3.5725 4.99826e-15 
3.58 3.56935e-15 
3.5775 3.99342e-15 
3.585 2.8513e-15 
3.5825 3.19022e-15 
3.59 2.27747e-15 
3.5875 2.54831e-15 
3.595 1.81897e-15 
3.5925 2.03537e-15 
3.6 1.45266e-15 
3.5975 1.62554e-15 
3.605 1.16005e-15 
3.6025 1.29814e-15 
3.61 9.2632e-16 
3.6075 1.03662e-15 
3.615 7.39651e-16 
3.6125 8.27744e-16 
3.62 5.90577e-16 
3.6175 6.60926e-16 
3.625 4.71534e-16 
3.6225 5.2771e-16 
3.63 3.76478e-16 
3.6275 4.21334e-16 
3.635 3.0058e-16 
3.6325 3.36395e-16 
3.64 2.39981e-16 
3.6375 2.68577e-16 
3.645 1.91599e-16 
3.6425 2.1443e-16 
3.65 1.52972e-16 
3.6475 1.712e-16 
3.655 1.22134e-16 
3.6525 1.36686e-16 
3.66 9.7514e-17 
3.6575 1.09132e-16 
3.665 7.78585e-17 
3.6625 8.71334e-17 
3.67 6.21663e-17 
3.6675 6.95711e-17 
3.675 4.96382e-17 
3.6725 5.55499e-17 
3.68 3.96361e-17 
3.6775 4.43559e-17 
3.685 3.16505e-17 
3.6825 3.54188e-17 
3.69 2.52747e-17 
3.6875 2.82833e-17 
3.695 2.0184e-17 
3.6925 2.25862e-17 
3.7 1.61193e-17 
3.6975 1.80374e-17 
3.705 1.28737e-17 
3.7025 1.44053e-17 
3.71 1.0282e-17 
3.7075 1.1505e-17 
3.715 8.2124e-18 
3.7125 9.18905e-18 
3.72 6.55967e-18 
3.7175 7.33961e-18 
3.725 5.23978e-18 
3.7225 5.86266e-18 
3.73 4.18564e-18 
3.7275 4.68311e-18 
3.735 3.34372e-18 
3.7325 3.74105e-18 
3.74 2.67126e-18 
3.7375 2.98862e-18 
3.745 2.13413e-18 
3.7425 2.38762e-18 
3.75 1.70507e-18 
3.7475 1.90756e-18 
3.755 1.36232e-18 
3.7525 1.52408e-18 
3.76 1.08852e-18 
3.7575 1.21774e-18 
3.765 8.69771e-19 
3.7625 9.7301e-19 
3.77 6.95009e-19 
3.7675 7.77491e-19 
3.775 5.55379e-19 
3.7725 6.2128e-19 
3.78 4.43816e-19 
3.7775 4.96471e-19 
3.785 3.54673e-19 
3.7825 3.96746e-19 
3.79 2.83442e-19 
3.7875 3.17062e-19 
3.795 2.26523e-19 
3.7925 2.53388e-19 
3.8 1.81038e-19 
3.7975 2.02507e-19 
3.805 1.44689e-19 
3.8025 1.61846e-19 
3.81 1.1564e-19 
3.8075 1.29351e-19 
3.815 9.24247e-20 
3.8125 1.03382e-19 
3.82 7.38708e-20 
3.8175 8.26284e-20 
3.825 5.90421e-20 
3.8225 6.60414e-20 
3.83 4.71904e-20 
3.8275 5.27846e-20 
3.835 3.77179e-20 
3.8325 4.21891e-20 
3.84 3.01468e-20 
3.8375 3.37205e-20 
3.845 2.40954e-20 
3.8425 2.69518e-20 
3.85 1.92586e-20 
3.8475 2.15417e-20 
3.855 1.53926e-20 
3.8525 1.72174e-20 
3.86 1.23025e-20 
3.8575 1.37611e-20 
3.865 9.83258e-21 
3.8625 1.09984e-20 
3.87 7.85839e-21 
3.8675 8.79025e-21 
3.875 6.28043e-21 
3.8725 7.02526e-21 
3.88 5.01919e-21 
3.8775 5.61452e-21 
3.885 4.01111e-21 
3.8825 4.48694e-21 
3.89 3.20538e-21 
3.8875 3.5857e-21 
3.895 2.5614e-21 
3.8925 2.86537e-21 
3.9 2.04671e-21 
3.8975 2.28965e-21 
3.905 1.63536e-21 
3.9025 1.82952e-21 
3.91 1.30662e-21 
3.9075 1.46178e-21 
3.915 1.04389e-21 
3.9125 1.1679e-21 
3.92 8.33942e-22 
3.9175 9.33037e-22 
3.925 6.6617e-22 
3.9225 7.45356e-22 
3.93 5.3211e-22 
3.9275 5.95383e-22 
3.935 4.24993e-22 
3.9325 4.75549e-22 
3.94 3.39409e-22 
3.9375 3.79802e-22 
3.945 2.71034e-22 
3.9425 3.03305e-22 
3.95 2.16412e-22 
3.9475 2.42191e-22 
3.955 1.72779e-22 
3.9525 1.93371e-22 
3.96 1.37927e-22 
3.9575 1.54375e-22 
3.965 1.10092e-22 
3.9625 1.23228e-22 
3.97 8.78623e-23 
3.9675 9.83524e-23 
3.975 7.01116e-23 
3.9725 7.8488e-23 
3.98 5.59388e-23 
3.9775 6.26267e-23 
3.985 4.4624e-23 
3.9825 4.99631e-23 
3.99 3.5592e-23 
3.9875 3.98538e-23 
3.995 2.83832e-23 
3.9925 3.17845e-23 
4 2.26303e-23 
3.9975 2.53446e-23 
4.005 1.80399e-23 
4.0025 2.02056e-23 
4.01 1.43778e-23 
4.0075 1.61055e-23 
4.015 1.14566e-23 
4.0125 1.28347e-23 
4.02 9.12691e-24 
4.0175 1.02259e-23 
4.025 7.26926e-24 
4.0225 8.14553e-24 
4.03 5.7883e-24 
4.0275 6.48685e-24 
4.035 4.60788e-24 
4.0325 5.16464e-24 
4.04 3.66722e-24 
4.0375 4.11086e-24 
4.045 2.91777e-24 
4.0425 3.27121e-24 
4.05 2.32082e-24 
4.0475 2.60232e-24 
4.055 1.84544e-24 
4.0525 2.0696e-24 
4.06 1.46699e-24 
4.0575 1.64543e-24 
4.065 1.16576e-24 
4.0625 1.30778e-24 
4.07 9.26084e-25 
4.0675 1.03908e-24 
4.075 7.35427e-25 
4.0725 8.25303e-25 
4.08 5.83812e-25 
4.0775 6.55278e-25 
4.085 4.63282e-25 
4.0825 5.20091e-25 
4.09 3.67496e-25 
4.0875 4.12638e-25 
4.095 2.91399e-25 
4.0925 3.27259e-25 
4.1 2.30965e-25 
4.0975 2.59441e-25 
4.105 1.82988e-25 
4.1025 2.05592e-25 
4.11 1.44914e-25 
4.1075 1.62851e-25 
4.115 1.14712e-25 
4.1125 1.28939e-25 
4.12 9.07626e-26 
4.1175 1.02043e-25 
4.125 7.17798e-26 
4.1225 8.07197e-26 
4.13 5.674e-26 
4.1275 6.38222e-26 
4.135 4.48293e-26 
4.1325 5.04373e-26 
4.14 3.5401e-26 
4.1375 3.98397e-26 
4.145 2.79413e-26 
4.1425 3.14528e-26 
4.15 2.20418e-26 
4.1475 2.48184e-26 
4.155 1.73785e-26 
4.1525 1.9573e-26 
4.16 1.36942e-26 
4.1575 1.54278e-26 
4.165 1.0785e-26 
4.1625 1.21537e-26 
4.17 8.4889e-27 
4.1675 9.569e-27 
4.175 6.67773e-27 
4.1725 7.52959e-27 
4.18 5.24984e-27 
4.1775 5.92133e-27 
4.185 4.12477e-27 
4.1825 4.65378e-27 
4.19 3.2388e-27 
4.1875 3.65532e-27 
4.195 2.54153e-27 
4.1925 2.86928e-27 
4.2 1.99309e-27 
4.1975 2.25084e-27 
4.205 1.56198e-27 
4.2025 1.76456e-27 
4.21 1.22331e-27 
4.2075 1.38243e-27 
4.215 9.5743e-28 
4.2125 1.08233e-27 
4.22 7.48825e-28 
4.2175 8.46798e-28 
4.225 5.85265e-28 
4.2225 6.62069e-28 
4.23 4.5711e-28 
4.2275 5.17278e-28 
4.235 3.56763e-28 
4.2325 4.03867e-28 
4.24 2.78244e-28 
4.2375 3.15095e-28 
4.245 2.16848e-28 
4.2425 2.45657e-28 
4.25 1.68874e-28 
4.2475 1.91381e-28 
4.255 1.31416e-28 
4.2525 1.48986e-28 
4.26 1.02188e-28 
4.2575 1.15895e-28 
4.265 7.94008e-29 
4.2625 9.00853e-29 
4.27 6.1647e-29 
4.2675 6.99696e-29 
4.275 4.78255e-29 
4.2725 5.43035e-29 
4.28 3.70736e-29 
4.2775 4.21119e-29 
4.285 2.8716e-29 
4.2825 3.26315e-29 
4.29 2.22246e-29 
4.2875 2.52652e-29 
4.295 1.71867e-29 
4.2925 1.95459e-29 
4.3 1.32799e-29 
4.2975 1.5109e-29 
4.305 1.02527e-29 
4.3025 1.16697e-29 
4.31 7.90894e-30 
4.3075 9.00579e-30 
4.315 6.09586e-30 
4.3125 6.94419e-30 
4.32 4.69444e-30 
4.3175 5.35001e-30 
4.325 3.61213e-30 
4.3225 4.11831e-30 
4.33 2.77696e-30 
4.3275 3.16747e-30 
4.335 2.13304e-30 
4.3325 2.43406e-30 
4.34 1.63701e-30 
4.3375 1.86884e-30 
4.345 1.25523e-30 
4.3425 1.43362e-30 
4.35 9.61639e-31 
4.3475 1.09879e-30 
4.355 7.36063e-31 
4.3525 8.41416e-31 
4.36 5.62899e-31 
4.3575 6.43755e-31 
4.365 4.30087e-31 
4.3625 4.92086e-31 
4.37 3.28314e-31 
4.3675 3.75812e-31 
4.375 2.50396e-31 
4.3725 2.86752e-31 
4.38 1.90796e-31 
4.3775 2.18599e-31 
4.385 1.45249e-31 
4.3825 1.66491e-31 
4.39 1.10474e-31 
4.3875 1.26688e-31 
4.395 8.39459e-32 
4.3925 9.63115e-32 
4.4 6.3729e-32 
4.3975 7.31506e-32 
4.405 4.83358e-32 
4.4025 5.55076e-32 
4.41 3.66263e-32 
4.4075 4.20805e-32 
4.415 2.77273e-32 
4.4125 3.18713e-32 
4.42 2.09706e-32 
4.4175 2.41163e-32 
4.425 1.58454e-32 
4.4225 1.82309e-32 
4.43 1.19614e-32 
4.4275 1.37687e-32 
4.435 9.02075e-33 
4.4325 1.03887e-32 
4.44 6.79654e-33 
4.4375 7.83098e-33 
4.445 5.11581e-33 
4.4425 5.89728e-33 
4.45 3.84699e-33 
4.4475 4.43679e-33 
4.455 2.89006e-33 
4.4525 3.33477e-33 
4.46 2.16906e-33 
4.4575 2.50404e-33 
4.465 1.62634e-33 
4.4625 1.87842e-33 
4.47 1.21822e-33 
4.4675 1.40773e-33 
4.475 9.11626e-34 
4.4725 1.05396e-33 
4.48 6.81521e-34 
4.4775 7.88315e-34 
4.485 5.08996e-34 
4.4825 5.89045e-34 
4.49 3.79769e-34 
4.4875 4.39713e-34 
4.495 2.83071e-34 
4.4925 3.27914e-34 
4.5 2.10785e-34 
4.4975 2.44298e-34 
4.505 1.56802e-34 
4.5025 1.81823e-34 
4.51 1.16528e-34 
4.5075 1.3519e-34 
4.515 8.65122e-35 
4.5125 1.00417e-34 
4.52 6.41635e-35 
4.5175 7.45136e-35 
4.525 4.75405e-35 
4.5225 5.52368e-35 
4.53 3.51887e-35 
4.5275 4.09059e-35 
4.535 2.60199e-35 
4.5325 3.02627e-35 
4.54 1.92207e-35 
4.5375 2.23661e-35 
4.545 1.41839e-35 
4.5425 1.65134e-35 
4.55 1.04564e-35 
4.5475 1.21799e-35 
4.555 7.70071e-36 
4.5525 8.97449e-36 
4.56 5.66549e-36 
4.5575 6.60598e-36 
4.565 4.16393e-36 
4.5625 4.85762e-36 
4.57 3.05723e-36 
4.5675 3.56836e-36 
4.575 2.24238e-36 
4.5725 2.61862e-36 
4.58 1.64305e-36 
4.5775 1.9197e-36 
4.585 1.20267e-36 
4.5825 1.40589e-36 
4.59 8.79425e-37 
4.5875 1.02855e-36 
4.595 6.42403e-37 
4.5925 7.51721e-37 
4.6 4.68783e-37 
4.5975 5.48836e-37 
4.605 3.41736e-37 
4.6025 4.00299e-37 
4.61 2.48865e-37 
4.6075 2.91663e-37 
4.615 1.81047e-37 
4.6125 2.12291e-37 
4.62 1.31575e-37 
4.6175 1.54361e-37 
4.625 9.55234e-38 
4.6225 1.12123e-37 
4.63 6.92785e-38 
4.6275 8.13593e-38 
4.635 5.01926e-38 
4.6325 5.89756e-38 
4.64 3.63273e-38 
4.6375 4.27061e-38 
4.645 2.62651e-38 
4.6425 3.0893e-38 
4.65 1.89705e-38 
4.6475 2.23245e-38 
4.655 1.36876e-38 
4.6525 1.6116e-38 
4.66 9.86574e-39 
4.6575 1.1622e-38 
4.665 7.10367e-39 
4.6625 8.37259e-39 
4.67 5.1096e-39 
4.6675 6.02543e-39 
4.675 3.67149e-39 
4.6725 4.33179e-39 
4.68 2.63541e-39 
4.6775 3.11099e-39 
4.685 1.88975e-39 
4.6825 2.23192e-39 
4.69 1.35366e-39 
4.6875 1.5996e-39 
4.695 9.68652e-40 
4.6925 1.14523e-39 
4.7 6.92429e-40 
4.6975 8.19077e-40 
4.705 4.94461e-40 
4.7025 5.85204e-40 
4.71 3.52728e-40 
4.7075 4.17676e-40 
4.715 2.5136e-40 
4.7125 2.97798e-40 
4.72 1.78939e-40 
4.7175 2.12106e-40 
4.725 1.27251e-40 
4.7225 1.50916e-40 
4.73 9.03997e-41 
4.7275 1.07267e-40 
4.735 6.41539e-41 
4.7325 7.61637e-41 
4.74 4.54809e-41 
4.7375 5.4023e-41 
4.745 3.22095e-41 
4.7425 3.82789e-41 
4.75 2.27871e-41 
4.7475 2.7095e-41 
4.755 1.61043e-41 
4.7525 1.91588e-41 
4.76 1.13696e-41 
4.7575 1.35331e-41 
4.765 8.01864e-42 
4.7625 9.54942e-42 
4.77 5.64942e-42 
4.7675 6.7314e-42 
4.775 3.97609e-42 
4.7725 4.74005e-42 
4.78 2.7955e-42 
4.7775 3.33435e-42 
4.785 1.96341e-42 
4.7825 2.34308e-42 
4.79 1.37757e-42 
4.7875 1.64481e-42 
4.795 9.65528e-43 
4.7925 1.15343e-42 
4.8 6.76031e-43 
4.7975 8.08013e-43 
4.805 4.72845e-43 
4.8025 5.65451e-43 
4.81 3.30385e-43 
4.8075 3.95296e-43 
4.815 2.30607e-43 
4.8125 2.76057e-43 
4.82 1.60796e-43 
4.8175 1.92587e-43 
4.825 1.12003e-43 
4.8225 1.34216e-43 
4.83 7.79348e-44 
4.8275 9.34398e-44 
4.835 5.41733e-44 
4.8325 6.49846e-44 
4.84 3.76175e-44 
4.8375 4.51481e-44 
4.845 2.60943e-44 
4.8425 3.13343e-44 
4.85 1.80823e-44 
4.8475 2.17246e-44 
4.855 1.25173e-44 
4.8525 1.50464e-44 
4.86 8.65605e-45 
4.8575 1.04104e-44 
4.865 5.97972e-45 
4.8625 7.19536e-45 
4.87 4.12661e-45 
4.8675 4.96809e-45 
4.875 2.84484e-45 
4.8725 3.42671e-45 
4.88 1.95918e-45 
4.8775 2.36112e-45 
4.885 1.34786e-45 
4.8825 1.62521e-45 
4.89 9.26328e-46 
4.8875 1.11752e-45 
4.895 6.35973e-46 
4.8925 7.67632e-46 
4.9 4.3618e-46 
4.8975 5.26749e-46 
4.905 2.98845e-46 
4.9025 3.61083e-46 
4.91 2.0454e-46 
4.9075 2.47265e-46 
4.915 1.39851e-46 
4.9125 1.6915e-46 
4.92 9.55226e-47 
4.9175 1.15594e-46 
4.925 6.51781e-47 
4.9225 7.89141e-47 
4.93 4.44277e-47 
4.9275 5.38181e-47 
4.935 3.02527e-47 
4.9325 3.66656e-47 
4.94 2.05796e-47 
4.9375 2.49546e-47 
4.945 1.39858e-47 
4.9425 1.69672e-47 
4.95 9.49593e-48 
4.9475 1.15254e-47 
4.955 6.44235e-48 
4.9525 7.8221e-48 
4.96 4.36848e-48 
4.9575 5.30515e-48 
4.965 2.96256e-48 
4.9625 3.59717e-48 
4.97 2.01211e-48 
4.9675 2.4407e-48 
4.975 1.37275e-48 
4.9725 1.66052e-48 
4.98 9.46833e-49 
4.9775 1.1378e-48 
4.985 6.69035e-49 
4.9825 7.92524e-49 
4.99 4.9655e-49 
4.9875 5.71609e-49 
4.995 4.02711e-49 
4.9925 4.40954e-49 
5 3.7297e-49 
4.9975 3.8033e-49 
