0 1.26501e-15 
0.005 1.273e-15 
0.0025 1.267e-15 
0.01 1.29703e-15 
0.0075 1.283e-15 
0.015 1.33721e-15 
0.0125 1.31509e-15 
0.02 1.39377e-15 
0.0175 1.36343e-15 
0.025 1.467e-15 
0.0225 1.42828e-15 
0.03 1.55727e-15 
0.0275 1.50998e-15 
0.035 1.66503e-15 
0.0325 1.60893e-15 
0.04 1.79081e-15 
0.0375 1.72563e-15 
0.045 1.93518e-15 
0.0425 1.86063e-15 
0.05 2.0988e-15 
0.0475 2.01454e-15 
0.055 2.28236e-15 
0.0525 2.18804e-15 
0.06 2.4866e-15 
0.0575 2.38185e-15 
0.065 2.7123e-15 
0.0625 2.59672e-15 
0.07 2.96025e-15 
0.0675 2.83344e-15 
0.075 3.23127e-15 
0.0725 3.09283e-15 
0.08 3.52615e-15 
0.0775 3.37567e-15 
0.085 3.8457e-15 
0.0825 3.68279e-15 
0.09 4.19068e-15 
0.0875 4.01497e-15 
0.095 4.56181e-15 
0.0925 4.37294e-15 
0.1 4.95976e-15 
0.0975 4.7574e-15 
0.105 5.3851e-15 
0.1025 5.16898e-15 
0.11 5.83833e-15 
0.1075 5.60821e-15 
0.115 6.31982e-15 
0.1125 6.07552e-15 
0.12 6.8298e-15 
0.1175 6.57124e-15 
0.125 7.36836e-15 
0.1225 7.09551e-15 
0.13 7.93542e-15 
0.1275 7.64834e-15 
0.135 8.53071e-15 
0.1325 8.22956e-15 
0.14 9.15374e-15 
0.1375 8.83879e-15 
0.145 9.80378e-15 
0.1425 9.47544e-15 
0.15 1.04799e-14 
0.1475 1.01387e-14 
0.155 1.11809e-14 
0.1525 1.08274e-14 
0.16 1.19052e-14 
0.1575 1.15402e-14 
0.165 1.26511e-14 
0.1625 1.22756e-14 
0.17 1.34166e-14 
0.1675 1.30316e-14 
0.175 1.41992e-14 
0.1725 1.38059e-14 
0.18 1.49963e-14 
0.1775 1.45961e-14 
0.185 1.58049e-14 
0.1825 1.53994e-14 
0.19 1.66219e-14 
0.1875 1.62126e-14 
0.195 1.74435e-14 
0.1925 1.70323e-14 
0.2 1.82662e-14 
0.1975 1.7855e-14 
0.205 1.90857e-14 
0.2025 1.86766e-14 
0.21 1.9898e-14 
0.2075 1.94931e-14 
0.215 2.06985e-14 
0.2125 2.03e-14 
0.22 2.14827e-14 
0.2175 2.10929e-14 
0.225 2.2246e-14 
0.2225 2.18672e-14 
0.23 2.29836e-14 
0.2275 2.26183e-14 
0.235 2.3691e-14 
0.2325 2.33414e-14 
0.24 2.43635e-14 
0.2375 2.40319e-14 
0.245 2.49968e-14 
0.2425 2.46853e-14 
0.25 2.55866e-14 
0.2475 2.52974e-14 
0.255 2.61293e-14 
0.2525 2.58641e-14 
0.26 2.66213e-14 
0.2575 2.63818e-14 
0.265 2.70597e-14 
0.2625 2.68474e-14 
0.27 2.74421e-14 
0.2675 2.7258e-14 
0.275 2.77668e-14 
0.2725 2.76118e-14 
0.28 2.80329e-14 
0.2775 2.79072e-14 
0.285 2.82402e-14 
0.2825 2.81439e-14 
0.29 2.83895e-14 
0.2875 2.8322e-14 
0.295 2.84823e-14 
0.2925 2.84428e-14 
0.3 2.85214e-14 
0.2975 2.85084e-14 
0.305 2.85105e-14 
0.3025 2.8522e-14 
0.31 2.84543e-14 
0.3075 2.84877e-14 
0.315 2.83585e-14 
0.3125 2.84109e-14 
0.32 2.82298e-14 
0.3175 2.82978e-14 
0.325 2.80761e-14 
0.3225 2.81556e-14 
0.33 2.7906e-14 
0.3275 2.79926e-14 
0.335 2.77289e-14 
0.3325 2.78177e-14 
0.34 2.7555e-14 
0.3375 2.76409e-14 
0.345 2.73952e-14 
0.3425 2.74727e-14 
0.35 2.72608e-14 
0.3475 2.73241e-14 
0.355 2.71635e-14 
0.3525 2.72068e-14 
0.36 2.71153e-14 
0.3575 2.71325e-14 
0.365 2.71283e-14 
0.3625 2.71134e-14 
0.37 2.72147e-14 
0.3675 2.71616e-14 
0.375 2.73867e-14 
0.3725 2.72893e-14 
0.38 2.76563e-14 
0.3775 2.75085e-14 
0.385 2.80353e-14 
0.3825 2.78314e-14 
0.39 2.85358e-14 
0.3875 2.82697e-14 
0.395 2.91694e-14 
0.3925 2.88352e-14 
0.4 2.99479e-14 
0.3975 2.95398e-14 
0.405 3.08833e-14 
0.4025 3.03952e-14 
0.41 3.19878e-14 
0.4075 3.14136e-14 
0.415 3.3274e-14 
0.4125 3.26073e-14 
0.42 3.47553e-14 
0.4175 3.39894e-14 
0.425 3.6446e-14 
0.4225 3.55736e-14 
0.43 3.83616e-14 
0.4275 3.73747e-14 
0.435 4.05188e-14 
0.4325 3.94089e-14 
0.44 4.29365e-14 
0.4375 4.16939e-14 
0.445 4.56354e-14 
0.4425 4.42494e-14 
0.45 4.86387e-14 
0.4475 4.70974e-14 
0.455 5.19727e-14 
0.4525 5.02626e-14 
0.46 5.56667e-14 
0.4575 5.37727e-14 
0.465 5.97541e-14 
0.4625 5.7659e-14 
0.47 6.42725e-14 
0.4675 6.19568e-14 
0.475 6.92644e-14 
0.4725 6.67063e-14 
0.48 7.47781e-14 
0.4775 7.19527e-14 
0.485 8.08684e-14 
0.4825 7.77475e-14 
0.49 8.75971e-14 
0.4875 8.41487e-14 
0.495 9.50346e-14 
0.4925 9.12224e-14 
0.5 1.03261e-13 
0.4975 9.90436e-14 
0.505 1.12366e-13 
0.5025 1.07697e-13 
0.51 1.22452e-13 
0.5075 1.17279e-13 
0.515 1.33637e-13 
0.5125 1.27899e-13 
0.52 1.46051e-13 
0.5175 1.39681e-13 
0.525 1.59846e-13 
0.5225 1.52766e-13 
0.53 1.75191e-13 
0.5275 1.67313e-13 
0.535 1.92278e-13 
0.5325 1.83504e-13 
0.54 2.11327e-13 
0.5375 2.01543e-13 
0.545 2.32586e-13 
0.5425 2.21664e-13 
0.55 2.56334e-13 
0.5475 2.4413e-13 
0.555 2.82891e-13 
0.5525 2.6924e-13 
0.56 3.12616e-13 
0.5575 2.97333e-13 
0.565 3.45918e-13 
0.5625 3.28792e-13 
0.57 3.83258e-13 
0.5675 3.64052e-13 
0.575 4.2516e-13 
0.5725 4.03604e-13 
0.58 4.72215e-13 
0.5775 4.48003e-13 
0.585 5.25091e-13 
0.5825 4.9788e-13 
0.59 5.84544e-13 
0.5875 5.53944e-13 
0.595 6.51431e-13 
0.5925 6.17001e-13 
0.6 7.26719e-13 
0.5975 6.8796e-13 
0.605 8.11499e-13 
0.6025 7.67849e-13 
0.61 9.07008e-13 
0.6075 8.57829e-13 
0.615 1.01464e-12 
0.6125 9.59216e-13 
0.62 1.13598e-12 
0.6175 1.07349e-12 
0.625 1.2728e-12 
0.6225 1.20233e-12 
0.63 1.42712e-12 
0.6275 1.34764e-12 
0.635 1.60122e-12 
0.6325 1.51155e-12 
0.64 1.79767e-12 
0.6375 1.69648e-12 
0.645 2.01936e-12 
0.6425 1.90516e-12 
0.65 2.2696e-12 
0.6475 2.14069e-12 
0.655 2.55208e-12 
0.6525 2.40656e-12 
0.66 2.871e-12 
0.6575 2.7067e-12 
0.665 3.23109e-12 
0.6625 3.04558e-12 
0.67 3.63771e-12 
0.6675 3.42822e-12 
0.675 4.09688e-12 
0.6725 3.86032e-12 
0.68 4.61546e-12 
0.6775 4.34829e-12 
0.685 5.20114e-12 
0.6825 4.89939e-12 
0.69 5.86265e-12 
0.6875 5.52183e-12 
0.695 6.60984e-12 
0.6925 6.22487e-12 
0.7 7.45383e-12 
0.6975 7.01898e-12 
0.705 8.4072e-12 
0.7025 7.91599e-12 
0.71 9.48415e-12 
0.7075 8.92927e-12 
0.715 1.07007e-11 
0.7125 1.00739e-11 
0.72 1.20751e-11 
0.7175 1.1367e-11 
0.725 1.36277e-11 
0.7225 1.28277e-11 
0.73 1.53817e-11 
0.7275 1.4478e-11 
0.735 1.73633e-11 
0.7325 1.63423e-11 
0.74 1.9602e-11 
0.7375 1.84485e-11 
0.745 2.21312e-11 
0.7425 2.08281e-11 
0.75 2.49887e-11 
0.7475 2.35164e-11 
0.755 2.82171e-11 
0.7525 2.65537e-11 
0.76 3.18645e-11 
0.7575 2.99851e-11 
0.765 3.59854e-11 
0.7625 3.38621e-11 
0.77 4.06412e-11 
0.7675 3.82423e-11 
0.775 4.59015e-11 
0.7725 4.31911e-11 
0.78 5.18448e-11 
0.7775 4.87825e-11 
0.785 5.85598e-11 
0.7825 5.50999e-11 
0.79 6.61468e-11 
0.7875 6.22376e-11 
0.795 7.47189e-11 
0.7925 7.03021e-11 
0.8 8.44042e-11 
0.7975 7.94138e-11 
0.805 9.53473e-11 
0.8025 8.97088e-11 
0.81 1.07712e-10 
0.8075 1.01341e-10 
0.815 1.21682e-10 
0.8125 1.14483e-10 
0.82 1.37466e-10 
0.8175 1.29333e-10 
0.825 1.55301e-10 
0.8225 1.46111e-10 
0.83 1.75452e-10 
0.8275 1.65069e-10 
0.835 1.98221e-10 
0.8325 1.86489e-10 
0.84 2.23947e-10 
0.8375 2.10691e-10 
0.845 2.53015e-10 
0.8425 2.38037e-10 
0.85 2.85859e-10 
0.8475 2.68936e-10 
0.855 3.2297e-10 
0.8525 3.03848e-10 
0.86 3.64902e-10 
0.8575 3.43296e-10 
0.865 4.12281e-10 
0.8625 3.87868e-10 
0.87 4.65816e-10 
0.8675 4.38231e-10 
0.875 5.26306e-10 
0.8725 4.95138e-10 
0.88 5.94655e-10 
0.8775 5.59437e-10 
0.885 6.71885e-10 
0.8825 6.32091e-10 
0.89 7.59149e-10 
0.8875 7.14185e-10 
0.895 8.57752e-10 
0.8925 8.06945e-10 
0.9 9.69167e-10 
0.8975 9.11759e-10 
0.905 1.09506e-09 
0.9025 1.03019e-09 
0.91 1.23731e-09 
0.9075 1.16401e-09 
0.915 1.39805e-09 
0.9125 1.31522e-09 
0.92 1.57967e-09 
0.9175 1.48609e-09 
0.925 1.7849e-09 
0.9225 1.67915e-09 
0.93 2.0168e-09 
0.9275 1.89731e-09 
0.935 2.27883e-09 
0.9325 2.14381e-09 
0.94 2.57492e-09 
0.9375 2.42235e-09 
0.945 2.90949e-09 
0.9425 2.7371e-09 
0.95 3.28755e-09 
0.9475 3.09275e-09 
0.955 3.71474e-09 
0.9525 3.49462e-09 
0.96 4.19745e-09 
0.9575 3.94872e-09 
0.965 4.74291e-09 
0.9625 4.46185e-09 
0.97 5.35927e-09 
0.9675 5.04168e-09 
0.975 6.05575e-09 
0.9725 5.69687e-09 
0.98 6.84276e-09 
0.9775 6.43723e-09 
0.985 7.73207e-09 
0.9825 7.27383e-09 
0.99 8.73699e-09 
0.9875 8.21918e-09 
0.995 9.87254e-09 
0.9925 9.28742e-09 
1 1.11557e-08 
0.9975 1.04945e-08 
1.005 1.26057e-08 
1.0025 1.18586e-08 
1.01 1.42442e-08 
1.0075 1.33999e-08 
1.015 1.60958e-08 
1.0125 1.51417e-08 
1.02 1.8188e-08 
1.0175 1.71099e-08 
1.025 2.05523e-08 
1.0225 1.9334e-08 
1.03 2.3224e-08 
1.0275 2.18473e-08 
1.035 2.6243e-08 
1.0325 2.46874e-08 
1.04 2.96546e-08 
1.0375 2.78967e-08 
1.045 3.35099e-08 
1.0425 3.15234e-08 
1.05 3.78664e-08 
1.0475 3.56216e-08 
1.055 4.27894e-08 
1.0525 4.02527e-08 
1.06 4.83527e-08 
1.0575 4.54861e-08 
1.065 5.46393e-08 
1.0625 5.13999e-08 
1.07 6.17436e-08 
1.0675 5.80829e-08 
1.075 6.97717e-08 
1.0725 6.5635e-08 
1.08 7.88439e-08 
1.0775 7.41692e-08 
1.085 8.9096e-08 
1.0825 8.38133e-08 
1.09 1.00682e-07 
1.0875 9.47118e-08 
1.095 1.13774e-07 
1.0925 1.07028e-07 
1.1 1.28569e-07 
1.0975 1.20945e-07 
1.105 1.45289e-07 
1.1025 1.36673e-07 
1.11 1.64183e-07 
1.1075 1.54447e-07 
1.115 1.85535e-07 
1.1125 1.74533e-07 
1.12 2.09665e-07 
1.1175 1.97232e-07 
1.125 2.36934e-07 
1.1225 2.22883e-07 
1.13 2.6775e-07 
1.1275 2.51871e-07 
1.135 3.02575e-07 
1.1325 2.8463e-07 
1.14 3.41931e-07 
1.1375 3.21652e-07 
1.145 3.86407e-07 
1.1425 3.6349e-07 
1.15 4.3667e-07 
1.1475 4.10771e-07 
1.155 4.93473e-07 
1.1525 4.64204e-07 
1.16 5.57667e-07 
1.1575 5.24589e-07 
1.165 6.30214e-07 
1.1625 5.92832e-07 
1.17 7.12202e-07 
1.1675 6.69955e-07 
1.175 8.04859e-07 
1.1725 7.57114e-07 
1.18 9.09575e-07 
1.1775 8.55616e-07 
1.185 1.02792e-06 
1.1825 9.66938e-07 
1.19 1.16167e-06 
1.1875 1.09275e-06 
1.195 1.31282e-06 
1.1925 1.23493e-06 
1.2 1.48365e-06 
1.1975 1.39563e-06 
1.205 1.67672e-06 
1.2025 1.57724e-06 
1.21 1.89493e-06 
1.2075 1.78249e-06 
1.215 2.14154e-06 
1.2125 2.01446e-06 
1.22 2.42027e-06 
1.2175 2.27664e-06 
1.225 2.73528e-06 
1.2225 2.57295e-06 
1.23 3.09132e-06 
1.2275 2.90786e-06 
1.235 3.49373e-06 
1.2325 3.28637e-06 
1.24 3.94855e-06 
1.2375 3.71418e-06 
1.245 4.46262e-06 
1.2425 4.19772e-06 
1.25 5.04366e-06 
1.2475 4.74425e-06 
1.255 5.7004e-06 
1.2525 5.36198e-06 
1.26 6.44272e-06 
1.2575 6.0602e-06 
1.265 7.28179e-06 
1.2625 6.84941e-06 
1.27 8.23022e-06 
1.2675 7.74148e-06 
1.275 9.3023e-06 
1.2725 8.74984e-06 
1.28 1.05142e-05 
1.2775 9.88966e-06 
1.285 1.18841e-05 
1.2825 1.11781e-05 
1.29 1.34327e-05 
1.2875 1.26346e-05 
1.295 1.51833e-05 
1.2925 1.42811e-05 
1.3 1.71624e-05 
1.2975 1.61425e-05 
1.305 1.93998e-05 
1.3025 1.82468e-05 
1.31 2.19294e-05 
1.3075 2.06258e-05 
1.315 2.47893e-05 
1.3125 2.33154e-05 
1.32 2.80229e-05 
1.3175 2.63565e-05 
1.325 3.16791e-05 
1.3225 2.97949e-05 
1.33 3.58134e-05 
1.3275 3.36827e-05 
1.335 4.04884e-05 
1.3325 3.8079e-05 
1.34 4.57752e-05 
1.3375 4.30505e-05 
1.345 5.17542e-05 
1.3425 4.86728e-05 
1.35 5.85165e-05 
1.3475 5.50313e-05 
1.355 6.61651e-05 
1.3525 6.2223e-05 
1.36 7.48169e-05 
1.3575 7.03577e-05 
1.365 8.46042e-05 
1.3625 7.95597e-05 
1.37 9.56771e-05 
1.3675 8.99698e-05 
1.375 0.000108206 
1.3725 0.000101748 
1.38 0.000122382 
1.3775 0.000115075 
1.385 0.000138426 
1.3825 0.000130156 
1.39 0.000156585 
1.3875 0.000147224 
1.395 0.00017714 
1.3925 0.000166544 
1.4 0.000200412 
1.3975 0.000188415 
1.405 0.000226762 
1.4025 0.000213177 
1.41 0.000256603 
1.4075 0.000241218 
1.415 0.000290404 
1.4125 0.000272977 
1.42 0.000328698 
1.4175 0.000308954 
1.425 0.000372089 
1.4225 0.000349715 
1.43 0.000421268 
1.4275 0.000395908 
1.435 0.000477019 
1.4325 0.000448269 
1.44 0.000540237 
1.4375 0.000507634 
1.445 0.000611941 
1.4425 0.000574959 
1.45 0.000693291 
1.4475 0.000651331 
1.455 0.000785615 
1.4525 0.000737992 
1.46 0.000890425 
1.4575 0.000836356 
1.465 0.00100945 
1.4625 0.000948043 
1.47 0.00114466 
1.4675 0.0010749 
1.475 0.00129832 
1.4725 0.00121903 
1.48 0.00147301 
1.4775 0.00138286 
1.485 0.00167169 
1.4825 0.00156915 
1.49 0.00189773 
1.4875 0.00178106 
1.495 0.00215502 
1.4925 0.0020222 
1.5 0.00244798 
1.4975 0.00229674 
1.505 0.00278171 
1.5025 0.00260941 
1.51 0.00316204 
1.5075 0.00296566 
1.515 0.00359562 
1.5125 0.00337172 
1.52 0.00409012 
1.5175 0.00383474 
1.525 0.00465427 
1.5225 0.00436289 
1.53 0.00529809 
1.5275 0.00496554 
1.535 0.00603302 
1.5325 0.00565339 
1.54 0.00687214 
1.5375 0.00643867 
1.545 0.00783034 
1.5425 0.00733534 
1.55 0.00892458 
1.5475 0.00835931 
1.555 0.0101741 
1.5525 0.00952865 
1.56 0.0116008 
1.5575 0.0108639 
1.565 0.0132294 
1.5625 0.0123882 
1.57 0.0150875 
1.5675 0.0141278 
1.575 0.0172063 
1.5725 0.0161122 
1.58 0.0196206 
1.5775 0.0183742 
1.585 0.022369 
1.5825 0.0209504 
1.59 0.025494 
1.5875 0.0238816 
1.595 0.0290425 
1.5925 0.0272123 
1.6 0.0330653 
1.5975 0.0309913 
1.605 0.0376171 
1.6025 0.0352715 
1.61 0.0427566 
1.6075 0.0401096 
1.615 0.0485455 
1.6125 0.0455659 
1.62 0.0550483 
1.6175 0.0517036 
1.625 0.0623315 
1.6225 0.0585882 
1.63 0.0704621 
1.6275 0.0662867 
1.635 0.0795067 
1.6325 0.0748661 
1.64 0.0895299 
1.6375 0.0843921 
1.645 0.100593 
1.6425 0.0949278 
1.65 0.112751 
1.6475 0.106532 
1.655 0.126053 
1.6525 0.119257 
1.66 0.140539 
1.6575 0.133146 
1.665 0.156237 
1.6625 0.148235 
1.67 0.173164 
1.6675 0.164546 
1.675 0.191321 
1.6725 0.182089 
1.68 0.210697 
1.6775 0.200858 
1.685 0.23126 
1.6825 0.220832 
1.69 0.252966 
1.6875 0.241974 
1.695 0.27575 
1.6925 0.264228 
1.7 0.299531 
1.6975 0.287522 
1.705 0.324213 
1.7025 0.311766 
1.71 0.349681 
1.7075 0.336856 
1.715 0.375811 
1.7125 0.362672 
1.72 0.402463 
1.7175 0.389081 
1.725 0.429492 
1.7225 0.41594 
1.73 0.456745 
1.7275 0.4431 
1.735 0.484066 
1.7325 0.470406 
1.74 0.511301 
1.7375 0.497704 
1.745 0.538299 
1.7425 0.524839 
1.75 0.564917 
1.7475 0.551665 
1.755 0.591021 
1.7525 0.578041 
1.76 0.616487 
1.7575 0.603841 
1.765 0.641209 
1.7625 0.628947 
1.77 0.665091 
1.7675 0.65326 
1.775 0.688058 
1.7725 0.676694 
1.78 0.710048 
1.7775 0.699178 
1.785 0.731013 
1.7825 0.72066 
1.79 0.750923 
1.7875 0.741101 
1.795 0.769762 
1.7925 0.760477 
1.8 0.787524 
1.7975 0.778777 
1.805 0.804216 
1.8025 0.796003 
1.81 0.819855 
1.8075 0.812166 
1.815 0.834466 
1.8125 0.827287 
1.82 0.84808 
1.8175 0.841396 
1.825 0.860735 
1.8225 0.854525 
1.83 0.87247 
1.8275 0.866715 
1.835 0.883332 
1.8325 0.878008 
1.84 0.893364 
1.8375 0.888449 
1.845 0.902615 
1.8425 0.898084 
1.85 0.911131 
1.8475 0.906962 
1.855 0.918959 
1.8525 0.915128 
1.86 0.926145 
1.8575 0.92263 
1.865 0.932733 
1.8625 0.929511 
1.87 0.938767 
1.8675 0.935817 
1.875 0.944286 
1.8725 0.941588 
1.88 0.949331 
1.8775 0.946866 
1.885 0.953938 
1.8825 0.951687 
1.89 0.958141 
1.8875 0.956088 
1.895 0.961974 
1.8925 0.960102 
1.9 0.965466 
1.8975 0.963761 
1.905 0.968647 
1.9025 0.967094 
1.91 0.971542 
1.9075 0.970129 
1.915 0.974175 
1.9125 0.97289 
1.92 0.97657 
1.9175 0.975401 
1.925 0.978747 
1.9225 0.977685 
1.93 0.980725 
1.9275 0.97976 
1.935 0.982522 
1.9325 0.981645 
1.94 0.984153 
1.9375 0.983357 
1.945 0.985635 
1.9425 0.984912 
1.95 0.986979 
1.9475 0.986323 
1.955 0.988199 
1.9525 0.987603 
1.96 0.989305 
1.9575 0.988765 
1.965 0.990309 
1.9625 0.989819 
1.97 0.991219 
1.9675 0.990775 
1.975 0.992044 
1.9725 0.991642 
1.98 0.992792 
1.9775 0.992427 
1.985 0.993471 
1.9825 0.99314 
1.99 0.994085 
1.9875 0.993786 
1.995 0.994643 
1.9925 0.994371 
2 0.995147 
1.9975 0.994901 
2.005 0.995605 
2.0025 0.995382 
2.01 0.996019 
2.0075 0.995817 
2.015 0.996395 
2.0125 0.996212 
2.02 0.996735 
2.0175 0.996569 
2.025 0.997043 
2.0225 0.996893 
2.03 0.997323 
2.0275 0.997186 
2.035 0.997575 
2.0325 0.997452 
2.04 0.997804 
2.0375 0.997693 
2.045 0.998012 
2.0425 0.997911 
2.05 0.9982 
2.0475 0.998108 
2.055 0.99837 
2.0525 0.998287 
2.06 0.998524 
2.0575 0.998449 
2.065 0.998663 
2.0625 0.998595 
2.07 0.99879 
2.0675 0.998728 
2.075 0.998904 
2.0725 0.998848 
2.08 0.999008 
2.0775 0.998957 
2.085 0.999101 
2.0825 0.999056 
2.09 0.999186 
2.0875 0.999145 
2.095 0.999263 
2.0925 0.999226 
2.1 0.999333 
2.0975 0.999299 
2.105 0.999396 
2.1025 0.999365 
2.11 0.999453 
2.1075 0.999425 
2.115 0.999504 
2.1125 0.999479 
2.12 0.999551 
2.1175 0.999528 
2.125 0.999593 
2.1225 0.999573 
2.13 0.999632 
2.1275 0.999613 
2.135 0.999666 
2.1325 0.999649 
2.14 0.999697 
2.1375 0.999682 
2.145 0.999726 
2.1425 0.999712 
2.15 0.999751 
2.1475 0.999739 
2.155 0.999774 
2.1525 0.999763 
2.16 0.999795 
2.1575 0.999785 
2.165 0.999814 
2.1625 0.999805 
2.17 0.999831 
2.1675 0.999823 
2.175 0.999847 
2.1725 0.999839 
2.18 0.999861 
2.1775 0.999854 
2.185 0.999873 
2.1825 0.999867 
2.19 0.999884 
2.1875 0.999879 
2.195 0.999894 
2.1925 0.999889 
2.2 0.999903 
2.1975 0.999899 
2.205 0.999911 
2.2025 0.999907 
2.21 0.999919 
2.2075 0.999915 
2.215 0.999925 
2.2125 0.999922 
2.22 0.999931 
2.2175 0.999928 
2.225 0.999936 
2.2225 0.999933 
2.23 0.99994 
2.2275 0.999938 
2.235 0.999944 
2.2325 0.999942 
2.24 0.999947 
2.2375 0.999946 
2.245 0.99995 
2.2425 0.999949 
2.25 0.999952 
2.2475 0.999951 
2.255 0.999954 
2.2525 0.999953 
2.26 0.999955 
2.2575 0.999955 
2.265 0.999956 
2.2625 0.999956 
2.27 0.999957 
2.2675 0.999956 
2.275 0.999957 
2.2725 0.999957 
2.28 0.999956 
2.2775 0.999957 
2.285 0.999956 
2.2825 0.999956 
2.29 0.999954 
2.2875 0.999955 
2.295 0.999953 
2.2925 0.999954 
2.3 0.999951 
2.2975 0.999952 
2.305 0.999948 
2.3025 0.99995 
2.31 0.999945 
2.3075 0.999947 
2.315 0.999942 
2.3125 0.999944 
2.32 0.999938 
2.3175 0.99994 
2.325 0.999934 
2.3225 0.999936 
2.33 0.999928 
2.3275 0.999931 
2.335 0.999923 
2.3325 0.999926 
2.34 0.999916 
2.3375 0.99992 
2.345 0.999909 
2.3425 0.999913 
2.35 0.999901 
2.3475 0.999905 
2.355 0.999892 
2.3525 0.999897 
2.36 0.999882 
2.3575 0.999887 
2.365 0.999871 
2.3625 0.999877 
2.37 0.999859 
2.3675 0.999865 
2.375 0.999846 
2.3725 0.999853 
2.38 0.999831 
2.3775 0.999839 
2.385 0.999815 
2.3825 0.999823 
2.39 0.999797 
2.3875 0.999806 
2.395 0.999777 
2.3925 0.999787 
2.4 0.999756 
2.3975 0.999767 
2.405 0.999732 
2.4025 0.999744 
2.41 0.999705 
2.4075 0.999719 
2.415 0.999677 
2.4125 0.999691 
2.42 0.999645 
2.4175 0.999661 
2.425 0.99961 
2.4225 0.999628 
2.43 0.999571 
2.4275 0.999591 
2.435 0.999529 
2.4325 0.999551 
2.44 0.999483 
2.4375 0.999506 
2.445 0.999432 
2.4425 0.999458 
2.45 0.999376 
2.4475 0.999404 
2.455 0.999314 
2.4525 0.999345 
2.46 0.999246 
2.4575 0.999281 
2.465 0.999171 
2.4625 0.99921 
2.47 0.999089 
2.4675 0.999131 
2.475 0.998999 
2.4725 0.999046 
2.48 0.9989 
2.4775 0.998951 
2.485 0.998792 
2.4825 0.998847 
2.49 0.998672 
2.4875 0.998733 
2.495 0.998541 
2.4925 0.998608 
2.5 0.998396 
2.4975 0.99847 
2.505 0.998238 
2.5025 0.998319 
2.51 0.998064 
2.5075 0.998153 
2.515 0.997872 
2.5125 0.99797 
2.52 0.997662 
2.5175 0.997769 
2.525 0.99743 
2.5225 0.997549 
2.53 0.997176 
2.5275 0.997306 
2.535 0.996897 
2.5325 0.99704 
2.54 0.99659 
2.5375 0.996747 
2.545 0.996253 
2.5425 0.996426 
2.55 0.995883 
2.5475 0.996073 
2.555 0.995477 
2.5525 0.995685 
2.56 0.99503 
2.5575 0.995259 
2.565 0.994539 
2.5625 0.994791 
2.57 0.994001 
2.5675 0.994276 
2.575 0.993409 
2.5725 0.993712 
2.58 0.992759 
2.5775 0.993091 
2.585 0.992045 
2.5825 0.99241 
2.59 0.991262 
2.5875 0.991663 
2.595 0.990402 
2.5925 0.990842 
2.6 0.989458 
2.5975 0.989941 
2.605 0.988421 
2.6025 0.988951 
2.61 0.987284 
2.6075 0.987866 
2.615 0.986036 
2.6125 0.986675 
2.62 0.984668 
2.6175 0.985368 
2.625 0.983166 
2.6225 0.983934 
2.63 0.98152 
2.6275 0.982362 
2.635 0.979716 
2.6325 0.980639 
2.64 0.977738 
2.6375 0.978749 
2.645 0.975571 
2.6425 0.976679 
2.65 0.973198 
2.6475 0.974411 
2.655 0.970599 
2.6525 0.971928 
2.66 0.967756 
2.6575 0.96921 
2.665 0.964645 
2.6625 0.966235 
2.67 0.961244 
2.6675 0.962983 
2.675 0.957528 
2.6725 0.959427 
2.68 0.953469 
2.6775 0.955543 
2.685 0.94904 
2.6825 0.951303 
2.69 0.94421 
2.6875 0.946677 
2.695 0.938947 
2.6925 0.941635 
2.7 0.933217 
2.6975 0.936143 
2.705 0.926986 
2.7025 0.930167 
2.71 0.920216 
2.7075 0.92367 
2.715 0.912869 
2.7125 0.916617 
2.72 0.904908 
2.7175 0.908968 
2.725 0.896292 
2.7225 0.900684 
2.73 0.886982 
2.7275 0.891726 
2.735 0.876939 
2.7325 0.882055 
2.74 0.866125 
2.7375 0.871631 
2.745 0.854503 
2.7425 0.860417 
2.75 0.84204 
2.7475 0.848379 
2.755 0.828705 
2.7525 0.835483 
2.76 0.814472 
2.7575 0.821702 
2.765 0.799322 
2.7625 0.807013 
2.77 0.783239 
2.7675 0.791398 
2.775 0.766219 
2.7725 0.774846 
2.78 0.748264 
2.7775 0.757358 
2.785 0.729386 
2.7825 0.738939 
2.79 0.709608 
2.7875 0.719607 
2.795 0.688966 
2.7925 0.699392 
2.8 0.667505 
2.7975 0.678334 
2.805 0.645284 
2.8025 0.656485 
2.81 0.622373 
2.8075 0.63391 
2.815 0.598853 
2.8125 0.610683 
2.82 0.574815 
2.8175 0.586892 
2.825 0.550362 
2.8225 0.562634 
2.83 0.525602 
2.8275 0.538013 
2.835 0.500648 
2.8325 0.513142 
2.84 0.475618 
2.8375 0.488135 
2.845 0.450633 
2.8425 0.463113 
2.85 0.42581 
2.8475 0.438194 
2.855 0.401265 
2.8525 0.413495 
2.86 0.377107 
2.8575 0.389131 
2.865 0.353441 
2.8625 0.365207 
2.87 0.33036 
2.8675 0.341822 
2.875 0.30795 
2.8725 0.319066 
2.88 0.286283 
2.8775 0.297019 
2.885 0.265423 
2.8825 0.275749 
2.89 0.24542 
2.8875 0.255312 
2.895 0.226313 
2.8925 0.235753 
2.9 0.20813 
2.8975 0.217105 
2.905 0.19089 
2.9025 0.199392 
2.91 0.174599 
2.9075 0.182626 
2.915 0.159258 
2.9125 0.16681 
2.92 0.144858 
2.9175 0.151941 
2.925 0.131385 
2.9225 0.138007 
2.93 0.118817 
2.9275 0.124989 
2.935 0.107132 
2.9325 0.112866 
2.94 0.0962987 
2.9375 0.10161 
2.945 0.0862879 
2.9425 0.0911925 
2.95 0.0770662 
2.9475 0.0815805 
2.955 0.0685992 
2.9525 0.0727405 
2.96 0.0608518 
2.9575 0.0646378 
2.965 0.0537882 
2.9625 0.0572368 
2.97 0.0473723 
2.9675 0.0505015 
2.975 0.0415678 
2.9725 0.0443959 
2.98 0.0363386 
2.9775 0.0388836 
2.985 0.0316482 
2.9825 0.0339283 
2.99 0.0274605 
2.9875 0.0294938 
2.995 0.0237392 
2.9925 0.0255438 
3 0.0204483 
2.9975 0.0220422 
3.005 0.0175522 
3.0025 0.0189531 
3.01 0.0150158 
3.0075 0.0162412 
3.015 0.0128052 
3.0125 0.0138719 
3.02 0.0108872 
3.0175 0.0118116 
3.025 0.00923061 
3.0225 0.0100281 
3.03 0.00780572 
3.0275 0.00849097 
3.035 0.00658494 
3.0325 0.00717146 
3.04 0.00554282 
3.0375 0.00604305 
3.045 0.00465619 
3.0425 0.00508143 
3.05 0.00390414 
3.0475 0.00426456 
3.055 0.00326802 
3.0525 0.00357267 
3.06 0.00273129 
3.0575 0.00298818 
3.065 0.00227946 
3.0625 0.0024956 
3.07 0.00189988 
3.0675 0.00208136 
3.075 0.00158157 
3.0725 0.00173369 
3.08 0.0013151 
3.0775 0.00144239 
3.085 0.00109236 
3.0825 0.00119872 
3.09 0.000906431 
3.0875 0.000995182 
3.095 0.000751432 
3.0925 0.000825396 
3.1 0.00062237 
3.0975 0.00068394 
3.105 0.000515023 
3.1025 0.000566219 
3.11 0.000425828 
3.1075 0.000468356 
3.115 0.00035179 
3.1125 0.000387082 
3.12 0.00029039 
3.1175 0.000319651 
3.125 0.000239515 
3.1225 0.000263754 
3.13 0.000197399 
3.1275 0.000217461 
3.135 0.000162562 
3.1325 0.000179153 
3.14 0.00013377 
3.1375 0.000147479 
3.145 0.000109994 
3.1425 0.000121312 
3.15 9.0374e-05 
3.1475 9.97118e-05 
3.155 7.41972e-05 
3.1525 8.18948e-05 
3.16 6.08694e-05 
3.1575 6.72101e-05 
3.165 4.98975e-05 
3.1625 5.51164e-05 
3.17 4.08719e-05 
3.1675 4.51641e-05 
3.175 3.34532e-05 
3.1725 3.69805e-05 
3.18 2.73598e-05 
3.1775 3.02564e-05 
3.185 2.23589e-05 
3.1825 2.47357e-05 
3.19 1.82579e-05 
3.1875 2.02066e-05 
3.195 1.48973e-05 
3.1925 1.64938e-05 
3.2 1.21457e-05 
3.1975 1.34526e-05 
3.205 9.89442e-06 
3.2025 1.09635e-05 
3.21 8.05401e-06 
3.2075 8.9278e-06 
3.215 6.55064e-06 
3.2125 7.26426e-06 
3.22 5.32359e-06 
3.2175 5.90592e-06 
3.225 4.32285e-06 
3.2225 4.79768e-06 
3.23 3.50737e-06 
3.2275 3.89422e-06 
3.235 2.84337e-06 
3.2325 3.15829e-06 
3.24 2.30316e-06 
3.2375 2.55931e-06 
3.245 1.86403e-06 
3.2425 2.07221e-06 
3.25 1.50736e-06 
3.2475 1.67641e-06 
3.255 1.21791e-06 
3.2525 1.35507e-06 
3.26 9.83201e-07 
3.2575 1.0944e-06 
3.265 7.93048e-07 
3.2625 8.83114e-07 
3.27 6.3912e-07 
3.2675 7.12012e-07 
3.275 5.14625e-07 
3.2725 5.73566e-07 
3.28 4.1402e-07 
3.2775 4.61639e-07 
3.285 3.32792e-07 
3.2825 3.71231e-07 
3.29 2.67265e-07 
3.2875 2.98267e-07 
3.295 2.14451e-07 
3.2925 2.39432e-07 
3.3 1.71921e-07 
3.2975 1.92034e-07 
3.305 1.37703e-07 
3.3025 1.53881e-07 
3.31 1.10197e-07 
3.3075 1.23198e-07 
3.315 8.81057e-08 
3.3125 9.85451e-08 
3.32 7.03794e-08 
3.3175 7.87541e-08 
3.325 5.61686e-08 
3.3225 6.28808e-08 
3.33 4.47863e-08 
3.3275 5.01612e-08 
3.335 3.56779e-08 
3.3325 3.9978e-08 
3.34 2.83958e-08 
3.3375 3.18329e-08 
3.345 2.25791e-08 
3.3425 2.53239e-08 
3.35 1.79374e-08 
3.3475 2.01272e-08 
3.355 1.42366e-08 
3.3525 1.5982e-08 
3.36 1.12888e-08 
3.3575 1.26788e-08 
3.365 8.94299e-09 
3.3625 1.00488e-08 
3.37 7.07798e-09 
3.3675 7.95695e-09 
3.375 5.59663e-09 
3.3725 6.29461e-09 
3.38 4.42112e-09 
3.3775 4.97485e-09 
3.385 3.4892e-09 
3.3825 3.92808e-09 
3.39 2.7511e-09 
3.3875 3.09861e-09 
3.395 2.16706e-09 
3.3925 2.44196e-09 
3.4 1.70537e-09 
3.3975 1.92263e-09 
3.405 1.34076e-09 
3.4025 1.5123e-09 
3.41 1.05309e-09 
3.4075 1.18839e-09 
3.415 8.26341e-10 
3.4125 9.32962e-10 
3.42 6.47788e-10 
3.4175 7.31725e-10 
3.425 5.07324e-10 
3.4225 5.73339e-10 
3.43 3.96932e-10 
3.4275 4.488e-10 
3.435 3.10258e-10 
3.4325 3.50971e-10 
3.44 2.42274e-10 
3.4375 2.742e-10 
3.445 1.89001e-10 
3.4425 2.14012e-10 
3.45 1.47298e-10 
3.4475 1.66872e-10 
3.455 1.14684e-10 
3.4525 1.29988e-10 
3.46 8.92038e-11 
3.4575 1.01157e-10 
3.465 6.93164e-11 
3.4625 7.86434e-11 
3.47 5.38096e-11 
3.4675 6.10802e-11 
3.475 4.17307e-11 
3.4725 4.73926e-11 
3.48 3.23313e-11 
3.4775 3.6736e-11 
3.485 2.50242e-11 
3.4825 2.84475e-11 
3.49 1.93494e-11 
3.4875 2.20073e-11 
3.495 1.49468e-11 
3.4925 1.70083e-11 
3.5 1.15344e-11 
3.4975 1.31318e-11 
3.505 8.8923e-12 
3.5025 1.01288e-11 
3.51 6.84861e-12 
3.5075 7.80479e-12 
3.515 5.2694e-12 
3.5125 6.00806e-12 
3.52 4.05033e-12 
3.5175 4.62039e-12 
3.525 3.11021e-12 
3.5225 3.54971e-12 
3.53 2.38594e-12 
3.5275 2.72444e-12 
3.535 1.82853e-12 
3.5325 2.08898e-12 
3.54 1.39996e-12 
3.5375 1.60015e-12 
3.545 1.07079e-12 
3.5425 1.22451e-12 
3.55 8.18209e-13 
3.5475 9.3613e-13 
3.555 6.24597e-13 
3.5525 7.14964e-13 
3.56 4.76334e-13 
3.5575 5.45516e-13 
3.565 3.62911e-13 
3.5625 4.15822e-13 
3.57 2.76228e-13 
3.5675 3.16654e-13 
3.575 2.10047e-13 
3.5725 2.40904e-13 
3.58 1.59569e-13 
3.5775 1.83098e-13 
3.585 1.21105e-13 
3.5825 1.39029e-13 
3.59 9.1826e-14 
3.5875 1.05467e-13 
3.595 6.95599e-14 
3.5925 7.99304e-14 
3.6 5.26435e-14 
3.5975 6.05203e-14 
3.605 3.98041e-14 
3.6025 4.5781e-14 
3.61 3.00684e-14 
3.6075 3.45993e-14 
3.615 2.26933e-14 
3.6125 2.61247e-14 
3.62 1.71117e-14 
3.6175 1.9708e-14 
3.625 1.28915e-14 
3.6225 1.48541e-14 
3.63 9.70363e-15 
3.6275 1.11857e-14 
3.635 7.29777e-15 
3.6325 8.41603e-15 
3.64 5.48376e-15 
3.6375 6.32672e-15 
3.645 4.11725e-15 
3.6425 4.75211e-15 
3.65 3.08876e-15 
3.6475 3.56647e-15 
3.655 2.31537e-15 
3.6525 2.6745e-15 
3.66 1.73429e-15 
3.6575 2.00406e-15 
3.665 1.29808e-15 
3.6625 1.50055e-15 
3.67 9.70895e-16 
3.6675 1.12273e-15 
3.675 7.25682e-16 
3.6725 8.39448e-16 
3.68 5.42048e-16 
3.6775 6.27227e-16 
3.685 4.04634e-16 
3.6825 4.68361e-16 
3.69 3.01883e-16 
3.6875 3.49526e-16 
3.695 2.25104e-16 
3.6925 2.60697e-16 
3.7 1.67771e-16 
3.6975 1.94345e-16 
3.705 1.24987e-16 
3.7025 1.44814e-16 
3.71 9.3078e-17 
3.7075 1.07863e-16 
3.715 6.92934e-17 
3.7125 8.03125e-17 
3.72 5.15737e-17 
3.7175 5.97819e-17 
3.725 3.83783e-17 
3.7225 4.449e-17 
3.73 2.8556e-17 
3.7275 3.3105e-17 
3.735 2.12472e-17 
3.7325 2.46318e-17 
3.74 1.581e-17 
3.7375 1.83277e-17 
3.745 1.17661e-17 
3.7425 1.36386e-17 
3.75 8.75886e-18 
3.7475 1.01513e-17 
3.755 6.52261e-18 
3.7525 7.55805e-18 
3.76 4.85962e-18 
3.7575 5.62964e-18 
3.765 3.62278e-18 
3.7625 4.19551e-18 
3.77 2.70267e-18 
3.7675 3.12877e-18 
3.775 2.01796e-18 
3.7725 2.33508e-18 
3.78 1.50818e-18 
3.7775 1.74432e-18 
3.785 1.12844e-18 
3.7825 1.30437e-18 
3.79 8.45359e-19 
3.7875 9.76532e-19 
3.795 6.34165e-19 
3.7925 7.32051e-19 
3.8 4.76451e-19 
3.7975 5.4957e-19 
3.805 3.58548e-19 
3.8025 4.13227e-19 
3.81 2.70297e-19 
3.8075 3.11239e-19 
3.815 2.04151e-19 
3.8125 2.3485e-19 
3.82 1.545e-19 
3.8175 1.77553e-19 
3.825 1.17168e-19 
3.8225 1.34509e-19 
3.83 8.90498e-20 
3.8275 1.02117e-19 
3.835 6.78316e-20 
3.8325 7.76976e-20 
3.84 5.17879e-20 
3.8375 5.9252e-20 
3.845 3.96315e-20 
3.8425 4.52904e-20 
3.85 3.04003e-20 
3.8475 3.47e-20 
3.855 2.33745e-20 
3.8525 2.6649e-20 
3.86 1.80148e-20 
3.8575 2.05143e-20 
3.865 1.39164e-20 
3.8625 1.58289e-20 
3.87 1.07749e-20 
3.8675 1.22418e-20 
3.875 8.36111e-21 
3.8725 9.48895e-21 
3.88 6.50205e-21 
3.8775 7.37125e-21 
3.885 5.06681e-21 
3.8825 5.73827e-21 
3.89 3.95619e-21 
3.8875 4.4761e-21 
3.895 3.09482e-21 
3.8925 3.49829e-21 
3.9 2.42529e-21 
3.8975 2.73908e-21 
3.905 1.90377e-21 
3.9025 2.14833e-21 
3.91 1.49671e-21 
3.9075 1.6877e-21 
3.915 1.17839e-21 
3.9125 1.32782e-21 
3.92 9.29001e-22 
3.9175 1.04612e-21 
3.925 7.33287e-22 
3.9225 8.25241e-22 
3.93 5.79449e-22 
3.9275 6.51757e-22 
3.935 4.58348e-22 
3.9325 5.1529e-22 
3.94 3.62886e-22 
3.9375 4.07789e-22 
3.945 2.87542e-22 
3.9425 3.22993e-22 
3.95 2.28007e-22 
3.9475 2.56028e-22 
3.955 1.80915e-22 
3.9525 2.03085e-22 
3.96 1.4363e-22 
3.9575 1.61187e-22 
3.965 1.14085e-22 
3.9625 1.28001e-22 
3.97 9.06559e-23 
3.9675 1.01693e-22 
3.975 7.20638e-23 
3.9725 8.08236e-23 
3.98 5.73016e-23 
3.9775 6.4258e-23 
3.985 4.55744e-23 
3.9825 5.11013e-23 
3.99 3.62541e-23 
3.9875 4.06471e-23 
3.995 2.88439e-23 
3.9925 3.23369e-23 
4 2.29506e-23 
3.9975 2.57288e-23 
4.005 1.82624e-23 
4.0025 2.04726e-23 
4.01 1.45321e-23 
4.0075 1.62908e-23 
4.015 1.15636e-23 
4.0125 1.29632e-23 
4.02 9.20099e-24 
4.0175 1.03149e-23 
4.025 7.3205e-24 
4.0225 8.20715e-24 
4.03 5.82371e-24 
4.0275 6.52945e-24 
4.035 4.63232e-24 
4.0325 5.19406e-24 
4.04 3.68407e-24 
4.0375 4.13116e-24 
4.045 2.92938e-24 
4.0425 3.2852e-24 
4.05 2.32881e-24 
4.0475 2.61196e-24 
4.055 1.85094e-24 
4.0525 2.07623e-24 
4.06 1.47076e-24 
4.0575 1.64999e-24 
4.065 1.16835e-24 
4.0625 1.31091e-24 
4.07 9.27858e-25 
4.0675 1.04122e-24 
4.075 7.36641e-25 
4.0725 8.26771e-25 
4.08 5.84643e-25 
4.0775 6.56282e-25 
4.085 4.6385e-25 
4.0825 5.20778e-25 
4.09 3.67883e-25 
4.0875 4.13107e-25 
4.095 2.91663e-25 
4.0925 3.27579e-25 
4.1 2.31145e-25 
4.0975 2.59659e-25 
4.105 1.83111e-25 
4.1025 2.05741e-25 
4.11 1.44998e-25 
4.1075 1.62952e-25 
4.115 1.14768e-25 
4.1125 1.29008e-25 
4.12 9.0801e-26 
4.1175 1.02089e-25 
4.125 7.18058e-26 
4.1225 8.07514e-26 
4.13 5.67576e-26 
4.1275 6.38436e-26 
4.135 4.48412e-26 
4.1325 5.04518e-26 
4.14 3.54091e-26 
4.1375 3.98495e-26 
4.145 2.79467e-26 
4.1425 3.14594e-26 
4.15 2.20454e-26 
4.1475 2.48229e-26 
4.155 1.7381e-26 
4.1525 1.9576e-26 
4.16 1.36959e-26 
4.1575 1.54299e-26 
4.165 1.07861e-26 
4.1625 1.21551e-26 
4.17 8.48965e-27 
4.1675 9.56991e-27 
4.175 6.67823e-27 
4.1725 7.53021e-27 
4.18 5.25018e-27 
4.1775 5.92175e-27 
4.185 4.125e-27 
4.1825 4.65406e-27 
4.19 3.23895e-27 
4.1875 3.6555e-27 
4.195 2.54163e-27 
4.1925 2.86941e-27 
4.2 1.99316e-27 
4.1975 2.25092e-27 
4.205 1.56203e-27 
4.2025 1.76461e-27 
4.21 1.22334e-27 
4.2075 1.38246e-27 
4.215 9.5745e-28 
4.2125 1.08235e-27 
4.22 7.48838e-28 
4.2175 8.46815e-28 
4.225 5.85274e-28 
4.2225 6.6208e-28 
4.23 4.57116e-28 
4.2275 5.17286e-28 
4.235 3.56767e-28 
4.2325 4.03872e-28 
4.24 2.78247e-28 
4.2375 3.15098e-28 
4.245 2.16849e-28 
4.2425 2.45659e-28 
4.25 1.68875e-28 
4.2475 1.91382e-28 
4.255 1.31416e-28 
4.2525 1.48987e-28 
4.26 1.02189e-28 
4.2575 1.15896e-28 
4.265 7.94011e-29 
4.2625 9.00857e-29 
4.27 6.16472e-29 
4.2675 6.99699e-29 
4.275 4.78257e-29 
4.2725 5.43037e-29 
4.28 3.70737e-29 
4.2775 4.2112e-29 
4.285 2.87161e-29 
4.2825 3.26316e-29 
4.29 2.22247e-29 
4.2875 2.52652e-29 
4.295 1.71867e-29 
4.2925 1.9546e-29 
4.3 1.32799e-29 
4.2975 1.51091e-29 
4.305 1.02527e-29 
4.3025 1.16697e-29 
4.31 7.90895e-30 
4.3075 9.0058e-30 
4.315 6.09586e-30 
4.3125 6.94419e-30 
4.32 4.69445e-30 
4.3175 5.35001e-30 
4.325 3.61213e-30 
4.3225 4.11831e-30 
4.33 2.77696e-30 
4.3275 3.16747e-30 
4.335 2.13304e-30 
4.3325 2.43406e-30 
4.34 1.63701e-30 
4.3375 1.86884e-30 
4.345 1.25523e-30 
4.3425 1.43362e-30 
4.35 9.61639e-31 
4.3475 1.09879e-30 
4.355 7.36063e-31 
4.3525 8.41416e-31 
4.36 5.62899e-31 
4.3575 6.43755e-31 
4.365 4.30087e-31 
4.3625 4.92086e-31 
4.37 3.28314e-31 
4.3675 3.75812e-31 
4.375 2.50396e-31 
4.3725 2.86752e-31 
4.38 1.90796e-31 
4.3775 2.18599e-31 
4.385 1.45249e-31 
4.3825 1.66491e-31 
4.39 1.10474e-31 
4.3875 1.26688e-31 
4.395 8.39459e-32 
4.3925 9.63115e-32 
4.4 6.3729e-32 
4.3975 7.31506e-32 
4.405 4.83358e-32 
4.4025 5.55076e-32 
4.41 3.66263e-32 
4.4075 4.20805e-32 
4.415 2.77273e-32 
4.4125 3.18713e-32 
4.42 2.09706e-32 
4.4175 2.41163e-32 
4.425 1.58454e-32 
4.4225 1.82309e-32 
4.43 1.19614e-32 
4.4275 1.37687e-32 
4.435 9.02075e-33 
4.4325 1.03887e-32 
4.44 6.79654e-33 
4.4375 7.83098e-33 
4.445 5.11581e-33 
4.4425 5.89728e-33 
4.45 3.84699e-33 
4.4475 4.43679e-33 
4.455 2.89006e-33 
4.4525 3.33477e-33 
4.46 2.16906e-33 
4.4575 2.50404e-33 
4.465 1.62634e-33 
4.4625 1.87842e-33 
4.47 1.21822e-33 
4.4675 1.40773e-33 
4.475 9.11626e-34 
4.4725 1.05396e-33 
4.48 6.81521e-34 
4.4775 7.88315e-34 
4.485 5.08996e-34 
4.4825 5.89045e-34 
4.49 3.79769e-34 
4.4875 4.39713e-34 
4.495 2.83071e-34 
4.4925 3.27914e-34 
4.5 2.10785e-34 
4.4975 2.44298e-34 
4.505 1.56802e-34 
4.5025 1.81823e-34 
4.51 1.16528e-34 
4.5075 1.3519e-34 
4.515 8.65122e-35 
4.5125 1.00417e-34 
4.52 6.41635e-35 
4.5175 7.45136e-35 
4.525 4.75405e-35 
4.5225 5.52368e-35 
4.53 3.51887e-35 
4.5275 4.09059e-35 
4.535 2.60199e-35 
4.5325 3.02627e-35 
4.54 1.92207e-35 
4.5375 2.23661e-35 
4.545 1.41839e-35 
4.5425 1.65134e-35 
4.55 1.04564e-35 
4.5475 1.21799e-35 
4.555 7.70071e-36 
4.5525 8.97449e-36 
4.56 5.66549e-36 
4.5575 6.60598e-36 
4.565 4.16393e-36 
4.5625 4.85762e-36 
4.57 3.05723e-36 
4.5675 3.56836e-36 
4.575 2.24238e-36 
4.5725 2.61862e-36 
4.58 1.64305e-36 
4.5775 1.9197e-36 
4.585 1.20267e-36 
4.5825 1.40589e-36 
4.59 8.79425e-37 
4.5875 1.02855e-36 
4.595 6.42403e-37 
4.5925 7.51721e-37 
4.6 4.68783e-37 
4.5975 5.48836e-37 
4.605 3.41736e-37 
4.6025 4.00299e-37 
4.61 2.48865e-37 
4.6075 2.91663e-37 
4.615 1.81047e-37 
4.6125 2.12291e-37 
4.62 1.31575e-37 
4.6175 1.54361e-37 
4.625 9.55234e-38 
4.6225 1.12123e-37 
4.63 6.92785e-38 
4.6275 8.13593e-38 
4.635 5.01926e-38 
4.6325 5.89756e-38 
4.64 3.63273e-38 
4.6375 4.27061e-38 
4.645 2.62651e-38 
4.6425 3.0893e-38 
4.65 1.89705e-38 
4.6475 2.23245e-38 
4.655 1.36876e-38 
4.6525 1.6116e-38 
4.66 9.86574e-39 
4.6575 1.1622e-38 
4.665 7.10367e-39 
4.6625 8.37259e-39 
4.67 5.1096e-39 
4.6675 6.02543e-39 
4.675 3.67149e-39 
4.6725 4.33179e-39 
4.68 2.63541e-39 
4.6775 3.11099e-39 
4.685 1.88975e-39 
4.6825 2.23192e-39 
4.69 1.35366e-39 
4.6875 1.5996e-39 
4.695 9.68652e-40 
4.6925 1.14523e-39 
4.7 6.92429e-40 
4.6975 8.19077e-40 
4.705 4.94461e-40 
4.7025 5.85204e-40 
4.71 3.52728e-40 
4.7075 4.17676e-40 
4.715 2.5136e-40 
4.7125 2.97798e-40 
4.72 1.78939e-40 
4.7175 2.12106e-40 
4.725 1.27251e-40 
4.7225 1.50916e-40 
4.73 9.03997e-41 
4.7275 1.07267e-40 
4.735 6.41539e-41 
4.7325 7.61637e-41 
4.74 4.54809e-41 
4.7375 5.4023e-41 
4.745 3.22095e-41 
4.7425 3.82789e-41 
4.75 2.27871e-41 
4.7475 2.7095e-41 
4.755 1.61043e-41 
4.7525 1.91588e-41 
4.76 1.13696e-41 
4.7575 1.35331e-41 
4.765 8.01864e-42 
4.7625 9.54942e-42 
4.77 5.64942e-42 
4.7675 6.7314e-42 
4.775 3.97609e-42 
4.7725 4.74005e-42 
4.78 2.7955e-42 
4.7775 3.33435e-42 
4.785 1.96341e-42 
4.7825 2.34308e-42 
4.79 1.37757e-42 
4.7875 1.64481e-42 
4.795 9.65528e-43 
4.7925 1.15343e-42 
4.8 6.76031e-43 
4.7975 8.08013e-43 
4.805 4.72845e-43 
4.8025 5.65451e-43 
4.81 3.30385e-43 
4.8075 3.95296e-43 
4.815 2.30607e-43 
4.8125 2.76057e-43 
4.82 1.60796e-43 
4.8175 1.92587e-43 
4.825 1.12003e-43 
4.8225 1.34216e-43 
4.83 7.79348e-44 
4.8275 9.34398e-44 
4.835 5.41733e-44 
4.8325 6.49846e-44 
4.84 3.76175e-44 
4.8375 4.51481e-44 
4.845 2.60943e-44 
4.8425 3.13343e-44 
4.85 1.80823e-44 
4.8475 2.17246e-44 
4.855 1.25173e-44 
4.8525 1.50464e-44 
4.86 8.65605e-45 
4.8575 1.04104e-44 
4.865 5.97972e-45 
4.8625 7.19536e-45 
4.87 4.12661e-45 
4.8675 4.96809e-45 
4.875 2.84484e-45 
4.8725 3.42671e-45 
4.88 1.95918e-45 
4.8775 2.36112e-45 
4.885 1.34786e-45 
4.8825 1.62521e-45 
4.89 9.26328e-46 
4.8875 1.11752e-45 
4.895 6.35973e-46 
4.8925 7.67632e-46 
4.9 4.3618e-46 
4.8975 5.26749e-46 
4.905 2.98845e-46 
4.9025 3.61083e-46 
4.91 2.0454e-46 
4.9075 2.47265e-46 
4.915 1.39851e-46 
4.9125 1.6915e-46 
4.92 9.55226e-47 
4.9175 1.15594e-46 
4.925 6.51781e-47 
4.9225 7.89141e-47 
4.93 4.44277e-47 
4.9275 5.38181e-47 
4.935 3.02527e-47 
4.9325 3.66656e-47 
4.94 2.05796e-47 
4.9375 2.49546e-47 
4.945 1.39858e-47 
4.9425 1.69672e-47 
4.95 9.49593e-48 
4.9475 1.15254e-47 
4.955 6.44235e-48 
4.9525 7.8221e-48 
4.96 4.36848e-48 
4.9575 5.30515e-48 
4.965 2.96256e-48 
4.9625 3.59717e-48 
4.97 2.01211e-48 
4.9675 2.4407e-48 
4.975 1.37275e-48 
4.9725 1.66052e-48 
4.98 9.46833e-49 
4.9775 1.1378e-48 
4.985 6.69035e-49 
4.9825 7.92524e-49 
4.99 4.9655e-49 
4.9875 5.71609e-49 
4.995 4.02711e-49 
4.9925 4.40954e-49 
5 3.7297e-49 
4.9975 3.8033e-49 
