0 7.5321e-16 
0.005 7.56024e-16 
0.0025 7.53914e-16 
0.01 7.64464e-16 
0.0075 7.59541e-16 
0.015 7.78521e-16 
0.0125 7.70791e-16 
0.02 7.98183e-16 
0.0175 7.87653e-16 
0.025 8.23431e-16 
0.0225 8.10111e-16 
0.03 8.54238e-16 
0.0275 8.38142e-16 
0.035 8.90568e-16 
0.0325 8.71715e-16 
0.04 9.32376e-16 
0.0375 9.1079e-16 
0.045 9.79604e-16 
0.0425 9.55317e-16 
0.05 1.03218e-15 
0.0475 1.00523e-15 
0.055 1.09002e-15 
0.0525 1.06045e-15 
0.06 1.15302e-15 
0.0575 1.12088e-15 
0.065 1.22104e-15 
0.0625 1.18641e-15 
0.07 1.29394e-15 
0.0675 1.25689e-15 
0.075 1.37155e-15 
0.0725 1.33217e-15 
0.08 1.45365e-15 
0.0775 1.41205e-15 
0.085 1.54001e-15 
0.0825 1.49631e-15 
0.09 1.63036e-15 
0.0875 1.5847e-15 
0.095 1.7244e-15 
0.0925 1.67694e-15 
0.1 1.82179e-15 
0.0975 1.7727e-15 
0.105 1.92214e-15 
0.1025 1.87162e-15 
0.11 2.02503e-15 
0.1075 1.9733e-15 
0.115 2.13001e-15 
0.1125 2.07729e-15 
0.12 2.23656e-15 
0.1175 2.18312e-15 
0.125 2.34416e-15 
0.1225 2.29027e-15 
0.13 2.4522e-15 
0.1275 2.39816e-15 
0.135 2.56007e-15 
0.1325 2.50619e-15 
0.14 2.66711e-15 
0.1375 2.61374e-15 
0.145 2.77263e-15 
0.1425 2.72011e-15 
0.15 2.87591e-15 
0.1475 2.8246e-15 
0.155 2.97621e-15 
0.1525 2.92648e-15 
0.16 3.07275e-15 
0.1575 3.025e-15 
0.165 3.16477e-15 
0.1625 3.11937e-15 
0.17 3.25148e-15 
0.1675 3.20884e-15 
0.175 3.33211e-15 
0.1725 3.2926e-15 
0.18 3.40589e-15 
0.1775 3.3699e-15 
0.185 3.47207e-15 
0.1825 3.43997e-15 
0.19 3.52996e-15 
0.1875 3.5021e-15 
0.195 3.57888e-15 
0.1925 3.55558e-15 
0.2 3.61821e-15 
0.1975 3.59978e-15 
0.205 3.64743e-15 
0.2025 3.63412e-15 
0.21 3.66605e-15 
0.2075 3.65809e-15 
0.215 3.67371e-15 
0.2125 3.67127e-15 
0.22 3.67012e-15 
0.2175 3.67333e-15 
0.225 3.65513e-15 
0.2225 3.66406e-15 
0.23 3.62869e-15 
0.2275 3.64334e-15 
0.235 3.59088e-15 
0.2325 3.61119e-15 
0.24 3.54193e-15 
0.2375 3.56778e-15 
0.245 3.4822e-15 
0.2425 3.51338e-15 
0.25 3.41218e-15 
0.2475 3.44844e-15 
0.255 3.33253e-15 
0.2525 3.37352e-15 
0.26 3.24402e-15 
0.2575 3.28933e-15 
0.265 3.14757e-15 
0.2625 3.19673e-15 
0.27 3.04422e-15 
0.2675 3.09669e-15 
0.275 2.93509e-15 
0.2725 2.9903e-15 
0.28 2.82145e-15 
0.2775 2.87876e-15 
0.285 2.70459e-15 
0.2825 2.76334e-15 
0.29 2.58589e-15 
0.2875 2.64538e-15 
0.295 2.46674e-15 
0.2925 2.52628e-15 
0.3 2.34855e-15 
0.2975 2.40744e-15 
0.305 2.2327e-15 
0.3025 2.29024e-15 
0.31 2.12054e-15 
0.3075 2.17607e-15 
0.315 2.01334e-15 
0.3125 2.06624e-15 
0.32 1.91231e-15 
0.3175 1.96199e-15 
0.325 1.81855e-15 
0.3225 1.86446e-15 
0.33 1.73302e-15 
0.3275 1.77469e-15 
0.335 1.65659e-15 
0.3325 1.69362e-15 
0.34 1.59e-15 
0.3375 1.62202e-15 
0.345 1.53386e-15 
0.3425 1.56059e-15 
0.35 1.48868e-15 
0.3475 1.50988e-15 
0.355 1.45485e-15 
0.3525 1.47032e-15 
0.36 1.43268e-15 
0.3575 1.44229e-15 
0.365 1.42241e-15 
0.3625 1.42604e-15 
0.37 1.42424e-15 
0.3675 1.4218e-15 
0.375 1.43832e-15 
0.3725 1.42974e-15 
0.38 1.46483e-15 
0.3775 1.45001e-15 
0.385 1.50394e-15 
0.3825 1.4828e-15 
0.39 1.55586e-15 
0.3875 1.52828e-15 
0.395 1.62087e-15 
0.3925 1.58671e-15 
0.4 1.69932e-15 
0.3975 1.65839e-15 
0.405 1.79166e-15 
0.4025 1.74372e-15 
0.41 1.89845e-15 
0.4075 1.84321e-15 
0.415 2.02037e-15 
0.4125 1.95747e-15 
0.42 2.15827e-15 
0.4175 2.08727e-15 
0.425 2.31314e-15 
0.4225 2.23351e-15 
0.43 2.48615e-15 
0.4275 2.3973e-15 
0.435 2.67869e-15 
0.4325 2.57989e-15 
0.44 2.89236e-15 
0.4375 2.78278e-15 
0.445 3.129e-15 
0.4425 3.00768e-15 
0.45 3.39074e-15 
0.4475 3.25659e-15 
0.455 3.68001e-15 
0.4525 3.53177e-15 
0.46 3.99958e-15 
0.4575 3.83582e-15 
0.465 4.35261e-15 
0.4625 4.1717e-15 
0.47 4.74272e-15 
0.4675 4.54279e-15 
0.475 5.17401e-15 
0.4725 4.95294e-15 
0.48 5.65114e-15 
0.4775 5.40653e-15 
0.485 6.17942e-15 
0.4825 5.90852e-15 
0.49 6.76489e-15 
0.4875 6.46459e-15 
0.495 7.41442e-15 
0.4925 7.08118e-15 
0.5 8.13583e-15 
0.4975 7.76561e-15 
0.505 8.93802e-15 
0.5025 8.52622e-15 
0.51 9.83109e-15 
0.5075 9.3725e-15 
0.515 1.08266e-14 
0.5125 1.03152e-14 
0.52 1.19375e-14 
0.5175 1.13667e-14 
0.525 1.31789e-14 
0.5225 1.25409e-14 
0.53 1.45677e-14 
0.5275 1.38538e-14 
0.535 1.61232e-14 
0.5325 1.53233e-14 
0.54 1.78673e-14 
0.5375 1.69702e-14 
0.545 1.9825e-14 
0.5425 1.88177e-14 
0.55 2.20246e-14 
0.5475 2.08926e-14 
0.555 2.44985e-14 
0.5525 2.32251e-14 
0.56 2.72832e-14 
0.5575 2.58495e-14 
0.565 3.04204e-14 
0.5625 2.88049e-14 
0.57 3.39575e-14 
0.5675 3.21358e-14 
0.575 3.79482e-14 
0.5725 3.58925e-14 
0.58 4.24534e-14 
0.5775 4.01323e-14 
0.585 4.75425e-14 
0.5825 4.49203e-14 
0.59 5.32941e-14 
0.5875 5.03301e-14 
0.595 5.97974e-14 
0.5925 5.64457e-14 
0.6 6.71539e-14 
0.5975 6.33622e-14 
0.605 7.54785e-14 
0.6025 7.11874e-14 
0.61 8.49018e-14 
0.6075 8.0044e-14 
0.615 9.55718e-14 
0.6125 9.00709e-14 
0.62 1.07657e-13 
0.6175 1.01426e-13 
0.625 1.21347e-13 
0.6225 1.14288e-13 
0.63 1.36859e-13 
0.6275 1.28861e-13 
0.635 1.54439e-13 
0.6325 1.45374e-13 
0.64 1.74365e-13 
0.6375 1.6409e-13 
0.645 1.96953e-13 
0.6425 1.85305e-13 
0.65 2.22563e-13 
0.6475 2.09356e-13 
0.655 2.516e-13 
0.6525 2.36625e-13 
0.66 2.84527e-13 
0.6575 2.67546e-13 
0.665 3.21868e-13 
0.6625 3.0261e-13 
0.67 3.64217e-13 
0.6675 3.42376e-13 
0.675 4.1225e-13 
0.6725 3.87477e-13 
0.68 4.6673e-13 
0.6775 4.38632e-13 
0.685 5.28528e-13 
0.6825 4.96656e-13 
0.69 5.98628e-13 
0.6875 5.62474e-13 
0.695 6.78149e-13 
0.6925 6.37135e-13 
0.7 7.68358e-13 
0.6975 7.21831e-13 
0.705 8.70697e-13 
0.7025 8.17914e-13 
0.71 9.86798e-13 
0.7075 9.26916e-13 
0.715 1.11851e-12 
0.7125 1.05058e-12 
0.72 1.26795e-12 
0.7175 1.19087e-12 
0.725 1.43749e-12 
0.7225 1.35004e-12 
0.73 1.62984e-12 
0.7275 1.53063e-12 
0.735 1.84807e-12 
0.7325 1.73551e-12 
0.74 2.09568e-12 
0.7375 1.96797e-12 
0.745 2.37661e-12 
0.7425 2.23171e-12 
0.75 2.69535e-12 
0.7475 2.53095e-12 
0.755 3.057e-12 
0.7525 2.87047e-12 
0.76 3.46733e-12 
0.7575 3.25569e-12 
0.765 3.93289e-12 
0.7625 3.69276e-12 
0.77 4.46114e-12 
0.7675 4.18868e-12 
0.775 5.0605e-12 
0.7725 4.75136e-12 
0.78 5.74056e-12 
0.7775 5.3898e-12 
0.785 6.51218e-12 
0.7825 6.11419e-12 
0.79 7.3877e-12 
0.7875 6.93612e-12 
0.795 8.3811e-12 
0.7925 7.86872e-12 
0.8 9.50826e-12 
0.7975 8.92689e-12 
0.805 1.07872e-11 
0.8025 1.01275e-11 
0.81 1.22383e-11 
0.8075 1.14899e-11 
0.815 1.38849e-11 
0.8125 1.30356e-11 
0.82 1.57532e-11 
0.8175 1.47895e-11 
0.825 1.7873e-11 
0.8225 1.67796e-11 
0.83 2.02784e-11 
0.8275 1.90377e-11 
0.835 2.30076e-11 
0.8325 2.15999e-11 
0.84 2.61043e-11 
0.8375 2.45071e-11 
0.845 2.96181e-11 
0.8425 2.78058e-11 
0.85 3.36051e-11 
0.8475 3.15487e-11 
0.855 3.8129e-11 
0.8525 3.57956e-11 
0.86 4.32621e-11 
0.8575 4.06145e-11 
0.865 4.90865e-11 
0.8625 4.60824e-11 
0.87 5.56953e-11 
0.8675 5.22866e-11 
0.875 6.31941e-11 
0.8725 5.93263e-11 
0.88 7.17027e-11 
0.8775 6.73141e-11 
0.885 8.13573e-11 
0.8825 7.63776e-11 
0.89 9.2312e-11 
0.8875 8.66617e-11 
0.895 1.04742e-10 
0.8925 9.83308e-11 
0.9 1.18846e-10 
0.8975 1.11572e-10 
0.905 1.3485e-10 
0.9025 1.26595e-10 
0.91 1.53009e-10 
0.9075 1.43643e-10 
0.915 1.73613e-10 
0.9125 1.62986e-10 
0.92 1.96993e-10 
0.9175 1.84934e-10 
0.925 2.23521e-10 
0.9225 2.09838e-10 
0.93 2.53622e-10 
0.9275 2.38096e-10 
0.935 2.87777e-10 
0.9325 2.7016e-10 
0.94 3.26532e-10 
0.9375 3.06542e-10 
0.945 3.70506e-10 
0.9425 3.47825e-10 
0.95 4.20403e-10 
0.9475 3.94667e-10 
0.955 4.7702e-10 
0.9525 4.47818e-10 
0.96 5.41263e-10 
0.9575 5.08127e-10 
0.965 6.14158e-10 
0.9625 5.76559e-10 
0.97 6.9687e-10 
0.9675 6.54208e-10 
0.975 7.90723e-10 
0.9725 7.42315e-10 
0.98 8.97216e-10 
0.9775 8.42288e-10 
0.985 1.01805e-09 
0.9825 9.55726e-10 
0.99 1.15516e-09 
0.9875 1.08444e-09 
0.995 1.31074e-09 
0.9925 1.2305e-09 
1 1.48727e-09 
0.9975 1.39622e-09 
1.005 1.68758e-09 
1.0025 1.58427e-09 
1.01 1.91487e-09 
1.0075 1.79764e-09 
1.015 2.17277e-09 
1.0125 2.03975e-09 
1.02 2.46541e-09 
1.0175 2.31447e-09 
1.025 2.79747e-09 
1.0225 2.6262e-09 
1.03 3.17425e-09 
1.0275 2.97991e-09 
1.035 3.60177e-09 
1.0325 3.38126e-09 
1.04 4.08689e-09 
1.0375 3.83667e-09 
1.045 4.63734e-09 
1.0425 4.35342e-09 
1.05 5.26194e-09 
1.0475 4.93977e-09 
1.055 5.97066e-09 
1.0525 5.60511e-09 
1.06 6.77485e-09 
1.0575 6.36006e-09 
1.065 7.68736e-09 
1.0625 7.21669e-09 
1.07 8.72278e-09 
1.0675 8.18872e-09 
1.075 9.89767e-09 
1.0725 9.29167e-09 
1.08 1.12308e-08 
1.0775 1.05432e-08 
1.085 1.27435e-08 
1.0825 1.19633e-08 
1.09 1.446e-08 
1.0875 1.35747e-08 
1.095 1.64077e-08 
1.0925 1.54031e-08 
1.1 1.86178e-08 
1.0975 1.74779e-08 
1.105 2.11256e-08 
1.1025 1.98321e-08 
1.11 2.39711e-08 
1.1075 2.25034e-08 
1.115 2.72001e-08 
1.1125 2.55346e-08 
1.12 3.08639e-08 
1.1175 2.89741e-08 
1.125 3.50213e-08 
1.1225 3.2877e-08 
1.13 3.97388e-08 
1.1275 3.73056e-08 
1.135 4.50918e-08 
1.1325 4.23308e-08 
1.14 5.1166e-08 
1.1375 4.8033e-08 
1.145 5.80584e-08 
1.1425 5.45034e-08 
1.15 6.58794e-08 
1.1475 6.18454e-08 
1.155 7.47541e-08 
1.1525 7.01766e-08 
1.16 8.48245e-08 
1.1575 7.96303e-08 
1.165 9.62516e-08 
1.1625 9.03576e-08 
1.17 1.09218e-07 
1.1675 1.0253e-07 
1.175 1.23932e-07 
1.1725 1.16343e-07 
1.18 1.40629e-07 
1.1775 1.32017e-07 
1.185 1.59575e-07 
1.1825 1.49803e-07 
1.19 1.81074e-07 
1.1875 1.69985e-07 
1.195 2.05471e-07 
1.1925 1.92887e-07 
1.2 2.33155e-07 
1.1975 2.18876e-07 
1.205 2.6457e-07 
1.2025 2.48366e-07 
1.21 3.0022e-07 
1.2075 2.81832e-07 
1.215 3.40674e-07 
1.2125 3.19808e-07 
1.22 3.86581e-07 
1.2175 3.62902e-07 
1.225 4.38677e-07 
1.2225 4.11806e-07 
1.23 4.97796e-07 
1.2275 4.67302e-07 
1.235 5.64886e-07 
1.2325 5.30281e-07 
1.24 6.41022e-07 
1.2375 6.0175e-07 
1.245 7.27425e-07 
1.2425 6.82858e-07 
1.25 8.25482e-07 
1.2475 7.74903e-07 
1.255 9.36765e-07 
1.2525 8.79364e-07 
1.26 1.06306e-06 
1.2575 9.97915e-07 
1.265 1.2064e-06 
1.2625 1.13246e-06 
1.27 1.36908e-06 
1.2675 1.28516e-06 
1.275 1.55371e-06 
1.2725 1.45847e-06 
1.28 1.76328e-06 
1.2775 1.65518e-06 
1.285 2.00114e-06 
1.2825 1.87844e-06 
1.29 2.27113e-06 
1.2875 2.13186e-06 
1.295 2.5776e-06 
1.2925 2.41951e-06 
1.3 2.92549e-06 
1.2975 2.74603e-06 
1.305 3.32041e-06 
1.3025 3.11669e-06 
1.31 3.76874e-06 
1.3075 3.53746e-06 
1.315 4.27773e-06 
1.3125 4.01516e-06 
1.32 4.85563e-06 
1.3175 4.55751e-06 
1.325 5.51179e-06 
1.3225 5.17329e-06 
1.33 6.25687e-06 
1.3275 5.87249e-06 
1.335 7.10298e-06 
1.3325 6.66648e-06 
1.34 8.0639e-06 
1.3375 7.56816e-06 
1.345 9.1553e-06 
1.3425 8.59223e-06 
1.35 1.0395e-05 
1.3475 9.75542e-06 
1.355 1.18034e-05 
1.3525 1.10768e-05 
1.36 1.34035e-05 
1.3575 1.25779e-05 
1.365 1.52218e-05 
1.3625 1.42836e-05 
1.37 1.72882e-05 
1.3675 1.6222e-05 
1.375 1.96371e-05 
1.3725 1.8425e-05 
1.38 2.23074e-05 
1.3775 2.09294e-05 
1.385 2.53438e-05 
1.3825 2.37768e-05 
1.39 2.87972e-05 
1.3875 2.70149e-05 
1.395 3.27258e-05 
1.3925 3.06981e-05 
1.4 3.71961e-05 
1.3975 3.48887e-05 
1.405 4.22843e-05 
1.4025 3.96578e-05 
1.41 4.80775e-05 
1.4075 4.50868e-05 
1.415 5.46757e-05 
1.4125 5.12692e-05 
1.42 6.21935e-05 
1.4175 5.83118e-05 
1.425 7.07624e-05 
1.4225 6.63376e-05 
1.43 8.05337e-05 
1.4275 7.54874e-05 
1.435 9.16813e-05 
1.4325 8.59236e-05 
1.44 0.000104406 
1.4375 9.78327e-05 
1.445 0.000118938 
1.4425 0.00011143 
1.45 0.000135544 
1.4475 0.000126963 
1.455 0.000154533 
1.4525 0.00014472 
1.46 0.000176261 
1.4575 0.00016503 
1.465 0.000201141 
1.4625 0.000188279 
1.47 0.000229654 
1.4675 0.000214911 
1.475 0.000262354 
1.4725 0.000245442 
1.48 0.000299891 
1.4775 0.000280474 
1.485 0.000343018 
1.4825 0.000320704 
1.49 0.000392613 
1.4875 0.000366947 
1.495 0.000449704 
1.4925 0.000420151 
1.5 0.000515487 
1.4975 0.000481427 
1.505 0.000591364 
1.5025 0.000552068 
1.51 0.000678974 
1.5075 0.00063359 
1.515 0.000780235 
1.5125 0.000727766 
1.52 0.000897395 
1.5175 0.000836673 
1.525 0.00103308 
1.5225 0.000962742 
1.53 0.00119039 
1.5275 0.00110882 
1.535 0.00137291 
1.5325 0.00127825 
1.54 0.00158488 
1.5375 0.00147492 
1.545 0.00183123 
1.5425 0.00170342 
1.55 0.00211773 
1.5475 0.00196906 
1.555 0.00245109 
1.5525 0.00227809 
1.56 0.00283915 
1.5575 0.00263775 
1.565 0.00329097 
1.5625 0.00305647 
1.57 0.00381704 
1.5675 0.00354401 
1.575 0.00442948 
1.5725 0.00411164 
1.58 0.00514219 
1.5775 0.00477236 
1.585 0.00597104 
1.5825 0.00554102 
1.59 0.0069341 
1.5875 0.00643458 
1.595 0.00805174 
1.5925 0.00747223 
1.6 0.00934685 
1.5975 0.00867559 
1.605 0.0108449 
1.6025 0.0100688 
1.61 0.0125738 
1.6075 0.0116786 
1.615 0.0145643 
1.6125 0.0135344 
1.62 0.0168495 
1.6175 0.0156679 
1.625 0.0194646 
1.6225 0.0181135 
1.63 0.0224468 
1.6275 0.0209074 
1.635 0.0258348 
1.6325 0.0240876 
1.64 0.0296683 
1.6375 0.0276934 
1.645 0.0339876 
1.6425 0.0317647 
1.65 0.0388327 
1.6475 0.0363419 
1.655 0.0442434 
1.6525 0.0414649 
1.66 0.0502585 
1.6575 0.047173 
1.665 0.0569154 
1.6625 0.0535044 
1.67 0.0642506 
1.6675 0.060496 
1.675 0.0722986 
1.6725 0.0681834 
1.68 0.0810927 
1.6775 0.0766004 
1.685 0.0906642 
1.6825 0.0857793 
1.69 0.101043 
1.6875 0.0957508 
1.695 0.112256 
1.6925 0.106543 
1.7 0.124329 
1.6975 0.118184 
1.705 0.137285 
1.7025 0.130696 
1.71 0.151141 
1.7075 0.144099 
1.715 0.165913 
1.7125 0.158412 
1.72 0.181608 
1.7175 0.173645 
1.725 0.198231 
1.7225 0.189804 
1.73 0.215775 
1.7275 0.206888 
1.735 0.234227 
1.7325 0.224889 
1.74 0.253566 
1.7375 0.243788 
1.745 0.273757 
1.7425 0.263557 
1.75 0.294759 
1.7475 0.28416 
1.755 0.316515 
1.7525 0.305546 
1.76 0.338962 
1.7575 0.327657 
1.765 0.362023 
1.7625 0.350421 
1.77 0.385612 
1.7675 0.373757 
1.775 0.409634 
1.7725 0.397575 
1.78 0.433987 
1.7775 0.421776 
1.785 0.458563 
1.7825 0.446254 
1.79 0.483249 
1.7875 0.470899 
1.795 0.50793 
1.7925 0.495597 
1.8 0.532495 
1.7975 0.520234 
1.805 0.55683 
1.8025 0.544698 
1.81 0.580828 
1.8075 0.568877 
1.815 0.604389 
1.8125 0.592669 
1.82 0.627419 
1.8175 0.615976 
1.825 0.649835 
1.8225 0.638709 
1.83 0.671563 
1.8275 0.660789 
1.835 0.692539 
1.8325 0.682149 
1.84 0.712712 
1.8375 0.702729 
1.845 0.73204 
1.8425 0.722484 
1.85 0.750494 
1.8475 0.741378 
1.855 0.768054 
1.8525 0.759387 
1.86 0.784711 
1.8575 0.776496 
1.865 0.800462 
1.8625 0.792699 
1.87 0.815314 
1.8675 0.807999 
1.875 0.829282 
1.8725 0.822408 
1.88 0.842385 
1.8775 0.83594 
1.885 0.854647 
1.8825 0.848619 
1.89 0.866097 
1.8875 0.860472 
1.895 0.876768 
1.8925 0.871528 
1.9 0.886692 
1.8975 0.881821 
1.905 0.895906 
1.9025 0.891386 
1.91 0.904447 
1.9075 0.900259 
1.915 0.912352 
1.9125 0.908477 
1.92 0.919657 
1.9175 0.916077 
1.925 0.926399 
1.9225 0.923096 
1.93 0.932615 
1.9275 0.929571 
1.935 0.938339 
1.9325 0.935536 
1.94 0.943604 
1.9375 0.941026 
1.945 0.948443 
1.9425 0.946075 
1.95 0.952886 
1.9475 0.950712 
1.955 0.956963 
1.9525 0.954968 
1.96 0.960701 
1.9575 0.958872 
1.965 0.964125 
1.9625 0.96245 
1.97 0.967261 
1.9675 0.965728 
1.975 0.970131 
1.9725 0.968728 
1.98 0.972756 
1.9775 0.971473 
1.985 0.975156 
1.9825 0.973983 
1.99 0.977349 
1.9875 0.976277 
1.995 0.979352 
1.9925 0.978373 
2 0.981182 
1.9975 0.980288 
2.005 0.982852 
2.0025 0.982036 
2.01 0.984376 
2.0075 0.983632 
2.015 0.985767 
2.0125 0.985087 
2.02 0.987035 
2.0175 0.986415 
2.025 0.988192 
2.0225 0.987627 
2.03 0.989246 
2.0275 0.988731 
2.035 0.990207 
2.0325 0.989738 
2.04 0.991083 
2.0375 0.990656 
2.045 0.991882 
2.0425 0.991492 
2.05 0.992609 
2.0475 0.992254 
2.055 0.993272 
2.0525 0.992948 
2.06 0.993875 
2.0575 0.99358 
2.065 0.994425 
2.0625 0.994156 
2.07 0.994925 
2.0675 0.994681 
2.075 0.995381 
2.0725 0.995159 
2.08 0.995796 
2.0775 0.995594 
2.085 0.996174 
2.0825 0.99599 
2.09 0.996518 
2.0875 0.99635 
2.095 0.996831 
2.0925 0.996679 
2.1 0.997117 
2.0975 0.996977 
2.105 0.997376 
2.1025 0.997249 
2.11 0.997612 
2.1075 0.997497 
2.115 0.997827 
2.1125 0.997722 
2.12 0.998023 
2.1175 0.997927 
2.125 0.998201 
2.1225 0.998114 
2.13 0.998363 
2.1275 0.998284 
2.135 0.99851 
2.1325 0.998438 
2.14 0.998644 
2.1375 0.998579 
2.145 0.998767 
2.1425 0.998707 
2.15 0.998878 
2.1475 0.998823 
2.155 0.998979 
2.1525 0.998929 
2.16 0.999071 
2.1575 0.999026 
2.165 0.999154 
2.1625 0.999113 
2.17 0.99923 
2.1675 0.999193 
2.175 0.9993 
2.1725 0.999266 
2.18 0.999363 
2.1775 0.999332 
2.185 0.99942 
2.1825 0.999392 
2.19 0.999472 
2.1875 0.999447 
2.195 0.999519 
2.1925 0.999496 
2.2 0.999562 
2.1975 0.999541 
2.205 0.999602 
2.2025 0.999582 
2.21 0.999637 
2.2075 0.99962 
2.215 0.99967 
2.2125 0.999654 
2.22 0.999699 
2.2175 0.999685 
2.225 0.999726 
2.2225 0.999713 
2.23 0.99975 
2.2275 0.999738 
2.235 0.999772 
2.2325 0.999761 
2.24 0.999792 
2.2375 0.999782 
2.245 0.99981 
2.2425 0.999801 
2.25 0.999827 
2.2475 0.999819 
2.255 0.999841 
2.2525 0.999834 
2.26 0.999855 
2.2575 0.999848 
2.265 0.999867 
2.2625 0.999861 
2.27 0.999878 
2.2675 0.999873 
2.275 0.999888 
2.2725 0.999883 
2.28 0.999897 
2.2775 0.999893 
2.285 0.999905 
2.2825 0.999901 
2.29 0.999912 
2.2875 0.999909 
2.295 0.999918 
2.2925 0.999915 
2.3 0.999924 
2.2975 0.999921 
2.305 0.999929 
2.3025 0.999927 
2.31 0.999933 
2.3075 0.999931 
2.315 0.999937 
2.3125 0.999935 
2.32 0.99994 
2.3175 0.999939 
2.325 0.999943 
2.3225 0.999941 
2.33 0.999945 
2.3275 0.999944 
2.335 0.999946 
2.3325 0.999946 
2.34 0.999948 
2.3375 0.999947 
2.345 0.999948 
2.3425 0.999948 
2.35 0.999949 
2.3475 0.999949 
2.355 0.999948 
2.3525 0.999949 
2.36 0.999948 
2.3575 0.999948 
2.365 0.999947 
2.3625 0.999947 
2.37 0.999945 
2.3675 0.999946 
2.375 0.999943 
2.3725 0.999944 
2.38 0.99994 
2.3775 0.999942 
2.385 0.999937 
2.3825 0.999939 
2.39 0.999934 
2.3875 0.999936 
2.395 0.99993 
2.3925 0.999932 
2.4 0.999925 
2.3975 0.999927 
2.405 0.999919 
2.4025 0.999922 
2.41 0.999913 
2.4075 0.999916 
2.415 0.999906 
2.4125 0.99991 
2.42 0.999899 
2.4175 0.999903 
2.425 0.99989 
2.4225 0.999894 
2.43 0.99988 
2.4275 0.999885 
2.435 0.99987 
2.4325 0.999875 
2.44 0.999858 
2.4375 0.999864 
2.445 0.999845 
2.4425 0.999852 
2.45 0.999831 
2.4475 0.999838 
2.455 0.999815 
2.4525 0.999823 
2.46 0.999798 
2.4575 0.999807 
2.465 0.999779 
2.4625 0.999789 
2.47 0.999758 
2.4675 0.999769 
2.475 0.999735 
2.4725 0.999747 
2.48 0.99971 
2.4775 0.999723 
2.485 0.999682 
2.4825 0.999697 
2.49 0.999652 
2.4875 0.999668 
2.495 0.999619 
2.4925 0.999636 
2.5 0.999582 
2.4975 0.999601 
2.505 0.999542 
2.5025 0.999562 
2.51 0.999497 
2.5075 0.99952 
2.515 0.999449 
2.5125 0.999474 
2.52 0.999396 
2.5175 0.999423 
2.525 0.999337 
2.5225 0.999367 
2.53 0.999273 
2.5275 0.999306 
2.535 0.999203 
2.5325 0.999239 
2.54 0.999125 
2.5375 0.999165 
2.545 0.999041 
2.5425 0.999084 
2.55 0.998948 
2.5475 0.998995 
2.555 0.998846 
2.5525 0.998898 
2.56 0.998734 
2.5575 0.998791 
2.565 0.998611 
2.5625 0.998674 
2.57 0.998477 
2.5675 0.998546 
2.575 0.998329 
2.5725 0.998405 
2.58 0.998167 
2.5775 0.99825 
2.585 0.99799 
2.5825 0.998081 
2.59 0.997795 
2.5875 0.997895 
2.595 0.997581 
2.5925 0.997691 
2.6 0.997347 
2.5975 0.997467 
2.605 0.99709 
2.6025 0.997222 
2.61 0.996809 
2.6075 0.996953 
2.615 0.9965 
2.6125 0.996658 
2.62 0.996161 
2.6175 0.996334 
2.625 0.99579 
2.6225 0.99598 
2.63 0.995383 
2.6275 0.995591 
2.635 0.994937 
2.6325 0.995165 
2.64 0.994447 
2.6375 0.994698 
2.645 0.993911 
2.6425 0.994185 
2.65 0.993324 
2.6475 0.993624 
2.655 0.99268 
2.6525 0.993009 
2.66 0.991974 
2.6575 0.992335 
2.665 0.991201 
2.6625 0.991596 
2.67 0.990354 
2.6675 0.990787 
2.675 0.989426 
2.6725 0.9899 
2.68 0.98841 
2.6775 0.988929 
2.685 0.987297 
2.6825 0.987866 
2.69 0.986079 
2.6875 0.986702 
2.695 0.984746 
2.6925 0.985428 
2.7 0.983287 
2.6975 0.984033 
2.705 0.981691 
2.7025 0.982507 
2.71 0.979945 
2.7075 0.980838 
2.715 0.978037 
2.7125 0.979012 
2.72 0.975951 
2.7175 0.977017 
2.725 0.973671 
2.7225 0.974836 
2.73 0.971182 
2.7275 0.972454 
2.735 0.968464 
2.7325 0.969853 
2.74 0.965499 
2.7375 0.967014 
2.745 0.962265 
2.7425 0.963917 
2.75 0.95874 
2.7475 0.96054 
2.755 0.9549 
2.7525 0.956861 
2.76 0.95072 
2.7575 0.952854 
2.765 0.946174 
2.7625 0.948495 
2.77 0.941233 
2.7675 0.943755 
2.775 0.935868 
2.7725 0.938606 
2.78 0.930049 
2.7775 0.933017 
2.785 0.923742 
2.7825 0.926958 
2.79 0.916916 
2.7875 0.920396 
2.795 0.909536 
2.7925 0.913297 
2.8 0.90157 
2.7975 0.905629 
2.805 0.892982 
2.8025 0.897356 
2.81 0.883738 
2.8075 0.888444 
2.815 0.873807 
2.8125 0.878861 
2.82 0.863154 
2.8175 0.868572 
2.825 0.851752 
2.8225 0.857549 
2.83 0.839573 
2.8275 0.845761 
2.835 0.826592 
2.8325 0.833184 
2.84 0.812791 
2.8375 0.819795 
2.845 0.798155 
2.8425 0.805578 
2.85 0.782676 
2.8475 0.790521 
2.855 0.766351 
2.8525 0.774619 
2.86 0.749187 
2.8575 0.757873 
2.865 0.731197 
2.8625 0.740294 
2.87 0.712404 
2.8675 0.721899 
2.875 0.692841 
2.8725 0.702716 
2.88 0.672549 
2.8775 0.682783 
2.885 0.651581 
2.8825 0.662146 
2.89 0.629997 
2.8875 0.640861 
2.895 0.607867 
2.8925 0.618995 
2.9 0.58527 
2.8975 0.596622 
2.905 0.562292 
2.9025 0.573823 
2.91 0.539026 
2.9075 0.550689 
2.915 0.515567 
2.9125 0.527314 
2.92 0.492017 
2.9175 0.503797 
2.925 0.468477 
2.9225 0.48024 
2.93 0.445049 
2.9275 0.456743 
2.935 0.421831 
2.9325 0.433407 
2.94 0.39892 
2.9375 0.410331 
2.945 0.376407 
2.9425 0.387608 
2.95 0.354375 
2.9475 0.365326 
2.955 0.332902 
2.9525 0.343565 
2.96 0.312055 
2.9575 0.322397 
2.965 0.291894 
2.9625 0.301886 
2.97 0.272467 
2.9675 0.282086 
2.975 0.253815 
2.9725 0.263042 
2.98 0.235968 
2.9775 0.24479 
2.985 0.218947 
2.9825 0.227354 
2.99 0.202766 
2.9875 0.210751 
2.995 0.187427 
2.9925 0.194991 
3 0.172929 
2.9975 0.180073 
3.005 0.159263 
3.0025 0.165993 
3.01 0.146413 
3.0075 0.152737 
3.015 0.134361 
3.0125 0.140289 
3.02 0.123082 
3.0175 0.128626 
3.025 0.11255 
3.0225 0.117724 
3.03 0.102735 
3.0275 0.107555 
3.035 0.0936074 
3.0325 0.0980874 
3.04 0.0851342 
3.0375 0.089291 
3.045 0.0772829 
3.0425 0.0811329 
3.05 0.0700205 
3.0475 0.0735802 
3.055 0.0633144 
3.0525 0.0666 
3.06 0.0571326 
3.0575 0.06016 
3.065 0.0514438 
3.0625 0.0542285 
3.07 0.0462177 
3.0675 0.0487747 
3.075 0.0414256 
3.0725 0.0437692 
3.08 0.0370396 
3.0775 0.0391835 
3.085 0.0330334 
3.0825 0.0349906 
3.09 0.0293821 
3.0875 0.0311649 
3.095 0.0260619 
3.0925 0.027682 
3.1 0.0230505 
3.0975 0.024519 
3.105 0.0203266 
3.1025 0.0216539 
3.11 0.0178701 
3.1075 0.0190661 
3.115 0.0156617 
3.1125 0.016736 
3.12 0.0136832 
3.1175 0.0146449 
3.125 0.011917 
3.1225 0.0127747 
3.13 0.0103463 
3.1275 0.0111083 
3.135 0.0089548 
3.1325 0.00962913 
3.14 0.00772701 
3.1375 0.00832139 
3.145 0.00664798 
3.1425 0.0071698 
3.15 0.00570347 
3.1475 0.00615977 
3.155 0.00487994 
3.1525 0.00527739 
3.16 0.00416462 
3.1575 0.00450952 
3.165 0.00354556 
3.1625 0.00384377 
3.17 0.00301166 
3.1675 0.00326862 
3.175 0.00255271 
3.1725 0.00277342 
3.18 0.0021594 
3.1775 0.0023484 
3.185 0.0018233 
3.1825 0.00198469 
3.19 0.00153684 
3.1875 0.0016743 
3.195 0.00129328 
3.1925 0.00141009 
3.2 0.00108667 
3.1975 0.0011857 
3.205 0.000911754 
3.2025 0.000995549 
3.21 0.00076396 
3.2075 0.000834729 
3.215 0.000639301 
3.2125 0.000698966 
3.22 0.000534327 
3.2175 0.000584549 
3.225 0.000446064 
3.2225 0.000488275 
3.23 0.000371959 
3.2275 0.000407386 
3.235 0.000309824 
3.2325 0.000339519 
3.24 0.000257792 
3.2375 0.00028265 
3.245 0.000214273 
3.2425 0.000235058 
3.25 0.000177918 
3.2475 0.000195276 
3.255 0.000147581 
3.2525 0.000162061 
3.26 0.000122294 
3.2575 0.00013436 
3.265 0.000101238 
3.2625 0.000111283 
3.27 8.37248e-05 
3.2675 9.20774e-05 
3.275 6.91726e-05 
3.2725 7.6111e-05 
3.28 5.70931e-05 
3.2775 6.2851e-05 
3.285 4.70765e-05 
3.2825 5.18498e-05 
3.29 3.87787e-05 
3.2875 4.27319e-05 
3.295 3.19118e-05 
3.2925 3.51825e-05 
3.3 2.62347e-05 
3.2975 2.8938e-05 
3.305 2.15459e-05 
3.3025 2.3778e-05 
3.31 1.76774e-05 
3.3075 1.95185e-05 
3.315 1.44887e-05 
3.3125 1.60058e-05 
3.32 1.18631e-05 
3.3175 1.3112e-05 
3.325 9.7034e-06 
3.3225 1.07304e-05 
3.33 7.92869e-06 
3.3275 8.7724e-06 
3.335 6.47185e-06 
3.3325 7.16425e-06 
3.34 5.27719e-06 
3.3375 5.84483e-06 
3.345 4.29854e-06 
3.3425 4.76342e-06 
3.35 3.49769e-06 
3.3475 3.878e-06 
3.355 2.84302e-06 
3.3525 3.15382e-06 
3.36 2.30842e-06 
3.3575 2.56215e-06 
3.365 1.87233e-06 
3.3625 2.07925e-06 
3.37 1.51699e-06 
3.3675 1.68555e-06 
3.375 1.22775e-06 
3.3725 1.36491e-06 
3.38 9.92572e-07 
3.3775 1.10406e-06 
3.385 8.01564e-07 
3.3825 8.92091e-07 
3.39 6.466e-07 
3.3875 7.20023e-07 
3.395 5.21016e-07 
3.3925 5.80501e-07 
3.4 4.19356e-07 
3.3975 4.67495e-07 
3.405 3.37155e-07 
3.4025 3.76068e-07 
3.41 2.70762e-07 
3.4075 3.02182e-07 
3.415 2.17198e-07 
3.4125 2.42539e-07 
3.42 1.74033e-07 
3.4175 1.94449e-07 
3.425 1.39288e-07 
3.4225 1.55716e-07 
3.43 1.11352e-07 
3.4275 1.24557e-07 
3.435 8.89176e-08 
3.4325 9.95189e-08 
3.44 7.09213e-08 
3.4375 7.94227e-08 
3.445 5.65021e-08 
3.4425 6.33116e-08 
3.45 4.49625e-08 
3.4475 5.04104e-08 
3.455 3.57381e-08 
3.4525 4.00916e-08 
3.46 2.83731e-08 
3.4575 3.18479e-08 
3.465 2.24996e-08 
3.4625 2.52699e-08 
3.47 1.78211e-08 
3.4675 2.00271e-08 
3.475 1.40989e-08 
3.4725 1.58534e-08 
3.48 1.1141e-08 
3.4775 1.25348e-08 
3.485 8.79326e-09 
3.4825 9.8992e-09 
3.49 6.93208e-09 
3.4875 7.80855e-09 
3.495 5.45837e-09 
3.4925 6.15215e-09 
3.5 4.29286e-09 
3.4975 4.84137e-09 
3.505 3.3722e-09 
3.5025 3.80534e-09 
3.51 2.64584e-09 
3.5075 2.98746e-09 
3.515 2.07346e-09 
3.5125 2.34258e-09 
3.52 1.62296e-09 
3.5175 1.8347e-09 
3.525 1.26882e-09 
3.5225 1.43522e-09 
3.53 9.90771e-10 
3.5275 1.12138e-09 
3.535 7.72724e-10 
3.5325 8.75111e-10 
3.54 6.0194e-10 
3.5375 6.82108e-10 
3.545 4.68339e-10 
3.5425 5.31033e-10 
3.55 3.63952e-10 
3.5475 4.12921e-10 
3.555 2.8249e-10 
3.5525 3.20692e-10 
3.56 2.18998e-10 
3.5575 2.48763e-10 
3.565 1.69571e-10 
3.5625 1.92735e-10 
3.57 1.31141e-10 
3.5675 1.49145e-10 
3.575 1.01297e-10 
3.5725 1.15274e-10 
3.58 7.81509e-11 
3.5775 8.89879e-11 
3.585 6.02204e-11 
3.5825 6.86125e-11 
3.59 4.63475e-11 
3.5875 5.28384e-11 
3.595 3.56273e-11 
3.5925 4.06415e-11 
3.6 2.73535e-11 
3.5975 3.12222e-11 
3.605 2.09757e-11 
3.6025 2.39568e-11 
3.61 1.60654e-11 
3.6075 1.83598e-11 
3.615 1.22897e-11 
3.6125 1.40534e-11 
3.62 9.38993e-12 
3.6175 1.0744e-11 
3.625 7.16567e-12 
3.6225 8.20398e-12 
3.63 5.46164e-12 
3.6275 6.25684e-12 
3.635 4.15779e-12 
3.6325 4.76604e-12 
3.64 3.16136e-12 
3.6375 3.62605e-12 
3.645 2.40082e-12 
3.6425 2.75538e-12 
3.65 1.82103e-12 
3.6475 2.09123e-12 
3.655 1.37958e-12 
3.6525 1.58524e-12 
3.66 1.04388e-12 
3.6575 1.20022e-12 
3.665 7.88906e-13 
3.6625 9.07615e-13 
3.67 5.95489e-13 
3.6675 6.8551e-13 
3.675 4.48948e-13 
3.6725 5.1713e-13 
3.68 3.38059e-13 
3.6775 3.89636e-13 
3.685 2.5425e-13 
3.6825 2.93218e-13 
3.69 1.90987e-13 
3.6875 2.20393e-13 
3.695 1.43292e-13 
3.6925 1.65454e-13 
3.7 1.07378e-13 
3.6975 1.2406e-13 
3.705 8.03676e-14 
3.7025 9.29099e-14 
3.71 6.0079e-14 
3.7075 6.9497e-14 
3.715 4.4858e-14 
3.7125 5.19213e-14 
3.72 3.34528e-14 
3.7175 3.87436e-14 
3.725 2.49173e-14 
3.7225 2.88756e-14 
3.73 1.85373e-14 
3.7275 2.1495e-14 
3.735 1.37743e-14 
3.7325 1.59817e-14 
3.74 1.02228e-14 
3.7375 1.18681e-14 
3.745 7.57786e-15 
3.7425 8.80281e-15 
3.75 5.6105e-15 
3.7475 6.52135e-15 
3.755 4.14893e-15 
3.7525 4.82539e-15 
3.76 3.06443e-15 
3.7575 3.5662e-15 
3.765 2.2607e-15 
3.7625 2.63244e-15 
3.77 1.66577e-15 
3.7675 1.94085e-15 
3.775 1.22594e-15 
3.7725 1.42924e-15 
3.78 9.01169e-16 
3.7775 1.05124e-15 
3.785 6.61644e-16 
3.7825 7.72286e-16 
3.79 4.85205e-16 
3.7875 5.66679e-16 
3.795 3.55394e-16 
3.7925 4.15317e-16 
3.8 2.60003e-16 
3.7975 3.04023e-16 
3.805 1.8999e-16 
3.8025 2.22289e-16 
3.81 1.38666e-16 
3.8075 1.62336e-16 
3.815 1.01088e-16 
3.8125 1.18412e-16 
3.82 7.36058e-17 
3.8175 8.62713e-17 
3.825 5.35321e-17 
3.8225 6.27805e-17 
3.83 3.88872e-17 
3.8275 4.56323e-17 
3.835 2.82157e-17 
3.8325 3.31291e-17 
3.84 2.04487e-17 
3.8375 2.40237e-17 
3.845 1.48025e-17 
3.8425 1.74005e-17 
3.85 1.07029e-17 
3.8475 1.25886e-17 
3.855 7.72966e-18 
3.8525 9.09684e-18 
3.86 5.57596e-18 
3.8575 6.56599e-18 
3.865 4.01771e-18 
3.8625 4.73379e-18 
3.87 2.89161e-18 
3.8675 3.40893e-18 
3.875 2.07877e-18 
3.8725 2.45206e-18 
3.88 1.49272e-18 
3.8775 1.76178e-18 
3.885 1.07068e-18 
3.8825 1.26438e-18 
3.89 7.67108e-19 
3.8875 9.06394e-19 
3.895 5.48995e-19 
3.8925 6.49038e-19 
3.9 3.92465e-19 
3.8975 4.64239e-19 
3.905 2.80258e-19 
3.9025 3.31693e-19 
3.91 1.99915e-19 
3.9075 2.36732e-19 
3.915 1.42451e-19 
3.9125 1.68776e-19 
3.92 1.01398e-19 
3.9175 1.20199e-19 
3.925 7.21009e-20 
3.9225 8.55142e-20 
3.93 5.12164e-20 
3.9275 6.07752e-20 
3.935 3.63448e-20 
3.9325 4.31495e-20 
3.94 2.57663e-20 
3.9375 3.06053e-20 
3.945 1.82494e-20 
3.9425 2.16869e-20 
3.95 1.29136e-20 
3.9475 1.5353e-20 
3.955 9.12982e-21 
3.9525 1.08592e-20 
3.96 6.44927e-21 
3.9575 7.67411e-21 
3.965 4.55211e-21 
3.9625 5.41877e-21 
3.97 3.21064e-21 
3.9675 3.8233e-21 
3.975 2.26294e-21 
3.9725 2.69566e-21 
3.98 1.59399e-21 
3.9775 1.89936e-21 
3.985 1.12218e-21 
3.9825 1.33752e-21 
3.99 7.89671e-22 
3.9875 9.41399e-22 
3.995 5.55488e-22 
3.9925 6.62328e-22 
4 3.9066e-22 
3.9975 4.65847e-22 
4.005 2.7471e-22 
4.0025 3.27594e-22 
4.01 1.93181e-22 
4.0075 2.30362e-22 
4.015 1.35875e-22 
4.0125 1.62007e-22 
4.02 9.56037e-23 
4.0175 1.13967e-22 
4.025 6.73071e-23 
4.0225 8.02097e-23 
4.03 4.74235e-23 
4.0275 5.64903e-23 
4.035 3.34486e-23 
4.0325 3.98216e-23 
4.04 2.36228e-23 
4.0375 2.81043e-23 
4.045 1.671e-23 
4.0425 1.98635e-23 
4.05 1.18425e-23 
4.0475 1.40635e-23 
4.055 8.41158e-24 
4.0525 9.97765e-24 
4.06 5.98991e-24 
4.0575 7.09574e-24 
4.065 4.27779e-24 
4.0625 5.05999e-24 
4.07 3.06494e-24 
4.0675 3.61937e-24 
4.075 2.2038e-24 
4.0725 2.59772e-24 
4.08 1.59076e-24 
4.0775 1.8714e-24 
4.085 1.15304e-24 
4.0825 1.3536e-24 
4.09 8.39456e-25 
4.0875 9.83272e-25 
4.095 6.13974e-25 
4.0925 7.17492e-25 
4.1 4.51195e-25 
4.0975 5.2601e-25 
4.105 3.33179e-25 
4.1025 3.87485e-25 
4.11 2.47227e-25 
4.1075 2.86828e-25 
4.115 1.84332e-25 
4.1125 2.13348e-25 
4.12 1.38085e-25 
4.1175 1.59449e-25 
4.125 1.0391e-25 
4.1225 1.19718e-25 
4.13 7.85319e-26 
4.1275 9.02865e-26 
4.135 5.9593e-26 
4.1325 6.83764e-26 
4.14 4.53923e-26 
4.1375 5.19865e-26 
4.145 3.46954e-26 
4.1425 3.96686e-26 
4.15 2.66026e-26 
4.1475 3.03693e-26 
4.155 2.0455e-26 
4.1525 2.33193e-26 
4.16 1.57672e-26 
4.1575 1.79535e-26 
4.165 1.21802e-26 
4.1625 1.38546e-26 
4.17 9.42696e-27 
4.1675 1.07132e-26 
4.175 7.30774e-27 
4.1725 8.29845e-27 
4.18 5.67251e-27 
4.1775 6.43743e-27 
4.185 4.40803e-27 
4.1825 4.99983e-27 
4.19 3.42842e-27 
4.1875 3.8871e-27 
4.195 2.66833e-27 
4.1925 3.02436e-27 
4.2 2.07779e-27 
4.1975 2.35449e-27 
4.205 1.6185e-27 
4.2025 1.83376e-27 
4.21 1.26099e-27 
4.2075 1.42858e-27 
4.215 9.82516e-28 
4.2125 1.11307e-27 
4.22 7.65511e-28 
4.2175 8.67261e-28 
4.225 5.96352e-28 
4.2225 6.75672e-28 
4.23 4.64469e-28 
4.2275 5.26312e-28 
4.235 3.61642e-28 
4.2325 4.0986e-28 
4.24 2.81475e-28 
4.2375 3.19066e-28 
4.245 2.18986e-28 
4.2425 2.48286e-28 
4.25 1.70287e-28 
4.2475 1.93119e-28 
4.255 1.32348e-28 
4.2525 1.50134e-28 
4.26 1.02804e-28 
4.2575 1.16653e-28 
4.265 7.98061e-29 
4.2625 9.05848e-29 
4.27 6.19138e-29 
4.2675 7.02985e-29 
4.275 4.80009e-29 
4.2725 5.45198e-29 
4.28 3.71888e-29 
4.2775 4.2254e-29 
4.285 2.87916e-29 
4.2825 3.27248e-29 
4.29 2.22742e-29 
4.2875 2.53264e-29 
4.295 1.72191e-29 
4.2925 1.9586e-29 
4.3 1.33011e-29 
4.2975 1.51353e-29 
4.305 1.02665e-29 
4.3025 1.16868e-29 
4.31 7.91798e-30 
4.3075 9.01698e-30 
4.315 6.10175e-30 
4.3125 6.95149e-30 
4.32 4.69828e-30 
4.3175 5.35477e-30 
4.325 3.61463e-30 
4.3225 4.12141e-30 
4.33 2.77858e-30 
4.3275 3.16948e-30 
4.335 2.1341e-30 
4.3325 2.43536e-30 
4.34 1.6377e-30 
4.3375 1.86969e-30 
4.345 1.25567e-30 
4.3425 1.43417e-30 
4.35 9.61926e-31 
4.3475 1.09915e-30 
4.355 7.36249e-31 
4.3525 8.41647e-31 
4.36 5.63019e-31 
4.3575 6.43904e-31 
4.365 4.30164e-31 
4.3625 4.92182e-31 
4.37 3.28363e-31 
4.3675 3.75874e-31 
4.375 2.50428e-31 
4.3725 2.86792e-31 
4.38 1.90817e-31 
4.3775 2.18624e-31 
4.385 1.45263e-31 
4.3825 1.66508e-31 
4.39 1.10482e-31 
4.3875 1.26699e-31 
4.395 8.39514e-32 
4.3925 9.63183e-32 
4.4 6.37325e-32 
4.3975 7.3155e-32 
4.405 4.8338e-32 
4.4025 5.55104e-32 
4.41 3.66277e-32 
4.4075 4.20823e-32 
4.415 2.77282e-32 
4.4125 3.18725e-32 
4.42 2.09712e-32 
4.4175 2.4117e-32 
4.425 1.58458e-32 
4.4225 1.82314e-32 
4.43 1.19616e-32 
4.4275 1.3769e-32 
4.435 9.0209e-33 
4.4325 1.03889e-32 
4.44 6.79663e-33 
4.4375 7.8311e-33 
4.445 5.11587e-33 
4.4425 5.89736e-33 
4.45 3.84703e-33 
4.4475 4.43684e-33 
4.455 2.89009e-33 
4.4525 3.3348e-33 
4.46 2.16907e-33 
4.4575 2.50406e-33 
4.465 1.62635e-33 
4.4625 1.87843e-33 
4.47 1.21823e-33 
4.4675 1.40774e-33 
4.475 9.1163e-34 
4.4725 1.05396e-33 
4.48 6.81524e-34 
4.4775 7.88318e-34 
4.485 5.08997e-34 
4.4825 5.89047e-34 
4.49 3.7977e-34 
4.4875 4.39714e-34 
4.495 2.83071e-34 
4.4925 3.27915e-34 
4.5 2.10785e-34 
4.4975 2.44298e-34 
4.505 1.56802e-34 
4.5025 1.81823e-34 
4.51 1.16528e-34 
4.5075 1.3519e-34 
4.515 8.65122e-35 
4.5125 1.00417e-34 
4.52 6.41636e-35 
4.5175 7.45136e-35 
4.525 4.75405e-35 
4.5225 5.52369e-35 
4.53 3.51887e-35 
4.5275 4.0906e-35 
4.535 2.60199e-35 
4.5325 3.02627e-35 
4.54 1.92207e-35 
4.5375 2.23661e-35 
4.545 1.41839e-35 
4.5425 1.65134e-35 
4.55 1.04564e-35 
4.5475 1.21799e-35 
4.555 7.70071e-36 
4.5525 8.9745e-36 
4.56 5.66549e-36 
4.5575 6.60598e-36 
4.565 4.16393e-36 
4.5625 4.85762e-36 
4.57 3.05723e-36 
4.5675 3.56836e-36 
4.575 2.24238e-36 
4.5725 2.61862e-36 
4.58 1.64305e-36 
4.5775 1.9197e-36 
4.585 1.20267e-36 
4.5825 1.40589e-36 
4.59 8.79425e-37 
4.5875 1.02855e-36 
4.595 6.42403e-37 
4.5925 7.51721e-37 
4.6 4.68783e-37 
4.5975 5.48836e-37 
4.605 3.41736e-37 
4.6025 4.00299e-37 
4.61 2.48865e-37 
4.6075 2.91663e-37 
4.615 1.81047e-37 
4.6125 2.12291e-37 
4.62 1.31575e-37 
4.6175 1.54361e-37 
4.625 9.55234e-38 
4.6225 1.12123e-37 
4.63 6.92785e-38 
4.6275 8.13593e-38 
4.635 5.01926e-38 
4.6325 5.89756e-38 
4.64 3.63273e-38 
4.6375 4.27061e-38 
4.645 2.62651e-38 
4.6425 3.0893e-38 
4.65 1.89705e-38 
4.6475 2.23245e-38 
4.655 1.36876e-38 
4.6525 1.6116e-38 
4.66 9.86574e-39 
4.6575 1.1622e-38 
4.665 7.10367e-39 
4.6625 8.37259e-39 
4.67 5.1096e-39 
4.6675 6.02543e-39 
4.675 3.67149e-39 
4.6725 4.33179e-39 
4.68 2.63541e-39 
4.6775 3.11099e-39 
4.685 1.88975e-39 
4.6825 2.23192e-39 
4.69 1.35366e-39 
4.6875 1.5996e-39 
4.695 9.68652e-40 
4.6925 1.14523e-39 
4.7 6.92429e-40 
4.6975 8.19077e-40 
4.705 4.94461e-40 
4.7025 5.85204e-40 
4.71 3.52728e-40 
4.7075 4.17676e-40 
4.715 2.5136e-40 
4.7125 2.97798e-40 
4.72 1.78939e-40 
4.7175 2.12106e-40 
4.725 1.27251e-40 
4.7225 1.50916e-40 
4.73 9.03997e-41 
4.7275 1.07267e-40 
4.735 6.41539e-41 
4.7325 7.61637e-41 
4.74 4.54809e-41 
4.7375 5.4023e-41 
4.745 3.22095e-41 
4.7425 3.82789e-41 
4.75 2.27871e-41 
4.7475 2.7095e-41 
4.755 1.61043e-41 
4.7525 1.91588e-41 
4.76 1.13696e-41 
4.7575 1.35331e-41 
4.765 8.01864e-42 
4.7625 9.54942e-42 
4.77 5.64942e-42 
4.7675 6.7314e-42 
4.775 3.97609e-42 
4.7725 4.74005e-42 
4.78 2.7955e-42 
4.7775 3.33435e-42 
4.785 1.96341e-42 
4.7825 2.34308e-42 
4.79 1.37757e-42 
4.7875 1.64481e-42 
4.795 9.65528e-43 
4.7925 1.15343e-42 
4.8 6.76031e-43 
4.7975 8.08013e-43 
4.805 4.72845e-43 
4.8025 5.65451e-43 
4.81 3.30385e-43 
4.8075 3.95296e-43 
4.815 2.30607e-43 
4.8125 2.76057e-43 
4.82 1.60796e-43 
4.8175 1.92587e-43 
4.825 1.12003e-43 
4.8225 1.34216e-43 
4.83 7.79348e-44 
4.8275 9.34398e-44 
4.835 5.41733e-44 
4.8325 6.49846e-44 
4.84 3.76175e-44 
4.8375 4.51481e-44 
4.845 2.60943e-44 
4.8425 3.13343e-44 
4.85 1.80823e-44 
4.8475 2.17246e-44 
4.855 1.25173e-44 
4.8525 1.50464e-44 
4.86 8.65605e-45 
4.8575 1.04104e-44 
4.865 5.97972e-45 
4.8625 7.19536e-45 
4.87 4.12661e-45 
4.8675 4.96809e-45 
4.875 2.84484e-45 
4.8725 3.42671e-45 
4.88 1.95918e-45 
4.8775 2.36112e-45 
4.885 1.34786e-45 
4.8825 1.62521e-45 
4.89 9.26328e-46 
4.8875 1.11752e-45 
4.895 6.35973e-46 
4.8925 7.67632e-46 
4.9 4.3618e-46 
4.8975 5.26749e-46 
4.905 2.98845e-46 
4.9025 3.61083e-46 
4.91 2.0454e-46 
4.9075 2.47265e-46 
4.915 1.39851e-46 
4.9125 1.6915e-46 
4.92 9.55226e-47 
4.9175 1.15594e-46 
4.925 6.51781e-47 
4.9225 7.89141e-47 
4.93 4.44277e-47 
4.9275 5.38181e-47 
4.935 3.02527e-47 
4.9325 3.66656e-47 
4.94 2.05796e-47 
4.9375 2.49546e-47 
4.945 1.39858e-47 
4.9425 1.69672e-47 
4.95 9.49593e-48 
4.9475 1.15254e-47 
4.955 6.44235e-48 
4.9525 7.8221e-48 
4.96 4.36848e-48 
4.9575 5.30515e-48 
4.965 2.96256e-48 
4.9625 3.59717e-48 
4.97 2.01211e-48 
4.9675 2.4407e-48 
4.975 1.37275e-48 
4.9725 1.66052e-48 
4.98 9.46833e-49 
4.9775 1.1378e-48 
4.985 6.69035e-49 
4.9825 7.92524e-49 
4.99 4.9655e-49 
4.9875 5.71609e-49 
4.995 4.02711e-49 
4.9925 4.40954e-49 
5 3.7297e-49 
4.9975 3.8033e-49 
