0 1.08755e-15 
0.005 1.09327e-15 
0.0025 1.08898e-15 
0.01 1.11042e-15 
0.0075 1.10041e-15 
0.015 1.13907e-15 
0.0125 1.12331e-15 
0.02 1.17929e-15 
0.0175 1.15773e-15 
0.025 1.2312e-15 
0.0225 1.20378e-15 
0.03 1.29493e-15 
0.0275 1.26158e-15 
0.035 1.37064e-15 
0.0325 1.33128e-15 
0.04 1.45852e-15 
0.0375 1.41305e-15 
0.045 1.55876e-15 
0.0425 1.50708e-15 
0.05 1.67158e-15 
0.0475 1.61359e-15 
0.055 1.79719e-15 
0.0525 1.73277e-15 
0.06 1.9358e-15 
0.0575 1.86486e-15 
0.065 2.08763e-15 
0.0625 2.01005e-15 
0.07 2.25285e-15 
0.0675 2.16855e-15 
0.075 2.43165e-15 
0.0725 2.34054e-15 
0.08 2.62414e-15 
0.0775 2.52617e-15 
0.085 2.83043e-15 
0.0825 2.72555e-15 
0.09 3.05056e-15 
0.0875 2.93876e-15 
0.095 3.28451e-15 
0.0925 3.16581e-15 
0.1 3.5322e-15 
0.0975 3.40665e-15 
0.105 3.79347e-15 
0.1025 3.66115e-15 
0.11 4.06806e-15 
0.1075 3.92912e-15 
0.115 4.35562e-15 
0.1125 4.21025e-15 
0.12 4.65571e-15 
0.1175 4.50414e-15 
0.125 4.96774e-15 
0.1225 4.81027e-15 
0.13 5.29104e-15 
0.1275 5.12803e-15 
0.135 5.62476e-15 
0.1325 5.45665e-15 
0.14 5.96796e-15 
0.1375 5.79524e-15 
0.145 6.31955e-15 
0.1425 6.14278e-15 
0.15 6.67827e-15 
0.1475 6.4981e-15 
0.155 7.04274e-15 
0.1525 6.85988e-15 
0.16 7.41145e-15 
0.1575 7.22667e-15 
0.165 7.78271e-15 
0.1625 7.59687e-15 
0.17 8.15472e-15 
0.1675 7.96874e-15 
0.175 8.52555e-15 
0.1725 8.34041e-15 
0.18 8.89314e-15 
0.1775 8.70988e-15 
0.185 9.25533e-15 
0.1825 9.07505e-15 
0.19 9.60986e-15 
0.1875 9.43369e-15 
0.195 9.95441e-15 
0.1925 9.78353e-15 
0.2 1.02866e-14 
0.1975 1.01222e-14 
0.205 1.0604e-14 
0.2025 1.04473e-14 
0.21 1.09043e-14 
0.2075 1.07565e-14 
0.215 1.1185e-14 
0.2125 1.10472e-14 
0.22 1.14439e-14 
0.2175 1.13173e-14 
0.225 1.16787e-14 
0.2225 1.15644e-14 
0.23 1.18873e-14 
0.2275 1.17864e-14 
0.235 1.20678e-14 
0.2325 1.19812e-14 
0.24 1.22186e-14 
0.2375 1.21471e-14 
0.245 1.23382e-14 
0.2425 1.22824e-14 
0.25 1.24254e-14 
0.2475 1.23859e-14 
0.255 1.24794e-14 
0.2525 1.24566e-14 
0.26 1.24998e-14 
0.2575 1.24938e-14 
0.265 1.24864e-14 
0.2625 1.24973e-14 
0.27 1.24396e-14 
0.2675 1.24671e-14 
0.275 1.23602e-14 
0.2725 1.24039e-14 
0.28 1.22495e-14 
0.2775 1.23086e-14 
0.285 1.21092e-14 
0.2825 1.21829e-14 
0.29 1.19414e-14 
0.2875 1.20286e-14 
0.295 1.1749e-14 
0.2925 1.18481e-14 
0.3 1.15349e-14 
0.2975 1.16445e-14 
0.305 1.13028e-14 
0.3025 1.14209e-14 
0.31 1.10565e-14 
0.3075 1.11811e-14 
0.315 1.08002e-14 
0.3125 1.09293e-14 
0.32 1.05385e-14 
0.3175 1.06697e-14 
0.325 1.02761e-14 
0.3225 1.04071e-14 
0.33 1.00178e-14 
0.3275 1.01461e-14 
0.335 9.76869e-15 
0.3325 9.89181e-15 
0.34 9.53362e-15 
0.3375 9.64909e-15 
0.345 9.31749e-15 
0.3425 9.42288e-15 
0.35 9.12507e-15 
0.3475 9.21803e-15 
0.355 8.96095e-15 
0.3525 9.0392e-15 
0.36 8.82948e-15 
0.3575 8.89087e-15 
0.365 8.7348e-15 
0.3625 8.7773e-15 
0.37 8.68076e-15 
0.3675 8.70247e-15 
0.375 8.67098e-15 
0.3725 8.67012e-15 
0.38 8.70885e-15 
0.3775 8.68376e-15 
0.385 8.79756e-15 
0.3825 8.74666e-15 
0.39 8.94016e-15 
0.3875 8.86194e-15 
0.395 9.13964e-15 
0.3925 9.0326e-15 
0.4 9.39895e-15 
0.3975 9.26162e-15 
0.405 9.72117e-15 
0.4025 9.552e-15 
0.41 1.01095e-14 
0.4075 9.90686e-15 
0.415 1.05674e-14 
0.4125 1.03295e-14 
0.42 1.10989e-14 
0.4175 1.08237e-14 
0.425 1.1708e-14 
0.4225 1.13934e-14 
0.43 1.23998e-14 
0.4275 1.20433e-14 
0.435 1.31799e-14 
0.4325 1.27785e-14 
0.44 1.40544e-14 
0.4375 1.36049e-14 
0.445 1.50307e-14 
0.4425 1.45294e-14 
0.45 1.61171e-14 
0.4475 1.55596e-14 
0.455 1.73231e-14 
0.4525 1.67045e-14 
0.46 1.86593e-14 
0.4575 1.79742e-14 
0.465 2.01382e-14 
0.4625 1.93801e-14 
0.47 2.17738e-14 
0.4675 2.09355e-14 
0.475 2.3582e-14 
0.4725 2.26552e-14 
0.48 2.55811e-14 
0.4775 2.45565e-14 
0.485 2.77917e-14 
0.4825 2.66585e-14 
0.49 3.02372e-14 
0.4875 2.89835e-14 
0.495 3.29446e-14 
0.4925 3.15564e-14 
0.5 3.5944e-14 
0.4975 3.44057e-14 
0.505 3.927e-14 
0.5025 3.75638e-14 
0.51 4.29618e-14 
0.5075 4.10675e-14 
0.515 4.70641e-14 
0.5125 4.49586e-14 
0.52 5.16274e-14 
0.5175 4.92847e-14 
0.525 5.67094e-14 
0.5225 5.40996e-14 
0.53 6.23754e-14 
0.5275 5.94649e-14 
0.535 6.86997e-14 
0.5325 6.54502e-14 
0.54 7.57667e-14 
0.5375 7.21346e-14 
0.545 8.36721e-14 
0.5425 7.96081e-14 
0.55 9.25246e-14 
0.5475 8.79726e-14 
0.555 1.02448e-13 
0.5525 9.73439e-14 
0.56 1.13581e-13 
0.5575 1.07854e-13 
0.565 1.26084e-13 
0.5625 1.1965e-13 
0.57 1.40135e-13 
0.5675 1.32904e-13 
0.575 1.5594e-13 
0.5725 1.47805e-13 
0.58 1.73729e-13 
0.5775 1.64571e-13 
0.585 1.93765e-13 
0.5825 1.83448e-13 
0.59 2.16343e-13 
0.5875 2.04716e-13 
0.595 2.41802e-13 
0.5925 2.2869e-13 
0.6 2.7052e-13 
0.5975 2.55728e-13 
0.605 3.02931e-13 
0.6025 2.86235e-13 
0.61 3.39522e-13 
0.6075 3.20671e-13 
0.615 3.80846e-13 
0.6125 3.59555e-13 
0.62 4.2753e-13 
0.6175 4.03476e-13 
0.625 4.80283e-13 
0.6225 4.531e-13 
0.63 5.39909e-13 
0.6275 5.09183e-13 
0.635 6.07315e-13 
0.6325 5.72578e-13 
0.64 6.83531e-13 
0.6375 6.44252e-13 
0.645 7.69722e-13 
0.6425 7.25301e-13 
0.65 8.67208e-13 
0.6475 8.16964e-13 
0.655 9.77481e-13 
0.6525 9.20645e-13 
0.66 1.10223e-12 
0.6575 1.03793e-12 
0.665 1.24337e-12 
0.6625 1.17062e-12 
0.67 1.40307e-12 
0.6675 1.32076e-12 
0.675 1.58379e-12 
0.6725 1.49064e-12 
0.68 1.78829e-12 
0.6775 1.68288e-12 
0.685 2.01972e-12 
0.6825 1.90042e-12 
0.69 2.28164e-12 
0.6875 2.14663e-12 
0.695 2.57808e-12 
0.6925 2.42527e-12 
0.7 2.9136e-12 
0.6975 2.74065e-12 
0.705 3.29336e-12 
0.7025 3.0976e-12 
0.71 3.72322e-12 
0.7075 3.50163e-12 
0.715 4.20978e-12 
0.7125 3.95896e-12 
0.72 4.76054e-12 
0.7175 4.47663e-12 
0.725 5.38399e-12 
0.7225 5.06261e-12 
0.73 6.08972e-12 
0.7275 5.72592e-12 
0.735 6.88862e-12 
0.7325 6.47679e-12 
0.74 7.79298e-12 
0.7375 7.32678e-12 
0.745 8.81675e-12 
0.7425 8.289e-12 
0.75 9.97569e-12 
0.7475 9.37826e-12 
0.755 1.12877e-11 
0.7525 1.06113e-11 
0.76 1.27729e-11 
0.7575 1.20073e-11 
0.765 1.44543e-11 
0.7625 1.35876e-11 
0.77 1.63578e-11 
0.7675 1.53766e-11 
0.775 1.85127e-11 
0.7725 1.74019e-11 
0.78 2.09523e-11 
0.7775 1.96947e-11 
0.785 2.37141e-11 
0.7825 2.22903e-11 
0.79 2.68407e-11 
0.7875 2.52289e-11 
0.795 3.03804e-11 
0.7925 2.85557e-11 
0.8 3.43877e-11 
0.7975 3.23219e-11 
0.805 3.89244e-11 
0.8025 3.65857e-11 
0.81 4.40606e-11 
0.8075 4.14128e-11 
0.815 4.98753e-11 
0.8125 4.68777e-11 
0.82 5.64583e-11 
0.8175 5.30647e-11 
0.825 6.39111e-11 
0.8225 6.00691e-11 
0.83 7.23486e-11 
0.8275 6.7999e-11 
0.835 8.1901e-11 
0.8325 7.69766e-11 
0.84 9.27157e-11 
0.8375 8.71406e-11 
0.845 1.04959e-10 
0.8425 9.86476e-11 
0.85 1.18821e-10 
0.8475 1.11675e-10 
0.855 1.34514e-10 
0.8525 1.26424e-10 
0.86 1.52282e-10 
0.8575 1.43122e-10 
0.865 1.72397e-10 
0.8625 1.62027e-10 
0.87 1.9517e-10 
0.8675 1.8343e-10 
0.875 2.20953e-10 
0.8725 2.07662e-10 
0.88 2.50143e-10 
0.8775 2.35095e-10 
0.885 2.83192e-10 
0.8825 2.66155e-10 
0.89 3.20607e-10 
0.8875 3.01319e-10 
0.895 3.62968e-10 
0.8925 3.41131e-10 
0.9 4.10928e-10 
0.8975 3.86204e-10 
0.905 4.65226e-10 
0.9025 4.37234e-10 
0.91 5.267e-10 
0.9075 4.95009e-10 
0.915 5.963e-10 
0.9125 5.6042e-10 
0.92 6.75099e-10 
0.9175 6.34477e-10 
0.925 7.64313e-10 
0.9225 7.18322e-10 
0.93 8.65319e-10 
0.9275 8.13249e-10 
0.935 9.79676e-10 
0.9325 9.20724e-10 
0.94 1.10915e-09 
0.9375 1.0424e-09 
0.945 1.25574e-09 
0.9425 1.18017e-09 
0.95 1.4217e-09 
0.9475 1.33614e-09 
0.955 1.6096e-09 
0.9525 1.51274e-09 
0.96 1.82234e-09 
0.9575 1.71267e-09 
0.965 2.06321e-09 
0.9625 1.93904e-09 
0.97 2.33591e-09 
0.9675 2.19533e-09 
0.975 2.64466e-09 
0.9725 2.4855e-09 
0.98 2.99423e-09 
0.9775 2.81402e-09 
0.985 3.39001e-09 
0.9825 3.18598e-09 
0.99 3.83812e-09 
0.9875 3.60711e-09 
0.995 4.34546e-09 
0.9925 4.08392e-09 
1 4.91988e-09 
0.9975 4.62376e-09 
1.005 5.57024e-09 
1.0025 5.23497e-09 
1.01 6.30659e-09 
1.0075 5.92699e-09 
1.015 7.14028e-09 
1.0125 6.7105e-09 
1.02 8.0842e-09 
1.0175 7.5976e-09 
1.025 9.15292e-09 
1.0225 8.60198e-09 
1.03 1.03629e-08 
1.0275 9.73916e-09 
1.035 1.1733e-08 
1.0325 1.10267e-08 
1.04 1.32841e-08 
1.0375 1.24845e-08 
1.045 1.50404e-08 
1.0425 1.4135e-08 
1.05 1.70288e-08 
1.0475 1.60037e-08 
1.055 1.92803e-08 
1.0525 1.81196e-08 
1.06 2.18294e-08 
1.0575 2.05152e-08 
1.065 2.47155e-08 
1.0625 2.32277e-08 
1.07 2.79834e-08 
1.0675 2.62987e-08 
1.075 3.16833e-08 
1.0725 2.97759e-08 
1.08 3.58726e-08 
1.0775 3.37129e-08 
1.085 4.06158e-08 
1.0825 3.81705e-08 
1.09 4.59862e-08 
1.0875 4.32177e-08 
1.095 5.20669e-08 
1.0925 4.89322e-08 
1.1 5.89518e-08 
1.0975 5.54025e-08 
1.105 6.67472e-08 
1.1025 6.27285e-08 
1.11 7.55735e-08 
1.1075 7.10233e-08 
1.115 8.55672e-08 
1.1125 8.04152e-08 
1.12 9.68827e-08 
1.1175 9.10493e-08 
1.125 1.09695e-07 
1.1225 1.0309e-07 
1.13 1.24201e-07 
1.1275 1.16723e-07 
1.135 1.40627e-07 
1.1325 1.32159e-07 
1.14 1.59225e-07 
1.1375 1.49637e-07 
1.145 1.80283e-07 
1.1425 1.69427e-07 
1.15 2.04126e-07 
1.1475 1.91834e-07 
1.155 2.31124e-07 
1.1525 2.17206e-07 
1.16 2.61693e-07 
1.1575 2.45934e-07 
1.165 2.96306e-07 
1.1625 2.78462e-07 
1.17 3.35498e-07 
1.1675 3.15294e-07 
1.175 3.79876e-07 
1.1725 3.56998e-07 
1.18 4.30125e-07 
1.1775 4.0422e-07 
1.185 4.87022e-07 
1.1825 4.5769e-07 
1.19 5.51447e-07 
1.1875 5.18234e-07 
1.195 6.24398e-07 
1.1925 5.8679e-07 
1.2 7.07002e-07 
1.1975 6.64417e-07 
1.205 8.00538e-07 
1.2025 7.52317e-07 
1.21 9.06452e-07 
1.2075 8.5185e-07 
1.215 1.02638e-06 
1.2125 9.64555e-07 
1.22 1.16219e-06 
1.2175 1.09218e-06 
1.225 1.31597e-06 
1.2225 1.23669e-06 
1.23 1.49012e-06 
1.2275 1.40034e-06 
1.235 1.68731e-06 
1.2325 1.58565e-06 
1.24 1.91062e-06 
1.2375 1.7955e-06 
1.245 2.16349e-06 
1.2425 2.03313e-06 
1.25 2.44986e-06 
1.2475 2.30223e-06 
1.255 2.77415e-06 
1.2525 2.60696e-06 
1.26 3.1414e-06 
1.2575 2.95207e-06 
1.265 3.55731e-06 
1.2625 3.34289e-06 
1.27 4.02832e-06 
1.2675 3.78549e-06 
1.275 4.56175e-06 
1.2725 4.28674e-06 
1.28 5.16589e-06 
1.2775 4.85442e-06 
1.285 5.85012e-06 
1.2825 5.49736e-06 
1.29 6.62508e-06 
1.2875 6.22554e-06 
1.295 7.50282e-06 
1.2925 7.05029e-06 
1.3 8.49702e-06 
1.2975 7.98444e-06 
1.305 9.62315e-06 
1.3025 9.04254e-06 
1.31 1.08988e-05 
1.3075 1.02411e-05 
1.315 1.23438e-05 
1.3125 1.15987e-05 
1.32 1.39807e-05 
1.3175 1.31367e-05 
1.325 1.58352e-05 
1.3225 1.4879e-05 
1.33 1.79362e-05 
1.3275 1.68529e-05 
1.335 2.03167e-05 
1.3325 1.90893e-05 
1.34 2.3014e-05 
1.3375 2.16232e-05 
1.345 2.60704e-05 
1.3425 2.44945e-05 
1.35 2.95341e-05 
1.3475 2.77481e-05 
1.355 3.34596e-05 
1.3525 3.14355e-05 
1.36 3.79089e-05 
1.3575 3.56146e-05 
1.365 4.29522e-05 
1.3625 4.03515e-05 
1.37 4.86697e-05 
1.3675 4.57213e-05 
1.375 5.5152e-05 
1.3725 5.18091e-05 
1.38 6.25025e-05 
1.3775 5.87118e-05 
1.385 7.08385e-05 
1.3825 6.65394e-05 
1.39 8.02935e-05 
1.3875 7.54171e-05 
1.395 9.10195e-05 
1.3925 8.54874e-05 
1.4 0.00010319 
1.3975 9.69123e-05 
1.405 0.000117001 
1.4025 0.000109877 
1.41 0.000132677 
1.4075 0.00012459 
1.415 0.000150475 
1.4125 0.000141293 
1.42 0.000170686 
1.4175 0.000160259 
1.425 0.000193644 
1.4225 0.000181799 
1.43 0.000219729 
1.4275 0.00020627 
1.435 0.000249377 
1.4325 0.000234078 
1.44 0.000283085 
1.4375 0.00026569 
1.445 0.000321422 
1.4425 0.000301636 
1.45 0.000365041 
1.4475 0.000342527 
1.455 0.000414689 
1.4525 0.00038906 
1.46 0.000471224 
1.4575 0.000442037 
1.465 0.000535631 
1.4625 0.000502377 
1.47 0.000609041 
1.4675 0.000571133 
1.475 0.000692755 
1.4725 0.000649521 
1.48 0.000788269 
1.4775 0.000738935 
1.485 0.000897309 
1.4825 0.000840981 
1.49 0.00102186 
1.4875 0.00095751 
1.495 0.00116421 
1.4925 0.00109065 
1.5 0.00132701 
1.4975 0.00124288 
1.505 0.00151331 
1.5025 0.00141702 
1.51 0.00172663 
1.5075 0.00161635 
1.515 0.00197103 
1.5125 0.00184466 
1.52 0.00225123 
1.5175 0.00210634 
1.525 0.00257264 
1.5225 0.00240641 
1.53 0.00294154 
1.5275 0.00275073 
1.535 0.00336516 
1.5325 0.00314602 
1.54 0.00385184 
1.5375 0.00360005 
1.545 0.00441118 
1.5425 0.00412177 
1.55 0.00505422 
1.5475 0.00472149 
1.555 0.00579366 
1.5525 0.00541103 
1.56 0.006644 
1.5575 0.00620398 
1.565 0.00762185 
1.5625 0.00711586 
1.57 0.00874612 
1.5675 0.00816441 
1.575 0.0100383 
1.5725 0.00936976 
1.58 0.0115225 
1.5775 0.0107548 
1.585 0.0132262 
1.5825 0.0123451 
1.59 0.0151799 
1.5875 0.0141698 
1.595 0.0174175 
1.5925 0.0162609 
1.6 0.0199765 
1.5975 0.0186543 
1.605 0.022898 
1.6025 0.0213892 
1.61 0.0262269 
1.6075 0.0245086 
1.615 0.0300111 
1.6125 0.0280589 
1.62 0.0343019 
1.6175 0.0320899 
1.625 0.0391534 
1.6225 0.0366541 
1.63 0.0446216 
1.6275 0.0418068 
1.635 0.0507641 
1.6325 0.0476049 
1.64 0.057639 
1.6375 0.0541064 
1.645 0.0653043 
1.6425 0.0613693 
1.65 0.0738163 
1.6475 0.069451 
1.655 0.0832289 
1.6525 0.0784068 
1.66 0.0935922 
1.6575 0.0882887 
1.665 0.104952 
1.6625 0.0991449 
1.67 0.117348 
1.6675 0.111018 
1.675 0.130812 
1.6725 0.123945 
1.68 0.14537 
1.6775 0.137953 
1.685 0.161038 
1.6825 0.153065 
1.69 0.17782 
1.6875 0.16929 
1.695 0.195713 
1.6925 0.186629 
1.7 0.214699 
1.6975 0.205071 
1.705 0.234749 
1.7025 0.224593 
1.71 0.255821 
1.7075 0.24516 
1.715 0.277858 
1.7125 0.266723 
1.72 0.300791 
1.7175 0.289217 
1.725 0.324537 
1.7225 0.312568 
1.73 0.349001 
1.7275 0.336686 
1.735 0.374076 
1.7325 0.361469 
1.74 0.399644 
1.7375 0.386806 
1.745 0.425579 
1.7425 0.412574 
1.75 0.451751 
1.7475 0.438644 
1.755 0.478024 
1.7525 0.464884 
1.76 0.504263 
1.7575 0.491157 
1.765 0.530333 
1.7625 0.517327 
1.77 0.556104 
1.7675 0.543263 
1.775 0.581453 
1.7725 0.568838 
1.78 0.606267 
1.7775 0.593933 
1.785 0.630442 
1.7825 0.61844 
1.79 0.653887 
1.7875 0.642261 
1.795 0.676524 
1.7925 0.665311 
1.8 0.698288 
1.7975 0.687519 
1.805 0.719129 
1.8025 0.708827 
1.81 0.739009 
1.8075 0.729191 
1.815 0.757903 
1.8125 0.748581 
1.82 0.775798 
1.8175 0.766976 
1.825 0.79269 
1.8225 0.784369 
1.83 0.808589 
1.8275 0.800763 
1.835 0.823509 
1.8325 0.81617 
1.84 0.837473 
1.8375 0.830609 
1.845 0.850509 
1.8425 0.844105 
1.85 0.862652 
1.8475 0.85669 
1.855 0.873938 
1.8525 0.8684 
1.86 0.884406 
1.8575 0.879271 
1.865 0.894097 
1.8625 0.889346 
1.87 0.903055 
1.8675 0.898665 
1.875 0.911322 
1.8725 0.907272 
1.88 0.918939 
1.8775 0.915209 
1.885 0.925949 
1.8825 0.922517 
1.89 0.932392 
1.8875 0.929239 
1.895 0.938307 
1.8925 0.935413 
1.9 0.943733 
1.8975 0.941079 
1.905 0.948704 
1.9025 0.946273 
1.91 0.953255 
1.9075 0.95103 
1.915 0.957419 
1.9125 0.955383 
1.92 0.961225 
1.9175 0.959364 
1.925 0.964701 
1.9225 0.963002 
1.93 0.967876 
1.9275 0.966325 
1.935 0.970772 
1.9325 0.969357 
1.94 0.973414 
1.9375 0.972123 
1.945 0.975822 
1.9425 0.974646 
1.95 0.978016 
1.9475 0.976945 
1.955 0.980015 
1.9525 0.979039 
1.96 0.981835 
1.9575 0.980947 
1.965 0.983492 
1.9625 0.982683 
1.97 0.985 
1.9675 0.984264 
1.975 0.986372 
1.9725 0.985702 
1.98 0.987619 
1.9775 0.98701 
1.985 0.988754 
1.9825 0.9882 
1.99 0.989786 
1.9875 0.989282 
1.995 0.990723 
1.9925 0.990266 
2 0.991576 
1.9975 0.99116 
2.005 0.99235 
2.0025 0.991972 
2.01 0.993054 
2.0075 0.992711 
2.015 0.993694 
2.0125 0.993382 
2.02 0.994274 
2.0175 0.993991 
2.025 0.994802 
2.0225 0.994545 
2.03 0.995281 
2.0275 0.995047 
2.035 0.995716 
2.0325 0.995504 
2.04 0.996112 
2.0375 0.995919 
2.045 0.996471 
2.0425 0.996295 
2.05 0.996796 
2.0475 0.996637 
2.055 0.997092 
2.0525 0.996948 
2.06 0.997361 
2.0575 0.99723 
2.065 0.997605 
2.0625 0.997486 
2.07 0.997826 
2.0675 0.997718 
2.075 0.998027 
2.0725 0.997929 
2.08 0.998209 
2.0775 0.99812 
2.085 0.998375 
2.0825 0.998294 
2.09 0.998525 
2.0875 0.998452 
2.095 0.998661 
2.0925 0.998595 
2.1 0.998785 
2.0975 0.998725 
2.105 0.998897 
2.1025 0.998843 
2.11 0.998999 
2.1075 0.99895 
2.115 0.999092 
2.1125 0.999047 
2.12 0.999176 
2.1175 0.999135 
2.125 0.999252 
2.1225 0.999215 
2.13 0.999321 
2.1275 0.999287 
2.135 0.999384 
2.1325 0.999353 
2.14 0.99944 
2.1375 0.999413 
2.145 0.999492 
2.1425 0.999467 
2.15 0.999539 
2.1475 0.999516 
2.155 0.999581 
2.1525 0.999561 
2.16 0.99962 
2.1575 0.999601 
2.165 0.999655 
2.1625 0.999638 
2.17 0.999686 
2.1675 0.999671 
2.175 0.999715 
2.1725 0.999701 
2.18 0.999741 
2.1775 0.999728 
2.185 0.999764 
2.1825 0.999753 
2.19 0.999786 
2.1875 0.999775 
2.195 0.999805 
2.1925 0.999796 
2.2 0.999822 
2.1975 0.999814 
2.205 0.999838 
2.2025 0.99983 
2.21 0.999852 
2.2075 0.999845 
2.215 0.999865 
2.2125 0.999859 
2.22 0.999877 
2.2175 0.999871 
2.225 0.999887 
2.2225 0.999882 
2.23 0.999896 
2.2275 0.999892 
2.235 0.999905 
2.2325 0.999901 
2.24 0.999912 
2.2375 0.999909 
2.245 0.999919 
2.2425 0.999916 
2.25 0.999925 
2.2475 0.999922 
2.255 0.99993 
2.2525 0.999927 
2.26 0.999934 
2.2575 0.999932 
2.265 0.999938 
2.2625 0.999936 
2.27 0.999942 
2.2675 0.99994 
2.275 0.999944 
2.2725 0.999943 
2.28 0.999947 
2.2775 0.999946 
2.285 0.999949 
2.2825 0.999948 
2.29 0.99995 
2.2875 0.999949 
2.295 0.999951 
2.2925 0.99995 
2.3 0.999951 
2.2975 0.999951 
2.305 0.999951 
2.3025 0.999951 
2.31 0.999951 
2.3075 0.999951 
2.315 0.99995 
2.3125 0.99995 
2.32 0.999948 
2.3175 0.999949 
2.325 0.999946 
2.3225 0.999947 
2.33 0.999944 
2.3275 0.999945 
2.335 0.999941 
2.3325 0.999943 
2.34 0.999938 
2.3375 0.99994 
2.345 0.999934 
2.3425 0.999936 
2.35 0.999929 
2.3475 0.999932 
2.355 0.999924 
2.3525 0.999927 
2.36 0.999918 
2.3575 0.999921 
2.365 0.999912 
2.3625 0.999915 
2.37 0.999905 
2.3675 0.999908 
2.375 0.999896 
2.3725 0.999901 
2.38 0.999887 
2.3775 0.999892 
2.385 0.999877 
2.3825 0.999883 
2.39 0.999866 
2.3875 0.999872 
2.395 0.999854 
2.3925 0.99986 
2.4 0.99984 
2.3975 0.999847 
2.405 0.999826 
2.4025 0.999833 
2.41 0.999809 
2.4075 0.999817 
2.415 0.999791 
2.4125 0.9998 
2.42 0.999771 
2.4175 0.999781 
2.425 0.999749 
2.4225 0.99976 
2.43 0.999725 
2.4275 0.999737 
2.435 0.999698 
2.4325 0.999712 
2.44 0.999669 
2.4375 0.999684 
2.445 0.999637 
2.4425 0.999653 
2.45 0.999601 
2.4475 0.99962 
2.455 0.999563 
2.4525 0.999583 
2.46 0.99952 
2.4575 0.999542 
2.465 0.999473 
2.4625 0.999497 
2.47 0.999422 
2.4675 0.999448 
2.475 0.999365 
2.4725 0.999394 
2.48 0.999303 
2.4775 0.999335 
2.485 0.999235 
2.4825 0.99927 
2.49 0.999161 
2.4875 0.999199 
2.495 0.999078 
2.4925 0.99912 
2.5 0.998988 
2.4975 0.999034 
2.505 0.998889 
2.5025 0.99894 
2.51 0.998781 
2.5075 0.998836 
2.515 0.998661 
2.5125 0.998722 
2.52 0.99853 
2.5175 0.998597 
2.525 0.998387 
2.5225 0.99846 
2.53 0.998229 
2.5275 0.99831 
2.535 0.998056 
2.5325 0.998144 
2.54 0.997865 
2.5375 0.997963 
2.545 0.997657 
2.5425 0.997763 
2.55 0.997427 
2.5475 0.997545 
2.555 0.997176 
2.5525 0.997305 
2.56 0.9969 
2.5575 0.997041 
2.565 0.996597 
2.5625 0.996752 
2.57 0.996264 
2.5675 0.996434 
2.575 0.995899 
2.5725 0.996086 
2.58 0.995498 
2.5775 0.995703 
2.585 0.995059 
2.5825 0.995284 
2.59 0.994577 
2.5875 0.994823 
2.595 0.994047 
2.5925 0.994318 
2.6 0.993467 
2.5975 0.993764 
2.605 0.99283 
2.6025 0.993156 
2.61 0.992132 
2.6075 0.992489 
2.615 0.991365 
2.6125 0.991757 
2.62 0.990525 
2.6175 0.990955 
2.625 0.989604 
2.6225 0.990075 
2.63 0.988594 
2.6275 0.98911 
2.635 0.987487 
2.6325 0.988053 
2.64 0.986273 
2.6375 0.986894 
2.645 0.984943 
2.6425 0.985623 
2.65 0.983486 
2.6475 0.984231 
2.655 0.981891 
2.6525 0.982707 
2.66 0.980143 
2.6575 0.981037 
2.665 0.978231 
2.6625 0.979209 
2.67 0.976137 
2.6675 0.977207 
2.675 0.973847 
2.6725 0.975018 
2.68 0.971342 
2.6775 0.972623 
2.685 0.968604 
2.6825 0.970004 
2.69 0.965613 
2.6875 0.967142 
2.695 0.962346 
2.6925 0.964015 
2.7 0.95878 
2.6975 0.960602 
2.705 0.95489 
2.7025 0.956877 
2.71 0.950649 
2.7075 0.952815 
2.715 0.946029 
2.7125 0.948388 
2.72 0.941001 
2.7175 0.943568 
2.725 0.935532 
2.7225 0.938323 
2.73 0.92959 
2.7275 0.932622 
2.735 0.923141 
2.7325 0.926431 
2.74 0.916149 
2.7375 0.919715 
2.745 0.908579 
2.7425 0.912439 
2.75 0.900392 
2.7475 0.904565 
2.755 0.891552 
2.7525 0.896056 
2.76 0.882023 
2.7575 0.886876 
2.765 0.871767 
2.7625 0.876988 
2.77 0.86075 
2.7675 0.866356 
2.775 0.848939 
2.7725 0.854945 
2.78 0.836304 
2.7775 0.842726 
2.785 0.822819 
2.7825 0.829669 
2.79 0.808463 
2.7875 0.815751 
2.795 0.793219 
2.7925 0.800952 
2.8 0.777078 
2.7975 0.785261 
2.805 0.760039 
2.8025 0.768671 
2.81 0.742109 
2.8075 0.751185 
2.815 0.723304 
2.8125 0.732814 
2.82 0.70365 
2.8175 0.713581 
2.825 0.683186 
2.8225 0.693517 
2.83 0.661958 
2.8275 0.672664 
2.835 0.640026 
2.8325 0.651076 
2.84 0.61746 
2.8375 0.628817 
2.845 0.59434 
2.8425 0.605964 
2.85 0.570755 
2.8475 0.582599 
2.855 0.546802 
2.8525 0.558818 
2.86 0.522585 
2.8575 0.53472 
2.865 0.498213 
2.8625 0.510412 
2.87 0.473796 
2.8675 0.486003 
2.875 0.449448 
2.8725 0.461606 
2.88 0.425277 
2.8775 0.437333 
2.885 0.401393 
2.8825 0.413293 
2.89 0.377898 
2.8875 0.389591 
2.895 0.354886 
2.8925 0.366326 
2.9 0.332446 
2.8975 0.343589 
2.905 0.310655 
2.9025 0.321465 
2.91 0.289581 
2.9075 0.300024 
2.915 0.269281 
2.9125 0.279331 
2.92 0.249802 
2.9175 0.259436 
2.925 0.231179 
2.9225 0.240382 
2.93 0.213437 
2.9275 0.222197 
2.935 0.196592 
2.9325 0.204902 
2.94 0.180651 
2.9375 0.188509 
2.945 0.165611 
2.9425 0.173019 
2.95 0.151464 
2.9475 0.158427 
2.955 0.138195 
2.9525 0.144721 
2.96 0.125783 
2.9575 0.131883 
2.965 0.114203 
2.9625 0.119891 
2.97 0.103429 
2.9675 0.108717 
2.975 0.0934288 
2.9725 0.098334 
2.98 0.0841709 
2.9775 0.0887091 
2.985 0.0756216 
2.9825 0.0798098 
2.99 0.0677472 
2.9875 0.0716022 
2.995 0.0605136 
2.9925 0.0640524 
3 0.0538869 
2.9975 0.0571265 
3.005 0.047834 
3.0025 0.0507908 
3.01 0.0423221 
3.0075 0.0450124 
3.015 0.0373194 
3.0125 0.0397591 
3.02 0.0327947 
3.0175 0.0349992 
3.025 0.0287175 
3.0225 0.030702 
3.03 0.0250581 
3.0275 0.0268374 
3.035 0.0217873 
3.0325 0.0233759 
3.04 0.0188765 
3.0375 0.0202887 
3.045 0.0162976 
3.0425 0.0175473 
3.05 0.0140233 
3.0475 0.0151241 
3.055 0.0120266 
3.0525 0.0129918 
3.06 0.0102817 
3.0575 0.0111242 
3.065 0.00876356 
3.0625 0.00949577 
3.07 0.00744848 
3.0675 0.00808208 
3.075 0.00631396 
3.0725 0.00686 
3.08 0.00533903 
3.0775 0.0058078 
3.085 0.00450429 
3.0825 0.00490528 
3.09 0.003792 
3.0875 0.00413388 
3.095 0.00318611 
3.0925 0.00347669 
3.1 0.00267218 
3.0975 0.00291848 
3.105 0.00223741 
3.1025 0.00244564 
3.11 0.00187047 
3.1075 0.00204611 
3.115 0.00156147 
3.1125 0.0017093 
3.12 0.00130176 
3.1175 0.00142594 
3.125 0.00108388 
3.1225 0.00118801 
3.13 0.000901388 
3.1275 0.000988572 
3.135 0.000748779 
3.1325 0.00082166 
3.14 0.000621336 
3.1375 0.000682177 
3.145 0.00051505 
3.1425 0.000565774 
3.15 0.000426518 
3.1475 0.000468756 
3.155 0.00035286 
3.1525 0.000387991 
3.16 0.000291646 
3.1575 0.000320834 
3.165 0.000240827 
3.1625 0.000265052 
3.17 0.000198682 
3.1675 0.000218766 
3.175 0.000163763 
3.1725 0.0001804 
3.18 0.000134861 
3.1775 0.000148627 
3.185 0.00011096 
3.1825 0.000122342 
3.19 9.12147e-05 
3.1875 0.000100615 
3.195 7.49166e-05 
3.1925 8.2674e-05 
3.2 6.14761e-05 
3.1975 6.78719e-05 
3.205 5.04024e-05 
3.2025 5.56707e-05 
3.21 4.12867e-05 
3.2075 4.56224e-05 
3.215 3.37897e-05 
3.2125 3.73547e-05 
3.22 2.76293e-05 
3.2175 3.0558e-05 
3.225 2.25719e-05 
3.2225 2.49757e-05 
3.23 1.84236e-05 
3.2275 2.03948e-05 
3.235 1.50242e-05 
3.2325 1.66392e-05 
3.24 1.22408e-05 
3.2375 1.35628e-05 
3.245 9.96406e-06 
3.2425 1.10452e-05 
3.25 8.10333e-06 
3.2475 8.98668e-06 
3.255 6.58401e-06 
3.2525 7.30511e-06 
3.26 5.3446e-06 
3.2575 5.93271e-06 
3.265 4.33447e-06 
3.2625 4.81367e-06 
3.27 3.51197e-06 
3.2675 3.90206e-06 
3.275 2.84287e-06 
3.2725 3.16012e-06 
3.28 2.29907e-06 
3.2775 2.55685e-06 
3.285 1.85752e-06 
3.2825 2.06678e-06 
3.29 1.49935e-06 
3.2875 1.66905e-06 
3.295 1.20908e-06 
3.2925 1.34658e-06 
3.3 9.74066e-07 
3.2975 1.08536e-06 
3.305 7.83974e-07 
3.3025 8.73971e-07 
3.31 6.30365e-07 
3.3075 7.03071e-07 
3.315 5.0636e-07 
3.3125 5.65039e-07 
3.32 4.0635e-07 
3.3175 4.53662e-07 
3.325 3.25772e-07 
3.3225 3.63882e-07 
3.33 2.60915e-07 
3.3275 2.91581e-07 
3.335 2.08762e-07 
3.3325 2.33415e-07 
3.34 1.66868e-07 
3.3375 1.86666e-07 
3.345 1.33248e-07 
3.3425 1.49132e-07 
3.35 1.06295e-07 
3.3475 1.19025e-07 
3.355 8.47083e-08 
3.3525 9.49014e-08 
3.36 6.74375e-08 
3.3575 7.55906e-08 
3.365 5.36337e-08 
3.3625 6.01484e-08 
3.37 4.26121e-08 
3.3675 4.78123e-08 
3.375 3.38209e-08 
3.3725 3.79677e-08 
3.38 2.6816e-08 
3.3775 3.01193e-08 
3.385 2.12401e-08 
3.3825 2.38688e-08 
3.39 1.68064e-08 
3.3875 1.88961e-08 
3.395 1.32845e-08 
3.3925 1.4944e-08 
3.4 1.04898e-08 
3.3975 1.18062e-08 
3.405 8.27446e-09 
3.4025 9.31771e-09 
3.41 6.52021e-09 
3.4075 7.3461e-09 
3.415 5.13254e-09 
3.4125 5.78566e-09 
3.42 4.03599e-09 
3.4175 4.55195e-09 
3.425 3.17041e-09 
3.4225 3.57758e-09 
3.43 2.48786e-09 
3.4275 2.80884e-09 
3.435 1.95021e-09 
3.4325 2.20298e-09 
3.44 1.52715e-09 
3.4375 1.72599e-09 
3.445 1.1946e-09 
3.4425 1.35086e-09 
3.45 9.33491e-10 
3.4475 1.05615e-09 
3.455 7.28681e-10 
3.4525 8.2486e-10 
3.46 5.68207e-10 
3.4575 6.43545e-10 
3.465 4.42605e-10 
3.4625 5.01554e-10 
3.47 3.44402e-10 
3.4675 3.90479e-10 
3.475 2.67704e-10 
3.4725 3.0368e-10 
3.48 2.07866e-10 
3.4775 2.35926e-10 
3.485 1.61231e-10 
3.4825 1.83093e-10 
3.49 1.24926e-10 
3.4875 1.41941e-10 
3.495 9.66928e-11 
3.4925 1.09921e-10 
3.5 7.47606e-11 
3.4975 8.50336e-11 
3.505 5.77415e-11 
3.5025 6.57109e-11 
3.51 4.45492e-11 
3.5075 5.07249e-11 
3.515 3.43342e-11 
3.5125 3.91147e-11 
3.52 2.64332e-11 
3.5175 3.01297e-11 
3.525 2.03286e-11 
3.5225 2.31839e-11 
3.53 1.56172e-11 
3.5275 1.78202e-11 
3.535 1.19848e-11 
3.5325 1.36828e-11 
3.54 9.18743e-12 
3.5375 1.04947e-11 
3.545 7.03546e-12 
3.5425 8.04082e-12 
3.55 5.38177e-12 
3.5475 6.15412e-12 
3.555 4.11237e-12 
3.5525 4.70507e-12 
3.56 3.13902e-12 
3.5575 3.59336e-12 
3.565 2.39349e-12 
3.5625 2.74138e-12 
3.57 1.82307e-12 
3.5675 2.08917e-12 
3.575 1.3871e-12 
3.5725 1.59042e-12 
3.58 1.05426e-12 
3.5775 1.20944e-12 
3.585 8.00434e-13 
3.5825 9.18744e-13 
3.59 6.07068e-13 
3.5875 6.97169e-13 
3.595 4.59923e-13 
3.5925 5.28467e-13 
3.6 3.48071e-13 
3.5975 4.0016e-13 
3.605 2.63141e-13 
3.6025 3.02681e-13 
3.61 1.98722e-13 
3.6075 2.28704e-13 
3.615 1.49914e-13 
3.6125 1.72624e-13 
3.62 1.12973e-13 
3.6175 1.30156e-13 
3.625 8.50449e-14 
3.6225 9.8032e-14 
3.63 6.39531e-14 
3.6275 7.37583e-14 
3.635 4.80414e-14 
3.6325 5.54363e-14 
3.64 3.60506e-14 
3.6375 4.16217e-14 
3.645 2.70241e-14 
3.6425 3.12167e-14 
3.65 2.02366e-14 
3.6475 2.33883e-14 
3.655 1.5138e-14 
3.6525 1.75048e-14 
3.66 1.13122e-14 
3.6575 1.30877e-14 
3.665 8.44453e-15 
3.6625 9.77497e-15 
3.67 6.29733e-15 
3.6675 7.29324e-15 
3.675 4.69128e-15 
3.6725 5.43598e-15 
3.68 3.49127e-15 
3.6775 4.04754e-15 
3.685 2.59559e-15 
3.6825 3.01067e-15 
3.69 1.92775e-15 
3.6875 2.23716e-15 
3.695 1.43032e-15 
3.6925 1.66071e-15 
3.7 1.06019e-15 
3.6975 1.23157e-15 
3.705 7.85074e-16 
3.7025 9.12428e-16 
3.71 5.80787e-16 
3.7075 6.75327e-16 
3.715 4.29247e-16 
3.7125 4.99358e-16 
3.72 3.16949e-16 
3.7175 3.68891e-16 
3.725 2.33813e-16 
3.7225 2.72256e-16 
3.73 1.72327e-16 
3.7275 2.00751e-16 
3.735 1.26897e-16 
3.7325 1.47893e-16 
3.74 9.3362e-17 
3.7375 1.08857e-16 
3.745 6.86312e-17 
3.7425 8.00552e-17 
3.75 5.04101e-17 
3.7475 5.88249e-17 
3.755 3.69972e-17 
3.7525 4.319e-17 
3.76 2.71325e-17 
3.7575 3.1686e-17 
3.765 1.98837e-17 
3.7625 2.32289e-17 
3.77 1.45615e-17 
3.7675 1.70171e-17 
3.775 1.06571e-17 
3.7725 1.24581e-17 
3.78 7.79491e-18 
3.7775 9.11492e-18 
3.785 5.69838e-18 
3.7825 6.66511e-18 
3.79 4.16375e-18 
3.7875 4.87125e-18 
3.795 3.04115e-18 
3.7925 3.55861e-18 
3.8 2.22047e-18 
3.7975 2.5987e-18 
3.805 1.62084e-18 
3.8025 1.89715e-18 
3.81 1.18294e-18 
3.8075 1.3847e-18 
3.815 8.63281e-19 
3.8125 1.01055e-18 
3.82 6.30025e-19 
3.8175 7.37475e-19 
3.825 4.59863e-19 
3.8225 5.38244e-19 
3.83 3.35753e-19 
3.8275 3.92919e-19 
3.835 2.4524e-19 
3.8325 2.86931e-19 
3.84 1.79228e-19 
3.8375 2.09634e-19 
3.845 1.31079e-19 
3.8425 1.53258e-19 
3.85 9.59499e-20 
3.8475 1.12133e-19 
3.855 7.03101e-20 
3.8525 8.21233e-20 
3.86 5.15861e-20 
3.8575 6.02143e-20 
3.865 3.79029e-20 
3.8625 4.42097e-20 
3.87 2.78949e-20 
3.8675 3.25089e-20 
3.875 2.05671e-20 
3.8725 2.39465e-20 
3.88 1.51952e-20 
3.8775 1.76735e-20 
3.885 1.12515e-20 
3.8825 1.30716e-20 
3.89 8.35156e-21 
3.8875 9.69059e-21 
3.895 6.2152e-21 
3.8925 7.20217e-21 
3.9 4.63816e-21 
3.8975 5.36715e-21 
3.905 3.47139e-21 
3.9025 4.01107e-21 
3.91 2.60605e-21 
3.9075 3.00658e-21 
3.915 1.96259e-21 
3.9125 2.26064e-21 
3.92 1.48276e-21 
3.9175 1.70519e-21 
3.925 1.12391e-21 
3.9225 1.29039e-21 
3.93 8.54702e-22 
3.9275 9.79702e-22 
3.935 6.521e-22 
3.9325 7.46254e-22 
3.94 4.99125e-22 
3.9375 5.70279e-22 
3.945 3.83237e-22 
3.9425 4.37189e-22 
3.95 2.95153e-22 
3.9475 3.36198e-22 
3.955 2.2798e-22 
3.9525 2.59308e-22 
3.96 1.76584e-22 
3.9575 2.00574e-22 
3.965 1.37135e-22 
3.9625 1.55564e-22 
3.97 1.06761e-22 
3.9675 1.20962e-22 
3.975 8.33045e-23 
3.9725 9.428e-23 
3.98 6.5139e-23 
3.9775 7.36451e-23 
3.985 5.10332e-23 
3.9825 5.76429e-23 
3.99 4.00521e-23 
3.9875 4.52009e-23 
3.995 3.14837e-23 
3.9925 3.55037e-23 
4 2.47834e-23 
3.9975 2.79287e-23 
4.005 1.95336e-23 
4.0025 2.19992e-23 
4.01 1.54129e-23 
4.0075 1.7349e-23 
4.015 1.21732e-23 
4.0125 1.3696e-23 
4.02 9.62245e-24 
4.0175 1.08219e-23 
4.025 7.6116e-24 
4.0225 8.55745e-24 
4.03 6.02455e-24 
4.0275 6.77127e-24 
4.035 4.77075e-24 
4.0325 5.36082e-24 
4.04 3.77938e-24 
4.0375 4.24604e-24 
4.045 2.99493e-24 
4.0425 3.36425e-24 
4.05 2.37385e-24 
4.0475 2.6663e-24 
4.055 1.88185e-24 
4.0525 2.11355e-24 
4.06 1.49195e-24 
4.0575 1.67559e-24 
4.065 1.18287e-24 
4.0625 1.32845e-24 
4.07 9.37791e-25 
4.0675 1.05323e-24 
4.075 7.43431e-25 
4.0725 8.34985e-25 
4.08 5.89279e-25 
4.0775 6.61894e-25 
4.085 4.67012e-25 
4.0825 5.24607e-25 
4.09 3.70038e-25 
4.0875 4.15718e-25 
4.095 2.9313e-25 
4.0925 3.29357e-25 
4.1 2.32142e-25 
4.0975 2.60869e-25 
4.105 1.83788e-25 
4.1025 2.06563e-25 
4.11 1.45458e-25 
4.1075 1.6351e-25 
4.115 1.1508e-25 
4.1125 1.29386e-25 
4.12 9.10121e-26 
4.1175 1.02346e-25 
4.125 7.19486e-26 
4.1225 8.0925e-26 
4.13 5.68541e-26 
4.1275 6.3961e-26 
4.135 4.49064e-26 
4.1325 5.05311e-26 
4.14 3.5453e-26 
4.1375 3.9903e-26 
4.145 2.79763e-26 
4.1425 3.14954e-26 
4.15 2.20653e-26 
4.1475 2.48472e-26 
4.155 1.73944e-26 
4.1525 1.95924e-26 
4.16 1.37049e-26 
4.1575 1.54408e-26 
4.165 1.07921e-26 
4.1625 1.21625e-26 
4.17 8.4937e-27 
4.1675 9.57486e-27 
4.175 6.68094e-27 
4.1725 7.53352e-27 
4.18 5.25199e-27 
4.1775 5.92396e-27 
4.185 4.12621e-27 
4.1825 4.65554e-27 
4.19 3.23976e-27 
4.1875 3.65649e-27 
4.195 2.54217e-27 
4.1925 2.87007e-27 
4.2 1.99352e-27 
4.1975 2.25136e-27 
4.205 1.56227e-27 
4.2025 1.76491e-27 
4.21 1.2235e-27 
4.2075 1.38266e-27 
4.215 9.57555e-28 
4.2125 1.08248e-27 
4.22 7.48908e-28 
4.2175 8.46901e-28 
4.225 5.85321e-28 
4.2225 6.62137e-28 
4.23 4.57147e-28 
4.2275 5.17324e-28 
4.235 3.56787e-28 
4.2325 4.03897e-28 
4.24 2.7826e-28 
4.2375 3.15115e-28 
4.245 2.16858e-28 
4.2425 2.4567e-28 
4.25 1.68881e-28 
4.2475 1.91389e-28 
4.255 1.3142e-28 
4.2525 1.48991e-28 
4.26 1.02191e-28 
4.2575 1.15899e-28 
4.265 7.94028e-29 
4.2625 9.00878e-29 
4.27 6.16483e-29 
4.2675 6.99713e-29 
4.275 4.78264e-29 
4.2725 5.43045e-29 
4.28 3.70742e-29 
4.2775 4.21126e-29 
4.285 2.87164e-29 
4.2825 3.2632e-29 
4.29 2.22249e-29 
4.2875 2.52655e-29 
4.295 1.71868e-29 
4.2925 1.95461e-29 
4.3 1.328e-29 
4.2975 1.51092e-29 
4.305 1.02527e-29 
4.3025 1.16698e-29 
4.31 7.90898e-30 
4.3075 9.00585e-30 
4.315 6.09589e-30 
4.3125 6.94422e-30 
4.32 4.69446e-30 
4.3175 5.35003e-30 
4.325 3.61214e-30 
4.3225 4.11833e-30 
4.33 2.77696e-30 
4.3275 3.16748e-30 
4.335 2.13305e-30 
4.3325 2.43406e-30 
4.34 1.63702e-30 
4.3375 1.86884e-30 
4.345 1.25523e-30 
4.3425 1.43362e-30 
4.35 9.6164e-31 
4.3475 1.09879e-30 
4.355 7.36064e-31 
4.3525 8.41417e-31 
4.36 5.629e-31 
4.3575 6.43755e-31 
4.365 4.30087e-31 
4.3625 4.92086e-31 
4.37 3.28314e-31 
4.3675 3.75812e-31 
4.375 2.50396e-31 
4.3725 2.86752e-31 
4.38 1.90797e-31 
4.3775 2.18599e-31 
4.385 1.45249e-31 
4.3825 1.66491e-31 
4.39 1.10474e-31 
4.3875 1.26688e-31 
4.395 8.3946e-32 
4.3925 9.63115e-32 
4.4 6.3729e-32 
4.3975 7.31506e-32 
4.405 4.83358e-32 
4.4025 5.55076e-32 
4.41 3.66263e-32 
4.4075 4.20805e-32 
4.415 2.77273e-32 
4.4125 3.18713e-32 
4.42 2.09706e-32 
4.4175 2.41163e-32 
4.425 1.58454e-32 
4.4225 1.82309e-32 
4.43 1.19614e-32 
4.4275 1.37687e-32 
4.435 9.02075e-33 
4.4325 1.03887e-32 
4.44 6.79654e-33 
4.4375 7.83098e-33 
4.445 5.11581e-33 
4.4425 5.89728e-33 
4.45 3.84699e-33 
4.4475 4.43679e-33 
4.455 2.89006e-33 
4.4525 3.33477e-33 
4.46 2.16906e-33 
4.4575 2.50404e-33 
4.465 1.62634e-33 
4.4625 1.87842e-33 
4.47 1.21822e-33 
4.4675 1.40773e-33 
4.475 9.11626e-34 
4.4725 1.05396e-33 
4.48 6.81521e-34 
4.4775 7.88315e-34 
4.485 5.08996e-34 
4.4825 5.89045e-34 
4.49 3.79769e-34 
4.4875 4.39713e-34 
4.495 2.83071e-34 
4.4925 3.27914e-34 
4.5 2.10785e-34 
4.4975 2.44298e-34 
4.505 1.56802e-34 
4.5025 1.81823e-34 
4.51 1.16528e-34 
4.5075 1.3519e-34 
4.515 8.65122e-35 
4.5125 1.00417e-34 
4.52 6.41635e-35 
4.5175 7.45136e-35 
4.525 4.75405e-35 
4.5225 5.52368e-35 
4.53 3.51887e-35 
4.5275 4.09059e-35 
4.535 2.60199e-35 
4.5325 3.02627e-35 
4.54 1.92207e-35 
4.5375 2.23661e-35 
4.545 1.41839e-35 
4.5425 1.65134e-35 
4.55 1.04564e-35 
4.5475 1.21799e-35 
4.555 7.70071e-36 
4.5525 8.97449e-36 
4.56 5.66549e-36 
4.5575 6.60598e-36 
4.565 4.16393e-36 
4.5625 4.85762e-36 
4.57 3.05723e-36 
4.5675 3.56836e-36 
4.575 2.24238e-36 
4.5725 2.61862e-36 
4.58 1.64305e-36 
4.5775 1.9197e-36 
4.585 1.20267e-36 
4.5825 1.40589e-36 
4.59 8.79425e-37 
4.5875 1.02855e-36 
4.595 6.42403e-37 
4.5925 7.51721e-37 
4.6 4.68783e-37 
4.5975 5.48836e-37 
4.605 3.41736e-37 
4.6025 4.00299e-37 
4.61 2.48865e-37 
4.6075 2.91663e-37 
4.615 1.81047e-37 
4.6125 2.12291e-37 
4.62 1.31575e-37 
4.6175 1.54361e-37 
4.625 9.55234e-38 
4.6225 1.12123e-37 
4.63 6.92785e-38 
4.6275 8.13593e-38 
4.635 5.01926e-38 
4.6325 5.89756e-38 
4.64 3.63273e-38 
4.6375 4.27061e-38 
4.645 2.62651e-38 
4.6425 3.0893e-38 
4.65 1.89705e-38 
4.6475 2.23245e-38 
4.655 1.36876e-38 
4.6525 1.6116e-38 
4.66 9.86574e-39 
4.6575 1.1622e-38 
4.665 7.10367e-39 
4.6625 8.37259e-39 
4.67 5.1096e-39 
4.6675 6.02543e-39 
4.675 3.67149e-39 
4.6725 4.33179e-39 
4.68 2.63541e-39 
4.6775 3.11099e-39 
4.685 1.88975e-39 
4.6825 2.23192e-39 
4.69 1.35366e-39 
4.6875 1.5996e-39 
4.695 9.68652e-40 
4.6925 1.14523e-39 
4.7 6.92429e-40 
4.6975 8.19077e-40 
4.705 4.94461e-40 
4.7025 5.85204e-40 
4.71 3.52728e-40 
4.7075 4.17676e-40 
4.715 2.5136e-40 
4.7125 2.97798e-40 
4.72 1.78939e-40 
4.7175 2.12106e-40 
4.725 1.27251e-40 
4.7225 1.50916e-40 
4.73 9.03997e-41 
4.7275 1.07267e-40 
4.735 6.41539e-41 
4.7325 7.61637e-41 
4.74 4.54809e-41 
4.7375 5.4023e-41 
4.745 3.22095e-41 
4.7425 3.82789e-41 
4.75 2.27871e-41 
4.7475 2.7095e-41 
4.755 1.61043e-41 
4.7525 1.91588e-41 
4.76 1.13696e-41 
4.7575 1.35331e-41 
4.765 8.01864e-42 
4.7625 9.54942e-42 
4.77 5.64942e-42 
4.7675 6.7314e-42 
4.775 3.97609e-42 
4.7725 4.74005e-42 
4.78 2.7955e-42 
4.7775 3.33435e-42 
4.785 1.96341e-42 
4.7825 2.34308e-42 
4.79 1.37757e-42 
4.7875 1.64481e-42 
4.795 9.65528e-43 
4.7925 1.15343e-42 
4.8 6.76031e-43 
4.7975 8.08013e-43 
4.805 4.72845e-43 
4.8025 5.65451e-43 
4.81 3.30385e-43 
4.8075 3.95296e-43 
4.815 2.30607e-43 
4.8125 2.76057e-43 
4.82 1.60796e-43 
4.8175 1.92587e-43 
4.825 1.12003e-43 
4.8225 1.34216e-43 
4.83 7.79348e-44 
4.8275 9.34398e-44 
4.835 5.41733e-44 
4.8325 6.49846e-44 
4.84 3.76175e-44 
4.8375 4.51481e-44 
4.845 2.60943e-44 
4.8425 3.13343e-44 
4.85 1.80823e-44 
4.8475 2.17246e-44 
4.855 1.25173e-44 
4.8525 1.50464e-44 
4.86 8.65605e-45 
4.8575 1.04104e-44 
4.865 5.97972e-45 
4.8625 7.19536e-45 
4.87 4.12661e-45 
4.8675 4.96809e-45 
4.875 2.84484e-45 
4.8725 3.42671e-45 
4.88 1.95918e-45 
4.8775 2.36112e-45 
4.885 1.34786e-45 
4.8825 1.62521e-45 
4.89 9.26328e-46 
4.8875 1.11752e-45 
4.895 6.35973e-46 
4.8925 7.67632e-46 
4.9 4.3618e-46 
4.8975 5.26749e-46 
4.905 2.98845e-46 
4.9025 3.61083e-46 
4.91 2.0454e-46 
4.9075 2.47265e-46 
4.915 1.39851e-46 
4.9125 1.6915e-46 
4.92 9.55226e-47 
4.9175 1.15594e-46 
4.925 6.51781e-47 
4.9225 7.89141e-47 
4.93 4.44277e-47 
4.9275 5.38181e-47 
4.935 3.02527e-47 
4.9325 3.66656e-47 
4.94 2.05796e-47 
4.9375 2.49546e-47 
4.945 1.39858e-47 
4.9425 1.69672e-47 
4.95 9.49593e-48 
4.9475 1.15254e-47 
4.955 6.44235e-48 
4.9525 7.8221e-48 
4.96 4.36848e-48 
4.9575 5.30515e-48 
4.965 2.96256e-48 
4.9625 3.59717e-48 
4.97 2.01211e-48 
4.9675 2.4407e-48 
4.975 1.37275e-48 
4.9725 1.66052e-48 
4.98 9.46833e-49 
4.9775 1.1378e-48 
4.985 6.69035e-49 
4.9825 7.92524e-49 
4.99 4.9655e-49 
4.9875 5.71609e-49 
4.995 4.02711e-49 
4.9925 4.40954e-49 
5 3.7297e-49 
4.9975 3.8033e-49 
