0 1.08378e-19 
0.005 1.1205e-19 
0.0025 1.09292e-19 
0.01 1.23304e-19 
0.0075 1.16696e-19 
0.015 1.42861e-19 
0.0125 1.31979e-19 
0.02 1.71975e-19 
0.0175 1.56122e-19 
0.025 2.12505e-19 
0.0225 1.9067e-19 
0.03 2.67027e-19 
0.0275 2.37824e-19 
0.035 3.38987e-19 
0.0325 3.00572e-19 
0.04 4.32909e-19 
0.0375 3.82871e-19 
0.045 5.54659e-19 
0.0425 4.89877e-19 
0.05 7.11786e-19 
0.0475 6.2825e-19 
0.055 9.13969e-19 
0.0525 8.06542e-19 
0.06 1.17357e-18 
0.0575 1.03569e-18 
0.065 1.50632e-18 
0.0625 1.32966e-18 
0.07 1.93227e-18 
0.0675 1.7062e-18 
0.075 2.47685e-18 
0.0725 2.18789e-18 
0.08 3.17231e-18 
0.0775 2.80339e-18 
0.085 4.05953e-18 
0.0825 3.589e-18 
0.09 5.1902e-18 
0.0875 4.5907e-18 
0.095 6.62965e-18 
0.0925 5.86661e-18 
0.1 8.46038e-18 
0.0975 7.49015e-18 
0.105 1.07864e-17 
0.1025 9.55397e-18 
0.11 1.37387e-17 
0.1075 1.21748e-17 
0.115 1.7482e-17 
0.1125 1.54996e-17 
0.12 2.22237e-17 
0.1175 1.97132e-17 
0.125 2.82237e-17 
0.1225 2.50477e-17 
0.13 3.58082e-17 
0.1275 3.17945e-17 
0.135 4.53856e-17 
0.1325 4.03185e-17 
0.14 5.74672e-17 
0.1375 5.10767e-17 
0.145 7.26916e-17 
0.1425 6.46408e-17 
0.15 9.18564e-17 
0.1475 8.17243e-17 
0.155 1.15956e-16 
0.1525 1.03218e-16 
0.16 1.46228e-16 
0.1575 1.30232e-16 
0.165 1.84214e-16 
0.1625 1.64147e-16 
0.17 2.31828e-16 
0.1675 2.06681e-16 
0.175 2.91445e-16 
0.1725 2.59966e-16 
0.18 3.6601e-16 
0.1775 3.26649e-16 
0.185 4.59171e-16 
0.1825 4.10006e-16 
0.19 5.75435e-16 
0.1875 5.14094e-16 
0.195 7.20373e-16 
0.1925 6.43923e-16 
0.2 9.00856e-16 
0.1975 8.05682e-16 
0.205 1.12535e-15 
0.2025 1.007e-15 
0.21 1.40427e-15 
0.2075 1.25727e-15 
0.215 1.75043e-15 
0.2125 1.56803e-15 
0.22 2.17953e-15 
0.2175 1.9535e-15 
0.225 2.71086e-15 
0.2225 2.43105e-15 
0.23 3.36801e-15 
0.2275 3.02204e-15 
0.235 4.17983e-15 
0.2325 3.75254e-15 
0.24 5.18155e-15 
0.2375 4.65446e-15 
0.245 6.41615e-15 
0.2425 5.76671e-15 
0.25 7.93598e-15 
0.2475 7.13672e-15 
0.255 9.80471e-15 
0.2525 8.82224e-15 
0.26 1.20997e-14 
0.2575 1.08935e-14 
0.265 1.49147e-14 
0.2625 1.34356e-14 
0.27 1.83634e-14 
0.2675 1.65518e-14 
0.275 2.25832e-14 
0.2725 2.03672e-14 
0.28 2.77403e-14 
0.2775 2.50329e-14 
0.285 3.40348e-14 
0.2825 3.07313e-14 
0.29 4.1708e-14 
0.2875 3.76822e-14 
0.295 5.10498e-14 
0.2925 4.615e-14 
0.3 6.24085e-14 
0.2975 5.64527e-14 
0.305 7.62015e-14 
0.3025 6.89715e-14 
0.31 9.29283e-14 
0.3075 8.41633e-14 
0.315 1.13186e-13 
0.3125 1.02574e-13 
0.32 1.37686e-13 
0.3175 1.24856e-13 
0.325 1.67277e-13 
0.3225 1.51786e-13 
0.33 2.02965e-13 
0.3275 1.84288e-13 
0.335 2.45947e-13 
0.3325 2.23461e-13 
0.34 2.97638e-13 
0.3375 2.70606e-13 
0.345 3.59712e-13 
0.3425 3.27261e-13 
0.35 4.34141e-13 
0.3475 3.95245e-13 
0.355 5.23249e-13 
0.3525 4.767e-13 
0.36 6.29765e-13 
0.3575 5.74143e-13 
0.365 7.56886e-13 
0.3625 6.9053e-13 
0.37 9.08352e-13 
0.3675 8.29319e-13 
0.375 1.08853e-12 
0.3725 9.94551e-13 
0.38 1.30248e-12 
0.3775 1.19093e-12 
0.385 1.55612e-12 
0.3825 1.42394e-12 
0.39 1.85626e-12 
0.3875 1.69991e-12 
0.395 2.21079e-12 
0.3925 2.02619e-12 
0.4 2.6288e-12 
0.3975 2.41124e-12 
0.405 3.12072e-12 
0.4025 2.86481e-12 
0.41 3.69852e-12 
0.4075 3.39807e-12 
0.415 4.37587e-12 
0.4125 4.02382e-12 
0.42 5.16837e-12 
0.4175 4.75667e-12 
0.425 6.09376e-12 
0.4225 5.61325e-12 
0.43 7.17217e-12 
0.4275 6.61248e-12 
0.435 8.42641e-12 
0.4325 7.77577e-12 
0.44 9.88224e-12 
0.4375 9.12738e-12 
0.445 1.15687e-11 
0.4425 1.06947e-11 
0.45 1.35187e-11 
0.4475 1.25086e-11 
0.455 1.5769e-11 
0.4525 1.46038e-11 
0.46 1.83611e-11 
0.4575 1.70195e-11 
0.465 2.13417e-11 
0.4625 1.97997e-11 
0.47 2.47632e-11 
0.4675 2.29938e-11 
0.475 2.86847e-11 
0.4725 2.66575e-11 
0.48 3.31725e-11 
0.4775 3.08533e-11 
0.485 3.83014e-11 
0.4825 3.56517e-11 
0.49 4.41557e-11 
0.4875 4.11322e-11 
0.495 5.08306e-11 
0.4925 4.73842e-11 
0.5 5.84335e-11 
0.4975 5.45088e-11 
0.505 6.7086e-11 
0.5025 6.26203e-11 
0.51 7.69256e-11 
0.5075 7.18481e-11 
0.515 8.81084e-11 
0.5125 8.23386e-11 
0.52 1.00811e-10 
0.5175 9.42577e-11 
0.525 1.15234e-10 
0.5225 1.07794e-10 
0.53 1.31605e-10 
0.5275 1.2316e-10 
0.535 1.50182e-10 
0.5325 1.406e-10 
0.54 1.71258e-10 
0.5375 1.60388e-10 
0.545 1.95167e-10 
0.5425 1.82836e-10 
0.55 2.22286e-10 
0.5475 2.083e-10 
0.555 2.53043e-10 
0.5525 2.3718e-10 
0.56 2.87924e-10 
0.5575 2.69935e-10 
0.565 3.27481e-10 
0.5625 3.07081e-10 
0.57 3.72338e-10 
0.5675 3.49205e-10 
0.575 4.23202e-10 
0.5725 3.96971e-10 
0.58 4.80875e-10 
0.5775 4.51134e-10 
0.585 5.46264e-10 
0.5825 5.12544e-10 
0.59 6.20395e-10 
0.5875 5.82168e-10 
0.595 7.04429e-10 
0.5925 6.61096e-10 
0.6 7.99679e-10 
0.5975 7.50563e-10 
0.605 9.07626e-10 
0.6025 8.51965e-10 
0.61 1.02995e-09 
0.6075 9.66878e-10 
0.615 1.16854e-09 
0.6125 1.09708e-09 
0.62 1.32553e-09 
0.6175 1.24459e-09 
0.625 1.50335e-09 
0.6225 1.41167e-09 
0.63 1.7047e-09 
0.6275 1.6009e-09 
0.635 1.93266e-09 
0.6325 1.81514e-09 
0.64 2.19069e-09 
0.6375 2.05768e-09 
0.645 2.4827e-09 
0.6425 2.33219e-09 
0.65 2.81309e-09 
0.6475 2.6428e-09 
0.655 3.18682e-09 
0.6525 2.9942e-09 
0.66 3.60947e-09 
0.6575 3.39165e-09 
0.665 4.08734e-09 
0.6625 3.84108e-09 
0.67 4.62751e-09 
0.6675 4.34916e-09 
0.675 5.23796e-09 
0.6725 4.92341e-09 
0.68 5.92767e-09 
0.6775 5.5723e-09 
0.685 6.70674e-09 
0.6825 6.30536e-09 
0.69 7.58655e-09 
0.6875 7.13329e-09 
0.695 8.57987e-09 
0.6925 8.06816e-09 
0.7 9.7011e-09 
0.6975 9.12353e-09 
0.705 1.09664e-08 
0.7025 1.03146e-08 
0.71 1.23939e-08 
0.7075 1.16587e-08 
0.715 1.40041e-08 
0.7125 1.31748e-08 
0.72 1.582e-08 
0.7175 1.48848e-08 
0.725 1.78672e-08 
0.7225 1.68129e-08 
0.73 2.01749e-08 
0.7275 1.89866e-08 
0.735 2.27755e-08 
0.7325 2.14364e-08 
0.74 2.57057e-08 
0.7375 2.4197e-08 
0.745 2.90063e-08 
0.7425 2.73069e-08 
0.75 3.27236e-08 
0.7475 3.08098e-08 
0.755 3.69091e-08 
0.7525 3.47543e-08 
0.76 4.16211e-08 
0.7575 3.91954e-08 
0.765 4.69244e-08 
0.7625 4.41944e-08 
0.77 5.28923e-08 
0.7675 4.98204e-08 
0.775 5.96067e-08 
0.7725 5.61507e-08 
0.78 6.71595e-08 
0.7775 6.32722e-08 
0.785 7.56539e-08 
0.7825 7.12821e-08 
0.79 8.52054e-08 
0.7875 8.02897e-08 
0.795 9.59437e-08 
0.7925 9.04175e-08 
0.8 1.08014e-07 
0.7975 1.01803e-07 
0.805 1.2158e-07 
0.8025 1.14599e-07 
0.81 1.36823e-07 
0.8075 1.28979e-07 
0.815 1.53948e-07 
0.8125 1.45137e-07 
0.82 1.73186e-07 
0.8175 1.63288e-07 
0.825 1.94792e-07 
0.8225 1.83675e-07 
0.83 2.19055e-07 
0.8275 2.06572e-07 
0.835 2.46297e-07 
0.8325 2.32282e-07 
0.84 2.7688e-07 
0.8375 2.61147e-07 
0.845 3.11209e-07 
0.8425 2.93549e-07 
0.85 3.49737e-07 
0.8475 3.29918e-07 
0.855 3.92972e-07 
0.8525 3.70732e-07 
0.86 4.41482e-07 
0.8575 4.16529e-07 
0.865 4.95905e-07 
0.8625 4.67912e-07 
0.87 5.56954e-07 
0.8675 5.25554e-07 
0.875 6.25427e-07 
0.8725 5.90209e-07 
0.88 7.02218e-07 
0.8775 6.62723e-07 
0.885 7.88329e-07 
0.8825 7.44042e-07 
0.89 8.84878e-07 
0.8875 8.35223e-07 
0.895 9.9312e-07 
0.8925 9.37453e-07 
0.9 1.11446e-06 
0.8975 1.05206e-06 
0.905 1.25047e-06 
0.9025 1.18053e-06 
0.91 1.4029e-06 
0.9075 1.32451e-06 
0.915 1.57373e-06 
0.9125 1.48589e-06 
0.92 1.76516e-06 
0.9175 1.66672e-06 
0.925 1.97965e-06 
0.9225 1.86936e-06 
0.93 2.21996e-06 
0.9275 2.09639e-06 
0.935 2.48918e-06 
0.9325 2.35075e-06 
0.94 2.79075e-06 
0.9375 2.63569e-06 
0.945 3.12856e-06 
0.9425 2.95487e-06 
0.95 3.50691e-06 
0.9475 3.31238e-06 
0.955 3.93065e-06 
0.9525 3.71278e-06 
0.96 4.40518e-06 
0.9575 4.1612e-06 
0.965 4.93658e-06 
0.9625 4.66337e-06 
0.97 5.53159e-06 
0.9675 5.22568e-06 
0.975 6.19782e-06 
0.9725 5.8553e-06 
0.98 6.94373e-06 
0.9775 6.56025e-06 
0.985 7.77882e-06 
0.9825 7.34949e-06 
0.99 8.71368e-06 
0.9875 8.23307e-06 
0.995 9.7602e-06 
0.9925 9.22219e-06 
1 1.09316e-05 
0.9975 1.03294e-05 
1.005 1.22429e-05 
1.0025 1.15688e-05 
1.01 1.37105e-05 
1.0075 1.2956e-05 
1.015 1.5353e-05 
1.0125 1.45086e-05 
1.02 1.71914e-05 
1.0175 1.62463e-05 
1.025 1.92487e-05 
1.0225 1.81911e-05 
1.03 2.15511e-05 
1.0275 2.03675e-05 
1.035 2.41275e-05 
1.0325 2.28031e-05 
1.04 2.70105e-05 
1.0375 2.55285e-05 
1.045 3.02366e-05 
1.0425 2.85783e-05 
1.05 3.38464e-05 
1.0475 3.19908e-05 
1.055 3.78853e-05 
1.0525 3.58091e-05 
1.06 4.24044e-05 
1.0575 4.00815e-05 
1.065 4.74606e-05 
1.0625 4.48615e-05 
1.07 5.31174e-05 
1.0675 5.02096e-05 
1.075 5.94462e-05 
1.0725 5.6193e-05 
1.08 6.65266e-05 
1.0775 6.28871e-05 
1.085 7.44476e-05 
1.0825 7.0376e-05 
1.09 8.33088e-05 
1.0875 7.8754e-05 
1.095 9.32217e-05 
1.0925 8.81263e-05 
1.1 0.000104311 
1.0975 9.86109e-05 
1.105 0.000116716 
1.1025 0.000110339 
1.11 0.000130592 
1.1075 0.000123459 
1.115 0.000146113 
1.1125 0.000138135 
1.12 0.000163475 
1.1175 0.000154551 
1.125 0.000182896 
1.1225 0.000172913 
1.13 0.000204618 
1.1275 0.000193453 
1.135 0.000228914 
1.1325 0.000216426 
1.14 0.00025609 
1.1375 0.000242122 
1.145 0.000286485 
1.1425 0.000270862 
1.15 0.000320481 
1.1475 0.000303008 
1.155 0.000358503 
1.1525 0.00033896 
1.16 0.000401028 
1.1575 0.000379171 
1.165 0.000448587 
1.1625 0.000424142 
1.17 0.000501777 
1.1675 0.000474438 
1.175 0.000561261 
1.1725 0.000530687 
1.18 0.000627785 
1.1775 0.000593593 
1.185 0.000702179 
1.1825 0.000663943 
1.19 0.000785373 
1.1875 0.000742614 
1.195 0.000878406 
1.1925 0.00083059 
1.2 0.000982437 
1.1975 0.000928969 
1.205 0.00109877 
1.2025 0.00103898 
1.21 0.00122884 
1.2075 0.00116199 
1.215 0.00137428 
1.2125 0.00129953 
1.22 0.0015369 
1.2175 0.00145332 
1.225 0.00171871 
1.2225 0.00162527 
1.23 0.00192197 
1.2275 0.00181751 
1.235 0.00214921 
1.2325 0.00203243 
1.24 0.00240324 
1.2375 0.00227269 
1.245 0.0026872 
1.2425 0.00254127 
1.25 0.0030046 
1.2475 0.00284149 
1.255 0.00335935 
1.2525 0.00317704 
1.26 0.0037558 
1.2575 0.00355207 
1.265 0.00419884 
1.2625 0.00397117 
1.27 0.00469388 
1.2675 0.0044395 
1.275 0.00524696 
1.2725 0.00496276 
1.28 0.00586482 
1.2775 0.00554734 
1.285 0.00655494 
1.2825 0.00620035 
1.29 0.00732567 
1.2875 0.00692968 
1.295 0.00818627 
1.2925 0.00774412 
1.3 0.00914704 
1.2975 0.00865344 
1.305 0.0102194 
1.3025 0.00966851 
1.31 0.011416 
1.3075 0.0108013 
1.315 0.012751 
1.3125 0.0120653 
1.32 0.0142399 
1.3175 0.0134752 
1.325 0.0158998 
1.3225 0.0150473 
1.33 0.0177498 
1.3275 0.0167998 
1.335 0.0198107 
1.3325 0.0187525 
1.34 0.0221057 
1.3375 0.0209274 
1.345 0.0246598 
1.3425 0.0233487 
1.35 0.0275009 
1.3475 0.0260427 
1.355 0.0306592 
1.3525 0.0290384 
1.36 0.0341676 
1.3575 0.0323675 
1.365 0.0380619 
1.3625 0.0360641 
1.37 0.0423808 
1.3675 0.0401657 
1.375 0.0471659 
1.3725 0.0447123 
1.38 0.0524621 
1.3775 0.0497472 
1.385 0.0583169 
1.3825 0.0553166 
1.39 0.0647809 
1.3875 0.0614695 
1.395 0.0719071 
1.3925 0.0682578 
1.4 0.0797509 
1.3975 0.0757358 
1.405 0.0883695 
1.4025 0.0839597 
1.41 0.097821 
1.4075 0.0929874 
1.415 0.108164 
1.4125 0.102878 
1.42 0.119457 
1.4175 0.113688 
1.425 0.131756 
1.4225 0.125477 
1.43 0.145113 
1.4275 0.138299 
1.435 0.159576 
1.4325 0.152203 
1.44 0.175186 
1.4375 0.167236 
1.445 0.191976 
1.4425 0.183432 
1.45 0.209966 
1.4475 0.20082 
1.455 0.229165 
1.4525 0.219414 
1.46 0.249565 
1.4575 0.239216 
1.465 0.271143 
1.4625 0.260209 
1.47 0.293858 
1.4675 0.282362 
1.475 0.317646 
1.4725 0.305622 
1.48 0.342427 
1.4775 0.329918 
1.485 0.368097 
1.4825 0.355158 
1.49 0.394538 
1.4875 0.38123 
1.495 0.42161 
1.4925 0.408004 
1.5 0.449161 
1.4975 0.435336 
1.505 0.477026 
1.5025 0.463065 
1.51 0.505034 
1.5075 0.491023 
1.515 0.533009 
1.5125 0.519036 
1.52 0.560776 
1.5175 0.546929 
1.525 0.588165 
1.5225 0.574528 
1.53 0.615018 
1.5275 0.601668 
1.535 0.641185 
1.5325 0.628195 
1.54 0.666535 
1.5375 0.65397 
1.545 0.690956 
1.5425 0.678868 
1.55 0.714352 
1.5475 0.702787 
1.555 0.73665 
1.5525 0.725642 
1.56 0.757795 
1.5575 0.747369 
1.565 0.777753 
1.5625 0.767924 
1.57 0.796505 
1.5675 0.78728 
1.575 0.814052 
1.5725 0.805429 
1.58 0.830406 
1.5775 0.822377 
1.585 0.845593 
1.5825 0.838143 
1.59 0.859648 
1.5875 0.85276 
1.595 0.872616 
1.5925 0.866265 
1.6 0.884545 
1.5975 0.878707 
1.605 0.89549 
1.6025 0.890137 
1.61 0.905507 
1.6075 0.900611 
1.615 0.914655 
1.6125 0.910186 
1.62 0.922991 
1.6175 0.918921 
1.625 0.930575 
1.6225 0.926874 
1.63 0.937462 
1.6275 0.934102 
1.635 0.943707 
1.6325 0.940661 
1.64 0.949361 
1.6375 0.946605 
1.645 0.954475 
1.6425 0.951983 
1.65 0.959094 
1.6475 0.956844 
1.655 0.963263 
1.6525 0.961232 
1.66 0.967021 
1.6575 0.965191 
1.665 0.970406 
1.6625 0.968758 
1.67 0.973454 
1.6675 0.97197 
1.675 0.976195 
1.6725 0.974861 
1.68 0.978659 
1.6775 0.97746 
1.685 0.980873 
1.6825 0.979796 
1.69 0.982862 
1.6875 0.981894 
1.695 0.984647 
1.6925 0.983778 
1.7 0.986248 
1.6975 0.985469 
1.705 0.987685 
1.7025 0.986986 
1.71 0.988974 
1.7075 0.988347 
1.715 0.990128 
1.7125 0.989567 
1.72 0.991163 
1.7175 0.99066 
1.725 0.992091 
1.7225 0.99164 
1.73 0.992922 
1.7275 0.992518 
1.735 0.993666 
1.7325 0.993304 
1.74 0.994332 
1.7375 0.994008 
1.745 0.994929 
1.7425 0.994639 
1.75 0.995463 
1.7475 0.995203 
1.755 0.995941 
1.7525 0.995709 
1.76 0.996369 
1.7575 0.996161 
1.765 0.996752 
1.7625 0.996566 
1.77 0.997095 
1.7675 0.996928 
1.775 0.997402 
1.7725 0.997253 
1.78 0.997676 
1.7775 0.997543 
1.785 0.997922 
1.7825 0.997802 
1.79 0.998141 
1.7875 0.998035 
1.795 0.998338 
1.7925 0.998242 
1.8 0.998514 
1.7975 0.998428 
1.805 0.998671 
1.8025 0.998594 
1.81 0.998811 
1.8075 0.998743 
1.815 0.998937 
1.8125 0.998876 
1.82 0.99905 
1.8175 0.998995 
1.825 0.99915 
1.8225 0.999101 
1.83 0.99924 
1.8275 0.999197 
1.835 0.999321 
1.8325 0.999282 
1.84 0.999393 
1.8375 0.999358 
1.845 0.999457 
1.8425 0.999426 
1.85 0.999514 
1.8475 0.999486 
1.855 0.999566 
1.8525 0.999541 
1.86 0.999612 
1.8575 0.999589 
1.865 0.999653 
1.8625 0.999633 
1.87 0.99969 
1.8675 0.999672 
1.875 0.999722 
1.8725 0.999707 
1.88 0.999752 
1.8775 0.999738 
1.885 0.999778 
1.8825 0.999765 
1.89 0.999801 
1.8875 0.99979 
1.895 0.999822 
1.8925 0.999812 
1.9 0.999841 
1.8975 0.999832 
1.905 0.999858 
1.9025 0.99985 
1.91 0.999873 
1.9075 0.999865 
1.915 0.999886 
1.9125 0.999879 
1.92 0.999898 
1.9175 0.999892 
1.925 0.999908 
1.9225 0.999903 
1.93 0.999917 
1.9275 0.999913 
1.935 0.999926 
1.9325 0.999922 
1.94 0.999933 
1.9375 0.99993 
1.945 0.99994 
1.9425 0.999937 
1.95 0.999945 
1.9475 0.999943 
1.955 0.999951 
1.9525 0.999948 
1.96 0.999955 
1.9575 0.999953 
1.965 0.999959 
1.9625 0.999957 
1.97 0.999962 
1.9675 0.999961 
1.975 0.999965 
1.9725 0.999964 
1.98 0.999968 
1.9775 0.999966 
1.985 0.99997 
1.9825 0.999969 
1.99 0.999971 
1.9875 0.99997 
1.995 0.999973 
1.9925 0.999972 
2 0.999973 
1.9975 0.999973 
2.005 0.999974 
2.0025 0.999974 
2.01 0.999974 
2.0075 0.999974 
2.015 0.999974 
2.0125 0.999974 
2.02 0.999974 
2.0175 0.999974 
2.025 0.999973 
2.0225 0.999974 
2.03 0.999972 
2.0275 0.999973 
2.035 0.999971 
2.0325 0.999972 
2.04 0.99997 
2.0375 0.99997 
2.045 0.999968 
2.0425 0.999969 
2.05 0.999965 
2.0475 0.999966 
2.055 0.999962 
2.0525 0.999964 
2.06 0.999959 
2.0575 0.999961 
2.065 0.999955 
2.0625 0.999957 
2.07 0.999951 
2.0675 0.999953 
2.075 0.999946 
2.0725 0.999949 
2.08 0.999941 
2.0775 0.999944 
2.085 0.999935 
2.0825 0.999938 
2.09 0.999928 
2.0875 0.999932 
2.095 0.99992 
2.0925 0.999924 
2.1 0.999912 
2.0975 0.999916 
2.105 0.999902 
2.1025 0.999907 
2.11 0.999892 
2.1075 0.999897 
2.115 0.99988 
2.1125 0.999886 
2.12 0.999866 
2.1175 0.999873 
2.125 0.999852 
2.1225 0.999859 
2.13 0.999835 
2.1275 0.999843 
2.135 0.999817 
2.1325 0.999826 
2.14 0.999796 
2.1375 0.999807 
2.145 0.999773 
2.1425 0.999785 
2.15 0.999748 
2.1475 0.999761 
2.155 0.99972 
2.1525 0.999735 
2.16 0.999689 
2.1575 0.999705 
2.165 0.999654 
2.1625 0.999672 
2.17 0.999615 
2.1675 0.999635 
2.175 0.999572 
2.1725 0.999594 
2.18 0.999525 
2.1775 0.999549 
2.185 0.999472 
2.1825 0.999499 
2.19 0.999413 
2.1875 0.999443 
2.195 0.999347 
2.1925 0.999381 
2.2 0.999274 
2.1975 0.999312 
2.205 0.999193 
2.2025 0.999235 
2.21 0.999103 
2.2075 0.999149 
2.215 0.999003 
2.2125 0.999055 
2.22 0.998892 
2.2175 0.998949 
2.225 0.998769 
2.2225 0.998832 
2.23 0.998632 
2.2275 0.998702 
2.235 0.99848 
2.2325 0.998558 
2.24 0.998311 
2.2375 0.998397 
2.245 0.998123 
2.2425 0.998219 
2.25 0.997915 
2.2475 0.998022 
2.255 0.997683 
2.2525 0.997802 
2.26 0.997426 
2.2575 0.997558 
2.265 0.997141 
2.2625 0.997287 
2.27 0.996824 
2.2675 0.996986 
2.275 0.996472 
2.2725 0.996652 
2.28 0.996081 
2.2775 0.996282 
2.285 0.995648 
2.2825 0.99587 
2.29 0.995166 
2.2875 0.995413 
2.295 0.994632 
2.2925 0.994906 
2.3 0.99404 
2.2975 0.994344 
2.305 0.993383 
2.3025 0.99372 
2.31 0.992653 
2.3075 0.993027 
2.315 0.991845 
2.3125 0.992259 
2.32 0.990948 
2.3175 0.991408 
2.325 0.989953 
2.3225 0.990463 
2.33 0.988851 
2.3275 0.989416 
2.335 0.987629 
2.3325 0.988255 
2.34 0.986275 
2.3375 0.986969 
2.345 0.984775 
2.3425 0.985544 
2.35 0.983114 
2.3475 0.983966 
2.355 0.981275 
2.3525 0.982218 
2.36 0.979241 
2.3575 0.980284 
2.365 0.97699 
2.3625 0.978143 
2.37 0.9745 
2.3675 0.975776 
2.375 0.971749 
2.3725 0.973159 
2.38 0.968711 
2.3775 0.970268 
2.385 0.965356 
2.3825 0.967074 
2.39 0.961654 
2.3875 0.96355 
2.395 0.957573 
2.3925 0.959663 
2.4 0.953077 
2.3975 0.955379 
2.405 0.948128 
2.4025 0.950661 
2.41 0.942685 
2.4075 0.945471 
2.415 0.936706 
2.4125 0.939765 
2.42 0.930145 
2.4175 0.933501 
2.425 0.922955 
2.4225 0.926632 
2.43 0.915086 
2.4275 0.919108 
2.435 0.906486 
2.4325 0.91088 
2.44 0.897104 
2.4375 0.901896 
2.445 0.886887 
2.4425 0.892103 
2.45 0.875782 
2.4475 0.881448 
2.455 0.863738 
2.4525 0.86988 
2.46 0.850707 
2.4575 0.857349 
2.465 0.836643 
2.4625 0.843806 
2.47 0.821506 
2.4675 0.82921 
2.475 0.805263 
2.4725 0.813524 
2.48 0.787889 
2.4775 0.796718 
2.485 0.769369 
2.4825 0.778773 
2.49 0.749702 
2.4875 0.759679 
2.495 0.728898 
2.4925 0.739441 
2.5 0.706985 
2.4975 0.718078 
2.505 0.684006 
2.5025 0.695625 
2.51 0.660024 
2.5075 0.672136 
2.515 0.635118 
2.5125 0.647681 
2.52 0.609387 
2.5175 0.622349 
2.525 0.582948 
2.5225 0.596248 
2.53 0.555933 
2.5275 0.569504 
2.535 0.528489 
2.5325 0.542255 
2.54 0.500774 
2.5375 0.514655 
2.545 0.472954 
2.5425 0.486866 
2.55 0.445199 
2.5475 0.459057 
2.555 0.41768 
2.5525 0.431399 
2.56 0.390563 
2.5575 0.404061 
2.565 0.364006 
2.5625 0.377205 
2.57 0.338157 
2.5675 0.350985 
2.575 0.313146 
2.5725 0.325539 
2.58 0.28909 
2.5775 0.300992 
2.585 0.266082 
2.5825 0.27745 
2.59 0.244199 
2.5875 0.254996 
2.595 0.223497 
2.5925 0.233698 
2.6 0.204011 
2.5975 0.213601 
2.605 0.185759 
2.6025 0.19473 
2.61 0.16874 
2.6075 0.177096 
2.615 0.152941 
2.6125 0.160689 
2.62 0.138332 
2.6175 0.14549 
2.625 0.124877 
2.6225 0.131464 
2.63 0.112528 
2.6275 0.118567 
2.635 0.10123 
2.6325 0.106751 
2.64 0.0909257 
2.6375 0.0959573 
2.645 0.0815541 
2.6425 0.0861272 
2.65 0.0730524 
2.6475 0.0771984 
2.655 0.0653581 
2.6525 0.0691082 
2.66 0.0584094 
2.6575 0.0617944 
2.665 0.0521464 
2.6625 0.0551959 
2.67 0.0465115 
2.6675 0.049254 
2.675 0.04145 
2.6725 0.0439124 
2.68 0.0369101 
2.6775 0.0391179 
2.685 0.0328437 
2.6825 0.0348206 
2.69 0.0292057 
2.6875 0.0309738 
2.695 0.0259546 
2.6925 0.0275342 
2.7 0.0230522 
2.6975 0.0244621 
2.705 0.0204635 
2.7025 0.0217207 
2.71 0.0181564 
2.7075 0.0192766 
2.715 0.0161019 
2.7125 0.0170993 
2.72 0.0142736 
2.7175 0.0151611 
2.725 0.0126477 
2.7225 0.0134368 
2.73 0.0112025 
2.7275 0.0119037 
2.735 0.00991863 
2.7325 0.0105415 
2.74 0.00877872 
2.7375 0.0093317 
2.745 0.00776706 
2.7425 0.00825777 
2.75 0.00686962 
2.7475 0.00730488 
2.755 0.00607382 
2.7525 0.00645974 
2.76 0.00536842 
2.7575 0.00571047 
2.765 0.0047434 
2.7625 0.00504645 
2.77 0.00418977 
2.7675 0.00445818 
2.775 0.00369957 
2.7725 0.00393721 
2.78 0.00326565 
2.7775 0.00347598 
2.785 0.00288169 
2.7825 0.00306779 
2.79 0.00254203 
2.7875 0.00270665 
2.795 0.00224167 
2.7925 0.00238723 
2.8 0.00197613 
2.7975 0.00210481 
2.805 0.00174146 
2.8025 0.00185517 
2.81 0.00153412 
2.8075 0.00163457 
2.815 0.00135099 
2.8125 0.00143971 
2.82 0.0011893 
2.8175 0.00126763 
2.825 0.00104658 
2.8225 0.00111571 
2.83 0.000920637 
2.8275 0.000981635 
2.835 0.000809547 
2.8325 0.000863348 
2.84 0.000711586 
2.8375 0.000759025 
2.845 0.000625231 
2.8425 0.000667046 
2.85 0.000549135 
2.8475 0.000585979 
2.855 0.000482101 
2.8525 0.000514554 
2.86 0.000423072 
2.8575 0.000451647 
2.865 0.000371111 
2.8625 0.000396262 
2.87 0.00032539 
2.8675 0.000347519 
2.875 0.000285173 
2.8725 0.000304636 
2.88 0.000249813 
2.8775 0.000266924 
2.885 0.000218736 
2.8825 0.000233772 
2.89 0.000191434 
2.8875 0.000204642 
2.895 0.000167458 
2.8925 0.000179056 
2.9 0.000146414 
2.8975 0.000156593 
2.905 0.000127949 
2.9025 0.000136879 
2.91 0.000111756 
2.9075 0.000119587 
2.915 9.75619e-05 
2.9125 0.000104425 
2.92 8.51254e-05 
2.9175 9.11378e-05 
2.925 7.42343e-05 
2.9225 7.94989e-05 
2.93 6.47012e-05 
2.9275 6.93088e-05 
2.935 5.63611e-05 
2.9325 6.03915e-05 
2.94 4.90683e-05 
2.9375 5.25921e-05 
2.945 4.26947e-05 
2.9425 4.5774e-05 
2.95 3.71275e-05 
2.9475 3.98168e-05 
2.955 3.22672e-05 
2.9525 3.46147e-05 
2.96 2.80264e-05 
2.9575 3.00744e-05 
2.965 2.43283e-05 
2.9625 2.61139e-05 
2.97 2.11052e-05 
2.9675 2.26612e-05 
2.975 1.82977e-05 
2.9725 1.96529e-05 
2.98 1.58538e-05 
2.9775 1.70333e-05 
2.985 1.37275e-05 
2.9825 1.47536e-05 
2.99 1.18788e-05 
2.9875 1.27708e-05 
2.995 1.02724e-05 
2.9925 1.10474e-05 
3 8.87741e-06 
2.9975 9.55025e-06 
3.005 7.66676e-06 
3.0025 8.25059e-06 
3.01 6.61679e-06 
3.0075 7.12305e-06 
3.015 5.70675e-06 
3.0125 6.14547e-06 
3.02 4.91852e-06 
3.0175 5.29845e-06 
3.025 4.23625e-06 
3.0225 4.56505e-06 
3.03 3.64608e-06 
3.0275 3.93044e-06 
3.035 3.13594e-06 
3.0325 3.3817e-06 
3.04 2.69528e-06 
3.0375 2.90753e-06 
3.045 2.31489e-06 
3.0425 2.49808e-06 
3.05 1.98677e-06 
3.0475 2.14476e-06 
3.055 1.70393e-06 
3.0525 1.84009e-06 
3.06 1.4603e-06 
3.0575 1.57756e-06 
3.065 1.25059e-06 
3.0625 1.3515e-06 
3.07 1.07021e-06 
3.0675 1.15699e-06 
3.075 9.15168e-07 
3.0725 9.89747e-07 
3.08 7.8201e-07 
3.0775 8.46052e-07 
3.085 6.67729e-07 
3.0825 7.22681e-07 
3.09 5.69721e-07 
3.0875 6.16839e-07 
3.095 4.85733e-07 
3.0925 5.26103e-07 
3.1 4.13814e-07 
3.0975 4.48376e-07 
3.105 3.52276e-07 
3.1025 3.81844e-07 
3.11 2.99661e-07 
3.1075 3.24936e-07 
3.115 2.5471e-07 
3.1125 2.76299e-07 
3.12 2.16336e-07 
3.1175 2.34763e-07 
3.125 1.83602e-07 
3.1225 1.99317e-07 
3.13 1.55701e-07 
3.1275 1.69093e-07 
3.135 1.31938e-07 
3.1325 1.43341e-07 
3.14 1.11715e-07 
3.1375 1.21418e-07 
3.145 9.45183e-08 
3.1425 1.02767e-07 
3.15 7.99067e-08 
3.1475 8.69144e-08 
3.155 6.75013e-08 
3.1525 7.34497e-08 
3.16 5.69775e-08 
3.1575 6.20226e-08 
3.165 4.80568e-08 
3.1625 5.23325e-08 
3.17 4.05012e-08 
3.1675 4.41219e-08 
3.175 3.41069e-08 
3.1725 3.71704e-08 
3.18 2.86996e-08 
3.1775 3.12897e-08 
3.185 2.41308e-08 
3.1825 2.63188e-08 
3.19 2.02734e-08 
3.1875 2.21203e-08 
3.195 1.70194e-08 
3.1925 1.85771e-08 
3.2 1.42765e-08 
3.1975 1.55892e-08 
3.205 1.19663e-08 
3.2025 1.30717e-08 
3.21 1.00222e-08 
3.2075 1.09522e-08 
3.215 8.38736e-09 
3.2125 9.16929e-09 
3.22 7.01378e-09 
3.2175 7.67062e-09 
3.225 5.8606e-09 
3.2225 6.41193e-09 
3.23 4.89324e-09 
3.2275 5.35563e-09 
3.235 4.0824e-09 
3.2325 4.4699e-09 
3.24 3.40331e-09 
3.2375 3.72778e-09 
3.245 2.83501e-09 
3.2425 3.10648e-09 
3.25 2.3598e-09 
3.2475 2.58676e-09 
3.255 1.96275e-09 
3.2525 2.15234e-09 
3.26 1.63127e-09 
3.2575 1.78952e-09 
3.265 1.35474e-09 
3.2625 1.48673e-09 
3.27 1.12425e-09 
3.2675 1.23424e-09 
3.275 9.3227e-10 
3.2725 1.02386e-09 
3.28 7.72499e-10 
3.2775 8.48711e-10 
3.285 6.39634e-10 
3.2825 7.02999e-10 
3.29 5.29231e-10 
3.2875 5.81873e-10 
3.295 4.37563e-10 
3.2925 4.81263e-10 
3.3 3.61508e-10 
3.2975 3.97758e-10 
3.305 2.98457e-10 
3.3025 3.28503e-10 
3.31 2.46225e-10 
3.3075 2.7111e-10 
3.315 2.02989e-10 
3.3125 2.23584e-10 
3.32 1.67227e-10 
3.3175 1.84259e-10 
3.325 1.37668e-10 
3.3225 1.51742e-10 
3.33 1.13254e-10 
3.3275 1.24877e-10 
3.335 9.31058e-11 
3.3325 1.02696e-10 
3.34 7.64893e-11 
3.3375 8.43967e-11 
3.345 6.27955e-11 
3.3425 6.93108e-11 
3.35 5.15185e-11 
3.3475 5.68829e-11 
3.355 4.22385e-11 
3.3525 4.66521e-11 
3.36 3.46072e-11 
3.3575 3.8236e-11 
3.365 2.83361e-11 
3.3625 3.13175e-11 
3.37 2.31863e-11 
3.3675 2.56342e-11 
3.375 1.89604e-11 
3.3725 2.09688e-11 
3.38 1.54948e-11 
3.3775 1.71415e-11 
3.385 1.26548e-11 
3.3825 1.40041e-11 
3.39 1.03289e-11 
3.3875 1.14337e-11 
3.395 8.42542e-12 
3.3925 9.32945e-12 
3.4 6.86858e-12 
3.3975 7.60784e-12 
3.405 5.59609e-12 
3.4025 6.20023e-12 
3.41 4.55669e-12 
3.4075 5.05008e-12 
3.415 3.70821e-12 
3.4125 4.11091e-12 
3.42 3.01601e-12 
3.4175 3.34448e-12 
3.425 2.45166e-12 
3.4225 2.71942e-12 
3.43 1.99182e-12 
3.4275 2.20996e-12 
3.435 1.61735e-12 
3.4325 1.79496e-12 
3.44 1.31259e-12 
3.4375 1.45712e-12 
3.445 1.0647e-12 
3.4425 1.18224e-12 
3.45 8.63192e-13 
3.4475 9.58728e-13 
3.455 6.99469e-13 
3.4525 7.77077e-13 
3.46 5.66521e-13 
3.4575 6.29533e-13 
3.465 4.58623e-13 
3.4625 5.09755e-13 
3.47 3.71101e-13 
3.4675 4.12571e-13 
3.475 3.00143e-13 
3.4725 3.3376e-13 
3.48 2.42643e-13 
3.4775 2.69881e-13 
3.485 1.96073e-13 
3.4825 2.18131e-13 
3.49 1.58374e-13 
3.4875 1.76227e-13 
3.495 1.27869e-13 
3.4925 1.42314e-13 
3.5 1.03198e-13 
3.4975 1.14879e-13 
3.505 8.32539e-14 
3.5025 9.26955e-14 
3.51 6.71383e-14 
3.5075 7.47666e-14 
3.515 5.41219e-14 
3.5125 6.02825e-14 
3.52 4.36131e-14 
3.5175 4.85863e-14 
3.525 3.51323e-14 
3.5225 3.91454e-14 
3.53 2.8291e-14 
3.5275 3.15279e-14 
3.535 2.27742e-14 
3.5325 2.53842e-14 
3.54 1.83274e-14 
3.5375 2.0431e-14 
3.545 1.47442e-14 
3.5425 1.6439e-14 
3.55 1.18579e-14 
3.5475 1.3223e-14 
3.555 9.53393e-15 
3.5525 1.0633e-14 
3.56 7.66323e-15 
3.5575 8.54784e-15 
3.565 6.15793e-15 
3.5625 6.86969e-15 
3.57 4.94702e-15 
3.5675 5.51953e-15 
3.575 3.97322e-15 
3.5725 4.4336e-15 
3.58 3.19035e-15 
3.5775 3.56043e-15 
3.585 2.56113e-15 
3.5825 2.85855e-15 
3.59 2.05555e-15 
3.5875 2.29452e-15 
3.595 1.64943e-15 
3.5925 1.84137e-15 
3.6 1.32327e-15 
3.5975 1.47741e-15 
3.605 1.0614e-15 
3.6025 1.18515e-15 
3.61 8.51194e-16 
3.6075 9.50525e-16 
3.615 6.82497e-16 
3.6125 7.62208e-16 
3.62 5.47141e-16 
3.6175 6.11094e-16 
3.625 4.38558e-16 
3.6225 4.89859e-16 
3.63 3.5147e-16 
3.6275 3.92613e-16 
3.635 2.81634e-16 
3.6325 3.14625e-16 
3.64 2.25643e-16 
3.6375 2.52093e-16 
3.645 1.8076e-16 
3.6425 2.01962e-16 
3.65 1.44787e-16 
3.6475 1.61779e-16 
3.655 1.15959e-16 
3.6525 1.29575e-16 
3.66 9.286e-17 
3.6575 1.0377e-16 
3.665 7.43548e-17 
3.6625 8.30948e-17 
3.67 5.95314e-17 
3.6675 6.65323e-17 
3.675 4.76588e-17 
3.6725 5.32659e-17 
3.68 3.81506e-17 
3.6775 4.26409e-17 
3.685 3.05368e-17 
3.6825 3.41324e-17 
3.69 2.44406e-17 
3.6875 2.73194e-17 
3.695 1.956e-17 
3.6925 2.18648e-17 
3.7 1.5653e-17 
3.6975 1.74979e-17 
3.705 1.25256e-17 
3.7025 1.40023e-17 
3.71 1.00224e-17 
3.7075 1.12043e-17 
3.715 8.01899e-18 
3.7125 8.96494e-18 
3.72 6.41574e-18 
3.7175 7.17274e-18 
3.725 5.13277e-18 
3.7225 5.73854e-18 
3.73 4.10617e-18 
3.7275 4.59088e-18 
3.735 3.28476e-18 
3.7325 3.67259e-18 
3.74 2.62756e-18 
3.7375 2.93785e-18 
3.745 2.10178e-18 
3.7425 2.35002e-18 
3.75 1.68114e-18 
3.7475 1.87974e-18 
3.755 1.34465e-18 
3.7525 1.50351e-18 
3.76 1.07547e-18 
3.7575 1.20255e-18 
3.765 8.60152e-19 
3.7625 9.61806e-19 
3.77 6.87924e-19 
3.7675 7.69234e-19 
3.775 5.50167e-19 
3.7725 6.15203e-19 
3.78 4.39984e-19 
3.7775 4.92002e-19 
3.785 3.5186e-19 
3.7825 3.93463e-19 
3.79 2.81379e-19 
3.7875 3.14652e-19 
3.795 2.25011e-19 
3.7925 2.51622e-19 
3.8 1.79931e-19 
3.7975 2.01213e-19 
3.805 1.4388e-19 
3.8025 1.60899e-19 
3.81 1.15049e-19 
3.8075 1.28659e-19 
3.815 9.19933e-20 
3.8125 1.02877e-19 
3.82 7.35564e-20 
3.8175 8.22601e-20 
3.825 5.88131e-20 
3.8225 6.57731e-20 
3.83 4.70238e-20 
3.8275 5.25892e-20 
3.835 3.75968e-20 
3.8325 4.2047e-20 
3.84 3.00589e-20 
3.8375 3.36173e-20 
3.845 2.40317e-20 
3.8425 2.68769e-20 
3.85 1.92124e-20 
3.8475 2.14874e-20 
3.855 1.53592e-20 
3.8525 1.71781e-20 
3.86 1.22783e-20 
3.8575 1.37326e-20 
3.865 9.81512e-21 
3.8625 1.09779e-20 
3.87 7.84579e-21 
3.8675 8.77541e-21 
3.875 6.27135e-21 
3.8725 7.01456e-21 
3.88 5.01265e-21 
3.8775 5.60681e-21 
3.885 4.0064e-21 
3.8825 4.48139e-21 
3.89 3.202e-21 
3.8875 3.58171e-21 
3.895 2.55897e-21 
3.8925 2.8625e-21 
3.9 2.04497e-21 
3.8975 2.28759e-21 
3.905 1.63411e-21 
3.9025 1.82805e-21 
3.91 1.30572e-21 
3.9075 1.46073e-21 
3.915 1.04325e-21 
3.9125 1.16714e-21 
3.92 8.33485e-22 
3.9175 9.32497e-22 
3.925 6.65844e-22 
3.9225 7.4497e-22 
3.93 5.31878e-22 
3.9275 5.95108e-22 
3.935 4.24828e-22 
3.9325 4.75353e-22 
3.94 3.39292e-22 
3.9375 3.79662e-22 
3.945 2.70951e-22 
3.9425 3.03205e-22 
3.95 2.16352e-22 
3.9475 2.4212e-22 
3.955 1.72737e-22 
3.9525 1.93321e-22 
3.96 1.37897e-22 
3.9575 1.54339e-22 
3.965 1.10071e-22 
3.9625 1.23203e-22 
3.97 8.78473e-23 
3.9675 9.83347e-23 
3.975 7.0101e-23 
3.9725 7.84755e-23 
3.98 5.59314e-23 
3.9775 6.26178e-23 
3.985 4.46188e-23 
3.9825 4.99568e-23 
3.99 3.55883e-23 
3.9875 3.98494e-23 
3.995 2.83806e-23 
3.9925 3.17814e-23 
4 2.26284e-23 
3.9975 2.53424e-23 
4.005 1.80386e-23 
4.0025 2.02041e-23 
4.01 1.43769e-23 
4.0075 1.61044e-23 
4.015 1.1456e-23 
4.0125 1.28339e-23 
4.02 9.12646e-24 
4.0175 1.02254e-23 
4.025 7.26895e-24 
4.0225 8.14516e-24 
4.03 5.78808e-24 
4.0275 6.48659e-24 
4.035 4.60773e-24 
4.0325 5.16445e-24 
4.04 3.66711e-24 
4.0375 4.11074e-24 
4.045 2.9177e-24 
4.0425 3.27112e-24 
4.05 2.32077e-24 
4.0475 2.60226e-24 
4.055 1.84541e-24 
4.0525 2.06956e-24 
4.06 1.46696e-24 
4.0575 1.6454e-24 
4.065 1.16575e-24 
4.0625 1.30776e-24 
4.07 9.26072e-25 
4.0675 1.03906e-24 
4.075 7.35418e-25 
4.0725 8.25293e-25 
4.08 5.83806e-25 
4.0775 6.55271e-25 
4.085 4.63278e-25 
4.0825 5.20086e-25 
4.09 3.67493e-25 
4.0875 4.12635e-25 
4.095 2.91397e-25 
4.0925 3.27256e-25 
4.1 2.30964e-25 
4.0975 2.59439e-25 
4.105 1.82987e-25 
4.1025 2.05591e-25 
4.11 1.44914e-25 
4.1075 1.6285e-25 
4.115 1.14711e-25 
4.1125 1.28938e-25 
4.12 9.07623e-26 
4.1175 1.02042e-25 
4.125 7.17796e-26 
4.1225 8.07195e-26 
4.13 5.67398e-26 
4.1275 6.3822e-26 
4.135 4.48292e-26 
4.1325 5.04372e-26 
4.14 3.5401e-26 
4.1375 3.98396e-26 
4.145 2.79412e-26 
4.1425 3.14527e-26 
4.15 2.20417e-26 
4.1475 2.48184e-26 
4.155 1.73785e-26 
4.1525 1.9573e-26 
4.16 1.36942e-26 
4.1575 1.54278e-26 
4.165 1.0785e-26 
4.1625 1.21537e-26 
4.17 8.48889e-27 
4.1675 9.56899e-27 
4.175 6.67772e-27 
4.1725 7.52959e-27 
4.18 5.24984e-27 
4.1775 5.92133e-27 
4.185 4.12477e-27 
4.1825 4.65378e-27 
4.19 3.2388e-27 
4.1875 3.65532e-27 
4.195 2.54152e-27 
4.1925 2.86928e-27 
4.2 1.99309e-27 
4.1975 2.25084e-27 
4.205 1.56198e-27 
4.2025 1.76456e-27 
4.21 1.22331e-27 
4.2075 1.38243e-27 
4.215 9.57429e-28 
4.2125 1.08233e-27 
4.22 7.48825e-28 
4.2175 8.46798e-28 
4.225 5.85265e-28 
4.2225 6.62069e-28 
4.23 4.5711e-28 
4.2275 5.17278e-28 
4.235 3.56763e-28 
4.2325 4.03867e-28 
4.24 2.78244e-28 
4.2375 3.15095e-28 
4.245 2.16848e-28 
4.2425 2.45657e-28 
4.25 1.68874e-28 
4.2475 1.91381e-28 
4.255 1.31416e-28 
4.2525 1.48986e-28 
4.26 1.02188e-28 
4.2575 1.15895e-28 
4.265 7.94008e-29 
4.2625 9.00853e-29 
4.27 6.1647e-29 
4.2675 6.99696e-29 
4.275 4.78255e-29 
4.2725 5.43035e-29 
4.28 3.70736e-29 
4.2775 4.21119e-29 
4.285 2.8716e-29 
4.2825 3.26315e-29 
4.29 2.22246e-29 
4.2875 2.52652e-29 
4.295 1.71867e-29 
4.2925 1.95459e-29 
4.3 1.32799e-29 
4.2975 1.5109e-29 
4.305 1.02527e-29 
4.3025 1.16697e-29 
4.31 7.90894e-30 
4.3075 9.00579e-30 
4.315 6.09586e-30 
4.3125 6.94419e-30 
4.32 4.69444e-30 
4.3175 5.35001e-30 
4.325 3.61213e-30 
4.3225 4.11831e-30 
4.33 2.77696e-30 
4.3275 3.16747e-30 
4.335 2.13304e-30 
4.3325 2.43406e-30 
4.34 1.63701e-30 
4.3375 1.86884e-30 
4.345 1.25523e-30 
4.3425 1.43362e-30 
4.35 9.61639e-31 
4.3475 1.09879e-30 
4.355 7.36063e-31 
4.3525 8.41416e-31 
4.36 5.62899e-31 
4.3575 6.43755e-31 
4.365 4.30087e-31 
4.3625 4.92086e-31 
4.37 3.28314e-31 
4.3675 3.75812e-31 
4.375 2.50396e-31 
4.3725 2.86752e-31 
4.38 1.90796e-31 
4.3775 2.18599e-31 
4.385 1.45249e-31 
4.3825 1.66491e-31 
4.39 1.10474e-31 
4.3875 1.26688e-31 
4.395 8.39459e-32 
4.3925 9.63115e-32 
4.4 6.3729e-32 
4.3975 7.31506e-32 
4.405 4.83358e-32 
4.4025 5.55076e-32 
4.41 3.66263e-32 
4.4075 4.20805e-32 
4.415 2.77273e-32 
4.4125 3.18713e-32 
4.42 2.09706e-32 
4.4175 2.41163e-32 
4.425 1.58454e-32 
4.4225 1.82309e-32 
4.43 1.19614e-32 
4.4275 1.37687e-32 
4.435 9.02075e-33 
4.4325 1.03887e-32 
4.44 6.79654e-33 
4.4375 7.83098e-33 
4.445 5.11581e-33 
4.4425 5.89728e-33 
4.45 3.84699e-33 
4.4475 4.43679e-33 
4.455 2.89006e-33 
4.4525 3.33477e-33 
4.46 2.16906e-33 
4.4575 2.50404e-33 
4.465 1.62634e-33 
4.4625 1.87842e-33 
4.47 1.21822e-33 
4.4675 1.40773e-33 
4.475 9.11626e-34 
4.4725 1.05396e-33 
4.48 6.81521e-34 
4.4775 7.88315e-34 
4.485 5.08996e-34 
4.4825 5.89045e-34 
4.49 3.79769e-34 
4.4875 4.39713e-34 
4.495 2.83071e-34 
4.4925 3.27914e-34 
4.5 2.10785e-34 
4.4975 2.44298e-34 
4.505 1.56802e-34 
4.5025 1.81823e-34 
4.51 1.16528e-34 
4.5075 1.3519e-34 
4.515 8.65122e-35 
4.5125 1.00417e-34 
4.52 6.41635e-35 
4.5175 7.45136e-35 
4.525 4.75405e-35 
4.5225 5.52368e-35 
4.53 3.51887e-35 
4.5275 4.09059e-35 
4.535 2.60199e-35 
4.5325 3.02627e-35 
4.54 1.92207e-35 
4.5375 2.23661e-35 
4.545 1.41839e-35 
4.5425 1.65134e-35 
4.55 1.04564e-35 
4.5475 1.21799e-35 
4.555 7.70071e-36 
4.5525 8.97449e-36 
4.56 5.66549e-36 
4.5575 6.60598e-36 
4.565 4.16393e-36 
4.5625 4.85762e-36 
4.57 3.05723e-36 
4.5675 3.56836e-36 
4.575 2.24238e-36 
4.5725 2.61862e-36 
4.58 1.64305e-36 
4.5775 1.9197e-36 
4.585 1.20267e-36 
4.5825 1.40589e-36 
4.59 8.79425e-37 
4.5875 1.02855e-36 
4.595 6.42403e-37 
4.5925 7.51721e-37 
4.6 4.68783e-37 
4.5975 5.48836e-37 
4.605 3.41736e-37 
4.6025 4.00299e-37 
4.61 2.48865e-37 
4.6075 2.91663e-37 
4.615 1.81047e-37 
4.6125 2.12291e-37 
4.62 1.31575e-37 
4.6175 1.54361e-37 
4.625 9.55234e-38 
4.6225 1.12123e-37 
4.63 6.92785e-38 
4.6275 8.13593e-38 
4.635 5.01926e-38 
4.6325 5.89756e-38 
4.64 3.63273e-38 
4.6375 4.27061e-38 
4.645 2.62651e-38 
4.6425 3.0893e-38 
4.65 1.89705e-38 
4.6475 2.23245e-38 
4.655 1.36876e-38 
4.6525 1.6116e-38 
4.66 9.86574e-39 
4.6575 1.1622e-38 
4.665 7.10367e-39 
4.6625 8.37259e-39 
4.67 5.1096e-39 
4.6675 6.02543e-39 
4.675 3.67149e-39 
4.6725 4.33179e-39 
4.68 2.63541e-39 
4.6775 3.11099e-39 
4.685 1.88975e-39 
4.6825 2.23192e-39 
4.69 1.35366e-39 
4.6875 1.5996e-39 
4.695 9.68652e-40 
4.6925 1.14523e-39 
4.7 6.92429e-40 
4.6975 8.19077e-40 
4.705 4.94461e-40 
4.7025 5.85204e-40 
4.71 3.52728e-40 
4.7075 4.17676e-40 
4.715 2.5136e-40 
4.7125 2.97798e-40 
4.72 1.78939e-40 
4.7175 2.12106e-40 
4.725 1.27251e-40 
4.7225 1.50916e-40 
4.73 9.03997e-41 
4.7275 1.07267e-40 
4.735 6.41539e-41 
4.7325 7.61637e-41 
4.74 4.54809e-41 
4.7375 5.4023e-41 
4.745 3.22095e-41 
4.7425 3.82789e-41 
4.75 2.27871e-41 
4.7475 2.7095e-41 
4.755 1.61043e-41 
4.7525 1.91588e-41 
4.76 1.13696e-41 
4.7575 1.35331e-41 
4.765 8.01864e-42 
4.7625 9.54942e-42 
4.77 5.64942e-42 
4.7675 6.7314e-42 
4.775 3.97609e-42 
4.7725 4.74005e-42 
4.78 2.7955e-42 
4.7775 3.33435e-42 
4.785 1.96341e-42 
4.7825 2.34308e-42 
4.79 1.37757e-42 
4.7875 1.64481e-42 
4.795 9.65528e-43 
4.7925 1.15343e-42 
4.8 6.76031e-43 
4.7975 8.08013e-43 
4.805 4.72845e-43 
4.8025 5.65451e-43 
4.81 3.30385e-43 
4.8075 3.95296e-43 
4.815 2.30607e-43 
4.8125 2.76057e-43 
4.82 1.60796e-43 
4.8175 1.92587e-43 
4.825 1.12003e-43 
4.8225 1.34216e-43 
4.83 7.79348e-44 
4.8275 9.34398e-44 
4.835 5.41733e-44 
4.8325 6.49846e-44 
4.84 3.76175e-44 
4.8375 4.51481e-44 
4.845 2.60943e-44 
4.8425 3.13343e-44 
4.85 1.80823e-44 
4.8475 2.17246e-44 
4.855 1.25173e-44 
4.8525 1.50464e-44 
4.86 8.65605e-45 
4.8575 1.04104e-44 
4.865 5.97972e-45 
4.8625 7.19536e-45 
4.87 4.12661e-45 
4.8675 4.96809e-45 
4.875 2.84484e-45 
4.8725 3.42671e-45 
4.88 1.95918e-45 
4.8775 2.36112e-45 
4.885 1.34786e-45 
4.8825 1.62521e-45 
4.89 9.26328e-46 
4.8875 1.11752e-45 
4.895 6.35973e-46 
4.8925 7.67632e-46 
4.9 4.3618e-46 
4.8975 5.26749e-46 
4.905 2.98845e-46 
4.9025 3.61083e-46 
4.91 2.0454e-46 
4.9075 2.47265e-46 
4.915 1.39851e-46 
4.9125 1.6915e-46 
4.92 9.55226e-47 
4.9175 1.15594e-46 
4.925 6.51781e-47 
4.9225 7.89141e-47 
4.93 4.44277e-47 
4.9275 5.38181e-47 
4.935 3.02527e-47 
4.9325 3.66656e-47 
4.94 2.05796e-47 
4.9375 2.49546e-47 
4.945 1.39858e-47 
4.9425 1.69672e-47 
4.95 9.49593e-48 
4.9475 1.15254e-47 
4.955 6.44235e-48 
4.9525 7.8221e-48 
4.96 4.36848e-48 
4.9575 5.30515e-48 
4.965 2.96256e-48 
4.9625 3.59717e-48 
4.97 2.01211e-48 
4.9675 2.4407e-48 
4.975 1.37275e-48 
4.9725 1.66052e-48 
4.98 9.46833e-49 
4.9775 1.1378e-48 
4.985 6.69035e-49 
4.9825 7.92524e-49 
4.99 4.9655e-49 
4.9875 5.71609e-49 
4.995 4.02711e-49 
4.9925 4.40954e-49 
5 3.7297e-49 
4.9975 3.8033e-49 
