0 1.37828e-15 
0.005 1.39035e-15 
0.0025 1.3813e-15 
0.01 1.42671e-15 
0.0075 1.40548e-15 
0.015 1.48774e-15 
0.0125 1.45411e-15 
0.02 1.5741e-15 
0.0175 1.52771e-15 
0.025 1.68671e-15 
0.0225 1.62706e-15 
0.03 1.82674e-15 
0.0275 1.75321e-15 
0.035 1.99565e-15 
0.0325 1.90748e-15 
0.04 2.19513e-15 
0.0375 2.09145e-15 
0.045 2.42718e-15 
0.0425 2.30695e-15 
0.05 2.69404e-15 
0.0475 2.55611e-15 
0.055 2.99822e-15 
0.0525 2.8413e-15 
0.06 3.34251e-15 
0.0575 3.16517e-15 
0.065 3.72996e-15 
0.0625 3.53064e-15 
0.07 4.16386e-15 
0.0675 3.94088e-15 
0.075 4.64781e-15 
0.0725 4.39935e-15 
0.08 5.18562e-15 
0.0775 4.90973e-15 
0.085 5.78136e-15 
0.0825 5.47599e-15 
0.09 6.43935e-15 
0.0875 6.1023e-15 
0.095 7.16411e-15 
0.0925 6.79309e-15 
0.1 7.96039e-15 
0.0975 7.55301e-15 
0.105 8.83311e-15 
0.1025 8.38688e-15 
0.11 9.78738e-15 
0.1075 9.29973e-15 
0.115 1.08284e-14 
0.1125 1.02967e-14 
0.12 1.19616e-14 
0.1175 1.13832e-14 
0.125 1.31924e-14 
0.1225 1.25645e-14 
0.13 1.45262e-14 
0.1275 1.38461e-14 
0.135 1.59686e-14 
0.1325 1.52335e-14 
0.14 1.75249e-14 
0.1375 1.67322e-14 
0.145 1.92006e-14 
0.1425 1.83475e-14 
0.15 2.10007e-14 
0.1475 2.00848e-14 
0.155 2.29304e-14 
0.1525 2.19491e-14 
0.16 2.49943e-14 
0.1575 2.39453e-14 
0.165 2.71968e-14 
0.1625 2.6078e-14 
0.17 2.9542e-14 
0.1675 2.83513e-14 
0.175 3.20333e-14 
0.1725 3.07691e-14 
0.18 3.46738e-14 
0.1775 3.33347e-14 
0.185 3.74659e-14 
0.1825 3.60508e-14 
0.19 4.04114e-14 
0.1875 3.89194e-14 
0.195 4.35112e-14 
0.1925 4.1942e-14 
0.2 4.67657e-14 
0.1975 4.51192e-14 
0.205 5.01743e-14 
0.2025 4.84508e-14 
0.21 5.37354e-14 
0.2075 5.19359e-14 
0.215 5.74466e-14 
0.2125 5.55724e-14 
0.22 6.13047e-14 
0.2175 5.93576e-14 
0.225 6.53053e-14 
0.2225 6.32875e-14 
0.23 6.94432e-14 
0.2275 6.73575e-14 
0.235 7.37122e-14 
0.2325 7.15617e-14 
0.24 7.81052e-14 
0.2375 7.58937e-14 
0.245 8.26143e-14 
0.2425 8.03458e-14 
0.25 8.72309e-14 
0.2475 8.49098e-14 
0.255 9.19458e-14 
0.2525 8.95767e-14 
0.26 9.67491e-14 
0.2575 9.4337e-14 
0.265 1.01631e-13 
0.2625 9.91808e-14 
0.27 1.06581e-13 
0.2675 1.04098e-13 
0.275 1.11589e-13 
0.2725 1.09078e-13 
0.28 1.16646e-13 
0.2775 1.14112e-13 
0.285 1.21743e-13 
0.2825 1.1919e-13 
0.29 1.26871e-13 
0.2875 1.24304e-13 
0.295 1.32025e-13 
0.2925 1.29445e-13 
0.3 1.37199e-13 
0.2975 1.3461e-13 
0.305 1.42391e-13 
0.3025 1.39793e-13 
0.31 1.47601e-13 
0.3075 1.44994e-13 
0.315 1.52832e-13 
0.3125 1.50214e-13 
0.32 1.5809e-13 
0.3175 1.55457e-13 
0.325 1.63386e-13 
0.3225 1.60732e-13 
0.33 1.68734e-13 
0.3275 1.66052e-13 
0.335 1.74154e-13 
0.3325 1.71434e-13 
0.34 1.79671e-13 
0.3375 1.76899e-13 
0.345 1.85315e-13 
0.3425 1.82475e-13 
0.35 1.91121e-13 
0.3475 1.88195e-13 
0.355 1.97132e-13 
0.3525 1.94098e-13 
0.36 2.03395e-13 
0.3575 2.00228e-13 
0.365 2.09965e-13 
0.3625 2.06638e-13 
0.37 2.16903e-13 
0.3675 2.13384e-13 
0.375 2.24277e-13 
0.3725 2.20531e-13 
0.38 2.32161e-13 
0.3775 2.2815e-13 
0.385 2.40635e-13 
0.3825 2.36319e-13 
0.39 2.49787e-13 
0.3875 2.4512e-13 
0.395 2.59711e-13 
0.3925 2.54646e-13 
0.4 2.70508e-13 
0.3975 2.64994e-13 
0.405 2.82285e-13 
0.4025 2.76267e-13 
0.41 2.95158e-13 
0.4075 2.88577e-13 
0.415 3.0925e-13 
0.4125 3.02044e-13 
0.42 3.24692e-13 
0.4175 3.16794e-13 
0.425 3.41626e-13 
0.4225 3.32964e-13 
0.43 3.60203e-13 
0.4275 3.50699e-13 
0.435 3.80587e-13 
0.4325 3.70158e-13 
0.44 4.02954e-13 
0.4375 3.91511e-13 
0.445 4.27499e-13 
0.4425 4.14942e-13 
0.45 4.54432e-13 
0.4475 4.40653e-13 
0.455 4.83985e-13 
0.4525 4.68865e-13 
0.46 5.16414e-13 
0.4575 4.99823e-13 
0.465 5.52002e-13 
0.4625 5.33794e-13 
0.47 5.91065e-13 
0.4675 5.71078e-13 
0.475 6.33955e-13 
0.4725 6.12008e-13 
0.48 6.81064e-13 
0.4775 6.56956e-13 
0.485 7.32834e-13 
0.4825 7.06337e-13 
0.49 7.89759e-13 
0.4875 7.60619e-13 
0.495 8.52397e-13 
0.4925 8.20327e-13 
0.5 9.21374e-13 
0.4975 8.86051e-13 
0.505 9.97399e-13 
0.5025 9.58458e-13 
0.51 1.08127e-12 
0.5075 1.0383e-12 
0.515 1.17388e-12 
0.5125 1.12642e-12 
0.52 1.27626e-12 
0.5175 1.22378e-12 
0.525 1.38955e-12 
0.5225 1.33146e-12 
0.53 1.51505e-12 
0.5275 1.45069e-12 
0.535 1.65423e-12 
0.5325 1.58283e-12 
0.54 1.80874e-12 
0.5375 1.72946e-12 
0.545 1.98046e-12 
0.5425 1.89233e-12 
0.55 2.17149e-12 
0.5475 2.07342e-12 
0.555 2.38421e-12 
0.5525 2.27498e-12 
0.56 2.62132e-12 
0.5575 2.49954e-12 
0.565 2.88584e-12 
0.5625 2.74995e-12 
0.57 3.18119e-12 
0.5675 3.02943e-12 
0.575 3.51123e-12 
0.5725 3.34161e-12 
0.58 3.88027e-12 
0.5775 3.69058e-12 
0.585 4.29323e-12 
0.5825 4.08093e-12 
0.59 4.75559e-12 
0.5875 4.51786e-12 
0.595 5.27356e-12 
0.5925 5.00721e-12 
0.6 5.85411e-12 
0.5975 5.55554e-12 
0.605 6.50508e-12 
0.6025 6.17026e-12 
0.61 7.23533e-12 
0.6075 6.8597e-12 
0.615 8.05478e-12 
0.6125 7.63323e-12 
0.62 8.97462e-12 
0.6175 8.5014e-12 
0.625 1.00074e-11 
0.6225 9.47606e-12 
0.63 1.11674e-11 
0.6275 1.05706e-11 
0.635 1.24704e-11 
0.6325 1.18e-11 
0.64 1.39344e-11 
0.6375 1.31811e-11 
0.645 1.55796e-11 
0.6425 1.4733e-11 
0.65 1.74286e-11 
0.6475 1.64771e-11 
0.655 1.95069e-11 
0.6525 1.84374e-11 
0.66 2.18432e-11 
0.6575 2.06409e-11 
0.665 2.44698e-11 
0.6625 2.31181e-11 
0.67 2.7423e-11 
0.6675 2.59032e-11 
0.675 3.07437e-11 
0.6725 2.90347e-11 
0.68 3.44778e-11 
0.6775 3.2556e-11 
0.685 3.86769e-11 
0.6825 3.65157e-11 
0.69 4.33992e-11 
0.6875 4.09687e-11 
0.695 4.87101e-11 
0.6925 4.59767e-11 
0.7 5.46832e-11 
0.6975 5.1609e-11 
0.705 6.14013e-11 
0.7025 5.79436e-11 
0.71 6.89574e-11 
0.7075 6.50683e-11 
0.715 7.74562e-11 
0.7125 7.30819e-11 
0.72 8.70157e-11 
0.7175 8.20955e-11 
0.725 9.77683e-11 
0.7225 9.22339e-11 
0.73 1.09863e-10 
0.7275 1.03638e-10 
0.735 1.23468e-10 
0.7325 1.16466e-10 
0.74 1.38772e-10 
0.7375 1.30895e-10 
0.745 1.55986e-10 
0.7425 1.47126e-10 
0.75 1.7535e-10 
0.7475 1.65383e-10 
0.755 1.97133e-10 
0.7525 1.85921e-10 
0.76 2.21637e-10 
0.7575 2.09025e-10 
0.765 2.49201e-10 
0.7625 2.35014e-10 
0.77 2.80209e-10 
0.7675 2.64249e-10 
0.775 3.15091e-10 
0.7725 2.97137e-10 
0.78 3.5433e-10 
0.7775 3.34133e-10 
0.785 3.98472e-10 
0.7825 3.75752e-10 
0.79 4.4813e-10 
0.7875 4.2257e-10 
0.795 5.03993e-10 
0.7925 4.75239e-10 
0.8 5.66836e-10 
0.7975 5.34489e-10 
0.805 6.37532e-10 
0.8025 6.01144e-10 
0.81 7.17064e-10 
0.8075 6.76128e-10 
0.815 8.06535e-10 
0.8125 7.60483e-10 
0.82 9.07189e-10 
0.8175 8.55381e-10 
0.825 1.02042e-09 
0.8225 9.62139e-10 
0.83 1.14781e-09 
0.8275 1.08224e-09 
0.835 1.29112e-09 
0.8325 1.21736e-09 
0.84 1.45234e-09 
0.8375 1.36936e-09 
0.845 1.63372e-09 
0.8425 1.54036e-09 
0.85 1.83777e-09 
0.8475 1.73274e-09 
0.855 2.06733e-09 
0.8525 1.94917e-09 
0.86 2.3256e-09 
0.8575 2.19266e-09 
0.865 2.61615e-09 
0.8625 2.46659e-09 
0.87 2.94302e-09 
0.8675 2.77477e-09 
0.875 3.31077e-09 
0.8725 3.12148e-09 
0.88 3.7245e-09 
0.8775 3.51154e-09 
0.885 4.18996e-09 
0.8825 3.95038e-09 
0.89 4.71363e-09 
0.8875 4.44408e-09 
0.895 5.30278e-09 
0.8925 4.99953e-09 
0.9 5.96561e-09 
0.8975 5.62443e-09 
0.905 6.71133e-09 
0.9025 6.32749e-09 
0.91 7.55031e-09 
0.9075 7.11846e-09 
0.915 8.49422e-09 
0.9125 8.00836e-09 
0.92 9.55619e-09 
0.9175 9.00956e-09 
0.925 1.0751e-08 
0.9225 1.0136e-08 
0.93 1.20952e-08 
0.9275 1.14033e-08 
0.935 1.36076e-08 
0.9325 1.28291e-08 
0.94 1.53092e-08 
0.9375 1.44333e-08 
0.945 1.72236e-08 
0.9425 1.62382e-08 
0.95 1.93775e-08 
0.9475 1.82688e-08 
0.955 2.18008e-08 
0.9525 2.05535e-08 
0.96 2.45274e-08 
0.9575 2.31239e-08 
0.965 2.7595e-08 
0.9625 2.6016e-08 
0.97 3.10465e-08 
0.9675 2.92699e-08 
0.975 3.49298e-08 
0.9725 3.29309e-08 
0.98 3.9299e-08 
0.9775 3.705e-08 
0.985 4.42148e-08 
0.9825 4.16845e-08 
0.99 4.97459e-08 
0.9875 4.68989e-08 
0.995 5.5969e-08 
0.9925 5.27657e-08 
1 6.29709e-08 
0.9975 5.93668e-08 
1.005 7.0849e-08 
1.0025 6.67939e-08 
1.01 7.97131e-08 
1.0075 7.51504e-08 
1.015 8.96865e-08 
1.0125 8.45528e-08 
1.02 1.00908e-07 
1.0175 9.5132e-08 
1.025 1.13534e-07 
1.0225 1.07035e-07 
1.03 1.27741e-07 
1.0275 1.20428e-07 
1.035 1.43726e-07 
1.0325 1.35498e-07 
1.04 1.61711e-07 
1.0375 1.52453e-07 
1.045 1.81948e-07 
1.0425 1.71531e-07 
1.05 2.04719e-07 
1.0475 1.92998e-07 
1.055 2.30339e-07 
1.0525 2.17151e-07 
1.06 2.59168e-07 
1.0575 2.44329e-07 
1.065 2.91605e-07 
1.0625 2.74908e-07 
1.07 3.28104e-07 
1.0675 3.09316e-07 
1.075 3.69172e-07 
1.0725 3.48033e-07 
1.08 4.15383e-07 
1.0775 3.91596e-07 
1.085 4.6738e-07 
1.0825 4.40615e-07 
1.09 5.25887e-07 
1.0875 4.95771e-07 
1.095 5.91721e-07 
1.0925 5.57834e-07 
1.1 6.658e-07 
1.0975 6.27668e-07 
1.105 7.49155e-07 
1.1025 7.06248e-07 
1.11 8.42949e-07 
1.1075 7.94669e-07 
1.115 9.4849e-07 
1.1125 8.94163e-07 
1.12 1.06725e-06 
1.1175 1.00612e-06 
1.125 1.20088e-06 
1.1225 1.1321e-06 
1.13 1.35126e-06 
1.1275 1.27385e-06 
1.135 1.52047e-06 
1.1325 1.43337e-06 
1.14 1.71087e-06 
1.1375 1.61286e-06 
1.145 1.92513e-06 
1.1425 1.81484e-06 
1.15 2.16623e-06 
1.1475 2.04212e-06 
1.155 2.43753e-06 
1.1525 2.29788e-06 
1.16 2.74283e-06 
1.1575 2.58568e-06 
1.165 3.08638e-06 
1.1625 2.90954e-06 
1.17 3.47298e-06 
1.1675 3.27397e-06 
1.175 3.90802e-06 
1.1725 3.68408e-06 
1.18 4.39757e-06 
1.1775 4.14557e-06 
1.185 4.94848e-06 
1.1825 4.6649e-06 
1.19 5.56843e-06 
1.1875 5.24931e-06 
1.195 6.26609e-06 
1.1925 5.90697e-06 
1.2 7.05119e-06 
1.1975 6.64705e-06 
1.205 7.93471e-06 
1.2025 7.47991e-06 
1.21 8.92898e-06 
1.2075 8.41717e-06 
1.215 1.00479e-05 
1.2125 9.47193e-06 
1.22 1.13071e-05 
1.2175 1.06589e-05 
1.225 1.27242e-05 
1.2225 1.19948e-05 
1.23 1.4319e-05 
1.2275 1.34981e-05 
1.235 1.61139e-05 
1.2325 1.51899e-05 
1.24 1.81338e-05 
1.2375 1.7094e-05 
1.245 2.04071e-05 
1.2425 1.92368e-05 
1.25 2.29655e-05 
1.2475 2.16485e-05 
1.255 2.5845e-05 
1.2525 2.43627e-05 
1.26 2.90858e-05 
1.2575 2.74175e-05 
1.265 3.27332e-05 
1.2625 3.08556e-05 
1.27 3.68384e-05 
1.2675 3.47252e-05 
1.275 4.1459e-05 
1.2725 3.90804e-05 
1.28 4.66596e-05 
1.2775 4.39824e-05 
1.285 5.25133e-05 
1.2825 4.94999e-05 
1.29 5.91021e-05 
1.2875 5.57102e-05 
1.295 6.65185e-05 
1.2925 6.27006e-05 
1.3 7.48666e-05 
1.2975 7.05691e-05 
1.305 8.42639e-05 
1.3025 7.94262e-05 
1.31 9.48422e-05 
1.3075 8.93965e-05 
1.315 0.00010675 
1.3125 0.00010062 
1.32 0.000120156 
1.3175 0.000113255 
1.325 0.000135248 
1.3225 0.000127479 
1.33 0.000152239 
1.3275 0.000143492 
1.335 0.000171369 
1.3325 0.000161521 
1.34 0.000192907 
1.3375 0.000181819 
1.345 0.000217158 
1.3425 0.000204673 
1.35 0.000244464 
1.3475 0.000230406 
1.355 0.000275213 
1.3525 0.000259382 
1.36 0.000309839 
1.3575 0.000292012 
1.365 0.000348835 
1.3625 0.000328758 
1.37 0.000392753 
1.3675 0.000370141 
1.375 0.000442217 
1.3725 0.000416749 
1.38 0.000497933 
1.3775 0.000469246 
1.385 0.000560694 
1.3825 0.00052838 
1.39 0.000631397 
1.3875 0.000594993 
1.395 0.000711053 
1.3925 0.000670038 
1.4 0.000800802 
1.3975 0.000754589 
1.405 0.000901932 
1.4025 0.000849857 
1.41 0.0010159 
1.4075 0.000957212 
1.415 0.00114434 
1.4125 0.0010782 
1.42 0.00128911 
1.4175 0.00121456 
1.425 0.0014523 
1.4225 0.00136826 
1.43 0.00163628 
1.4275 0.00154154 
1.435 0.00184372 
1.4325 0.00173689 
1.44 0.00207764 
1.4375 0.00195717 
1.445 0.00234145 
1.4425 0.00220558 
1.45 0.002639 
1.4475 0.00248575 
1.455 0.00297466 
1.4525 0.00280177 
1.46 0.00335334 
1.4575 0.00315829 
1.465 0.00378063 
1.4625 0.00356054 
1.47 0.00426281 
1.4675 0.00401443 
1.475 0.004807 
1.4725 0.00452667 
1.48 0.00542124 
1.4775 0.00510482 
1.485 0.00611461 
1.4825 0.00575742 
1.49 0.00689738 
1.4875 0.00649413 
1.495 0.00778112 
1.4925 0.00732585 
1.5 0.00877892 
1.4975 0.00826488 
1.505 0.00990548 
1.5025 0.00932511 
1.51 0.0111774 
1.5075 0.0105222 
1.515 0.0126134 
1.5125 0.0118737 
1.52 0.0142344 
1.5175 0.0133994 
1.525 0.0160639 
1.5225 0.0151215 
1.53 0.0181284 
1.5275 0.017065 
1.535 0.0204571 
1.5325 0.0192577 
1.54 0.0230829 
1.5375 0.0217307 
1.545 0.0260421 
1.5425 0.0245184 
1.55 0.0293751 
1.5475 0.0276592 
1.555 0.0331261 
1.5525 0.0311954 
1.56 0.0373437 
1.5575 0.0351733 
1.565 0.0420808 
1.5625 0.0396438 
1.57 0.0473948 
1.5675 0.044662 
1.575 0.0533472 
1.5725 0.0502872 
1.58 0.0600034 
1.5775 0.0565831 
1.585 0.0674323 
1.5825 0.0636168 
1.59 0.0757056 
1.5875 0.0714588 
1.595 0.0848966 
1.5925 0.0801817 
1.6 0.095079 
1.5975 0.0898593 
1.605 0.106326 
1.6025 0.100565 
1.61 0.118706 
1.6075 0.11237 
1.615 0.132283 
1.6125 0.125341 
1.62 0.147115 
1.6175 0.139539 
1.625 0.163246 
1.6225 0.155015 
1.63 0.180708 
1.6275 0.171809 
1.635 0.199518 
1.6325 0.189944 
1.64 0.219673 
1.6375 0.209428 
1.645 0.241149 
1.6425 0.230248 
1.65 0.263901 
1.6475 0.252369 
1.655 0.287859 
1.6525 0.275735 
1.66 0.312931 
1.6575 0.300263 
1.665 0.339001 
1.6625 0.325849 
1.67 0.365931 
1.6675 0.352368 
1.675 0.393568 
1.6725 0.379672 
1.68 0.421742 
1.6775 0.407599 
1.685 0.45027 
1.6825 0.435973 
1.69 0.478968 
1.6875 0.46461 
1.695 0.507646 
1.6925 0.493321 
1.7 0.53612 
1.6975 0.52192 
1.705 0.564213 
1.7025 0.550225 
1.71 0.591759 
1.7075 0.578064 
1.715 0.61861 
1.7125 0.60528 
1.72 0.644631 
1.7175 0.631732 
1.725 0.669712 
1.7225 0.657296 
1.73 0.69376 
1.7275 0.68187 
1.735 0.716704 
1.7325 0.705374 
1.74 0.738492 
1.7375 0.727745 
1.745 0.759091 
1.7425 0.748941 
1.75 0.778487 
1.7475 0.76894 
1.755 0.79668 
1.7525 0.787733 
1.76 0.813684 
1.7575 0.805329 
1.765 0.829524 
1.7625 0.821747 
1.77 0.844236 
1.7675 0.837018 
1.775 0.857861 
1.7725 0.851181 
1.78 0.870447 
1.7775 0.864281 
1.785 0.882047 
1.7825 0.876367 
1.79 0.892714 
1.7875 0.887494 
1.795 0.902505 
1.7925 0.897716 
1.8 0.911475 
1.7975 0.907089 
1.805 0.91968 
1.8025 0.91567 
1.81 0.927174 
1.8075 0.923513 
1.815 0.93401 
1.8125 0.930671 
1.82 0.940237 
1.8175 0.937197 
1.825 0.945905 
1.8225 0.943138 
1.83 0.951057 
1.8275 0.948543 
1.835 0.955737 
1.8325 0.953454 
1.84 0.959985 
1.8375 0.957913 
1.845 0.963837 
1.8425 0.961958 
1.85 0.967328 
1.8475 0.965626 
1.855 0.970491 
1.8525 0.968949 
1.86 0.973354 
1.8575 0.971958 
1.865 0.975945 
1.8625 0.974682 
1.87 0.978288 
1.8675 0.977146 
1.875 0.980407 
1.8725 0.979374 
1.88 0.982321 
1.8775 0.981388 
1.885 0.984052 
1.8825 0.983208 
1.89 0.985614 
1.8875 0.984853 
1.895 0.987026 
1.8925 0.986338 
1.9 0.9883 
1.8975 0.987679 
1.905 0.98945 
1.9025 0.988889 
1.91 0.990487 
1.9075 0.989982 
1.915 0.991424 
1.9125 0.990968 
1.92 0.992269 
1.9175 0.991857 
1.925 0.993031 
1.9225 0.99266 
1.93 0.993718 
1.9275 0.993383 
1.935 0.994338 
1.9325 0.994036 
1.94 0.994897 
1.9375 0.994625 
1.945 0.995401 
1.9425 0.995155 
1.95 0.995855 
1.9475 0.995634 
1.955 0.996265 
1.9525 0.996065 
1.96 0.996634 
1.9575 0.996454 
1.965 0.996967 
1.9625 0.996805 
1.97 0.997267 
1.9675 0.997121 
1.975 0.997537 
1.9725 0.997406 
1.98 0.997781 
1.9775 0.997662 
1.985 0.998001 
1.9825 0.997894 
1.99 0.998199 
1.9875 0.998102 
1.995 0.998377 
1.9925 0.99829 
2 0.998538 
1.9975 0.998459 
2.005 0.998682 
2.0025 0.998612 
2.01 0.998813 
2.0075 0.998749 
2.015 0.99893 
2.0125 0.998873 
2.02 0.999036 
2.0175 0.998985 
2.025 0.999132 
2.0225 0.999085 
2.03 0.999218 
2.0275 0.999176 
2.035 0.999295 
2.0325 0.999257 
2.04 0.999365 
2.0375 0.999331 
2.045 0.999428 
2.0425 0.999397 
2.05 0.999484 
2.0475 0.999457 
2.055 0.999535 
2.0525 0.999511 
2.06 0.999581 
2.0575 0.999559 
2.065 0.999623 
2.0625 0.999602 
2.07 0.99966 
2.0675 0.999642 
2.075 0.999693 
2.0725 0.999677 
2.08 0.999724 
2.0775 0.999709 
2.085 0.999751 
2.0825 0.999737 
2.09 0.999775 
2.0875 0.999763 
2.095 0.999797 
2.0925 0.999786 
2.1 0.999817 
2.0975 0.999807 
2.105 0.999835 
2.1025 0.999826 
2.11 0.999851 
2.1075 0.999843 
2.115 0.999865 
2.1125 0.999858 
2.12 0.999878 
2.1175 0.999872 
2.125 0.99989 
2.1225 0.999884 
2.13 0.9999 
2.1275 0.999895 
2.135 0.999909 
2.1325 0.999905 
2.14 0.999917 
2.1375 0.999913 
2.145 0.999925 
2.1425 0.999921 
2.15 0.999931 
2.1475 0.999928 
2.155 0.999937 
2.1525 0.999934 
2.16 0.999942 
2.1575 0.99994 
2.165 0.999947 
2.1625 0.999945 
2.17 0.999951 
2.1675 0.999949 
2.175 0.999954 
2.1725 0.999953 
2.18 0.999957 
2.1775 0.999956 
2.185 0.99996 
2.1825 0.999958 
2.19 0.999962 
2.1875 0.999961 
2.195 0.999963 
2.1925 0.999963 
2.2 0.999965 
2.1975 0.999964 
2.205 0.999966 
2.2025 0.999965 
2.21 0.999966 
2.2075 0.999966 
2.215 0.999966 
2.2125 0.999966 
2.22 0.999966 
2.2175 0.999966 
2.225 0.999966 
2.2225 0.999966 
2.23 0.999965 
2.2275 0.999965 
2.235 0.999964 
2.2325 0.999964 
2.24 0.999962 
2.2375 0.999963 
2.245 0.99996 
2.2425 0.999961 
2.25 0.999958 
2.2475 0.999959 
2.255 0.999955 
2.2525 0.999957 
2.26 0.999952 
2.2575 0.999954 
2.265 0.999949 
2.2625 0.999951 
2.27 0.999945 
2.2675 0.999947 
2.275 0.99994 
2.2725 0.999942 
2.28 0.999935 
2.2775 0.999938 
2.285 0.999929 
2.2825 0.999932 
2.29 0.999923 
2.2875 0.999926 
2.295 0.999916 
2.2925 0.999919 
2.3 0.999908 
2.2975 0.999912 
2.305 0.999899 
2.3025 0.999903 
2.31 0.999889 
2.3075 0.999894 
2.315 0.999878 
2.3125 0.999884 
2.32 0.999866 
2.3175 0.999872 
2.325 0.999853 
2.3225 0.99986 
2.33 0.999839 
2.3275 0.999846 
2.335 0.999822 
2.3325 0.999831 
2.34 0.999805 
2.3375 0.999814 
2.345 0.999785 
2.3425 0.999795 
2.35 0.999763 
2.3475 0.999775 
2.355 0.99974 
2.3525 0.999752 
2.36 0.999713 
2.3575 0.999727 
2.365 0.999684 
2.3625 0.999699 
2.37 0.999653 
2.3675 0.999669 
2.375 0.999617 
2.3725 0.999635 
2.38 0.999579 
2.3775 0.999598 
2.385 0.999536 
2.3825 0.999558 
2.39 0.999489 
2.3875 0.999513 
2.395 0.999437 
2.3925 0.999464 
2.4 0.99938 
2.3975 0.999409 
2.405 0.999317 
2.4025 0.999349 
2.41 0.999248 
2.4075 0.999283 
2.415 0.999172 
2.4125 0.999211 
2.42 0.999088 
2.4175 0.999131 
2.425 0.998995 
2.4225 0.999042 
2.43 0.998893 
2.4275 0.998945 
2.435 0.998781 
2.4325 0.998838 
2.44 0.998657 
2.4375 0.99872 
2.445 0.998521 
2.4425 0.99859 
2.45 0.99837 
2.4475 0.998447 
2.455 0.998205 
2.4525 0.99829 
2.46 0.998023 
2.4575 0.998116 
2.465 0.997822 
2.4625 0.997925 
2.47 0.997601 
2.4675 0.997715 
2.475 0.997358 
2.4725 0.997483 
2.48 0.99709 
2.4775 0.997227 
2.485 0.996795 
2.4825 0.996946 
2.49 0.99647 
2.4875 0.996637 
2.495 0.996112 
2.4925 0.996296 
2.5 0.995718 
2.4975 0.99592 
2.505 0.995284 
2.5025 0.995506 
2.51 0.994807 
2.5075 0.995051 
2.515 0.994281 
2.5125 0.99455 
2.52 0.993701 
2.5175 0.993998 
2.525 0.993064 
2.5225 0.99339 
2.53 0.992362 
2.5275 0.992721 
2.535 0.99159 
2.5325 0.991985 
2.54 0.99074 
2.5375 0.991175 
2.545 0.989804 
2.5425 0.990283 
2.55 0.988775 
2.5475 0.989302 
2.555 0.987643 
2.5525 0.988222 
2.56 0.986397 
2.5575 0.987035 
2.565 0.985028 
2.5625 0.985729 
2.57 0.983521 
2.5675 0.984292 
2.575 0.981866 
2.5725 0.982713 
2.58 0.980046 
2.5775 0.980977 
2.585 0.978046 
2.5825 0.979069 
2.59 0.975849 
2.5875 0.976973 
2.595 0.973437 
2.5925 0.974672 
2.6 0.97079 
2.5975 0.972144 
2.605 0.967884 
2.6025 0.969371 
2.61 0.964698 
2.6075 0.966328 
2.615 0.961205 
2.6125 0.962992 
2.62 0.957378 
2.6175 0.959335 
2.625 0.953188 
2.6225 0.95533 
2.63 0.948603 
2.6275 0.950947 
2.635 0.94359 
2.6325 0.946152 
2.64 0.938114 
2.6375 0.940913 
2.645 0.932137 
2.6425 0.935191 
2.65 0.925621 
2.6475 0.928949 
2.655 0.918523 
2.6525 0.922147 
2.66 0.910803 
2.6575 0.914744 
2.665 0.902417 
2.6625 0.906696 
2.67 0.893321 
2.6675 0.897961 
2.675 0.883472 
2.6725 0.888493 
2.68 0.872824 
2.6775 0.87825 
2.685 0.861337 
2.6825 0.867188 
2.69 0.848969 
2.6875 0.855265 
2.695 0.835685 
2.6925 0.842444 
2.7 0.821451 
2.6975 0.828689 
2.705 0.80624 
2.7025 0.813969 
2.71 0.79003 
2.7075 0.798261 
2.715 0.772811 
2.7125 0.781547 
2.72 0.754578 
2.7175 0.763821 
2.725 0.735338 
2.7225 0.745083 
2.73 0.715111 
2.7275 0.725346 
2.735 0.693929 
2.7325 0.704637 
2.74 0.671836 
2.7375 0.682993 
2.745 0.648893 
2.7425 0.660467 
2.75 0.625171 
2.7475 0.637124 
2.755 0.600756 
2.7525 0.613044 
2.76 0.575748 
2.7575 0.58832 
2.765 0.550256 
2.7625 0.563055 
2.77 0.524399 
2.7675 0.537365 
2.775 0.498304 
2.7725 0.511373 
2.78 0.472102 
2.7775 0.485208 
2.785 0.445928 
2.7825 0.459004 
2.79 0.419915 
2.7875 0.432893 
2.795 0.394193 
2.7925 0.407009 
2.8 0.368887 
2.7975 0.381481 
2.805 0.344116 
2.8025 0.356428 
2.81 0.319986 
2.8075 0.331964 
2.815 0.296595 
2.8125 0.308192 
2.82 0.274026 
2.8175 0.285203 
2.825 0.252351 
2.8225 0.263073 
2.83 0.231629 
2.8275 0.241868 
2.835 0.211906 
2.8325 0.22164 
2.84 0.193213 
2.8375 0.202429 
2.845 0.175572 
2.8425 0.18426 
2.85 0.158994 
2.8475 0.16715 
2.855 0.143479 
2.8525 0.151104 
2.86 0.129019 
2.8575 0.136118 
2.865 0.115598 
2.8625 0.12218 
2.87 0.103193 
2.8675 0.10927 
2.875 0.0917771 
2.8725 0.0973634 
2.88 0.081317 
2.8775 0.0864298 
2.885 0.0717757 
2.8825 0.076434 
2.89 0.0631127 
2.8875 0.0673371 
2.895 0.0552844 
2.8925 0.059097 
2.9 0.0482449 
2.8975 0.051669 
2.905 0.0419459 
2.9025 0.0450059 
2.91 0.036338 
2.9075 0.0390587 
2.915 0.0313702 
2.9125 0.0337773 
2.92 0.0269914 
2.9175 0.0291104 
2.925 0.0231506 
2.9225 0.0250069 
2.93 0.0197975 
2.9275 0.0214162 
2.935 0.0168835 
2.9325 0.0182886 
2.94 0.0143617 
2.9375 0.0155764 
2.945 0.0121881 
2.9425 0.013234 
2.95 0.0103215 
2.9475 0.0112189 
2.955 0.00872399 
2.9525 0.00949138 
2.96 0.00736088 
2.9575 0.00801516 
2.965 0.00620102 
2.9625 0.00675736 
2.97 0.00521654 
2.9675 0.00568847 
2.975 0.00438277 
2.9725 0.00478223 
2.98 0.00367803 
2.9775 0.00401551 
2.985 0.00308339 
2.9825 0.00336803 
2.99 0.00258244 
2.9875 0.00282214 
2.995 0.002161 
2.9925 0.00236259 
3 0.00180689 
2.9975 0.00197622 
3.005 0.00150969 
3.0025 0.00165176 
3.01 0.00126049 
3.0075 0.00137959 
3.015 0.00105174 
3.0125 0.00115148 
3.02 0.000877013 
3.0175 0.000960483 
3.025 0.00073088 
3.0225 0.000800677 
3.03 0.000608747 
3.0275 0.000667071 
3.035 0.00050674 
3.0325 0.000555444 
3.04 0.000421597 
3.0375 0.000462243 
3.045 0.000350572 
3.0425 0.000384473 
3.05 0.000291358 
3.0475 0.000319617 
3.055 0.000242019 
3.0525 0.000265562 
3.06 0.00020093 
3.0575 0.000220534 
3.065 0.00016673 
3.0625 0.000183045 
3.07 0.000138279 
3.0675 0.000151849 
3.075 0.000114622 
3.0725 0.000125904 
3.08 9.49626e-05 
3.0775 0.000104337 
3.085 7.86332e-05 
3.0825 8.64187e-05 
3.09 6.50767e-05 
3.0875 7.15393e-05 
3.095 5.38281e-05 
3.0925 5.91898e-05 
3.1 4.44995e-05 
3.0975 4.89454e-05 
3.105 3.67671e-05 
3.1025 4.04517e-05 
3.11 3.03612e-05 
3.1075 3.34133e-05 
3.115 2.50572e-05 
3.1125 2.7584e-05 
3.12 2.06679e-05 
3.1175 2.27586e-05 
3.125 1.70374e-05 
3.1225 1.87664e-05 
3.13 1.40364e-05 
3.1275 1.54655e-05 
3.135 1.15571e-05 
3.1325 1.27375e-05 
3.14 9.50992e-06 
3.1375 1.04844e-05 
3.145 7.82056e-06 
3.1425 8.62463e-06 
3.15 6.42729e-06 
3.1475 7.09033e-06 
3.155 5.2789e-06 
3.1525 5.82532e-06 
3.16 4.33293e-06 
3.1575 4.78297e-06 
3.165 3.55418e-06 
3.1625 3.9246e-06 
3.17 2.91348e-06 
3.1675 3.21818e-06 
3.175 2.38669e-06 
3.1725 2.63718e-06 
3.18 1.95384e-06 
3.1775 2.15962e-06 
3.185 1.5984e-06 
3.1825 1.76735e-06 
3.19 1.30673e-06 
3.1875 1.44535e-06 
3.195 1.06753e-06 
3.1925 1.18119e-06 
3.2 8.71514e-07 
3.1975 9.64642e-07 
3.205 7.10981e-07 
3.2025 7.87235e-07 
3.21 5.79602e-07 
3.2075 6.41997e-07 
3.215 4.72158e-07 
3.2125 5.23176e-07 
3.22 3.8435e-07 
3.2175 4.26036e-07 
3.225 3.1264e-07 
3.2225 3.46677e-07 
3.23 2.5412e-07 
3.2275 2.81892e-07 
3.235 2.06398e-07 
3.2325 2.29041e-07 
3.24 1.67511e-07 
3.2375 1.85958e-07 
3.245 1.35846e-07 
3.2425 1.50864e-07 
3.25 1.10081e-07 
3.2475 1.22299e-07 
3.255 8.91339e-08 
3.2525 9.90651e-08 
3.26 7.21159e-08 
3.2575 8.01825e-08 
3.265 5.83009e-08 
3.2625 6.48479e-08 
3.27 4.70949e-08 
3.2675 5.24044e-08 
3.275 3.80122e-08 
3.2725 4.23147e-08 
3.28 3.06563e-08 
3.2775 3.41401e-08 
3.285 2.47038e-08 
3.2825 2.75224e-08 
3.29 1.98908e-08 
3.2875 2.21693e-08 
3.295 1.60023e-08 
3.2925 1.78428e-08 
3.3 1.28633e-08 
3.2975 1.43487e-08 
3.305 1.03315e-08 
3.3025 1.15293e-08 
3.31 8.29097e-09 
3.3075 9.25611e-09 
3.315 6.64788e-09 
3.3125 7.42488e-09 
3.32 5.3259e-09 
3.3175 5.95091e-09 
3.325 4.26318e-09 
3.3225 4.76551e-09 
3.33 3.4096e-09 
3.3275 3.81298e-09 
3.335 2.72459e-09 
3.3325 3.04823e-09 
3.34 2.17532e-09 
3.3375 2.43477e-09 
3.345 1.73529e-09 
3.3425 1.9431e-09 
3.35 1.38307e-09 
3.3475 1.54937e-09 
3.355 1.10138e-09 
3.3525 1.23435e-09 
3.36 8.76301e-10 
3.3575 9.82522e-10 
3.365 6.96609e-10 
3.3625 7.8139e-10 
3.37 5.5328e-10 
3.3675 6.20889e-10 
3.375 4.39056e-10 
3.3725 4.92923e-10 
3.38 3.48107e-10 
3.3775 3.90988e-10 
3.385 2.75756e-10 
3.3825 3.0986e-10 
3.39 2.1825e-10 
3.3875 2.4535e-10 
3.395 1.72584e-10 
3.3925 1.94099e-10 
3.4 1.36353e-10 
3.3975 1.53419e-10 
3.405 1.07633e-10 
3.4025 1.21158e-10 
3.41 8.48879e-11 
3.4075 9.55968e-11 
3.415 6.68904e-11 
3.4125 7.53619e-11 
3.42 5.26624e-11 
3.4175 5.9358e-11 
3.425 4.14245e-11 
3.4225 4.67117e-11 
3.43 3.25563e-11 
3.4275 3.67276e-11 
3.435 2.55643e-11 
3.4325 2.88523e-11 
3.44 2.00565e-11 
3.4375 2.26459e-11 
3.445 1.57218e-11 
3.4425 1.77592e-11 
3.45 1.23133e-11 
3.4475 1.3915e-11 
3.455 9.63548e-12 
3.4525 1.08935e-11 
3.46 7.53362e-12 
3.4575 8.52087e-12 
3.465 5.88528e-12 
3.4625 6.65933e-12 
3.47 4.59373e-12 
3.4675 5.20009e-12 
3.475 3.58263e-12 
3.4725 4.05722e-12 
3.48 2.79178e-12 
3.4775 3.1629e-12 
3.485 2.17373e-12 
3.4825 2.46369e-12 
3.49 1.69114e-12 
3.4875 1.9175e-12 
3.495 1.31464e-12 
3.4925 1.49119e-12 
3.5 1.02115e-12 
3.4975 1.15875e-12 
3.505 7.92573e-13 
3.5025 8.99717e-13 
3.51 6.14691e-13 
3.5075 6.98053e-13 
3.515 4.76375e-13 
3.5125 5.41181e-13 
3.52 3.68912e-13 
3.5175 4.19251e-13 
3.525 2.85486e-13 
3.5225 3.24557e-13 
3.53 2.20771e-13 
3.5275 2.51073e-13 
3.535 1.7061e-13 
3.5325 1.94092e-13 
3.54 1.31758e-13 
3.5375 1.49943e-13 
3.545 1.01689e-13 
3.5425 1.1576e-13 
3.55 7.84331e-14 
3.5475 8.93137e-14 
3.555 6.04601e-14 
3.5525 6.88676e-14 
3.56 4.65791e-14 
3.5575 5.30712e-14 
3.565 3.58657e-14 
3.5625 4.08754e-14 
3.57 2.76023e-14 
3.5675 3.14657e-14 
3.575 2.12326e-14 
3.5725 2.42102e-14 
3.58 1.63255e-14 
3.5775 1.86191e-14 
3.585 1.25474e-14 
3.5825 1.4313e-14 
3.59 9.64003e-15 
3.5875 1.09985e-14 
3.595 7.40386e-15 
3.5925 8.44859e-15 
3.6 5.68475e-15 
3.5975 6.48781e-15 
3.605 4.36372e-15 
3.6025 4.98076e-15 
3.61 3.349e-15 
3.6075 3.82291e-15 
3.615 2.56984e-15 
3.6125 2.9337e-15 
3.62 1.97175e-15 
3.6175 2.25103e-15 
3.625 1.51278e-15 
3.6225 1.72709e-15 
3.63 1.16065e-15 
3.6275 1.32506e-15 
3.635 8.9054e-16 
3.6325 1.01665e-15 
3.64 6.8337e-16 
3.6375 7.80092e-16 
3.645 5.24488e-16 
3.6425 5.98664e-16 
3.65 4.02641e-16 
3.6475 4.59527e-16 
3.655 3.09194e-16 
3.6525 3.52822e-16 
3.66 2.37521e-16 
3.6575 2.70984e-16 
3.665 1.8254e-16 
3.6625 2.08211e-16 
3.67 1.40354e-16 
3.6675 1.60052e-16 
3.675 1.07978e-16 
3.6725 1.23097e-16 
3.68 8.31205e-17 
3.6775 9.47294e-17 
3.685 6.4029e-17 
3.6825 7.29463e-17 
3.69 4.93588e-17 
3.6875 5.62119e-17 
3.695 3.808e-17 
3.6925 4.33496e-17 
3.7 2.94033e-17 
3.6975 3.34578e-17 
3.705 2.27241e-17 
3.7025 2.58458e-17 
3.71 1.75788e-17 
3.7075 1.99841e-17 
3.715 1.3612e-17 
3.7125 1.54668e-17 
3.72 1.05512e-17 
3.7175 1.19827e-17 
3.725 8.18737e-18 
3.7225 9.29316e-18 
3.73 6.36008e-18 
3.7275 7.2151e-18 
3.735 4.94614e-18 
3.7325 5.60793e-18 
3.74 3.85092e-18 
3.7375 4.36368e-18 
3.745 3.00167e-18 
3.7425 3.39938e-18 
3.75 2.34241e-18 
3.7475 2.65124e-18 
3.755 1.83007e-18 
3.7525 2.07015e-18 
3.76 1.43144e-18 
3.7575 1.61829e-18 
3.765 1.12092e-18 
3.7625 1.26651e-18 
3.77 8.78754e-19 
3.7675 9.92336e-19 
3.775 6.89673e-19 
3.7725 7.78385e-19 
3.78 5.41865e-19 
3.7775 6.11235e-19 
3.785 4.26187e-19 
3.7825 4.80494e-19 
3.79 3.35548e-19 
3.7875 3.78113e-19 
3.795 2.64448e-19 
3.7925 2.97848e-19 
3.8 2.08614e-19 
3.7975 2.3485e-19 
3.805 1.64719e-19 
3.8025 1.8535e-19 
3.81 1.30174e-19 
3.8075 1.46415e-19 
3.815 1.0296e-19 
3.8125 1.15758e-19 
3.82 8.14996e-20 
3.8175 9.15945e-20 
3.825 6.45606e-20 
3.8225 7.25306e-20 
3.83 5.11782e-20 
3.8275 5.74763e-20 
3.835 4.05967e-20 
3.8325 4.55777e-20 
3.84 3.22228e-20 
3.8375 3.61655e-20 
3.845 2.5591e-20 
3.8425 2.87141e-20 
3.85 2.03349e-20 
3.8475 2.28106e-20 
3.855 1.61664e-20 
3.8525 1.81301e-20 
3.86 1.28582e-20 
3.8575 1.44169e-20 
3.865 1.02313e-20 
3.8625 1.14692e-20 
3.87 8.14416e-21 
3.8675 9.12784e-21 
3.875 6.48505e-21 
3.8725 7.2671e-21 
3.88 5.16554e-21 
3.8775 5.78759e-21 
3.885 4.11568e-21 
3.8825 4.61067e-21 
3.89 3.28003e-21 
3.8875 3.67406e-21 
3.895 2.61463e-21 
3.8925 2.92841e-21 
3.9 2.08463e-21 
3.8975 2.33458e-21 
3.905 1.66234e-21 
3.9025 1.86151e-21 
3.91 1.3258e-21 
3.9075 1.48454e-21 
3.915 1.05752e-21 
3.9125 1.18406e-21 
3.92 8.43606e-22 
3.9175 9.44512e-22 
3.925 6.7302e-22 
3.9225 7.53493e-22 
3.93 5.36959e-22 
3.9275 6.01148e-22 
3.935 4.28423e-22 
3.9325 4.79628e-22 
3.94 3.41833e-22 
3.9375 3.82686e-22 
3.945 2.72745e-22 
3.9425 3.05341e-22 
3.95 2.17618e-22 
3.9475 2.43628e-22 
3.955 1.73629e-22 
3.9525 1.94384e-22 
3.96 1.38525e-22 
3.9575 1.55088e-22 
3.965 1.10512e-22 
3.9625 1.23729e-22 
3.97 8.81576e-23 
3.9675 9.87049e-23 
3.975 7.03188e-23 
3.9725 7.87354e-23 
3.98 5.60841e-23 
3.9775 6.28002e-23 
3.985 4.47257e-23 
3.9825 5.00846e-23 
3.99 3.56632e-23 
3.9875 3.99388e-23 
3.995 2.84329e-23 
3.9925 3.1844e-23 
4 2.2665e-23 
3.9975 2.53861e-23 
4.005 1.80641e-23 
4.0025 2.02346e-23 
4.01 1.43946e-23 
4.0075 1.61257e-23 
4.015 1.14683e-23 
4.0125 1.28487e-23 
4.02 9.13507e-24 
4.0175 1.02357e-23 
4.025 7.27493e-24 
4.0225 8.15233e-24 
4.03 5.79224e-24 
4.0275 6.49157e-24 
4.035 4.61061e-24 
4.0325 5.16791e-24 
4.04 3.6691e-24 
4.0375 4.11313e-24 
4.045 2.91908e-24 
4.0425 3.27278e-24 
4.05 2.32172e-24 
4.0475 2.60341e-24 
4.055 1.84607e-24 
4.0525 2.07035e-24 
4.06 1.46742e-24 
4.0575 1.64595e-24 
4.065 1.16606e-24 
4.0625 1.30814e-24 
4.07 9.26288e-25 
4.0675 1.03932e-24 
4.075 7.35567e-25 
4.0725 8.25472e-25 
4.08 5.83908e-25 
4.0775 6.55394e-25 
4.085 4.63349e-25 
4.0825 5.20171e-25 
4.09 3.67541e-25 
4.0875 4.12693e-25 
4.095 2.9143e-25 
4.0925 3.27296e-25 
4.1 2.30986e-25 
4.0975 2.59467e-25 
4.105 1.83003e-25 
4.1025 2.0561e-25 
4.11 1.44924e-25 
4.1075 1.62863e-25 
4.115 1.14719e-25 
4.1125 1.28947e-25 
4.12 9.07672e-26 
4.1175 1.02048e-25 
4.125 7.1783e-26 
4.1225 8.07236e-26 
4.13 5.67421e-26 
4.1275 6.38248e-26 
4.135 4.48308e-26 
4.1325 5.04391e-26 
4.14 3.5402e-26 
4.1375 3.98409e-26 
4.145 2.79419e-26 
4.1425 3.14536e-26 
4.15 2.20422e-26 
4.1475 2.4819e-26 
4.155 1.73788e-26 
4.1525 1.95734e-26 
4.16 1.36945e-26 
4.1575 1.54281e-26 
4.165 1.07851e-26 
4.1625 1.21539e-26 
4.17 8.489e-27 
4.1675 9.56911e-27 
4.175 6.67779e-27 
4.1725 7.52967e-27 
4.18 5.24989e-27 
4.1775 5.92139e-27 
4.185 4.1248e-27 
4.1825 4.65381e-27 
4.19 3.23882e-27 
4.1875 3.65534e-27 
4.195 2.54154e-27 
4.1925 2.8693e-27 
4.2 1.9931e-27 
4.1975 2.25085e-27 
4.205 1.56199e-27 
4.2025 1.76457e-27 
4.21 1.22332e-27 
4.2075 1.38243e-27 
4.215 9.57432e-28 
4.2125 1.08233e-27 
4.22 7.48826e-28 
4.2175 8.46801e-28 
4.225 5.85267e-28 
4.2225 6.62071e-28 
4.23 4.57111e-28 
4.2275 5.17279e-28 
4.235 3.56764e-28 
4.2325 4.03868e-28 
4.24 2.78244e-28 
4.2375 3.15095e-28 
4.245 2.16848e-28 
4.2425 2.45657e-28 
4.25 1.68874e-28 
4.2475 1.91381e-28 
4.255 1.31416e-28 
4.2525 1.48986e-28 
4.26 1.02189e-28 
4.2575 1.15895e-28 
4.265 7.94008e-29 
4.2625 9.00854e-29 
4.27 6.1647e-29 
4.2675 6.99697e-29 
4.275 4.78256e-29 
4.2725 5.43035e-29 
4.28 3.70737e-29 
4.2775 4.21119e-29 
4.285 2.8716e-29 
4.2825 3.26315e-29 
4.29 2.22246e-29 
4.2875 2.52652e-29 
4.295 1.71867e-29 
4.2925 1.95459e-29 
4.3 1.32799e-29 
4.2975 1.5109e-29 
4.305 1.02527e-29 
4.3025 1.16697e-29 
4.31 7.90894e-30 
4.3075 9.00579e-30 
4.315 6.09586e-30 
4.3125 6.94419e-30 
4.32 4.69444e-30 
4.3175 5.35001e-30 
4.325 3.61213e-30 
4.3225 4.11831e-30 
4.33 2.77696e-30 
4.3275 3.16747e-30 
4.335 2.13304e-30 
4.3325 2.43406e-30 
4.34 1.63701e-30 
4.3375 1.86884e-30 
4.345 1.25523e-30 
4.3425 1.43362e-30 
4.35 9.61639e-31 
4.3475 1.09879e-30 
4.355 7.36063e-31 
4.3525 8.41416e-31 
4.36 5.62899e-31 
4.3575 6.43755e-31 
4.365 4.30087e-31 
4.3625 4.92086e-31 
4.37 3.28314e-31 
4.3675 3.75812e-31 
4.375 2.50396e-31 
4.3725 2.86752e-31 
4.38 1.90796e-31 
4.3775 2.18599e-31 
4.385 1.45249e-31 
4.3825 1.66491e-31 
4.39 1.10474e-31 
4.3875 1.26688e-31 
4.395 8.39459e-32 
4.3925 9.63115e-32 
4.4 6.3729e-32 
4.3975 7.31506e-32 
4.405 4.83358e-32 
4.4025 5.55076e-32 
4.41 3.66263e-32 
4.4075 4.20805e-32 
4.415 2.77273e-32 
4.4125 3.18713e-32 
4.42 2.09706e-32 
4.4175 2.41163e-32 
4.425 1.58454e-32 
4.4225 1.82309e-32 
4.43 1.19614e-32 
4.4275 1.37687e-32 
4.435 9.02075e-33 
4.4325 1.03887e-32 
4.44 6.79654e-33 
4.4375 7.83098e-33 
4.445 5.11581e-33 
4.4425 5.89728e-33 
4.45 3.84699e-33 
4.4475 4.43679e-33 
4.455 2.89006e-33 
4.4525 3.33477e-33 
4.46 2.16906e-33 
4.4575 2.50404e-33 
4.465 1.62634e-33 
4.4625 1.87842e-33 
4.47 1.21822e-33 
4.4675 1.40773e-33 
4.475 9.11626e-34 
4.4725 1.05396e-33 
4.48 6.81521e-34 
4.4775 7.88315e-34 
4.485 5.08996e-34 
4.4825 5.89045e-34 
4.49 3.79769e-34 
4.4875 4.39713e-34 
4.495 2.83071e-34 
4.4925 3.27914e-34 
4.5 2.10785e-34 
4.4975 2.44298e-34 
4.505 1.56802e-34 
4.5025 1.81823e-34 
4.51 1.16528e-34 
4.5075 1.3519e-34 
4.515 8.65122e-35 
4.5125 1.00417e-34 
4.52 6.41635e-35 
4.5175 7.45136e-35 
4.525 4.75405e-35 
4.5225 5.52368e-35 
4.53 3.51887e-35 
4.5275 4.09059e-35 
4.535 2.60199e-35 
4.5325 3.02627e-35 
4.54 1.92207e-35 
4.5375 2.23661e-35 
4.545 1.41839e-35 
4.5425 1.65134e-35 
4.55 1.04564e-35 
4.5475 1.21799e-35 
4.555 7.70071e-36 
4.5525 8.97449e-36 
4.56 5.66549e-36 
4.5575 6.60598e-36 
4.565 4.16393e-36 
4.5625 4.85762e-36 
4.57 3.05723e-36 
4.5675 3.56836e-36 
4.575 2.24238e-36 
4.5725 2.61862e-36 
4.58 1.64305e-36 
4.5775 1.9197e-36 
4.585 1.20267e-36 
4.5825 1.40589e-36 
4.59 8.79425e-37 
4.5875 1.02855e-36 
4.595 6.42403e-37 
4.5925 7.51721e-37 
4.6 4.68783e-37 
4.5975 5.48836e-37 
4.605 3.41736e-37 
4.6025 4.00299e-37 
4.61 2.48865e-37 
4.6075 2.91663e-37 
4.615 1.81047e-37 
4.6125 2.12291e-37 
4.62 1.31575e-37 
4.6175 1.54361e-37 
4.625 9.55234e-38 
4.6225 1.12123e-37 
4.63 6.92785e-38 
4.6275 8.13593e-38 
4.635 5.01926e-38 
4.6325 5.89756e-38 
4.64 3.63273e-38 
4.6375 4.27061e-38 
4.645 2.62651e-38 
4.6425 3.0893e-38 
4.65 1.89705e-38 
4.6475 2.23245e-38 
4.655 1.36876e-38 
4.6525 1.6116e-38 
4.66 9.86574e-39 
4.6575 1.1622e-38 
4.665 7.10367e-39 
4.6625 8.37259e-39 
4.67 5.1096e-39 
4.6675 6.02543e-39 
4.675 3.67149e-39 
4.6725 4.33179e-39 
4.68 2.63541e-39 
4.6775 3.11099e-39 
4.685 1.88975e-39 
4.6825 2.23192e-39 
4.69 1.35366e-39 
4.6875 1.5996e-39 
4.695 9.68652e-40 
4.6925 1.14523e-39 
4.7 6.92429e-40 
4.6975 8.19077e-40 
4.705 4.94461e-40 
4.7025 5.85204e-40 
4.71 3.52728e-40 
4.7075 4.17676e-40 
4.715 2.5136e-40 
4.7125 2.97798e-40 
4.72 1.78939e-40 
4.7175 2.12106e-40 
4.725 1.27251e-40 
4.7225 1.50916e-40 
4.73 9.03997e-41 
4.7275 1.07267e-40 
4.735 6.41539e-41 
4.7325 7.61637e-41 
4.74 4.54809e-41 
4.7375 5.4023e-41 
4.745 3.22095e-41 
4.7425 3.82789e-41 
4.75 2.27871e-41 
4.7475 2.7095e-41 
4.755 1.61043e-41 
4.7525 1.91588e-41 
4.76 1.13696e-41 
4.7575 1.35331e-41 
4.765 8.01864e-42 
4.7625 9.54942e-42 
4.77 5.64942e-42 
4.7675 6.7314e-42 
4.775 3.97609e-42 
4.7725 4.74005e-42 
4.78 2.7955e-42 
4.7775 3.33435e-42 
4.785 1.96341e-42 
4.7825 2.34308e-42 
4.79 1.37757e-42 
4.7875 1.64481e-42 
4.795 9.65528e-43 
4.7925 1.15343e-42 
4.8 6.76031e-43 
4.7975 8.08013e-43 
4.805 4.72845e-43 
4.8025 5.65451e-43 
4.81 3.30385e-43 
4.8075 3.95296e-43 
4.815 2.30607e-43 
4.8125 2.76057e-43 
4.82 1.60796e-43 
4.8175 1.92587e-43 
4.825 1.12003e-43 
4.8225 1.34216e-43 
4.83 7.79348e-44 
4.8275 9.34398e-44 
4.835 5.41733e-44 
4.8325 6.49846e-44 
4.84 3.76175e-44 
4.8375 4.51481e-44 
4.845 2.60943e-44 
4.8425 3.13343e-44 
4.85 1.80823e-44 
4.8475 2.17246e-44 
4.855 1.25173e-44 
4.8525 1.50464e-44 
4.86 8.65605e-45 
4.8575 1.04104e-44 
4.865 5.97972e-45 
4.8625 7.19536e-45 
4.87 4.12661e-45 
4.8675 4.96809e-45 
4.875 2.84484e-45 
4.8725 3.42671e-45 
4.88 1.95918e-45 
4.8775 2.36112e-45 
4.885 1.34786e-45 
4.8825 1.62521e-45 
4.89 9.26328e-46 
4.8875 1.11752e-45 
4.895 6.35973e-46 
4.8925 7.67632e-46 
4.9 4.3618e-46 
4.8975 5.26749e-46 
4.905 2.98845e-46 
4.9025 3.61083e-46 
4.91 2.0454e-46 
4.9075 2.47265e-46 
4.915 1.39851e-46 
4.9125 1.6915e-46 
4.92 9.55226e-47 
4.9175 1.15594e-46 
4.925 6.51781e-47 
4.9225 7.89141e-47 
4.93 4.44277e-47 
4.9275 5.38181e-47 
4.935 3.02527e-47 
4.9325 3.66656e-47 
4.94 2.05796e-47 
4.9375 2.49546e-47 
4.945 1.39858e-47 
4.9425 1.69672e-47 
4.95 9.49593e-48 
4.9475 1.15254e-47 
4.955 6.44235e-48 
4.9525 7.8221e-48 
4.96 4.36848e-48 
4.9575 5.30515e-48 
4.965 2.96256e-48 
4.9625 3.59717e-48 
4.97 2.01211e-48 
4.9675 2.4407e-48 
4.975 1.37275e-48 
4.9725 1.66052e-48 
4.98 9.46833e-49 
4.9775 1.1378e-48 
4.985 6.69035e-49 
4.9825 7.92524e-49 
4.99 4.9655e-49 
4.9875 5.71609e-49 
4.995 4.02711e-49 
4.9925 4.40954e-49 
5 3.7297e-49 
4.9975 3.8033e-49 
