0 8.95949e-16 
0.005 8.99857e-16 
0.0025 8.96925e-16 
0.01 9.11583e-16 
0.0075 9.04742e-16 
0.015 9.31137e-16 
0.0125 9.20381e-16 
0.02 9.58531e-16 
0.0175 9.43853e-16 
0.025 9.93781e-16 
0.0225 9.75173e-16 
0.03 1.03691e-15 
0.0275 1.01436e-15 
0.035 1.08793e-15 
0.0325 1.06143e-15 
0.04 1.14686e-15 
0.0375 1.1164e-15 
0.045 1.21371e-15 
0.0425 1.17929e-15 
0.05 1.28848e-15 
0.0475 1.2501e-15 
0.055 1.37116e-15 
0.0525 1.32883e-15 
0.06 1.46173e-15 
0.0575 1.41546e-15 
0.065 1.56014e-15 
0.0625 1.50996e-15 
0.07 1.66632e-15 
0.0675 1.61226e-15 
0.075 1.78016e-15 
0.0725 1.72229e-15 
0.08 1.90154e-15 
0.0775 1.83992e-15 
0.085 2.03027e-15 
0.0825 1.965e-15 
0.09 2.16615e-15 
0.0875 2.09733e-15 
0.095 2.30891e-15 
0.0925 2.23669e-15 
0.1 2.45823e-15 
0.0975 2.38277e-15 
0.105 2.61374e-15 
0.1025 2.53523e-15 
0.11 2.775e-15 
0.1075 2.69368e-15 
0.115 2.94152e-15 
0.1125 2.85763e-15 
0.12 3.11273e-15 
0.1175 3.02658e-15 
0.125 3.288e-15 
0.1225 3.1999e-15 
0.13 3.46663e-15 
0.1275 3.37694e-15 
0.135 3.64783e-15 
0.1325 3.55696e-15 
0.14 3.83077e-15 
0.1375 3.73914e-15 
0.145 4.01453e-15 
0.1425 3.92261e-15 
0.15 4.19813e-15 
0.1475 4.10641e-15 
0.155 4.38051e-15 
0.1525 4.28954e-15 
0.16 4.56059e-15 
0.1575 4.47091e-15 
0.165 4.7372e-15 
0.1625 4.64941e-15 
0.17 4.90915e-15 
0.1675 4.82384e-15 
0.175 5.0752e-15 
0.1725 4.99299e-15 
0.18 5.23411e-15 
0.1775 5.15563e-15 
0.185 5.38459e-15 
0.1825 5.31048e-15 
0.19 5.52538e-15 
0.1875 5.45627e-15 
0.195 5.65525e-15 
0.1925 5.59176e-15 
0.2 5.77298e-15 
0.1975 5.71571e-15 
0.205 5.87739e-15 
0.2025 5.82692e-15 
0.21 5.96742e-15 
0.2075 5.92427e-15 
0.215 6.04204e-15 
0.2125 6.00671e-15 
0.22 6.10037e-15 
0.2175 6.07329e-15 
0.225 6.14165e-15 
0.2225 6.12318e-15 
0.23 6.16524e-15 
0.2275 6.15569e-15 
0.235 6.17071e-15 
0.2325 6.17026e-15 
0.24 6.15777e-15 
0.2375 6.16655e-15 
0.245 6.12638e-15 
0.2425 6.14438e-15 
0.25 6.07665e-15 
0.2475 6.10379e-15 
0.255 6.00897e-15 
0.2525 6.04502e-15 
0.26 5.92394e-15 
0.2575 5.96858e-15 
0.265 5.82239e-15 
0.2625 5.87517e-15 
0.27 5.70539e-15 
0.2675 5.76574e-15 
0.275 5.57424e-15 
0.2725 5.64149e-15 
0.28 5.43048e-15 
0.2775 5.50384e-15 
0.285 5.27582e-15 
0.2825 5.3544e-15 
0.29 5.11219e-15 
0.2875 5.195e-15 
0.295 4.94165e-15 
0.2925 5.02765e-15 
0.3 4.76642e-15 
0.2975 4.85448e-15 
0.305 4.58879e-15 
0.3025 4.67776e-15 
0.31 4.41112e-15 
0.3075 4.49981e-15 
0.315 4.23579e-15 
0.3125 4.32301e-15 
0.32 4.06518e-15 
0.3175 4.14975e-15 
0.325 3.90159e-15 
0.3225 3.98236e-15 
0.33 3.74722e-15 
0.3275 3.82312e-15 
0.335 3.60419e-15 
0.3325 3.67417e-15 
0.34 3.47443e-15 
0.3375 3.53754e-15 
0.345 3.35973e-15 
0.3425 3.41509e-15 
0.35 3.26167e-15 
0.3475 3.30853e-15 
0.355 3.18169e-15 
0.3525 3.21934e-15 
0.36 3.12102e-15 
0.3575 3.14887e-15 
0.365 3.08075e-15 
0.3625 3.09828e-15 
0.37 3.06181e-15 
0.3675 3.06856e-15 
0.375 3.06503e-15 
0.3725 3.0606e-15 
0.38 3.09114e-15 
0.3775 3.07518e-15 
0.385 3.14086e-15 
0.3825 3.11301e-15 
0.39 3.21485e-15 
0.3875 3.17477e-15 
0.395 3.31384e-15 
0.3925 3.26117e-15 
0.4 3.43862e-15 
0.3975 3.37295e-15 
0.405 3.59009e-15 
0.4025 3.51096e-15 
0.41 3.76931e-15 
0.4075 3.67616e-15 
0.415 3.9775e-15 
0.4125 3.86969e-15 
0.42 4.21613e-15 
0.4175 4.0929e-15 
0.425 4.48692e-15 
0.4225 4.34738e-15 
0.43 4.79192e-15 
0.4275 4.635e-15 
0.435 5.13347e-15 
0.4325 4.95796e-15 
0.44 5.51435e-15 
0.4375 5.31881e-15 
0.445 5.93774e-15 
0.4425 5.72051e-15 
0.45 6.4073e-15 
0.4475 6.16649e-15 
0.455 6.92725e-15 
0.4525 6.66069e-15 
0.46 7.50241e-15 
0.4575 7.2076e-15 
0.465 8.1383e-15 
0.4625 7.81239e-15 
0.47 8.84119e-15 
0.4675 8.48094e-15 
0.475 9.61824e-15 
0.4725 9.21996e-15 
0.48 1.04776e-14 
0.4775 1.00371e-14 
0.485 1.14286e-14 
0.4825 1.0941e-14 
0.49 1.24816e-14 
0.4875 1.19416e-14 
0.495 1.36488e-14 
0.4925 1.30501e-14 
0.5 1.49438e-14 
0.4975 1.42794e-14 
0.505 1.63821e-14 
0.5025 1.5644e-14 
0.51 1.79814e-14 
0.5075 1.71604e-14 
0.515 1.97616e-14 
0.5125 1.88475e-14 
0.52 2.17458e-14 
0.5175 2.07267e-14 
0.525 2.39599e-14 
0.5225 2.28224e-14 
0.53 2.64334e-14 
0.5275 2.51622e-14 
0.535 2.91998e-14 
0.5325 2.77777e-14 
0.54 3.22975e-14 
0.5375 3.07047e-14 
0.545 3.57698e-14 
0.5425 3.39839e-14 
0.55 3.9666e-14 
0.5475 3.76616e-14 
0.555 4.40421e-14 
0.5525 4.17903e-14 
0.56 4.89618e-14 
0.5575 4.64297e-14 
0.565 5.44974e-14 
0.5625 5.16477e-14 
0.57 6.07307e-14 
0.5675 5.75212e-14 
0.575 6.7755e-14 
0.5725 6.41377e-14 
0.58 7.56758e-14 
0.5775 7.15962e-14 
0.585 8.46131e-14 
0.5825 8.00093e-14 
0.59 9.47028e-14 
0.5875 8.95047e-14 
0.595 1.06099e-13 
0.5925 1.00227e-13 
0.6 1.18977e-13 
0.5975 1.12341e-13 
0.605 1.33535e-13 
0.6025 1.26032e-13 
0.61 1.49998e-13 
0.6075 1.41513e-13 
0.615 1.6862e-13 
0.6125 1.59022e-13 
0.62 1.89692e-13 
0.6175 1.78831e-13 
0.625 2.13542e-13 
0.6225 2.01248e-13 
0.63 2.4054e-13 
0.6275 2.26622e-13 
0.635 2.71109e-13 
0.6325 2.5535e-13 
0.64 3.05727e-13 
0.6375 2.8788e-13 
0.645 3.44936e-13 
0.6425 3.24721e-13 
0.65 3.89349e-13 
0.6475 3.6645e-13 
0.655 4.39664e-13 
0.6525 4.13722e-13 
0.66 4.9667e-13 
0.6575 4.67277e-13 
0.665 5.61262e-13 
0.6625 5.27957e-13 
0.67 6.34456e-13 
0.6675 5.96715e-13 
0.675 7.17402e-13 
0.6725 6.74632e-13 
0.68 8.11405e-13 
0.6775 7.62933e-13 
0.685 9.17943e-13 
0.6825 8.63007e-13 
0.69 1.03869e-12 
0.6875 9.76429e-13 
0.695 1.17556e-12 
0.6925 1.10498e-12 
0.7 1.33069e-12 
0.6975 1.2507e-12 
0.705 1.50654e-12 
0.7025 1.41586e-12 
0.71 1.70587e-12 
0.7075 1.60308e-12 
0.715 1.93183e-12 
0.7125 1.81531e-12 
0.72 2.18796e-12 
0.7175 2.05588e-12 
0.725 2.47833e-12 
0.7225 2.32859e-12 
0.73 2.80749e-12 
0.7275 2.63775e-12 
0.735 3.18064e-12 
0.7325 2.98821e-12 
0.74 3.60366e-12 
0.7375 3.38552e-12 
0.745 4.08323e-12 
0.7425 3.83592e-12 
0.75 4.6269e-12 
0.7475 4.34654e-12 
0.755 5.24325e-12 
0.7525 4.92541e-12 
0.76 5.942e-12 
0.7575 5.58167e-12 
0.765 6.73418e-12 
0.7625 6.32567e-12 
0.77 7.63228e-12 
0.7675 7.16914e-12 
0.775 8.65045e-12 
0.7725 8.1254e-12 
0.78 9.80478e-12 
0.7775 9.20951e-12 
0.785 1.11135e-11 
0.7825 1.04386e-11 
0.79 1.25972e-11 
0.7875 1.1832e-11 
0.795 1.42793e-11 
0.7925 1.34118e-11 
0.8 1.61863e-11 
0.7975 1.52029e-11 
0.805 1.83484e-11 
0.8025 1.72334e-11 
0.81 2.07997e-11 
0.8075 1.95356e-11 
0.815 2.35787e-11 
0.8125 2.21456e-11 
0.82 2.67295e-11 
0.8175 2.51047e-11 
0.825 3.03017e-11 
0.8225 2.84595e-11 
0.83 3.43516e-11 
0.8275 3.22631e-11 
0.835 3.89432e-11 
0.8325 3.65754e-11 
0.84 4.4149e-11 
0.8375 4.14644e-11 
0.845 5.0051e-11 
0.8425 4.70074e-11 
0.85 5.67425e-11 
0.8475 5.32918e-11 
0.855 6.4329e-11 
0.8525 6.04167e-11 
0.86 7.29303e-11 
0.8575 6.84947e-11 
0.865 8.2682e-11 
0.8625 7.76532e-11 
0.87 9.37382e-11 
0.8675 8.80367e-11 
0.875 1.06273e-10 
0.8725 9.98091e-11 
0.88 1.20485e-10 
0.8775 1.13156e-10 
0.885 1.36598e-10 
0.8825 1.28289e-10 
0.89 1.54866e-10 
0.8875 1.45445e-10 
0.895 1.75578e-10 
0.8925 1.64897e-10 
0.9 1.99061e-10 
0.8975 1.86951e-10 
0.905 2.25684e-10 
0.9025 2.11955e-10 
0.91 2.55869e-10 
0.9075 2.40303e-10 
0.915 2.90093e-10 
0.9125 2.72444e-10 
0.92 3.28894e-10 
0.9175 3.08884e-10 
0.925 3.72886e-10 
0.9225 3.502e-10 
0.93 4.22763e-10 
0.9275 3.97042e-10 
0.935 4.79312e-10 
0.9325 4.5015e-10 
0.94 5.43426e-10 
0.9375 5.10363e-10 
0.945 6.16118e-10 
0.9425 5.78631e-10 
0.95 6.98533e-10 
0.9475 6.56032e-10 
0.955 7.91975e-10 
0.9525 7.43788e-10 
0.96 8.97917e-10 
0.9575 8.43284e-10 
0.965 1.01803e-09 
0.9625 9.5609e-10 
0.97 1.15422e-09 
0.9675 1.08399e-09 
0.975 1.30862e-09 
0.9725 1.229e-09 
0.98 1.48368e-09 
0.9775 1.39341e-09 
0.985 1.68217e-09 
0.9825 1.57981e-09 
0.99 1.9072e-09 
0.9875 1.79115e-09 
0.995 2.16235e-09 
0.9925 2.03077e-09 
1 2.45163e-09 
0.9975 2.30245e-09 
1.005 2.77961e-09 
1.0025 2.61047e-09 
1.01 3.15147e-09 
1.0075 2.95971e-09 
1.015 3.57309e-09 
1.0125 3.35567e-09 
1.02 4.05112e-09 
1.0175 3.8046e-09 
1.025 4.5931e-09 
1.0225 4.31361e-09 
1.03 5.20761e-09 
1.0275 4.89071e-09 
1.035 5.90432e-09 
1.0325 5.54503e-09 
1.04 6.69426e-09 
1.0375 6.2869e-09 
1.045 7.5899e-09 
1.0425 7.12803e-09 
1.05 8.60537e-09 
1.0475 8.0817e-09 
1.055 9.75671e-09 
1.0525 9.16297e-09 
1.06 1.10621e-08 
1.0575 1.03889e-08 
1.065 1.25422e-08 
1.0625 1.17789e-08 
1.07 1.42203e-08 
1.0675 1.33549e-08 
1.075 1.61229e-08 
1.0725 1.51417e-08 
1.08 1.82802e-08 
1.0775 1.71677e-08 
1.085 2.07261e-08 
1.0825 1.94647e-08 
1.09 2.34993e-08 
1.0875 2.20691e-08 
1.095 2.66436e-08 
1.0925 2.50221e-08 
1.1 3.02086e-08 
1.0975 2.83701e-08 
1.105 3.42507e-08 
1.1025 3.21662e-08 
1.11 3.88337e-08 
1.1075 3.64703e-08 
1.115 4.403e-08 
1.1125 4.13503e-08 
1.12 4.99217e-08 
1.1175 4.68834e-08 
1.125 5.66019e-08 
1.1225 5.3157e-08 
1.13 6.4176e-08 
1.1275 6.02701e-08 
1.135 7.27638e-08 
1.1325 6.83351e-08 
1.14 8.25009e-08 
1.1375 7.74795e-08 
1.145 9.35412e-08 
1.1425 8.78478e-08 
1.15 1.06059e-07 
1.1475 9.96036e-08 
1.155 1.20252e-07 
1.1525 1.12933e-07 
1.16 1.36345e-07 
1.1575 1.28046e-07 
1.165 1.54592e-07 
1.1625 1.45182e-07 
1.17 1.75282e-07 
1.1675 1.64612e-07 
1.175 1.9874e-07 
1.1725 1.86643e-07 
1.18 2.25339e-07 
1.1775 2.11622e-07 
1.185 2.55499e-07 
1.1825 2.39945e-07 
1.19 2.89695e-07 
1.1875 2.7206e-07 
1.195 3.28471e-07 
1.1925 3.08474e-07 
1.2 3.72437e-07 
1.1975 3.49763e-07 
1.205 4.2229e-07 
1.2025 3.9658e-07 
1.21 4.78818e-07 
1.2075 4.49666e-07 
1.215 5.42915e-07 
1.2125 5.09859e-07 
1.22 6.15595e-07 
1.2175 5.78113e-07 
1.225 6.98009e-07 
1.2225 6.55508e-07 
1.23 7.91461e-07 
1.2275 7.43267e-07 
1.235 8.9743e-07 
1.2325 8.4278e-07 
1.24 1.01759e-06 
1.2375 9.55624e-07 
1.245 1.15386e-06 
1.2425 1.08358e-06 
1.25 1.30837e-06 
1.2475 1.22869e-06 
1.255 1.4836e-06 
1.2525 1.39323e-06 
1.26 1.6823e-06 
1.2575 1.57983e-06 
1.265 1.90765e-06 
1.2625 1.79143e-06 
1.27 2.16319e-06 
1.2675 2.0314e-06 
1.275 2.45301e-06 
1.2725 2.30354e-06 
1.28 2.78169e-06 
1.2775 2.61218e-06 
1.285 3.15446e-06 
1.2825 2.96221e-06 
1.29 3.57723e-06 
1.2875 3.35919e-06 
1.295 4.05675e-06 
1.2925 3.80945e-06 
1.3 4.60064e-06 
1.2975 4.32013e-06 
1.305 5.21756e-06 
1.3025 4.89938e-06 
1.31 5.91734e-06 
1.3075 5.55643e-06 
1.315 6.71116e-06 
1.3125 6.30174e-06 
1.32 7.6117e-06 
1.3175 7.14723e-06 
1.325 8.63334e-06 
1.3225 8.10641e-06 
1.33 9.79246e-06 
1.3275 9.19461e-06 
1.335 1.11076e-05 
1.3325 1.04293e-05 
1.34 1.26e-05 
1.3375 1.18302e-05 
1.345 1.42935e-05 
1.3425 1.34199e-05 
1.35 1.62154e-05 
1.3475 1.5224e-05 
1.355 1.83969e-05 
1.3525 1.72716e-05 
1.36 2.0873e-05 
1.3575 1.95957e-05 
1.365 2.36841e-05 
1.3625 2.2234e-05 
1.37 2.68758e-05 
1.3675 2.52293e-05 
1.375 3.05002e-05 
1.3725 2.86304e-05 
1.38 3.46164e-05 
1.3775 3.24928e-05 
1.385 3.9292e-05 
1.3825 3.68797e-05 
1.39 4.46041e-05 
1.3875 4.18633e-05 
1.395 5.06404e-05 
1.3925 4.75258e-05 
1.4 5.75012e-05 
1.3975 5.39609e-05 
1.405 6.53008e-05 
1.4025 6.12759e-05 
1.41 7.41702e-05 
1.4075 6.95929e-05 
1.415 8.42587e-05 
1.4125 7.90519e-05 
1.42 9.57375e-05 
1.4175 8.98127e-05 
1.425 0.000108803 
1.4225 0.000102058 
1.43 0.000123678 
1.4275 0.000115999 
1.435 0.000140623 
1.4325 0.000131874 
1.44 0.000159931 
1.4375 0.000149961 
1.445 0.000181943 
1.4425 0.000170576 
1.45 0.00020705 
1.4475 0.000194083 
1.455 0.000235701 
1.4525 0.000220902 
1.46 0.000268417 
1.4575 0.000251516 
1.465 0.000305794 
1.4625 0.000286482 
1.47 0.000348525 
1.4675 0.000326443 
1.475 0.000397409 
1.4725 0.000372143 
1.48 0.000453372 
1.4775 0.000424442 
1.485 0.000517485 
1.4825 0.000484336 
1.49 0.000590992 
1.4875 0.000552979 
1.495 0.000675337 
1.4925 0.000631711 
1.5 0.000772197 
1.4975 0.000722088 
1.505 0.000883521 
1.5025 0.000825917 
1.51 0.00101158 
1.5075 0.000945302 
1.515 0.001159 
1.5125 0.00108269 
1.52 0.00132888 
1.5175 0.00124092 
1.525 0.00152477 
1.5225 0.00142333 
1.53 0.00175085 
1.5275 0.00163375 
1.535 0.00201196 
1.5325 0.00187669 
1.54 0.00231373 
1.5375 0.00215738 
1.545 0.00266272 
1.5425 0.00248188 
1.55 0.00306651 
1.5475 0.00285724 
1.555 0.00353389 
1.5525 0.00329165 
1.56 0.00407505 
1.5575 0.00379456 
1.565 0.00470169 
1.5625 0.00437689 
1.57 0.0054273 
1.5675 0.00505121 
1.575 0.00626732 
1.5725 0.00583197 
1.58 0.00723935 
1.5775 0.00673565 
1.585 0.00836341 
1.5825 0.00778103 
1.59 0.00966209 
1.5875 0.00898941 
1.595 0.0111607 
1.5925 0.0103847 
1.6 0.0128877 
1.5975 0.0119938 
1.605 0.0148741 
1.6025 0.0138464 
1.61 0.0171545 
1.6075 0.0159753 
1.615 0.019766 
1.6125 0.0184164 
1.62 0.0227489 
1.6175 0.0212084 
1.625 0.0261457 
1.6225 0.0243928 
1.63 0.0300013 
1.6275 0.0280133 
1.635 0.0343623 
1.6325 0.0321157 
1.64 0.0392762 
1.6375 0.0367471 
1.645 0.0447912 
1.6425 0.0419555 
1.65 0.0509551 
1.6475 0.047789 
1.655 0.057815 
1.6525 0.0542951 
1.66 0.0654164 
1.6575 0.0615202 
1.665 0.0738029 
1.6625 0.0695089 
1.67 0.0830152 
1.6675 0.0783034 
1.675 0.0930913 
1.6725 0.0879431 
1.68 0.104065 
1.6775 0.0984641 
1.685 0.115968 
1.6825 0.109899 
1.69 0.128825 
1.6875 0.122276 
1.695 0.142656 
1.6925 0.135618 
1.7 0.157478 
1.6975 0.149943 
1.705 0.173297 
1.7025 0.165263 
1.71 0.190116 
1.7075 0.181582 
1.715 0.207926 
1.7125 0.198898 
1.72 0.226711 
1.7175 0.217198 
1.725 0.246444 
1.7225 0.236461 
1.73 0.267087 
1.7275 0.256655 
1.735 0.288591 
1.7325 0.277735 
1.74 0.310894 
1.7375 0.299647 
1.745 0.333925 
1.7425 0.322324 
1.75 0.3576 
1.7475 0.345688 
1.755 0.381824 
1.7525 0.369649 
1.76 0.406494 
1.7575 0.39411 
1.765 0.431499 
1.7625 0.418962 
1.77 0.456723 
1.7675 0.444091 
1.775 0.482045 
1.7725 0.469379 
1.78 0.507343 
1.7775 0.494704 
1.785 0.532495 
1.7825 0.519944 
1.79 0.557385 
1.7875 0.54498 
1.795 0.581899 
1.7925 0.569696 
1.8 0.605933 
1.7975 0.593983 
1.805 0.62939 
1.8025 0.617739 
1.81 0.652184 
1.8075 0.640875 
1.815 0.67424 
1.8125 0.663308 
1.82 0.695495 
1.8175 0.684971 
1.825 0.715899 
1.8225 0.705806 
1.83 0.735411 
1.8275 0.725768 
1.835 0.754005 
1.8325 0.744824 
1.84 0.771664 
1.8375 0.762952 
1.845 0.78838 
1.8425 0.78014 
1.85 0.804158 
1.8475 0.796386 
1.855 0.819006 
1.8525 0.811697 
1.86 0.832942 
1.8575 0.826086 
1.865 0.84599 
1.8625 0.839575 
1.87 0.858177 
1.8675 0.852189 
1.875 0.869536 
1.8725 0.863958 
1.88 0.880102 
1.8775 0.874916 
1.885 0.889911 
1.8825 0.885099 
1.89 0.899002 
1.8875 0.894544 
1.895 0.907414 
1.8925 0.90329 
1.9 0.915186 
1.8975 0.911377 
1.905 0.922356 
1.9025 0.918844 
1.91 0.928963 
1.9075 0.925728 
1.915 0.935045 
1.9125 0.932068 
1.92 0.940636 
1.9175 0.9379 
1.925 0.945772 
1.9225 0.943259 
1.93 0.950485 
1.9275 0.948179 
1.935 0.954806 
1.9325 0.952692 
1.94 0.958765 
1.9375 0.956829 
1.945 0.96239 
1.9425 0.960617 
1.95 0.965706 
1.9475 0.964085 
1.955 0.968739 
1.9525 0.967257 
1.96 0.971511 
1.9575 0.970157 
1.965 0.974044 
1.9625 0.972806 
1.97 0.976356 
1.9675 0.975226 
1.975 0.978467 
1.9725 0.977435 
1.98 0.980392 
1.9775 0.979451 
1.985 0.982148 
1.9825 0.981291 
1.99 0.98375 
1.9875 0.982968 
1.995 0.98521 
1.9925 0.984497 
2 0.98654 
1.9975 0.98589 
2.005 0.987752 
2.0025 0.98716 
2.01 0.988856 
2.0075 0.988317 
2.015 0.989861 
2.0125 0.98937 
2.02 0.990777 
2.0175 0.99033 
2.025 0.991611 
2.0225 0.991204 
2.03 0.992369 
2.0275 0.991999 
2.035 0.99306 
2.0325 0.992723 
2.04 0.993688 
2.0375 0.993381 
2.045 0.99426 
2.0425 0.993981 
2.05 0.99478 
2.0475 0.994526 
2.055 0.995254 
2.0525 0.995023 
2.06 0.995684 
2.0575 0.995474 
2.065 0.996076 
2.0625 0.995885 
2.07 0.996432 
2.0675 0.996258 
2.075 0.996756 
2.0725 0.996598 
2.08 0.997051 
2.0775 0.996907 
2.085 0.997319 
2.0825 0.997188 
2.09 0.997562 
2.0875 0.997443 
2.095 0.997784 
2.0925 0.997676 
2.1 0.997985 
2.0975 0.997887 
2.105 0.998168 
2.1025 0.998079 
2.11 0.998335 
2.1075 0.998254 
2.115 0.998486 
2.1125 0.998413 
2.12 0.998624 
2.1175 0.998557 
2.125 0.998749 
2.1225 0.998688 
2.13 0.998863 
2.1275 0.998807 
2.135 0.998966 
2.1325 0.998916 
2.14 0.99906 
2.1375 0.999014 
2.145 0.999146 
2.1425 0.999104 
2.15 0.999223 
2.1475 0.999185 
2.155 0.999294 
2.1525 0.999259 
2.16 0.999358 
2.1575 0.999327 
2.165 0.999416 
2.1625 0.999388 
2.17 0.999469 
2.1675 0.999443 
2.175 0.999517 
2.1725 0.999494 
2.18 0.999561 
2.1775 0.99954 
2.185 0.999601 
2.1825 0.999581 
2.19 0.999637 
2.1875 0.999619 
2.195 0.999669 
2.1925 0.999653 
2.2 0.999699 
2.1975 0.999685 
2.205 0.999726 
2.2025 0.999713 
2.21 0.99975 
2.2075 0.999738 
2.215 0.999773 
2.2125 0.999762 
2.22 0.999793 
2.2175 0.999783 
2.225 0.999811 
2.2225 0.999802 
2.23 0.999827 
2.2275 0.999819 
2.235 0.999842 
2.2325 0.999835 
2.24 0.999856 
2.2375 0.999849 
2.245 0.999868 
2.2425 0.999862 
2.25 0.999879 
2.2475 0.999874 
2.255 0.999889 
2.2525 0.999884 
2.26 0.999898 
2.2575 0.999893 
2.265 0.999906 
2.2625 0.999902 
2.27 0.999913 
2.2675 0.999909 
2.275 0.999919 
2.2725 0.999916 
2.28 0.999925 
2.2775 0.999922 
2.285 0.999929 
2.2825 0.999927 
2.29 0.999934 
2.2875 0.999932 
2.295 0.999937 
2.2925 0.999936 
2.3 0.99994 
2.2975 0.999939 
2.305 0.999943 
2.3025 0.999942 
2.31 0.999945 
2.3075 0.999944 
2.315 0.999946 
2.3125 0.999946 
2.32 0.999947 
2.3175 0.999947 
2.325 0.999948 
2.3225 0.999948 
2.33 0.999948 
2.3275 0.999948 
2.335 0.999948 
2.3325 0.999948 
2.34 0.999947 
2.3375 0.999947 
2.345 0.999946 
2.3425 0.999946 
2.35 0.999944 
2.3475 0.999945 
2.355 0.999942 
2.3525 0.999943 
2.36 0.999939 
2.3575 0.99994 
2.365 0.999936 
2.3625 0.999937 
2.37 0.999932 
2.3675 0.999934 
2.375 0.999927 
2.3725 0.999929 
2.38 0.999922 
2.3775 0.999925 
2.385 0.999916 
2.3825 0.999919 
2.39 0.99991 
2.3875 0.999913 
2.395 0.999903 
2.3925 0.999906 
2.4 0.999894 
2.3975 0.999899 
2.405 0.999885 
2.4025 0.99989 
2.41 0.999875 
2.4075 0.99988 
2.415 0.999864 
2.4125 0.99987 
2.42 0.999852 
2.4175 0.999858 
2.425 0.999838 
2.4225 0.999845 
2.43 0.999823 
2.4275 0.999831 
2.435 0.999807 
2.4325 0.999815 
2.44 0.999789 
2.4375 0.999798 
2.445 0.999769 
2.4425 0.999779 
2.45 0.999747 
2.4475 0.999758 
2.455 0.999722 
2.4525 0.999735 
2.46 0.999696 
2.4575 0.999709 
2.465 0.999667 
2.4625 0.999682 
2.47 0.999635 
2.4675 0.999651 
2.475 0.999599 
2.4725 0.999617 
2.48 0.999561 
2.4775 0.99958 
2.485 0.999518 
2.4825 0.99954 
2.49 0.999472 
2.4875 0.999495 
2.495 0.99942 
2.4925 0.999447 
2.5 0.999364 
2.4975 0.999393 
2.505 0.999302 
2.5025 0.999334 
2.51 0.999235 
2.5075 0.999269 
2.515 0.99916 
2.5125 0.999198 
2.52 0.999079 
2.5175 0.999121 
2.525 0.998989 
2.5225 0.999035 
2.53 0.998891 
2.5275 0.998941 
2.535 0.998784 
2.5325 0.998839 
2.54 0.998665 
2.5375 0.998726 
2.545 0.998536 
2.5425 0.998602 
2.55 0.998393 
2.5475 0.998466 
2.555 0.998237 
2.5525 0.998317 
2.56 0.998066 
2.5575 0.998154 
2.565 0.997878 
2.5625 0.997974 
2.57 0.997672 
2.5675 0.997777 
2.575 0.997446 
2.5725 0.997561 
2.58 0.997198 
2.5775 0.997325 
2.585 0.996926 
2.5825 0.997065 
2.59 0.996627 
2.5875 0.99678 
2.595 0.9963 
2.5925 0.996467 
2.6 0.995941 
2.5975 0.996125 
2.605 0.995547 
2.6025 0.995749 
2.61 0.995115 
2.6075 0.995336 
2.615 0.994642 
2.6125 0.994884 
2.62 0.994123 
2.6175 0.994388 
2.625 0.993554 
2.6225 0.993845 
2.63 0.99293 
2.6275 0.993249 
2.635 0.992246 
2.6325 0.992596 
2.64 0.991496 
2.6375 0.99188 
2.645 0.990675 
2.6425 0.991095 
2.65 0.989775 
2.6475 0.990235 
2.655 0.988788 
2.6525 0.989293 
2.66 0.987708 
2.6575 0.988261 
2.665 0.986525 
2.6625 0.98713 
2.67 0.985229 
2.6675 0.985892 
2.675 0.983811 
2.6725 0.984536 
2.68 0.982258 
2.6775 0.983052 
2.685 0.98056 
2.6825 0.981428 
2.69 0.978701 
2.6875 0.979651 
2.695 0.976669 
2.6925 0.977708 
2.7 0.974448 
2.6975 0.975583 
2.705 0.97202 
2.7025 0.973261 
2.71 0.969368 
2.7075 0.970723 
2.715 0.966472 
2.7125 0.967952 
2.72 0.963313 
2.7175 0.964927 
2.725 0.959866 
2.7225 0.961627 
2.73 0.95611 
2.7275 0.958028 
2.735 0.952018 
2.7325 0.954107 
2.74 0.947563 
2.7375 0.949837 
2.745 0.942718 
2.7425 0.945191 
2.75 0.937453 
2.7475 0.94014 
2.755 0.931736 
2.7525 0.934653 
2.76 0.925535 
2.7575 0.928698 
2.765 0.918817 
2.7625 0.922243 
2.77 0.911547 
2.7675 0.915253 
2.775 0.903691 
2.7725 0.907695 
2.78 0.895212 
2.7775 0.899532 
2.785 0.886077 
2.7825 0.890729 
2.79 0.876249 
2.7875 0.881252 
2.795 0.865696 
2.7925 0.871065 
2.8 0.854386 
2.7975 0.860138 
2.805 0.84229 
2.8025 0.848438 
2.81 0.829381 
2.8075 0.835938 
2.815 0.815638 
2.8125 0.822615 
2.82 0.801044 
2.8175 0.808448 
2.825 0.785588 
2.8225 0.793424 
2.83 0.769265 
2.8275 0.777535 
2.835 0.75208 
2.8325 0.76078 
2.84 0.734043 
2.8375 0.743166 
2.845 0.715176 
2.8425 0.724711 
2.85 0.69551 
2.8475 0.70544 
2.855 0.675085 
2.8525 0.685389 
2.86 0.653953 
2.8575 0.664604 
2.865 0.632175 
2.8625 0.643141 
2.87 0.609822 
2.8675 0.621066 
2.875 0.586974 
2.8725 0.598455 
2.88 0.563718 
2.8775 0.575391 
2.885 0.54015 
2.8825 0.551967 
2.89 0.516369 
2.8875 0.528279 
2.895 0.49248 
2.8925 0.504431 
2.9 0.468588 
2.8975 0.480528 
2.905 0.4448 
2.9025 0.456674 
2.91 0.421218 
2.9075 0.432976 
2.915 0.397943 
2.9125 0.409536 
2.92 0.37507 
2.9175 0.386451 
2.925 0.352688 
2.9225 0.363813 
2.93 0.330876 
2.9275 0.341706 
2.935 0.309706 
2.9325 0.320207 
2.94 0.289239 
2.9375 0.299381 
2.945 0.269528 
2.9425 0.279286 
2.95 0.250612 
2.9475 0.259968 
2.955 0.232525 
2.9525 0.241463 
2.96 0.215287 
2.9575 0.223799 
2.965 0.198913 
2.9625 0.206992 
2.97 0.183405 
2.9675 0.191051 
2.975 0.168762 
2.9725 0.175976 
2.98 0.154973 
2.9775 0.161762 
2.985 0.142024 
2.9825 0.148395 
2.99 0.129892 
2.9875 0.135857 
2.995 0.118555 
2.9925 0.124126 
3 0.107984 
2.9975 0.113175 
3.005 0.0981485 
3.0025 0.102976 
3.01 0.0890178 
3.0075 0.0934971 
3.015 0.0805586 
3.0125 0.0847063 
3.02 0.0727376 
3.0175 0.0765704 
3.025 0.0655214 
3.0225 0.069056 
3.03 0.058877 
3.0275 0.0621298 
3.035 0.0527718 
3.0325 0.055759 
3.04 0.0471746 
3.0375 0.0499117 
3.045 0.0420548 
3.0425 0.0445569 
3.05 0.0373831 
3.0475 0.0396647 
3.055 0.0331316 
3.0525 0.0352066 
3.06 0.0292733 
3.0575 0.0311549 
3.065 0.0257824 
3.0625 0.0274834 
3.07 0.0226342 
3.0675 0.0241669 
3.075 0.019805 
3.0725 0.0211812 
3.08 0.0172718 
3.0775 0.0185028 
3.085 0.0150125 
3.0825 0.0161093 
3.09 0.0130057 
3.0875 0.0139789 
3.095 0.0112305 
3.0925 0.0120904 
3.1 0.00966695 
3.0975 0.0104235 
3.105 0.00829559 
3.1025 0.00895842 
3.11 0.00709788 
3.1075 0.00767616 
3.115 0.00605614 
3.1125 0.00655859 
3.12 0.00515367 
3.1175 0.0055885 
3.125 0.0043748 
3.1225 0.00474972 
3.13 0.00370504 
3.1275 0.00402714 
3.135 0.00313102 
3.1325 0.00340685 
3.14 0.00264062 
3.1375 0.00287608 
3.145 0.00222286 
3.1425 0.0024233 
3.15 0.00186794 
3.1475 0.00203812 
3.155 0.00156715 
3.1525 0.00171128 
3.16 0.0013128 
3.1575 0.00143461 
3.165 0.00109816 
3.1625 0.0012009 
3.17 0.000917392 
3.1675 0.00100388 
3.175 0.000765405 
3.1725 0.000838089 
3.18 0.000637828 
3.1775 0.000698814 
3.185 0.0005309 
3.1825 0.000581995 
3.19 0.000441407 
3.1875 0.000484156 
3.195 0.000366604 
3.1925 0.000402324 
3.2 0.000304159 
3.1975 0.000333968 
3.205 0.000252092 
3.2025 0.000276939 
3.21 0.000208728 
3.2075 0.000229416 
3.215 0.000172652 
3.2125 0.000189858 
3.22 0.000142672 
3.2175 0.000156967 
3.225 0.000117783 
3.2225 0.000129647 
3.23 9.71424e-05 
3.2275 0.000106979 
3.235 8.00417e-05 
3.2325 8.8189e-05 
3.24 6.58881e-05 
3.2375 7.26296e-05 
3.245 5.41852e-05 
3.2425 5.97579e-05 
3.25 4.45181e-05 
3.2475 4.91203e-05 
3.255 3.65405e-05 
3.2525 4.03374e-05 
3.26 2.99635e-05 
3.2575 3.3093e-05 
3.265 2.45465e-05 
3.2625 2.71234e-05 
3.27 2.00893e-05 
3.2675 2.22091e-05 
3.275 1.64253e-05 
3.2725 1.81674e-05 
3.28 1.34164e-05 
3.2775 1.48466e-05 
3.285 1.09478e-05 
3.2825 1.21209e-05 
3.29 8.92463e-06 
3.2875 9.88583e-06 
3.295 7.26804e-06 
3.2925 8.05486e-06 
3.3 5.91301e-06 
3.2975 6.55643e-06 
3.305 4.80574e-06 
3.3025 5.33137e-06 
3.31 3.90186e-06 
3.3075 4.33083e-06 
3.315 3.16475e-06 
3.3125 3.51448e-06 
3.32 2.56425e-06 
3.3175 2.84909e-06 
3.325 2.07556e-06 
3.3225 2.3073e-06 
3.33 1.67825e-06 
3.3275 1.8666e-06 
3.335 1.35559e-06 
3.3325 1.50851e-06 
3.34 1.09381e-06 
3.3375 1.21785e-06 
3.345 8.81661e-07 
3.3425 9.82153e-07 
3.35 7.09906e-07 
3.3475 7.9124e-07 
3.355 5.71003e-07 
3.3525 6.36762e-07 
3.36 4.58789e-07 
3.3575 5.11898e-07 
3.365 3.68233e-07 
3.3625 4.11079e-07 
3.37 2.95233e-07 
3.3675 3.29763e-07 
3.375 2.3645e-07 
3.3725 2.64247e-07 
3.38 1.89165e-07 
3.3775 2.11519e-07 
3.385 1.51172e-07 
3.3825 1.69128e-07 
3.39 1.20678e-07 
3.3875 1.35086e-07 
3.395 9.62301e-08 
3.3925 1.07778e-07 
3.4 7.66505e-08 
3.3975 8.58959e-08 
3.405 6.09875e-08 
3.4025 6.83813e-08 
3.41 4.84716e-08 
3.4075 5.43781e-08 
3.415 3.84815e-08 
3.4125 4.31946e-08 
3.42 3.05165e-08 
3.4175 3.42731e-08 
3.425 2.41731e-08 
3.4225 2.7164e-08 
3.43 1.9127e-08 
3.4275 2.15055e-08 
3.435 1.51173e-08 
3.4325 1.70067e-08 
3.44 1.19347e-08 
3.4375 1.34339e-08 
3.445 9.41163e-09 
3.4425 1.05998e-08 
3.45 7.41356e-09 
3.4475 8.35423e-09 
3.455 5.8331e-09 
3.4525 6.57694e-09 
3.46 4.58437e-09 
3.4575 5.1719e-09 
3.465 3.59889e-09 
3.4625 4.06243e-09 
3.47 2.82205e-09 
3.4675 3.18734e-09 
3.475 2.21038e-09 
3.4725 2.49791e-09 
3.48 1.72932e-09 
3.4775 1.95539e-09 
3.485 1.35141e-09 
3.4825 1.52895e-09 
3.49 1.05489e-09 
3.4875 1.19415e-09 
3.495 8.22482e-10 
3.4925 9.31595e-10 
3.5 6.40546e-10 
3.4975 7.25938e-10 
3.505 4.98284e-10 
3.5025 5.65035e-10 
3.51 3.87173e-10 
3.5075 4.39291e-10 
3.515 3.00494e-10 
3.5125 3.41139e-10 
3.52 2.32952e-10 
3.5175 2.64614e-10 
3.525 1.80384e-10 
3.5225 2.05019e-10 
3.53 1.39518e-10 
3.5275 1.58663e-10 
3.535 1.07786e-10 
3.5325 1.22647e-10 
3.54 8.31754e-11 
3.5375 9.4698e-11 
3.545 6.41101e-11 
3.5425 7.30335e-11 
3.55 4.93579e-11 
3.5475 5.62605e-11 
3.555 3.79565e-11 
3.5525 4.32896e-11 
3.56 2.91551e-11 
3.5575 3.32707e-11 
3.565 2.23687e-11 
3.5625 2.55411e-11 
3.57 1.71422e-11 
3.5675 1.95846e-11 
3.575 1.31217e-11 
3.5725 1.5e-11 
3.58 1.00326e-11 
3.5775 1.14753e-11 
3.585 7.66183e-12 
3.5825 8.76868e-12 
3.59 5.84455e-12 
3.5875 6.69273e-12 
3.595 4.45315e-12 
3.5925 5.10235e-12 
3.6 3.38908e-12 
3.5975 3.8854e-12 
3.605 2.57629e-12 
3.6025 2.95529e-12 
3.61 1.95617e-12 
3.6075 2.24524e-12 
3.615 1.4836e-12 
3.6125 1.70382e-12 
3.62 1.12389e-12 
3.6175 1.29146e-12 
3.625 8.50416e-13 
3.6225 9.77776e-13 
3.63 6.42743e-13 
3.6275 7.39427e-13 
3.635 4.85224e-13 
3.6325 5.58536e-13 
3.64 3.65886e-13 
3.6375 4.2141e-13 
3.645 2.75581e-13 
3.6425 3.17584e-13 
3.65 2.07326e-13 
3.6475 2.39063e-13 
3.655 1.55796e-13 
3.6525 1.79749e-13 
3.66 1.16939e-13 
3.6575 1.34996e-13 
3.665 8.76729e-14 
3.6625 1.01268e-13 
3.67 6.56555e-14 
3.6675 7.58803e-14 
3.675 4.9111e-14 
3.6725 5.67918e-14 
3.68 3.66934e-14 
3.6775 4.24565e-14 
3.685 2.73842e-14 
3.6825 3.17033e-14 
3.69 2.04134e-14 
3.6875 2.36466e-14 
3.695 1.51997e-14 
3.6925 1.76171e-14 
3.7 1.13046e-14 
3.6975 1.31101e-14 
3.705 8.39816e-15 
3.7025 9.74497e-15 
3.71 6.23186e-15 
3.7075 7.23537e-15 
3.715 4.6191e-15 
3.7125 5.36596e-15 
3.72 3.41983e-15 
3.7175 3.97503e-15 
3.725 2.52906e-15 
3.7225 2.94131e-15 
3.73 1.8682e-15 
3.7275 2.17396e-15 
3.735 1.37847e-15 
3.7325 1.60498e-15 
3.74 1.01598e-15 
3.7375 1.18359e-15 
3.745 7.47965e-16 
3.7425 8.71849e-16 
3.75 5.50039e-16 
3.7475 6.41499e-16 
3.755 4.04037e-16 
3.7525 4.71483e-16 
3.76 2.96459e-16 
3.7575 3.4614e-16 
3.765 2.17284e-16 
3.7625 2.53837e-16 
3.77 1.59079e-16 
3.7675 1.85942e-16 
3.775 1.16338e-16 
3.7725 1.36058e-16 
3.78 8.4987e-17 
3.7775 9.94474e-17 
3.785 6.20174e-17 
3.7825 7.26089e-17 
3.79 4.52069e-17 
3.7875 5.2956e-17 
3.795 3.29178e-17 
3.7925 3.8581e-17 
3.8 2.39439e-17 
3.7975 2.80781e-17 
3.805 1.73981e-17 
3.8025 2.04128e-17 
3.81 1.26286e-17 
3.8075 1.48246e-17 
3.815 9.15711e-18 
3.8125 1.0755e-17 
3.82 6.63316e-18 
3.8175 7.79456e-18 
3.825 4.80005e-18 
3.8225 5.64332e-18 
3.83 3.4701e-18 
3.8275 4.08173e-18 
3.835 2.50621e-18 
3.8325 2.94937e-18 
3.84 1.80835e-18 
3.8375 2.12911e-18 
3.845 1.3036e-18 
3.8425 1.53553e-18 
3.85 9.38891e-19 
3.8475 1.10643e-18 
3.855 6.75631e-19 
3.8525 7.96537e-19 
3.86 4.85781e-19 
3.8575 5.7295e-19 
3.865 3.49001e-19 
3.8625 4.11788e-19 
3.87 2.50544e-19 
3.8675 2.95728e-19 
3.875 1.79736e-19 
3.8725 2.12224e-19 
3.88 1.28856e-19 
3.8775 1.52195e-19 
3.885 9.23242e-20 
3.8825 1.09078e-19 
3.89 6.61152e-20 
3.8875 7.81325e-20 
3.895 4.73254e-20 
3.8925 5.59392e-20 
3.9 3.38635e-20 
3.8975 4.00338e-20 
3.905 2.42247e-20 
3.9025 2.8642e-20 
3.91 1.73268e-20 
3.9075 2.04876e-20 
3.915 1.23927e-20 
3.9125 1.46534e-20 
3.92 8.86469e-21 
3.9175 1.0481e-20 
3.925 6.34267e-21 
3.9225 7.49802e-21 
3.93 4.54009e-21 
3.9275 5.36584e-21 
3.935 3.25178e-21 
3.9325 3.84195e-21 
3.94 2.33091e-21 
3.9375 2.75278e-21 
3.945 1.67253e-21 
3.9425 1.97417e-21 
3.95 1.20161e-21 
3.9475 1.4174e-21 
3.955 8.64583e-22 
3.9525 1.01905e-21 
3.96 6.23176e-22 
3.9575 7.33843e-22 
3.965 4.50085e-22 
3.9625 5.29459e-22 
3.97 3.25821e-22 
3.9675 3.82826e-22 
3.975 2.36475e-22 
3.9725 2.7748e-22 
3.98 1.72121e-22 
3.9775 2.01671e-22 
3.985 1.25673e-22 
3.9825 1.47014e-22 
3.99 9.20709e-23 
3.9875 1.0752e-22 
3.995 6.76974e-23 
3.9925 7.89119e-23 
4 4.99668e-23 
3.9975 5.81316e-23 
4.005 3.70273e-23 
4.0025 4.29911e-23 
4.01 2.75517e-23 
4.0075 3.19232e-23 
4.015 2.05871e-23 
4.0125 2.38035e-23 
4.02 1.54482e-23 
4.0175 1.7824e-23 
4.025 1.16409e-23 
4.0225 1.34031e-23 
4.03 8.8084e-24 
4.0275 1.01209e-23 
4.035 6.69202e-24 
4.0325 7.6738e-24 
4.04 5.10391e-24 
4.0375 5.84148e-24 
4.045 3.90709e-24 
4.0425 4.46356e-24 
4.05 3.00134e-24 
4.0475 3.42295e-24 
4.055 2.31305e-24 
4.0525 2.63378e-24 
4.06 1.78795e-24 
4.0575 2.03289e-24 
4.065 1.38584e-24 
4.0625 1.57359e-24 
4.07 1.07682e-24 
4.0675 1.22123e-24 
4.075 8.38558e-25 
4.0725 9.49999e-25 
4.08 6.54299e-25 
4.0775 7.40549e-25 
4.085 5.11407e-25 
4.0825 5.7834e-25 
4.09 4.00317e-25 
4.0875 4.52386e-25 
4.095 3.1376e-25 
4.0925 3.54353e-25 
4.1 2.46183e-25 
4.0975 2.7789e-25 
4.105 1.93334e-25 
4.1025 2.18142e-25 
4.11 1.51941e-25 
4.1075 1.71378e-25 
4.115 1.19479e-25 
4.1125 1.34727e-25 
4.12 9.3993e-26 
4.1175 1.05967e-25 
4.125 7.39667e-26 
4.1225 8.33779e-26 
4.13 5.82189e-26 
4.1275 6.56207e-26 
4.135 4.58284e-26 
4.1325 5.1653e-26 
4.14 3.60753e-26 
4.1375 4.06605e-26 
4.145 2.83958e-26 
4.1425 3.20064e-26 
4.15 2.23478e-26 
4.1475 2.51915e-26 
4.155 1.75844e-26 
4.1525 1.98241e-26 
4.16 1.38326e-26 
4.1575 1.55966e-26 
4.165 1.08779e-26 
4.1625 1.22671e-26 
4.17 8.5512e-27 
4.1675 9.64508e-27 
4.175 6.71946e-27 
4.1725 7.58059e-27 
4.18 5.27777e-27 
4.1775 5.95548e-27 
4.185 4.14344e-27 
4.1825 4.67662e-27 
4.19 3.25127e-27 
4.1875 3.67058e-27 
4.195 2.54984e-27 
4.1925 2.87947e-27 
4.2 1.99863e-27 
4.1975 2.25763e-27 
4.205 1.56567e-27 
4.2025 1.76908e-27 
4.21 1.22577e-27 
4.2075 1.38544e-27 
4.215 9.5906e-28 
4.2125 1.08433e-27 
4.22 7.49907e-28 
4.2175 8.48127e-28 
4.225 5.85983e-28 
4.2225 6.62951e-28 
4.23 4.57585e-28 
4.2275 5.17863e-28 
4.235 3.57078e-28 
4.2325 4.04254e-28 
4.24 2.78452e-28 
4.2375 3.15351e-28 
4.245 2.16985e-28 
4.2425 2.45826e-28 
4.25 1.68965e-28 
4.2475 1.91492e-28 
4.255 1.31475e-28 
4.2525 1.49059e-28 
4.26 1.02228e-28 
4.2575 1.15943e-28 
4.265 7.94266e-29 
4.2625 9.01172e-29 
4.27 6.1664e-29 
4.2675 6.99906e-29 
4.275 4.78367e-29 
4.2725 5.43172e-29 
4.28 3.70809e-29 
4.2775 4.21209e-29 
4.285 2.87208e-29 
4.2825 3.26374e-29 
4.29 2.22278e-29 
4.2875 2.52691e-29 
4.295 1.71887e-29 
4.2925 1.95485e-29 
4.3 1.32812e-29 
4.2975 1.51107e-29 
4.305 1.02535e-29 
4.3025 1.16708e-29 
4.31 7.90951e-30 
4.3075 9.0065e-30 
4.315 6.09623e-30 
4.3125 6.94464e-30 
4.32 4.69468e-30 
4.3175 5.35031e-30 
4.325 3.61228e-30 
4.3225 4.1185e-30 
4.33 2.77706e-30 
4.3275 3.16759e-30 
4.335 2.13311e-30 
4.3325 2.43414e-30 
4.34 1.63705e-30 
4.3375 1.86889e-30 
4.345 1.25526e-30 
4.3425 1.43366e-30 
4.35 9.61657e-31 
4.3475 1.09881e-30 
4.355 7.36075e-31 
4.3525 8.4143e-31 
4.36 5.62906e-31 
4.3575 6.43764e-31 
4.365 4.30091e-31 
4.3625 4.92092e-31 
4.37 3.28317e-31 
4.3675 3.75816e-31 
4.375 2.50398e-31 
4.3725 2.86755e-31 
4.38 1.90798e-31 
4.3775 2.186e-31 
4.385 1.4525e-31 
4.3825 1.66492e-31 
4.39 1.10474e-31 
4.3875 1.26689e-31 
4.395 8.39463e-32 
4.3925 9.63119e-32 
4.4 6.37292e-32 
4.3975 7.31509e-32 
4.405 4.83359e-32 
4.4025 5.55078e-32 
4.41 3.66264e-32 
4.4075 4.20806e-32 
4.415 2.77274e-32 
4.4125 3.18714e-32 
4.42 2.09707e-32 
4.4175 2.41163e-32 
4.425 1.58454e-32 
4.4225 1.82309e-32 
4.43 1.19614e-32 
4.4275 1.37687e-32 
4.435 9.02076e-33 
4.4325 1.03887e-32 
4.44 6.79654e-33 
4.4375 7.83099e-33 
4.445 5.11581e-33 
4.4425 5.89729e-33 
4.45 3.847e-33 
4.4475 4.43679e-33 
4.455 2.89007e-33 
4.4525 3.33477e-33 
4.46 2.16906e-33 
4.4575 2.50404e-33 
4.465 1.62634e-33 
4.4625 1.87842e-33 
4.47 1.21822e-33 
4.4675 1.40774e-33 
4.475 9.11626e-34 
4.4725 1.05396e-33 
4.48 6.81521e-34 
4.4775 7.88315e-34 
4.485 5.08996e-34 
4.4825 5.89045e-34 
4.49 3.79769e-34 
4.4875 4.39713e-34 
4.495 2.83071e-34 
4.4925 3.27914e-34 
4.5 2.10785e-34 
4.4975 2.44298e-34 
4.505 1.56802e-34 
4.5025 1.81823e-34 
4.51 1.16528e-34 
4.5075 1.3519e-34 
4.515 8.65122e-35 
4.5125 1.00417e-34 
4.52 6.41635e-35 
4.5175 7.45136e-35 
4.525 4.75405e-35 
4.5225 5.52368e-35 
4.53 3.51887e-35 
4.5275 4.09059e-35 
4.535 2.60199e-35 
4.5325 3.02627e-35 
4.54 1.92207e-35 
4.5375 2.23661e-35 
4.545 1.41839e-35 
4.5425 1.65134e-35 
4.55 1.04564e-35 
4.5475 1.21799e-35 
4.555 7.70071e-36 
4.5525 8.97449e-36 
4.56 5.66549e-36 
4.5575 6.60598e-36 
4.565 4.16393e-36 
4.5625 4.85762e-36 
4.57 3.05723e-36 
4.5675 3.56836e-36 
4.575 2.24238e-36 
4.5725 2.61862e-36 
4.58 1.64305e-36 
4.5775 1.9197e-36 
4.585 1.20267e-36 
4.5825 1.40589e-36 
4.59 8.79425e-37 
4.5875 1.02855e-36 
4.595 6.42403e-37 
4.5925 7.51721e-37 
4.6 4.68783e-37 
4.5975 5.48836e-37 
4.605 3.41736e-37 
4.6025 4.00299e-37 
4.61 2.48865e-37 
4.6075 2.91663e-37 
4.615 1.81047e-37 
4.6125 2.12291e-37 
4.62 1.31575e-37 
4.6175 1.54361e-37 
4.625 9.55234e-38 
4.6225 1.12123e-37 
4.63 6.92785e-38 
4.6275 8.13593e-38 
4.635 5.01926e-38 
4.6325 5.89756e-38 
4.64 3.63273e-38 
4.6375 4.27061e-38 
4.645 2.62651e-38 
4.6425 3.0893e-38 
4.65 1.89705e-38 
4.6475 2.23245e-38 
4.655 1.36876e-38 
4.6525 1.6116e-38 
4.66 9.86574e-39 
4.6575 1.1622e-38 
4.665 7.10367e-39 
4.6625 8.37259e-39 
4.67 5.1096e-39 
4.6675 6.02543e-39 
4.675 3.67149e-39 
4.6725 4.33179e-39 
4.68 2.63541e-39 
4.6775 3.11099e-39 
4.685 1.88975e-39 
4.6825 2.23192e-39 
4.69 1.35366e-39 
4.6875 1.5996e-39 
4.695 9.68652e-40 
4.6925 1.14523e-39 
4.7 6.92429e-40 
4.6975 8.19077e-40 
4.705 4.94461e-40 
4.7025 5.85204e-40 
4.71 3.52728e-40 
4.7075 4.17676e-40 
4.715 2.5136e-40 
4.7125 2.97798e-40 
4.72 1.78939e-40 
4.7175 2.12106e-40 
4.725 1.27251e-40 
4.7225 1.50916e-40 
4.73 9.03997e-41 
4.7275 1.07267e-40 
4.735 6.41539e-41 
4.7325 7.61637e-41 
4.74 4.54809e-41 
4.7375 5.4023e-41 
4.745 3.22095e-41 
4.7425 3.82789e-41 
4.75 2.27871e-41 
4.7475 2.7095e-41 
4.755 1.61043e-41 
4.7525 1.91588e-41 
4.76 1.13696e-41 
4.7575 1.35331e-41 
4.765 8.01864e-42 
4.7625 9.54942e-42 
4.77 5.64942e-42 
4.7675 6.7314e-42 
4.775 3.97609e-42 
4.7725 4.74005e-42 
4.78 2.7955e-42 
4.7775 3.33435e-42 
4.785 1.96341e-42 
4.7825 2.34308e-42 
4.79 1.37757e-42 
4.7875 1.64481e-42 
4.795 9.65528e-43 
4.7925 1.15343e-42 
4.8 6.76031e-43 
4.7975 8.08013e-43 
4.805 4.72845e-43 
4.8025 5.65451e-43 
4.81 3.30385e-43 
4.8075 3.95296e-43 
4.815 2.30607e-43 
4.8125 2.76057e-43 
4.82 1.60796e-43 
4.8175 1.92587e-43 
4.825 1.12003e-43 
4.8225 1.34216e-43 
4.83 7.79348e-44 
4.8275 9.34398e-44 
4.835 5.41733e-44 
4.8325 6.49846e-44 
4.84 3.76175e-44 
4.8375 4.51481e-44 
4.845 2.60943e-44 
4.8425 3.13343e-44 
4.85 1.80823e-44 
4.8475 2.17246e-44 
4.855 1.25173e-44 
4.8525 1.50464e-44 
4.86 8.65605e-45 
4.8575 1.04104e-44 
4.865 5.97972e-45 
4.8625 7.19536e-45 
4.87 4.12661e-45 
4.8675 4.96809e-45 
4.875 2.84484e-45 
4.8725 3.42671e-45 
4.88 1.95918e-45 
4.8775 2.36112e-45 
4.885 1.34786e-45 
4.8825 1.62521e-45 
4.89 9.26328e-46 
4.8875 1.11752e-45 
4.895 6.35973e-46 
4.8925 7.67632e-46 
4.9 4.3618e-46 
4.8975 5.26749e-46 
4.905 2.98845e-46 
4.9025 3.61083e-46 
4.91 2.0454e-46 
4.9075 2.47265e-46 
4.915 1.39851e-46 
4.9125 1.6915e-46 
4.92 9.55226e-47 
4.9175 1.15594e-46 
4.925 6.51781e-47 
4.9225 7.89141e-47 
4.93 4.44277e-47 
4.9275 5.38181e-47 
4.935 3.02527e-47 
4.9325 3.66656e-47 
4.94 2.05796e-47 
4.9375 2.49546e-47 
4.945 1.39858e-47 
4.9425 1.69672e-47 
4.95 9.49593e-48 
4.9475 1.15254e-47 
4.955 6.44235e-48 
4.9525 7.8221e-48 
4.96 4.36848e-48 
4.9575 5.30515e-48 
4.965 2.96256e-48 
4.9625 3.59717e-48 
4.97 2.01211e-48 
4.9675 2.4407e-48 
4.975 1.37275e-48 
4.9725 1.66052e-48 
4.98 9.46833e-49 
4.9775 1.1378e-48 
4.985 6.69035e-49 
4.9825 7.92524e-49 
4.99 4.9655e-49 
4.9875 5.71609e-49 
4.995 4.02711e-49 
4.9925 4.40954e-49 
5 3.7297e-49 
4.9975 3.8033e-49 
