0 5.13915e-16 
0.005 5.22027e-16 
0.0025 5.15939e-16 
0.01 5.46573e-16 
0.0075 5.32217e-16 
0.015 5.88177e-16 
0.0125 5.65187e-16 
0.02 6.47892e-16 
0.0175 6.15687e-16 
0.025 7.27223e-16 
0.0225 6.84993e-16 
0.03 8.28147e-16 
0.0275 7.74842e-16 
0.035 9.53157e-16 
0.0325 8.87464e-16 
0.04 1.1053e-15 
0.0375 1.02562e-15 
0.045 1.28823e-15 
0.0425 1.19266e-15 
0.05 1.50627e-15 
0.0475 1.39256e-15 
0.055 1.7645e-15 
0.0525 1.63001e-15 
0.06 2.06882e-15 
0.0575 1.91049e-15 
0.065 2.42604e-15 
0.0625 2.24035e-15 
0.07 2.84402e-15 
0.0675 2.6269e-15 
0.075 3.33174e-15 
0.0725 3.07855e-15 
0.08 3.89948e-15 
0.0775 3.60491e-15 
0.085 4.55893e-15 
0.0825 4.21695e-15 
0.09 5.32337e-15 
0.0875 4.92713e-15 
0.095 6.20783e-15 
0.0925 5.74958e-15 
0.1 7.22929e-15 
0.0975 6.70029e-15 
0.105 8.40689e-15 
0.1025 7.79728e-15 
0.11 9.76216e-15 
0.1075 9.06087e-15 
0.115 1.13192e-14 
0.1125 1.05139e-14 
0.12 1.31052e-14 
0.1175 1.21818e-14 
0.125 1.51502e-14 
0.1225 1.40933e-14 
0.13 1.74879e-14 
0.1275 1.62802e-14 
0.135 2.01557e-14 
0.1325 1.8778e-14 
0.14 2.31953e-14 
0.1375 2.16263e-14 
0.145 2.66526e-14 
0.1425 2.48687e-14 
0.15 3.05786e-14 
0.1475 2.85537e-14 
0.155 3.50293e-14 
0.1525 3.27346e-14 
0.16 4.00664e-14 
0.1575 3.74705e-14 
0.165 4.57577e-14 
0.1625 4.28258e-14 
0.17 5.21774e-14 
0.1675 4.88716e-14 
0.175 5.94066e-14 
0.1725 5.56855e-14 
0.18 6.75339e-14 
0.1775 6.33522e-14 
0.185 7.66553e-14 
0.1825 7.1964e-14 
0.19 8.68755e-14 
0.1875 8.16212e-14 
0.195 9.83076e-14 
0.1925 9.24326e-14 
0.2 1.11074e-13 
0.1975 1.04516e-13 
0.205 1.25307e-13 
0.2025 1.17998e-13 
0.21 1.41147e-13 
0.2075 1.33017e-13 
0.215 1.58749e-13 
0.2125 1.49718e-13 
0.22 1.78273e-13 
0.2175 1.6826e-13 
0.225 1.99896e-13 
0.2225 1.88811e-13 
0.23 2.23804e-13 
0.2275 2.11552e-13 
0.235 2.50193e-13 
0.2325 2.36675e-13 
0.24 2.79275e-13 
0.2375 2.64384e-13 
0.245 3.11271e-13 
0.2425 2.94894e-13 
0.25 3.46419e-13 
0.2475 3.28436e-13 
0.255 3.84967e-13 
0.2525 3.65252e-13 
0.26 4.27177e-13 
0.2575 4.05597e-13 
0.265 4.73326e-13 
0.2625 4.49742e-13 
0.27 5.23704e-13 
0.2675 4.97968e-13 
0.275 5.78617e-13 
0.2725 5.50574e-13 
0.28 6.38384e-13 
0.2775 6.07873e-13 
0.285 7.0334e-13 
0.2825 6.70191e-13 
0.29 7.73838e-13 
0.2875 7.37874e-13 
0.295 8.50247e-13 
0.2925 8.1128e-13 
0.3 9.32952e-13 
0.2975 8.90787e-13 
0.305 1.02236e-12 
0.3025 9.76792e-13 
0.31 1.1189e-12 
0.3075 1.06971e-12 
0.315 1.22301e-12 
0.3125 1.16998e-12 
0.32 1.33518e-12 
0.3175 1.27806e-12 
0.325 1.45591e-12 
0.3225 1.39444e-12 
0.33 1.58572e-12 
0.3275 1.51964e-12 
0.335 1.72518e-12 
0.3325 1.65421e-12 
0.34 1.87491e-12 
0.3375 1.79872e-12 
0.345 2.03554e-12 
0.3425 1.95382e-12 
0.35 2.20778e-12 
0.3475 2.12017e-12 
0.355 2.3924e-12 
0.3525 2.29849e-12 
0.36 2.5902e-12 
0.3575 2.48959e-12 
0.365 2.80209e-12 
0.3625 2.69432e-12 
0.37 3.02905e-12 
0.3675 2.91362e-12 
0.375 3.27215e-12 
0.3725 3.14851e-12 
0.38 3.53257e-12 
0.3775 3.40012e-12 
0.385 3.81162e-12 
0.3825 3.66968e-12 
0.39 4.11074e-12 
0.3875 3.95858e-12 
0.395 4.43151e-12 
0.3925 4.26831e-12 
0.4 4.77569e-12 
0.3975 4.60056e-12 
0.405 5.14523e-12 
0.4025 4.95716e-12 
0.41 5.54228e-12 
0.4075 5.34017e-12 
0.415 5.96922e-12 
0.4125 5.75185e-12 
0.42 6.42871e-12 
0.4175 6.19472e-12 
0.425 6.92368e-12 
0.4225 6.67156e-12 
0.43 7.45738e-12 
0.4275 7.18547e-12 
0.435 8.03341e-12 
0.4325 7.73986e-12 
0.44 8.6558e-12 
0.4375 8.33854e-12 
0.445 9.32898e-12 
0.4425 8.98574e-12 
0.45 1.00579e-11 
0.4475 9.68614e-12 
0.455 1.08481e-11 
0.4525 1.0445e-11 
0.46 1.17057e-11 
0.4575 1.1268e-11 
0.465 1.26375e-11 
0.4625 1.21618e-11 
0.47 1.36512e-11 
0.4675 1.31336e-11 
0.475 1.47553e-11 
0.4725 1.41914e-11 
0.48 1.59595e-11 
0.4775 1.53443e-11 
0.485 1.72744e-11 
0.4825 1.66024e-11 
0.49 1.8712e-11 
0.4875 1.7977e-11 
0.495 2.02859e-11 
0.4925 1.9481e-11 
0.5 2.20113e-11 
0.4975 2.11286e-11 
0.505 2.39051e-11 
0.5025 2.2936e-11 
0.51 2.59866e-11 
0.5075 2.49211e-11 
0.515 2.82774e-11 
0.5125 2.71044e-11 
0.52 3.08015e-11 
0.5175 2.95086e-11 
0.525 3.35864e-11 
0.5225 3.21596e-11 
0.53 3.66627e-11 
0.5275 3.50861e-11 
0.535 4.00648e-11 
0.5325 3.83207e-11 
0.54 4.38314e-11 
0.5375 4.18999e-11 
0.545 4.8006e-11 
0.5425 4.58648e-11 
0.55 5.26376e-11 
0.5475 5.02614e-11 
0.555 5.77809e-11 
0.5525 5.51416e-11 
0.56 6.34976e-11 
0.5575 6.05635e-11 
0.565 6.98567e-11 
0.5625 6.65922e-11 
0.57 7.69356e-11 
0.5675 7.3301e-11 
0.575 8.48214e-11 
0.5725 8.07718e-11 
0.58 9.36113e-11 
0.5775 8.90968e-11 
0.585 1.03414e-10 
0.5825 9.83789e-11 
0.59 1.14353e-10 
0.5875 1.08734e-10 
0.595 1.26565e-10 
0.5925 1.20291e-10 
0.6 1.40202e-10 
0.5975 1.33195e-10 
0.605 1.55438e-10 
0.6025 1.47609e-10 
0.61 1.72464e-10 
0.6075 1.63714e-10 
0.615 1.91496e-10 
0.6125 1.81715e-10 
0.62 2.12776e-10 
0.6175 2.01839e-10 
0.625 2.36574e-10 
0.6225 2.24342e-10 
0.63 2.63192e-10 
0.6275 2.4951e-10 
0.635 2.9297e-10 
0.6325 2.77664e-10 
0.64 3.26287e-10 
0.6375 3.09161e-10 
0.645 3.63568e-10 
0.6425 3.44403e-10 
0.65 4.05288e-10 
0.6475 3.83841e-10 
0.655 4.5198e-10 
0.6525 4.27976e-10 
0.66 5.0424e-10 
0.6575 4.77374e-10 
0.665 5.62737e-10 
0.6625 5.32664e-10 
0.67 6.28217e-10 
0.6675 5.94554e-10 
0.675 7.01517e-10 
0.6725 6.63833e-10 
0.68 7.83575e-10 
0.6775 7.41389e-10 
0.685 8.7544e-10 
0.6825 8.28212e-10 
0.69 9.78287e-10 
0.6875 9.25412e-10 
0.695 1.09343e-09 
0.6925 1.03423e-09 
0.7 1.22235e-09 
0.6975 1.15607e-09 
0.705 1.36668e-09 
0.7025 1.29248e-09 
0.71 1.52828e-09 
0.7075 1.4452e-09 
0.715 1.70922e-09 
0.7125 1.61619e-09 
0.72 1.9118e-09 
0.7175 1.80765e-09 
0.725 2.13863e-09 
0.7225 2.02201e-09 
0.73 2.3926e-09 
0.7275 2.26202e-09 
0.735 2.67696e-09 
0.7325 2.53076e-09 
0.74 2.99537e-09 
0.7375 2.83167e-09 
0.745 3.35188e-09 
0.7425 3.16859e-09 
0.75 3.75107e-09 
0.7475 3.54584e-09 
0.755 4.19805e-09 
0.7525 3.96824e-09 
0.76 4.69853e-09 
0.7575 4.44122e-09 
0.765 5.25893e-09 
0.7625 4.97081e-09 
0.77 5.88642e-09 
0.7675 5.56381e-09 
0.775 6.58904e-09 
0.7725 6.2278e-09 
0.78 7.37578e-09 
0.7775 6.97129e-09 
0.785 8.25672e-09 
0.7825 7.8038e-09 
0.79 9.24314e-09 
0.7875 8.73599e-09 
0.795 1.03477e-08 
0.7925 9.77979e-09 
0.8 1.15845e-08 
0.7975 1.09486e-08 
0.805 1.29694e-08 
0.8025 1.22573e-08 
0.81 1.45201e-08 
0.8075 1.37228e-08 
0.815 1.62565e-08 
0.8125 1.53637e-08 
0.82 1.82009e-08 
0.8175 1.72012e-08 
0.825 2.03781e-08 
0.8225 1.92587e-08 
0.83 2.28161e-08 
0.8275 2.15626e-08 
0.835 2.5546e-08 
0.8325 2.41425e-08 
0.84 2.86029e-08 
0.8375 2.70313e-08 
0.845 3.2026e-08 
0.8425 3.02661e-08 
0.85 3.5859e-08 
0.8475 3.38883e-08 
0.855 4.01511e-08 
0.8525 3.79443e-08 
0.86 4.49573e-08 
0.8575 4.24862e-08 
0.865 5.03391e-08 
0.8625 4.75721e-08 
0.87 5.63657e-08 
0.8675 5.32672e-08 
0.875 6.31141e-08 
0.8725 5.96445e-08 
0.88 7.06709e-08 
0.8775 6.67856e-08 
0.885 7.91329e-08 
0.8825 7.47823e-08 
0.89 8.86087e-08 
0.8875 8.37368e-08 
0.895 9.92196e-08 
0.8925 9.37641e-08 
0.9 1.11102e-07 
0.8975 1.04993e-07 
0.905 1.24407e-07 
0.9025 1.17566e-07 
0.91 1.39307e-07 
0.9075 1.31646e-07 
0.915 1.55991e-07 
0.9125 1.47413e-07 
0.92 1.74675e-07 
0.9175 1.65069e-07 
0.925 1.95597e-07 
0.9225 1.8484e-07 
0.93 2.19026e-07 
0.9275 2.06981e-07 
0.935 2.45263e-07 
0.9325 2.31773e-07 
0.94 2.74642e-07 
0.9375 2.59537e-07 
0.945 3.07543e-07 
0.9425 2.90627e-07 
0.95 3.44385e-07 
0.9475 3.25443e-07 
0.955 3.85642e-07 
0.9525 3.6443e-07 
0.96 4.31844e-07 
0.9575 4.08089e-07 
0.965 4.83581e-07 
0.9625 4.5698e-07 
0.97 5.41519e-07 
0.9675 5.1173e-07 
0.975 6.06399e-07 
0.9725 5.73041e-07 
0.98 6.79056e-07 
0.9775 6.417e-07 
0.985 7.60419e-07 
0.9825 7.18586e-07 
0.99 8.51534e-07 
0.9875 8.04688e-07 
0.995 9.53568e-07 
0.9925 9.01108e-07 
1 1.06783e-06 
0.9975 1.00908e-06 
1.005 1.19579e-06 
1.0025 1.13e-06 
1.01 1.33909e-06 
1.0075 1.26541e-06 
1.015 1.49956e-06 
1.0125 1.41705e-06 
1.02 1.67926e-06 
1.0175 1.58687e-06 
1.025 1.88051e-06 
1.0225 1.77704e-06 
1.03 2.10587e-06 
1.0275 1.99e-06 
1.035 2.35825e-06 
1.0325 2.22849e-06 
1.04 2.64089e-06 
1.0375 2.49557e-06 
1.045 2.95741e-06 
1.0425 2.79467e-06 
1.05 3.31186e-06 
1.0475 3.12962e-06 
1.055 3.70882e-06 
1.0525 3.50472e-06 
1.06 4.15335e-06 
1.0575 3.92479e-06 
1.065 4.65118e-06 
1.0625 4.39522e-06 
1.07 5.2087e-06 
1.0675 4.92205e-06 
1.075 5.83305e-06 
1.0725 5.51204e-06 
1.08 6.53226e-06 
1.0775 6.17276e-06 
1.085 7.3153e-06 
1.0825 6.9127e-06 
1.09 8.19222e-06 
1.0875 7.74135e-06 
1.095 9.17429e-06 
1.0925 8.66936e-06 
1.1 1.02741e-05 
1.0975 9.70863e-06 
1.105 1.15058e-05 
1.1025 1.08725e-05 
1.11 1.28852e-05 
1.1075 1.2176e-05 
1.115 1.44299e-05 
1.1125 1.36357e-05 
1.12 1.616e-05 
1.1175 1.52705e-05 
1.125 1.80974e-05 
1.1225 1.71013e-05 
1.13 2.02672e-05 
1.1275 1.91516e-05 
1.135 2.26972e-05 
1.1325 2.14478e-05 
1.14 2.54186e-05 
1.1375 2.40194e-05 
1.145 2.84664e-05 
1.1425 2.68994e-05 
1.15 3.18797e-05 
1.1475 3.01247e-05 
1.155 3.57023e-05 
1.1525 3.37369e-05 
1.16 3.99834e-05 
1.1575 3.77823e-05 
1.165 4.4778e-05 
1.1625 4.23128e-05 
1.17 5.01476e-05 
1.1675 4.73868e-05 
1.175 5.61612e-05 
1.1725 5.30693e-05 
1.18 6.28962e-05 
1.1775 5.94333e-05 
1.185 7.04389e-05 
1.1825 6.65608e-05 
1.19 7.88864e-05 
1.1875 7.45431e-05 
1.195 8.83472e-05 
1.1925 8.34829e-05 
1.2 9.89429e-05 
1.1975 9.3495e-05 
1.205 0.00011081 
1.2025 0.000104708 
1.21 0.0001241 
1.2075 0.000117266 
1.215 0.000138984 
1.2125 0.000131331 
1.22 0.000155654 
1.2175 0.000147083 
1.225 0.000174325 
1.2225 0.000164725 
1.23 0.000195234 
1.2275 0.000184483 
1.235 0.000218653 
1.2325 0.000206612 
1.24 0.000244881 
1.2375 0.000231396 
1.245 0.000274256 
1.2425 0.000259152 
1.25 0.000307155 
1.2475 0.00029024 
1.255 0.000344002 
1.2525 0.000325057 
1.26 0.000385269 
1.2575 0.000364051 
1.265 0.000431488 
1.2625 0.000407724 
1.27 0.000483252 
1.2675 0.000456637 
1.275 0.000541227 
1.2725 0.000511418 
1.28 0.000606157 
1.2775 0.000572773 
1.285 0.000678878 
1.2825 0.000641488 
1.29 0.000760324 
1.2875 0.000718448 
1.295 0.000851542 
1.2925 0.000804641 
1.3 0.000953702 
1.2975 0.000901175 
1.305 0.00106812 
1.3025 0.00100929 
1.31 0.00119626 
1.3075 0.00113037 
1.315 0.00133977 
1.3125 0.00126598 
1.32 0.00150049 
1.3175 0.00141785 
1.325 0.00168048 
1.3225 0.00158794 
1.33 0.00188206 
1.3275 0.00177842 
1.335 0.0021078 
1.3325 0.00199173 
1.34 0.00236059 
1.3375 0.00223062 
1.345 0.00264368 
1.3425 0.00249813 
1.35 0.00296067 
1.3475 0.00279769 
1.355 0.00331562 
1.3525 0.00313313 
1.36 0.00371305 
1.3575 0.00350872 
1.365 0.00415803 
1.3625 0.00392926 
1.37 0.00465621 
1.3675 0.00440009 
1.375 0.00521392 
1.3725 0.0049272 
1.38 0.00583823 
1.3775 0.00551728 
1.385 0.006537 
1.3825 0.00617778 
1.39 0.00731906 
1.3875 0.00691703 
1.395 0.00819421 
1.3925 0.00774434 
1.4 0.00917339 
1.3975 0.00867006 
1.405 0.0102688 
1.4025 0.00970576 
1.41 0.011494 
1.4075 0.0108643 
1.415 0.0128641 
1.4125 0.0121599 
1.42 0.0143959 
1.4175 0.0136087 
1.425 0.0161078 
1.4225 0.0152281 
1.43 0.0180207 
1.4275 0.0170378 
1.435 0.0201571 
1.4325 0.0190594 
1.44 0.0225424 
1.4375 0.021317 
1.445 0.0252042 
1.4425 0.0238369 
1.45 0.0281731 
1.4475 0.0266483 
1.455 0.0314824 
1.4525 0.029783 
1.46 0.0351688 
1.4575 0.0332761 
1.465 0.0392721 
1.4625 0.0371657 
1.47 0.0438354 
1.4675 0.0414934 
1.475 0.0489054 
1.4725 0.046304 
1.48 0.0545323 
1.4775 0.051646 
1.485 0.0607696 
1.4825 0.0575712 
1.49 0.0676739 
1.4875 0.0641347 
1.495 0.075305 
1.4925 0.0713948 
1.5 0.0837249 
1.4975 0.0794124 
1.505 0.0929974 
1.5025 0.0882505 
1.51 0.103187 
1.5075 0.0979736 
1.515 0.114359 
1.5125 0.108647 
1.52 0.126576 
1.5175 0.120333 
1.525 0.139898 
1.5225 0.133096 
1.53 0.15438 
1.5275 0.146991 
1.535 0.170069 
1.5325 0.162071 
1.54 0.187004 
1.5375 0.178379 
1.545 0.205209 
1.5425 0.195947 
1.55 0.224698 
1.5475 0.214793 
1.555 0.245462 
1.5525 0.234921 
1.56 0.267479 
1.5575 0.256317 
1.565 0.290701 
1.5625 0.278943 
1.57 0.31506 
1.5675 0.302744 
1.575 0.340465 
1.5725 0.327639 
1.58 0.366802 
1.5775 0.353525 
1.585 0.393936 
1.5825 0.380279 
1.59 0.421714 
1.5875 0.407755 
1.595 0.449965 
1.5925 0.435791 
1.6 0.478509 
1.5975 0.464212 
1.605 0.507158 
1.6025 0.492832 
1.61 0.535721 
1.6075 0.521462 
1.615 0.564013 
1.6125 0.549913 
1.62 0.591853 
1.6175 0.578 
1.625 0.619075 
1.6225 0.605551 
1.63 0.645528 
1.6275 0.632406 
1.635 0.671081 
1.6325 0.658425 
1.64 0.695622 
1.6375 0.683484 
1.645 0.719062 
1.6425 0.707485 
1.65 0.741335 
1.6475 0.730348 
1.655 0.762393 
1.6525 0.752018 
1.66 0.782211 
1.6575 0.772458 
1.665 0.800781 
1.6625 0.791651 
1.67 0.818111 
1.6675 0.8096 
1.675 0.834224 
1.6725 0.826318 
1.68 0.849153 
1.6775 0.841834 
1.685 0.862941 
1.6825 0.856187 
1.69 0.875638 
1.6875 0.869423 
1.695 0.887299 
1.6925 0.881594 
1.7 0.897982 
1.6975 0.892759 
1.705 0.907748 
1.7025 0.902976 
1.71 0.916657 
1.7075 0.912306 
1.715 0.924769 
1.7125 0.920809 
1.72 0.932144 
1.7175 0.928545 
1.725 0.938838 
1.7225 0.935572 
1.73 0.944906 
1.7275 0.941947 
1.735 0.9504 
1.7325 0.947722 
1.74 0.955369 
1.7375 0.952947 
1.745 0.959858 
1.7425 0.95767 
1.75 0.96391 
1.7475 0.961936 
1.755 0.967565 
1.7525 0.965785 
1.76 0.97086 
1.7575 0.969256 
1.765 0.973828 
1.7625 0.972383 
1.77 0.976499 
1.7675 0.975199 
1.775 0.978903 
1.7725 0.977733 
1.78 0.981065 
1.7775 0.980013 
1.785 0.983009 
1.7825 0.982063 
1.79 0.984755 
1.7875 0.983905 
1.795 0.986325 
1.7925 0.985561 
1.8 0.987734 
1.7975 0.987048 
1.805 0.988999 
1.8025 0.988384 
1.81 0.990135 
1.8075 0.989583 
1.815 0.991155 
1.8125 0.990659 
1.82 0.99207 
1.8175 0.991625 
1.825 0.992891 
1.8225 0.992491 
1.83 0.993627 
1.8275 0.993269 
1.835 0.994287 
1.8325 0.993966 
1.84 0.994879 
1.8375 0.994591 
1.845 0.99541 
1.8425 0.995152 
1.85 0.995887 
1.8475 0.995655 
1.855 0.996314 
1.8525 0.996106 
1.86 0.996696 
1.8575 0.99651 
1.865 0.997039 
1.8625 0.996872 
1.87 0.997347 
1.8675 0.997197 
1.875 0.997622 
1.8725 0.997488 
1.88 0.99787 
1.8775 0.997749 
1.885 0.998091 
1.8825 0.997983 
1.89 0.998289 
1.8875 0.998193 
1.895 0.998467 
1.8925 0.998381 
1.9 0.998627 
1.8975 0.998549 
1.905 0.998769 
1.9025 0.9987 
1.91 0.998897 
1.9075 0.998835 
1.915 0.999012 
1.9125 0.998956 
1.92 0.999115 
1.9175 0.999065 
1.925 0.999207 
1.9225 0.999162 
1.93 0.999289 
1.9275 0.999249 
1.935 0.999363 
1.9325 0.999327 
1.94 0.999429 
1.9375 0.999397 
1.945 0.999488 
1.9425 0.99946 
1.95 0.999542 
1.9475 0.999516 
1.955 0.999589 
1.9525 0.999566 
1.96 0.999632 
1.9575 0.999611 
1.965 0.99967 
1.9625 0.999651 
1.97 0.999704 
1.9675 0.999687 
1.975 0.999735 
1.9725 0.99972 
1.98 0.999762 
1.9775 0.999749 
1.985 0.999787 
1.9825 0.999775 
1.99 0.999808 
1.9875 0.999798 
1.995 0.999828 
1.9925 0.999819 
2 0.999846 
1.9975 0.999837 
2.005 0.999861 
2.0025 0.999854 
2.01 0.999875 
2.0075 0.999869 
2.015 0.999888 
2.0125 0.999882 
2.02 0.999899 
2.0175 0.999894 
2.025 0.999909 
2.0225 0.999904 
2.03 0.999918 
2.0275 0.999913 
2.035 0.999926 
2.0325 0.999922 
2.04 0.999933 
2.0375 0.999929 
2.045 0.999939 
2.0425 0.999936 
2.05 0.999944 
2.0475 0.999941 
2.055 0.999949 
2.0525 0.999947 
2.06 0.999953 
2.0575 0.999951 
2.065 0.999957 
2.0625 0.999955 
2.07 0.99996 
2.0675 0.999958 
2.075 0.999962 
2.0725 0.999961 
2.08 0.999964 
2.0775 0.999963 
2.085 0.999966 
2.0825 0.999965 
2.09 0.999968 
2.0875 0.999967 
2.095 0.999969 
2.0925 0.999968 
2.1 0.999969 
2.0975 0.999969 
2.105 0.99997 
2.1025 0.999969 
2.11 0.99997 
2.1075 0.99997 
2.115 0.999969 
2.1125 0.999969 
2.12 0.999968 
2.1175 0.999969 
2.125 0.999967 
2.1225 0.999968 
2.13 0.999966 
2.1275 0.999967 
2.135 0.999964 
2.1325 0.999965 
2.14 0.999962 
2.1375 0.999963 
2.145 0.99996 
2.1425 0.999961 
2.15 0.999957 
2.1475 0.999958 
2.155 0.999954 
2.1525 0.999955 
2.16 0.99995 
2.1575 0.999952 
2.165 0.999945 
2.1625 0.999948 
2.17 0.999941 
2.1675 0.999943 
2.175 0.999935 
2.1725 0.999938 
2.18 0.999929 
2.1775 0.999932 
2.185 0.999922 
2.1825 0.999926 
2.19 0.999915 
2.1875 0.999918 
2.195 0.999906 
2.1925 0.99991 
2.2 0.999897 
2.1975 0.999902 
2.205 0.999886 
2.2025 0.999892 
2.21 0.999875 
2.2075 0.999881 
2.215 0.999862 
2.2125 0.999868 
2.22 0.999848 
2.2175 0.999855 
2.225 0.999832 
2.2225 0.99984 
2.23 0.999815 
2.2275 0.999824 
2.235 0.999796 
2.2325 0.999805 
2.24 0.999774 
2.2375 0.999785 
2.245 0.999751 
2.2425 0.999763 
2.25 0.999725 
2.2475 0.999738 
2.255 0.999696 
2.2525 0.999711 
2.26 0.999665 
2.2575 0.999681 
2.265 0.99963 
2.2625 0.999647 
2.27 0.999591 
2.2675 0.999611 
2.275 0.999548 
2.2725 0.99957 
2.28 0.999501 
2.2775 0.999525 
2.285 0.999449 
2.2825 0.999476 
2.29 0.999391 
2.2875 0.999421 
2.295 0.999328 
2.2925 0.99936 
2.3 0.999257 
2.2975 0.999293 
2.305 0.99918 
2.3025 0.999219 
2.31 0.999094 
2.3075 0.999138 
2.315 0.998999 
2.3125 0.999048 
2.32 0.998894 
2.3175 0.998948 
2.325 0.998779 
2.3225 0.998838 
2.33 0.998651 
2.3275 0.998717 
2.335 0.99851 
2.3325 0.998582 
2.34 0.998354 
2.3375 0.998434 
2.345 0.998182 
2.3425 0.998271 
2.35 0.997993 
2.3475 0.99809 
2.355 0.997783 
2.3525 0.99789 
2.36 0.997551 
2.3575 0.99767 
2.365 0.997295 
2.3625 0.997426 
2.37 0.997013 
2.3675 0.997158 
2.375 0.996701 
2.3725 0.996861 
2.38 0.996357 
2.3775 0.996533 
2.385 0.995976 
2.3825 0.996171 
2.39 0.995557 
2.3875 0.995772 
2.395 0.995093 
2.3925 0.995331 
2.4 0.994582 
2.3975 0.994844 
2.405 0.994017 
2.4025 0.994306 
2.41 0.993394 
2.4075 0.993713 
2.415 0.992706 
2.4125 0.993059 
2.42 0.991947 
2.4175 0.992336 
2.425 0.99111 
2.4225 0.991539 
2.43 0.990186 
2.4275 0.99066 
2.435 0.989167 
2.4325 0.989689 
2.44 0.988043 
2.4375 0.988619 
2.445 0.986804 
2.4425 0.987439 
2.45 0.985438 
2.4475 0.986138 
2.455 0.983932 
2.4525 0.984703 
2.46 0.982272 
2.4575 0.983122 
2.465 0.980444 
2.4625 0.98138 
2.47 0.97843 
2.4675 0.979461 
2.475 0.976213 
2.4725 0.977348 
2.48 0.973773 
2.4775 0.975022 
2.485 0.971088 
2.4825 0.972462 
2.49 0.968135 
2.4875 0.969646 
2.495 0.964889 
2.4925 0.96655 
2.5 0.961323 
2.4975 0.963148 
2.505 0.957408 
2.5025 0.959411 
2.51 0.953112 
2.5075 0.95531 
2.515 0.948402 
2.5125 0.950811 
2.52 0.943241 
2.5175 0.94588 
2.525 0.937591 
2.5225 0.94048 
2.53 0.931413 
2.5275 0.934571 
2.535 0.924664 
2.5325 0.928113 
2.54 0.9173 
2.5375 0.921062 
2.545 0.909274 
2.5425 0.913373 
2.55 0.900541 
2.5475 0.904999 
2.555 0.891052 
2.5525 0.895894 
2.56 0.880759 
2.5575 0.886009 
2.565 0.869615 
2.5625 0.875296 
2.57 0.857573 
2.5675 0.863709 
2.575 0.84459 
2.5725 0.851202 
2.58 0.830626 
2.5775 0.837733 
2.585 0.815644 
2.5825 0.823264 
2.59 0.799617 
2.5875 0.807763 
2.595 0.782521 
2.5925 0.791203 
2.6 0.764344 
2.5975 0.773568 
2.605 0.745085 
2.6025 0.754849 
2.61 0.724753 
2.6075 0.735052 
2.615 0.703372 
2.6125 0.714192 
2.62 0.680982 
2.6175 0.6923 
2.625 0.657635 
2.6225 0.669424 
2.63 0.633402 
2.6275 0.645624 
2.635 0.608368 
2.6325 0.620979 
2.64 0.582634 
2.6375 0.595582 
2.645 0.556316 
2.6425 0.56954 
2.65 0.529541 
2.6475 0.542977 
2.655 0.502449 
2.6525 0.516026 
2.66 0.475184 
2.6575 0.488828 
2.665 0.447899 
2.6625 0.461534 
2.67 0.420746 
2.6675 0.434297 
2.675 0.393879 
2.6725 0.407268 
2.68 0.367442 
2.6775 0.380598 
2.685 0.341577 
2.6825 0.35443 
2.69 0.316413 
2.6875 0.3289 
2.695 0.292067 
2.6925 0.304131 
2.7 0.268642 
2.6975 0.280233 
2.705 0.246225 
2.7025 0.257302 
2.71 0.224889 
2.7075 0.235418 
2.715 0.204688 
2.7125 0.214643 
2.72 0.185661 
2.7175 0.195026 
2.725 0.167832 
2.7225 0.176596 
2.73 0.15121 
2.7275 0.15937 
2.735 0.135789 
2.7325 0.14335 
2.74 0.121553 
2.7375 0.128525 
2.745 0.108473 
2.7425 0.11487 
2.75 0.0965101 
2.7475 0.102354 
2.755 0.0856197 
2.7525 0.090934 
2.76 0.0757491 
2.7575 0.0805604 
2.765 0.0668409 
2.7625 0.0711784 
2.77 0.0588342 
2.7675 0.0627287 
2.775 0.0516661 
2.7725 0.0551493 
2.78 0.0452725 
2.7775 0.0483765 
2.785 0.0395899 
2.7825 0.0423463 
2.79 0.0345558 
2.7875 0.0369956 
2.795 0.03011 
2.7925 0.032263 
2.8 0.0261947 
2.7975 0.0280895 
2.805 0.0227557 
2.8025 0.0244189 
2.81 0.0197424 
2.8075 0.0211989 
2.815 0.0171077 
2.8125 0.0183805 
2.82 0.0148086 
2.8175 0.0159187 
2.825 0.012806 
2.8225 0.0137725 
2.83 0.0110644 
2.8275 0.0119046 
2.835 0.00955192 
2.8325 0.0102813 
2.84 0.00824018 
2.8375 0.00887261 
2.845 0.00710384 
2.8425 0.00765155 
2.85 0.00612045 
2.8475 0.00659432 
2.855 0.00527022 
2.8525 0.00567983 
2.86 0.00453573 
2.8575 0.00488951 
2.865 0.0039017 
2.8625 0.00420703 
2.87 0.00335476 
2.8675 0.00361811 
2.875 0.00288325 
2.8725 0.00311025 
2.88 0.00247698 
2.8775 0.00267254 
2.885 0.00212712 
2.8825 0.0022955 
2.89 0.00182597 
2.8875 0.00197089 
2.895 0.00156687 
2.8925 0.00169154 
2.9 0.00134404 
2.8975 0.00145125 
2.905 0.00115248 
2.9025 0.00124463 
2.91 0.000987864 
2.9075 0.00106705 
2.915 0.000846458 
2.9125 0.000914473 
2.92 0.000725032 
2.9175 0.000783431 
2.925 0.000620798 
2.9225 0.000670924 
2.93 0.000531354 
2.9275 0.000574364 
2.935 0.000454628 
2.9325 0.000491519 
2.94 0.000388833 
2.9375 0.000420465 
2.945 0.000332433 
2.9425 0.000359546 
2.95 0.000284102 
2.9475 0.000307334 
2.955 0.000242701 
2.9525 0.0002626 
2.96 0.000207249 
2.9575 0.000224287 
2.965 0.000176902 
2.9625 0.000191485 
2.97 0.000150934 
2.9675 0.000163411 
2.975 0.000128722 
2.9725 0.000139394 
2.98 0.00010973 
2.9775 0.000118854 
2.985 9.3498e-05 
2.9825 0.000101295 
2.99 7.96301e-05 
2.9875 8.62909e-05 
2.995 6.7787e-05 
2.9925 7.34746e-05 
3 5.76773e-05 
2.9975 6.2532e-05 
3.005 4.90512e-05 
3.0025 5.3193e-05 
3.01 4.16941e-05 
3.0075 4.52262e-05 
3.015 3.54223e-05 
3.0125 3.8433e-05 
3.02 3.00782e-05 
3.0175 3.26432e-05 
3.025 2.55267e-05 
3.0225 2.7711e-05 
3.03 2.16521e-05 
3.0275 2.35113e-05 
3.035 1.83554e-05 
3.0325 1.99371e-05 
3.04 1.55519e-05 
3.0375 1.68968e-05 
3.045 1.31691e-05 
3.0425 1.4312e-05 
3.05 1.11448e-05 
3.0475 1.21156e-05 
3.055 9.42608e-06 
3.0525 1.02502e-05 
3.06 7.96762e-06 
3.0575 8.66688e-06 
3.065 6.7307e-06 
3.0625 7.32365e-06 
3.07 5.68227e-06 
3.0675 6.18479e-06 
3.075 4.79414e-06 
3.0725 5.21976e-06 
3.08 4.04223e-06 
3.0775 4.40251e-06 
3.085 3.40605e-06 
3.0825 3.71083e-06 
3.09 2.86811e-06 
3.0875 3.12579e-06 
3.095 2.41353e-06 
3.0925 2.63124e-06 
3.1 2.02963e-06 
3.0975 2.21346e-06 
3.105 1.70564e-06 
3.1025 1.86076e-06 
3.11 1.43238e-06 
3.1075 1.56319e-06 
3.115 1.20207e-06 
3.1125 1.31229e-06 
3.12 1.00808e-06 
3.1175 1.1009e-06 
3.125 8.44794e-07 
3.1225 9.22913e-07 
3.13 7.07453e-07 
3.1275 7.73148e-07 
3.135 5.92012e-07 
3.1325 6.47222e-07 
3.14 4.95048e-07 
3.1375 5.41413e-07 
3.145 4.13662e-07 
3.1425 4.5257e-07 
3.15 3.454e-07 
3.1475 3.78028e-07 
3.155 2.88188e-07 
3.1525 3.15529e-07 
3.16 2.40271e-07 
3.1575 2.63166e-07 
3.165 2.00171e-07 
3.1625 2.19327e-07 
3.17 1.66636e-07 
3.1675 1.82653e-07 
3.175 1.38613e-07 
3.1725 1.51995e-07 
3.18 1.15214e-07 
3.1775 1.26386e-07 
3.185 9.56913e-08 
3.1825 1.0501e-07 
3.19 7.94146e-08 
3.1875 8.71824e-08 
3.195 6.58551e-08 
3.1925 7.23248e-08 
3.2 5.45679e-08 
3.1975 5.99523e-08 
3.205 4.51796e-08 
3.2025 4.96572e-08 
3.21 3.73771e-08 
3.2075 4.10976e-08 
3.215 3.08975e-08 
3.2125 3.39865e-08 
3.22 2.55209e-08 
3.2175 2.80836e-08 
3.225 2.10631e-08 
3.2225 2.31874e-08 
3.23 1.737e-08 
3.2275 1.91295e-08 
3.235 1.4313e-08 
3.2325 1.57692e-08 
3.24 1.17846e-08 
3.2375 1.29887e-08 
3.245 9.695e-09 
3.2425 1.06899e-08 
3.25 7.96952e-09 
3.2475 8.7909e-09 
3.255 6.54587e-09 
3.2525 7.22343e-09 
3.26 5.37222e-09 
3.2575 5.93067e-09 
3.265 4.40545e-09 
3.2625 4.86536e-09 
3.27 3.60976e-09 
3.2675 3.9882e-09 
3.275 2.9554e-09 
3.2725 3.26656e-09 
3.28 2.41773e-09 
3.2775 2.67334e-09 
3.285 1.97629e-09 
3.2825 2.18611e-09 
3.29 1.61416e-09 
3.2875 1.78624e-09 
3.295 1.31733e-09 
3.2925 1.45836e-09 
3.3 1.07424e-09 
3.2975 1.18971e-09 
3.305 8.75308e-10 
3.3025 9.6978e-10 
3.31 7.12655e-10 
3.3075 7.89882e-10 
3.315 5.79771e-10 
3.3125 6.4285e-10 
3.32 4.71296e-10 
3.3175 5.22778e-10 
3.325 3.82819e-10 
3.3225 4.24801e-10 
3.33 3.10712e-10 
3.3275 3.44919e-10 
3.335 2.51993e-10 
3.3325 2.79843e-10 
3.34 2.04215e-10 
3.3375 2.26871e-10 
3.345 1.6537e-10 
3.3425 1.83786e-10 
3.35 1.33814e-10 
3.3475 1.48771e-10 
3.355 1.08199e-10 
3.3525 1.20338e-10 
3.36 8.74221e-11 
3.3575 9.7266e-11 
3.365 7.05836e-11 
3.3625 7.856e-11 
3.37 5.69472e-11 
3.3675 6.34055e-11 
3.375 4.59124e-11 
3.3725 5.11375e-11 
3.38 3.69898e-11 
3.3775 4.12139e-11 
3.385 2.97804e-11 
3.3825 3.31928e-11 
3.39 2.39597e-11 
3.3875 2.67142e-11 
3.395 1.92636e-11 
3.3925 2.14855e-11 
3.4 1.54776e-11 
3.3975 1.72685e-11 
3.405 1.24275e-11 
3.4025 1.38701e-11 
3.41 9.97211e-12 
3.4075 1.11332e-11 
3.415 7.99677e-12 
3.4125 8.93068e-12 
3.42 6.40875e-12 
3.4175 7.1594e-12 
3.425 5.13296e-12 
3.4225 5.73591e-12 
3.43 4.10871e-12 
3.4275 4.5927e-12 
3.435 3.28694e-12 
3.4325 3.67519e-12 
3.44 2.62805e-12 
3.4375 2.93929e-12 
3.445 2.10008e-12 
3.4425 2.34944e-12 
3.45 1.67729e-12 
3.4475 1.87694e-12 
3.455 1.33892e-12 
3.4525 1.49868e-12 
3.46 1.06828e-12 
3.4575 1.19604e-12 
3.465 8.51928e-13 
3.4625 9.54044e-13 
3.47 6.79079e-13 
3.4675 7.60652e-13 
3.475 5.41057e-13 
3.4725 6.06185e-13 
3.48 4.30903e-13 
3.4775 4.82874e-13 
3.485 3.43035e-13 
3.4825 3.84486e-13 
3.49 2.72978e-13 
3.4875 3.06022e-13 
3.495 2.17148e-13 
3.4925 2.43479e-13 
3.5 1.72676e-13 
3.4975 1.93647e-13 
3.505 1.37266e-13 
3.5025 1.53962e-13 
3.51 1.09084e-13 
3.5075 1.22371e-13 
3.515 8.66632e-14 
3.5125 9.72328e-14 
3.52 6.88322e-14 
3.5175 7.72372e-14 
3.525 5.46565e-14 
3.5225 6.13379e-14 
3.53 4.33905e-14 
3.5275 4.87e-14 
3.535 3.44397e-14 
3.5325 3.86578e-14 
3.54 2.73304e-14 
3.5375 3.06804e-14 
3.545 2.16852e-14 
3.5425 2.43451e-14 
3.55 1.72036e-14 
3.5475 1.93151e-14 
3.555 1.36467e-14 
3.5525 1.53225e-14 
3.56 1.08241e-14 
3.5575 1.21538e-14 
3.565 8.58469e-15 
3.5625 9.63965e-15 
3.57 6.80823e-15 
3.5675 7.64506e-15 
3.575 5.39919e-15 
3.5725 6.06292e-15 
3.58 4.28171e-15 
3.5775 4.80809e-15 
3.585 3.39553e-15 
3.5825 3.81295e-15 
3.59 2.69283e-15 
3.5875 3.02382e-15 
3.595 2.13564e-15 
3.5925 2.39809e-15 
3.6 1.69384e-15 
3.5975 1.90194e-15 
3.605 1.34354e-15 
3.6025 1.50854e-15 
3.61 1.06578e-15 
3.6075 1.19661e-15 
3.615 8.45532e-16 
3.6125 9.49274e-16 
3.62 6.7088e-16 
3.6175 7.53147e-16 
3.625 5.32375e-16 
3.6225 5.97617e-16 
3.63 4.22526e-16 
3.6275 4.74271e-16 
3.635 3.35395e-16 
3.6325 3.7644e-16 
3.64 2.66276e-16 
3.6375 2.98837e-16 
3.645 2.11438e-16 
3.6425 2.37272e-16 
3.65 1.67925e-16 
3.6475 1.88425e-16 
3.655 1.33392e-16 
3.6525 1.49662e-16 
3.66 1.05981e-16 
3.6575 1.18896e-16 
3.665 8.42202e-17 
3.6625 9.44737e-17 
3.67 6.69411e-17 
3.6675 7.50832e-17 
3.675 5.32183e-17 
3.6725 5.9685e-17 
3.68 4.23175e-17 
3.6775 4.74546e-17 
3.685 3.36567e-17 
3.6825 3.77384e-17 
3.69 2.67742e-17 
3.6875 3.0018e-17 
3.695 2.13036e-17 
3.6925 2.38821e-17 
3.7 1.69543e-17 
3.6975 1.90044e-17 
3.705 1.34959e-17 
3.7025 1.51262e-17 
3.71 1.07451e-17 
3.7075 1.20419e-17 
3.715 8.55674e-18 
3.7125 9.58843e-18 
3.72 6.81543e-18 
3.7175 7.63642e-18 
3.725 5.42955e-18 
3.7225 6.083e-18 
3.73 4.32631e-18 
3.7275 4.84652e-18 
3.735 3.44788e-18 
3.7325 3.8621e-18 
3.74 2.7483e-18 
3.7375 3.07821e-18 
3.745 2.19105e-18 
3.7425 2.45385e-18 
3.75 1.74709e-18 
3.7475 1.95647e-18 
3.755 1.39331e-18 
3.7525 1.56017e-18 
3.76 1.11134e-18 
3.7575 1.24434e-18 
3.765 8.86565e-19 
3.7625 9.9259e-19 
3.77 7.07354e-19 
3.7675 7.91891e-19 
3.775 5.64445e-19 
3.7725 6.31861e-19 
3.78 4.50465e-19 
3.7775 5.04236e-19 
3.785 3.59546e-19 
3.7825 4.0244e-19 
3.79 2.8701e-19 
3.7875 3.21232e-19 
3.795 2.29132e-19 
3.7925 2.56439e-19 
3.8 1.82944e-19 
3.7975 2.04737e-19 
3.805 1.4608e-19 
3.8025 1.63474e-19 
3.81 1.16654e-19 
3.8075 1.30539e-19 
3.815 9.31631e-20 
3.8125 1.04248e-19 
3.82 7.44081e-20 
3.8175 8.32583e-20 
3.825 5.94326e-20 
3.8225 6.64995e-20 
3.83 4.74739e-20 
3.8275 5.31173e-20 
3.835 3.79235e-20 
3.8325 4.24305e-20 
3.84 3.02958e-20 
3.8375 3.38955e-20 
3.845 2.42032e-20 
3.8425 2.70785e-20 
3.85 1.93366e-20 
3.8475 2.16334e-20 
3.855 1.54489e-20 
3.8525 1.72837e-20 
3.86 1.23431e-20 
3.8575 1.38089e-20 
3.865 9.86187e-21 
3.8625 1.10329e-20 
3.87 7.87948e-21 
3.8675 8.8151e-21 
3.875 6.2956e-21 
3.8725 7.04315e-21 
3.88 5.0301e-21 
3.8775 5.62738e-21 
3.885 4.01894e-21 
3.8825 4.49618e-21 
3.89 3.211e-21 
3.8875 3.59233e-21 
3.895 2.56542e-21 
3.8925 2.87012e-21 
3.9 2.04959e-21 
3.8975 2.29305e-21 
3.905 1.63742e-21 
3.9025 1.83196e-21 
3.91 1.30809e-21 
3.9075 1.46352e-21 
3.915 1.04494e-21 
3.9125 1.16914e-21 
3.92 8.34689e-22 
3.9175 9.33923e-22 
3.925 6.66702e-22 
3.9225 7.45987e-22 
3.93 5.32488e-22 
3.9275 5.95833e-22 
3.935 4.25262e-22 
3.9325 4.75869e-22 
3.94 3.396e-22 
3.9375 3.80029e-22 
3.945 2.7117e-22 
3.9425 3.03465e-22 
3.95 2.16508e-22 
3.9475 2.42305e-22 
3.955 1.72847e-22 
3.9525 1.93452e-22 
3.96 1.37975e-22 
3.9575 1.54432e-22 
3.965 1.10126e-22 
3.9625 1.23268e-22 
3.97 8.78862e-23 
3.9675 9.8381e-23 
3.975 7.01285e-23 
3.9725 7.85082e-23 
3.98 5.59507e-23 
3.9775 6.26408e-23 
3.985 4.46324e-23 
3.9825 4.99731e-23 
3.99 3.55979e-23 
3.9875 3.98608e-23 
3.995 2.83873e-23 
3.9925 3.17895e-23 
4 2.26332e-23 
3.9975 2.5348e-23 
4.005 1.80419e-23 
4.0025 2.0208e-23 
4.01 1.43792e-23 
4.0075 1.61072e-23 
4.015 1.14576e-23 
4.0125 1.28359e-23 
4.02 9.1276e-24 
4.0175 1.02267e-23 
4.025 7.26975e-24 
4.0225 8.14611e-24 
4.03 5.78864e-24 
4.0275 6.48725e-24 
4.035 4.60812e-24 
4.0325 5.16492e-24 
4.04 3.66738e-24 
4.0375 4.11106e-24 
4.045 2.91789e-24 
4.0425 3.27135e-24 
4.05 2.3209e-24 
4.0475 2.60242e-24 
4.055 1.8455e-24 
4.0525 2.06967e-24 
4.06 1.46702e-24 
4.0575 1.64548e-24 
4.065 1.16579e-24 
4.0625 1.30781e-24 
4.07 9.26102e-25 
4.0675 1.0391e-24 
4.075 7.35439e-25 
4.0725 8.25318e-25 
4.08 5.83821e-25 
4.0775 6.55288e-25 
4.085 4.63288e-25 
4.0825 5.20098e-25 
4.09 3.675e-25 
4.0875 4.12643e-25 
4.095 2.91402e-25 
4.0925 3.27262e-25 
4.1 2.30967e-25 
4.0975 2.59443e-25 
4.105 1.82989e-25 
4.1025 2.05594e-25 
4.11 1.44915e-25 
4.1075 1.62852e-25 
4.115 1.14713e-25 
4.1125 1.2894e-25 
4.12 9.0763e-26 
4.1175 1.02043e-25 
4.125 7.17801e-26 
4.1225 8.07201e-26 
4.13 5.67402e-26 
4.1275 6.38224e-26 
4.135 4.48295e-26 
4.1325 5.04375e-26 
4.14 3.54011e-26 
4.1375 3.98398e-26 
4.145 2.79413e-26 
4.1425 3.14528e-26 
4.15 2.20418e-26 
4.1475 2.48185e-26 
4.155 1.73785e-26 
4.1525 1.95731e-26 
4.16 1.36943e-26 
4.1575 1.54278e-26 
4.165 1.0785e-26 
4.1625 1.21537e-26 
4.17 8.48891e-27 
4.1675 9.56901e-27 
4.175 6.67773e-27 
4.1725 7.5296e-27 
4.18 5.24985e-27 
4.1775 5.92134e-27 
4.185 4.12477e-27 
4.1825 4.65378e-27 
4.19 3.2388e-27 
4.1875 3.65532e-27 
4.195 2.54153e-27 
4.1925 2.86928e-27 
4.2 1.99309e-27 
4.1975 2.25084e-27 
4.205 1.56198e-27 
4.2025 1.76456e-27 
4.21 1.22331e-27 
4.2075 1.38243e-27 
4.215 9.5743e-28 
4.2125 1.08233e-27 
4.22 7.48825e-28 
4.2175 8.46799e-28 
4.225 5.85266e-28 
4.2225 6.6207e-28 
4.23 4.5711e-28 
4.2275 5.17279e-28 
4.235 3.56763e-28 
4.2325 4.03867e-28 
4.24 2.78244e-28 
4.2375 3.15095e-28 
4.245 2.16848e-28 
4.2425 2.45657e-28 
4.25 1.68874e-28 
4.2475 1.91381e-28 
4.255 1.31416e-28 
4.2525 1.48986e-28 
4.26 1.02188e-28 
4.2575 1.15895e-28 
4.265 7.94008e-29 
4.2625 9.00853e-29 
4.27 6.1647e-29 
4.2675 6.99696e-29 
4.275 4.78255e-29 
4.2725 5.43035e-29 
4.28 3.70736e-29 
4.2775 4.21119e-29 
4.285 2.8716e-29 
4.2825 3.26315e-29 
4.29 2.22246e-29 
4.2875 2.52652e-29 
4.295 1.71867e-29 
4.2925 1.95459e-29 
4.3 1.32799e-29 
4.2975 1.5109e-29 
4.305 1.02527e-29 
4.3025 1.16697e-29 
4.31 7.90894e-30 
4.3075 9.00579e-30 
4.315 6.09586e-30 
4.3125 6.94419e-30 
4.32 4.69444e-30 
4.3175 5.35001e-30 
4.325 3.61213e-30 
4.3225 4.11831e-30 
4.33 2.77696e-30 
4.3275 3.16747e-30 
4.335 2.13304e-30 
4.3325 2.43406e-30 
4.34 1.63701e-30 
4.3375 1.86884e-30 
4.345 1.25523e-30 
4.3425 1.43362e-30 
4.35 9.61639e-31 
4.3475 1.09879e-30 
4.355 7.36063e-31 
4.3525 8.41416e-31 
4.36 5.62899e-31 
4.3575 6.43755e-31 
4.365 4.30087e-31 
4.3625 4.92086e-31 
4.37 3.28314e-31 
4.3675 3.75812e-31 
4.375 2.50396e-31 
4.3725 2.86752e-31 
4.38 1.90796e-31 
4.3775 2.18599e-31 
4.385 1.45249e-31 
4.3825 1.66491e-31 
4.39 1.10474e-31 
4.3875 1.26688e-31 
4.395 8.39459e-32 
4.3925 9.63115e-32 
4.4 6.3729e-32 
4.3975 7.31506e-32 
4.405 4.83358e-32 
4.4025 5.55076e-32 
4.41 3.66263e-32 
4.4075 4.20805e-32 
4.415 2.77273e-32 
4.4125 3.18713e-32 
4.42 2.09706e-32 
4.4175 2.41163e-32 
4.425 1.58454e-32 
4.4225 1.82309e-32 
4.43 1.19614e-32 
4.4275 1.37687e-32 
4.435 9.02075e-33 
4.4325 1.03887e-32 
4.44 6.79654e-33 
4.4375 7.83098e-33 
4.445 5.11581e-33 
4.4425 5.89728e-33 
4.45 3.84699e-33 
4.4475 4.43679e-33 
4.455 2.89006e-33 
4.4525 3.33477e-33 
4.46 2.16906e-33 
4.4575 2.50404e-33 
4.465 1.62634e-33 
4.4625 1.87842e-33 
4.47 1.21822e-33 
4.4675 1.40773e-33 
4.475 9.11626e-34 
4.4725 1.05396e-33 
4.48 6.81521e-34 
4.4775 7.88315e-34 
4.485 5.08996e-34 
4.4825 5.89045e-34 
4.49 3.79769e-34 
4.4875 4.39713e-34 
4.495 2.83071e-34 
4.4925 3.27914e-34 
4.5 2.10785e-34 
4.4975 2.44298e-34 
4.505 1.56802e-34 
4.5025 1.81823e-34 
4.51 1.16528e-34 
4.5075 1.3519e-34 
4.515 8.65122e-35 
4.5125 1.00417e-34 
4.52 6.41635e-35 
4.5175 7.45136e-35 
4.525 4.75405e-35 
4.5225 5.52368e-35 
4.53 3.51887e-35 
4.5275 4.09059e-35 
4.535 2.60199e-35 
4.5325 3.02627e-35 
4.54 1.92207e-35 
4.5375 2.23661e-35 
4.545 1.41839e-35 
4.5425 1.65134e-35 
4.55 1.04564e-35 
4.5475 1.21799e-35 
4.555 7.70071e-36 
4.5525 8.97449e-36 
4.56 5.66549e-36 
4.5575 6.60598e-36 
4.565 4.16393e-36 
4.5625 4.85762e-36 
4.57 3.05723e-36 
4.5675 3.56836e-36 
4.575 2.24238e-36 
4.5725 2.61862e-36 
4.58 1.64305e-36 
4.5775 1.9197e-36 
4.585 1.20267e-36 
4.5825 1.40589e-36 
4.59 8.79425e-37 
4.5875 1.02855e-36 
4.595 6.42403e-37 
4.5925 7.51721e-37 
4.6 4.68783e-37 
4.5975 5.48836e-37 
4.605 3.41736e-37 
4.6025 4.00299e-37 
4.61 2.48865e-37 
4.6075 2.91663e-37 
4.615 1.81047e-37 
4.6125 2.12291e-37 
4.62 1.31575e-37 
4.6175 1.54361e-37 
4.625 9.55234e-38 
4.6225 1.12123e-37 
4.63 6.92785e-38 
4.6275 8.13593e-38 
4.635 5.01926e-38 
4.6325 5.89756e-38 
4.64 3.63273e-38 
4.6375 4.27061e-38 
4.645 2.62651e-38 
4.6425 3.0893e-38 
4.65 1.89705e-38 
4.6475 2.23245e-38 
4.655 1.36876e-38 
4.6525 1.6116e-38 
4.66 9.86574e-39 
4.6575 1.1622e-38 
4.665 7.10367e-39 
4.6625 8.37259e-39 
4.67 5.1096e-39 
4.6675 6.02543e-39 
4.675 3.67149e-39 
4.6725 4.33179e-39 
4.68 2.63541e-39 
4.6775 3.11099e-39 
4.685 1.88975e-39 
4.6825 2.23192e-39 
4.69 1.35366e-39 
4.6875 1.5996e-39 
4.695 9.68652e-40 
4.6925 1.14523e-39 
4.7 6.92429e-40 
4.6975 8.19077e-40 
4.705 4.94461e-40 
4.7025 5.85204e-40 
4.71 3.52728e-40 
4.7075 4.17676e-40 
4.715 2.5136e-40 
4.7125 2.97798e-40 
4.72 1.78939e-40 
4.7175 2.12106e-40 
4.725 1.27251e-40 
4.7225 1.50916e-40 
4.73 9.03997e-41 
4.7275 1.07267e-40 
4.735 6.41539e-41 
4.7325 7.61637e-41 
4.74 4.54809e-41 
4.7375 5.4023e-41 
4.745 3.22095e-41 
4.7425 3.82789e-41 
4.75 2.27871e-41 
4.7475 2.7095e-41 
4.755 1.61043e-41 
4.7525 1.91588e-41 
4.76 1.13696e-41 
4.7575 1.35331e-41 
4.765 8.01864e-42 
4.7625 9.54942e-42 
4.77 5.64942e-42 
4.7675 6.7314e-42 
4.775 3.97609e-42 
4.7725 4.74005e-42 
4.78 2.7955e-42 
4.7775 3.33435e-42 
4.785 1.96341e-42 
4.7825 2.34308e-42 
4.79 1.37757e-42 
4.7875 1.64481e-42 
4.795 9.65528e-43 
4.7925 1.15343e-42 
4.8 6.76031e-43 
4.7975 8.08013e-43 
4.805 4.72845e-43 
4.8025 5.65451e-43 
4.81 3.30385e-43 
4.8075 3.95296e-43 
4.815 2.30607e-43 
4.8125 2.76057e-43 
4.82 1.60796e-43 
4.8175 1.92587e-43 
4.825 1.12003e-43 
4.8225 1.34216e-43 
4.83 7.79348e-44 
4.8275 9.34398e-44 
4.835 5.41733e-44 
4.8325 6.49846e-44 
4.84 3.76175e-44 
4.8375 4.51481e-44 
4.845 2.60943e-44 
4.8425 3.13343e-44 
4.85 1.80823e-44 
4.8475 2.17246e-44 
4.855 1.25173e-44 
4.8525 1.50464e-44 
4.86 8.65605e-45 
4.8575 1.04104e-44 
4.865 5.97972e-45 
4.8625 7.19536e-45 
4.87 4.12661e-45 
4.8675 4.96809e-45 
4.875 2.84484e-45 
4.8725 3.42671e-45 
4.88 1.95918e-45 
4.8775 2.36112e-45 
4.885 1.34786e-45 
4.8825 1.62521e-45 
4.89 9.26328e-46 
4.8875 1.11752e-45 
4.895 6.35973e-46 
4.8925 7.67632e-46 
4.9 4.3618e-46 
4.8975 5.26749e-46 
4.905 2.98845e-46 
4.9025 3.61083e-46 
4.91 2.0454e-46 
4.9075 2.47265e-46 
4.915 1.39851e-46 
4.9125 1.6915e-46 
4.92 9.55226e-47 
4.9175 1.15594e-46 
4.925 6.51781e-47 
4.9225 7.89141e-47 
4.93 4.44277e-47 
4.9275 5.38181e-47 
4.935 3.02527e-47 
4.9325 3.66656e-47 
4.94 2.05796e-47 
4.9375 2.49546e-47 
4.945 1.39858e-47 
4.9425 1.69672e-47 
4.95 9.49593e-48 
4.9475 1.15254e-47 
4.955 6.44235e-48 
4.9525 7.8221e-48 
4.96 4.36848e-48 
4.9575 5.30515e-48 
4.965 2.96256e-48 
4.9625 3.59717e-48 
4.97 2.01211e-48 
4.9675 2.4407e-48 
4.975 1.37275e-48 
4.9725 1.66052e-48 
4.98 9.46833e-49 
4.9775 1.1378e-48 
4.985 6.69035e-49 
4.9825 7.92524e-49 
4.99 4.9655e-49 
4.9875 5.71609e-49 
4.995 4.02711e-49 
4.9925 4.40954e-49 
5 3.7297e-49 
4.9975 3.8033e-49 
