0 1.19192e-15 
0.005 1.19887e-15 
0.0025 1.19366e-15 
0.01 1.21974e-15 
0.0075 1.20756e-15 
0.015 1.25462e-15 
0.0125 1.23542e-15 
0.02 1.30366e-15 
0.0175 1.27736e-15 
0.025 1.36706e-15 
0.0225 1.33355e-15 
0.03 1.44506e-15 
0.0275 1.40422e-15 
0.035 1.53798e-15 
0.0325 1.48964e-15 
0.04 1.64616e-15 
0.0375 1.59014e-15 
0.045 1.76998e-15 
0.0425 1.70609e-15 
0.05 1.90986e-15 
0.0475 1.83788e-15 
0.055 2.06625e-15 
0.0525 1.98596e-15 
0.06 2.23961e-15 
0.0575 2.15078e-15 
0.065 2.43042e-15 
0.0625 2.33281e-15 
0.07 2.63916e-15 
0.0675 2.53252e-15 
0.075 2.86627e-15 
0.0725 2.75039e-15 
0.08 3.11223e-15 
0.0775 2.98687e-15 
0.085 3.37743e-15 
0.0825 3.2424e-15 
0.09 3.66224e-15 
0.0875 3.51736e-15 
0.095 3.96699e-15 
0.0925 3.81211e-15 
0.1 4.29191e-15 
0.0975 4.12692e-15 
0.105 4.63716e-15 
0.1025 4.46199e-15 
0.11 5.00281e-15 
0.1075 4.81744e-15 
0.115 5.38881e-15 
0.1125 5.19328e-15 
0.12 5.79497e-15 
0.1175 5.58939e-15 
0.125 6.22098e-15 
0.1225 6.00552e-15 
0.13 6.66638e-15 
0.1275 6.4413e-15 
0.135 7.13052e-15 
0.1325 6.89615e-15 
0.14 7.61258e-15 
0.1375 7.36937e-15 
0.145 8.11157e-15 
0.1425 7.86003e-15 
0.15 8.62628e-15 
0.1475 8.36704e-15 
0.155 9.15529e-15 
0.1525 8.88909e-15 
0.16 9.69698e-15 
0.1575 9.42466e-15 
0.165 1.02495e-14 
0.1625 9.97202e-15 
0.17 1.08108e-14 
0.1675 1.05292e-14 
0.175 1.13787e-14 
0.1725 1.10941e-14 
0.18 1.19505e-14 
0.1775 1.16642e-14 
0.185 1.25237e-14 
0.1825 1.22371e-14 
0.19 1.30954e-14 
0.1875 1.28099e-14 
0.195 1.36624e-14 
0.1925 1.33797e-14 
0.2 1.42217e-14 
0.1975 1.39433e-14 
0.205 1.47699e-14 
0.2025 1.44974e-14 
0.21 1.53036e-14 
0.2075 1.50388e-14 
0.215 1.58193e-14 
0.2125 1.55639e-14 
0.22 1.63135e-14 
0.2175 1.60693e-14 
0.225 1.67827e-14 
0.2225 1.65514e-14 
0.23 1.72235e-14 
0.2275 1.70069e-14 
0.235 1.76326e-14 
0.2325 1.74322e-14 
0.24 1.8007e-14 
0.2375 1.78244e-14 
0.245 1.83436e-14 
0.2425 1.81802e-14 
0.25 1.864e-14 
0.2475 1.8497e-14 
0.255 1.88938e-14 
0.2525 1.87723e-14 
0.26 1.91033e-14 
0.2575 1.90042e-14 
0.265 1.9267e-14 
0.2625 1.91909e-14 
0.27 1.93842e-14 
0.2675 1.93314e-14 
0.275 1.94545e-14 
0.2725 1.94252e-14 
0.28 1.94784e-14 
0.2775 1.94722e-14 
0.285 1.94569e-14 
0.2825 1.94732e-14 
0.29 1.93917e-14 
0.2875 1.94296e-14 
0.295 1.92852e-14 
0.2925 1.93434e-14 
0.3 1.91407e-14 
0.2975 1.92175e-14 
0.305 1.89619e-14 
0.3025 1.90553e-14 
0.31 1.87536e-14 
0.3075 1.88611e-14 
0.315 1.85209e-14 
0.3125 1.86399e-14 
0.32 1.82698e-14 
0.3175 1.83972e-14 
0.325 1.80066e-14 
0.3225 1.81393e-14 
0.33 1.77383e-14 
0.3275 1.78726e-14 
0.335 1.74723e-14 
0.3325 1.76045e-14 
0.34 1.7216e-14 
0.3375 1.73424e-14 
0.345 1.69775e-14 
0.3425 1.70941e-14 
0.35 1.67646e-14 
0.3475 1.68673e-14 
0.355 1.65852e-14 
0.3525 1.66702e-14 
0.36 1.64474e-14 
0.3575 1.65106e-14 
0.365 1.63588e-14 
0.3625 1.63964e-14 
0.37 1.63269e-14 
0.3675 1.63353e-14 
0.375 1.63592e-14 
0.3725 1.63346e-14 
0.38 1.64627e-14 
0.3775 1.64016e-14 
0.385 1.66443e-14 
0.3825 1.65433e-14 
0.39 1.69106e-14 
0.3875 1.67664e-14 
0.395 1.72681e-14 
0.3925 1.70775e-14 
0.4 1.77235e-14 
0.3975 1.74832e-14 
0.405 1.82832e-14 
0.4025 1.79899e-14 
0.41 1.8954e-14 
0.4075 1.86043e-14 
0.415 1.97429e-14 
0.4125 1.93332e-14 
0.42 2.06576e-14 
0.4175 2.0184e-14 
0.425 2.17062e-14 
0.4225 2.11646e-14 
0.43 2.28979e-14 
0.4275 2.22836e-14 
0.435 2.42426e-14 
0.4325 2.35504e-14 
0.44 2.57517e-14 
0.4375 2.49758e-14 
0.445 2.74378e-14 
0.4425 2.65717e-14 
0.45 2.93153e-14 
0.4475 2.83517e-14 
0.455 3.14006e-14 
0.4525 3.03309e-14 
0.46 3.37122e-14 
0.4575 3.25269e-14 
0.465 3.62709e-14 
0.4625 3.49592e-14 
0.47 3.91006e-14 
0.4675 3.76502e-14 
0.475 4.22284e-14 
0.4725 4.06254e-14 
0.48 4.56851e-14 
0.4775 4.39135e-14 
0.485 4.95054e-14 
0.4825 4.75474e-14 
0.49 5.37291e-14 
0.4875 5.15641e-14 
0.495 5.8401e-14 
0.4925 5.60059e-14 
0.5 6.35724e-14 
0.4975 6.09208e-14 
0.505 6.93012e-14 
0.5025 6.63632e-14 
0.51 7.56534e-14 
0.5075 7.23949e-14 
0.515 8.27037e-14 
0.5125 7.90862e-14 
0.52 9.0537e-14 
0.5175 8.65167e-14 
0.525 9.925e-14 
0.5225 9.4777e-14 
0.53 1.08952e-13 
0.5275 1.0397e-13 
0.535 1.19767e-13 
0.5325 1.14212e-13 
0.54 1.31837e-13 
0.5375 1.25636e-13 
0.545 1.45321e-13 
0.5425 1.38391e-13 
0.55 1.604e-13 
0.5475 1.52649e-13 
0.555 1.77281e-13 
0.5525 1.68602e-13 
0.56 1.96197e-13 
0.5575 1.86469e-13 
0.565 2.17411e-13 
0.5625 2.06499e-13 
0.57 2.41224e-13 
0.5675 2.28972e-13 
0.575 2.67973e-13 
0.5725 2.54209e-13 
0.58 2.98044e-13 
0.5775 2.82568e-13 
0.585 3.31871e-13 
0.5825 3.14458e-13 
0.59 3.69944e-13 
0.5875 3.50343e-13 
0.595 4.12822e-13 
0.5925 3.90745e-13 
0.6 4.61135e-13 
0.5975 4.36257e-13 
0.605 5.15594e-13 
0.6025 4.87548e-13 
0.61 5.77006e-13 
0.6075 5.45376e-13 
0.615 6.46283e-13 
0.6125 6.106e-13 
0.62 7.24457e-13 
0.6175 6.84188e-13 
0.625 8.12694e-13 
0.6225 7.67238e-13 
0.63 9.12314e-13 
0.6275 8.60992e-13 
0.635 1.02481e-12 
0.6325 9.66852e-13 
0.64 1.15187e-12 
0.6375 1.08641e-12 
0.645 1.2954e-12 
0.6425 1.22145e-12 
0.65 1.45756e-12 
0.6475 1.37401e-12 
0.655 1.6408e-12 
0.6525 1.54638e-12 
0.66 1.84787e-12 
0.6575 1.74117e-12 
0.665 2.08189e-12 
0.6625 1.9613e-12 
0.67 2.3464e-12 
0.6675 2.2101e-12 
0.675 2.64539e-12 
0.6725 2.49132e-12 
0.68 2.98338e-12 
0.6775 2.80921e-12 
0.685 3.36547e-12 
0.6825 3.16857e-12 
0.69 3.79744e-12 
0.6875 3.57483e-12 
0.695 4.28581e-12 
0.6925 4.03413e-12 
0.7 4.83799e-12 
0.6975 4.55343e-12 
0.705 5.46231e-12 
0.7025 5.14057e-12 
0.71 6.16823e-12 
0.7075 5.80443e-12 
0.715 6.96643e-12 
0.7125 6.55508e-12 
0.72 7.869e-12 
0.7175 7.40386e-12 
0.725 8.8896e-12 
0.7225 8.36362e-12 
0.73 1.00437e-11 
0.7275 9.44891e-12 
0.735 1.13487e-11 
0.7325 1.06762e-11 
0.74 1.28245e-11 
0.7375 1.20639e-11 
0.745 1.44934e-11 
0.7425 1.36333e-11 
0.75 1.63806e-11 
0.7475 1.5408e-11 
0.755 1.85148e-11 
0.7525 1.74149e-11 
0.76 2.09283e-11 
0.7575 1.96844e-11 
0.765 2.36576e-11 
0.7625 2.2251e-11 
0.77 2.67442e-11 
0.7675 2.51535e-11 
0.775 3.02349e-11 
0.7725 2.84359e-11 
0.78 3.41824e-11 
0.7775 3.21479e-11 
0.785 3.86467e-11 
0.7825 3.63459e-11 
0.79 4.36954e-11 
0.7875 4.10934e-11 
0.795 4.94051e-11 
0.7925 4.64625e-11 
0.8 5.58624e-11 
0.7975 5.25345e-11 
0.805 6.3165e-11 
0.8025 5.94014e-11 
0.81 7.14238e-11 
0.8075 6.71674e-11 
0.815 8.0764e-11 
0.8125 7.59503e-11 
0.82 9.13272e-11 
0.8175 8.58832e-11 
0.825 1.03274e-10 
0.8225 9.71167e-11 
0.83 1.16784e-10 
0.8275 1.09821e-10 
0.835 1.32064e-10 
0.8325 1.24189e-10 
0.84 1.49345e-10 
0.8375 1.40439e-10 
0.845 1.68889e-10 
0.8425 1.58817e-10 
0.85 1.90993e-10 
0.8475 1.79601e-10 
0.855 2.15991e-10 
0.8525 2.03108e-10 
0.86 2.44264e-10 
0.8575 2.29693e-10 
0.865 2.76239e-10 
0.8625 2.59759e-10 
0.87 3.12402e-10 
0.8675 2.93764e-10 
0.875 3.53301e-10 
0.8725 3.32222e-10 
0.88 3.99558e-10 
0.8775 3.75718e-10 
0.885 4.51873e-10 
0.8825 4.24911e-10 
0.89 5.11041e-10 
0.8875 4.80547e-10 
0.895 5.77959e-10 
0.8925 5.4347e-10 
0.9 6.53642e-10 
0.8975 6.14636e-10 
0.905 7.3924e-10 
0.9025 6.95124e-10 
0.91 8.3605e-10 
0.9075 7.86156e-10 
0.915 9.45543e-10 
0.9125 8.89112e-10 
0.92 1.06938e-09 
0.9175 1.00556e-09 
0.925 1.20944e-09 
0.9225 1.13725e-09 
0.93 1.36785e-09 
0.9275 1.2862e-09 
0.935 1.54701e-09 
0.9325 1.45467e-09 
0.94 1.74964e-09 
0.9375 1.6452e-09 
0.945 1.97882e-09 
0.9425 1.8607e-09 
0.95 2.23802e-09 
0.9475 2.10443e-09 
0.955 2.53119e-09 
0.9525 2.3801e-09 
0.96 2.86277e-09 
0.9575 2.69188e-09 
0.965 3.23779e-09 
0.9625 3.04451e-09 
0.97 3.66196e-09 
0.9675 3.44335e-09 
0.975 4.1417e-09 
0.9725 3.89444e-09 
0.98 4.6843e-09 
0.9775 4.40465e-09 
0.985 5.298e-09 
0.9825 4.9817e-09 
0.99 5.99212e-09 
0.9875 5.63437e-09 
0.995 6.77719e-09 
0.9925 6.37257e-09 
1 7.66515e-09 
0.9975 7.2075e-09 
1.005 8.66946e-09 
1.0025 8.15185e-09 
1.01 9.80539e-09 
1.0075 9.21995e-09 
1.015 1.10902e-08 
1.0125 1.0428e-08 
1.02 1.25434e-08 
1.0175 1.17944e-08 
1.025 1.4187e-08 
1.0225 1.33399e-08 
1.03 1.6046e-08 
1.0275 1.50879e-08 
1.035 1.81487e-08 
1.0325 1.7065e-08 
1.04 2.05269e-08 
1.0375 1.93012e-08 
1.045 2.32169e-08 
1.0425 2.18305e-08 
1.05 2.62595e-08 
1.0475 2.46914e-08 
1.055 2.97008e-08 
1.0525 2.79272e-08 
1.06 3.35932e-08 
1.0575 3.15871e-08 
1.065 3.79958e-08 
1.0625 3.57267e-08 
1.07 4.29755e-08 
1.0675 4.0409e-08 
1.075 4.8608e-08 
1.0725 4.57051e-08 
1.08 5.49788e-08 
1.0775 5.16954e-08 
1.085 6.21848e-08 
1.0825 5.84709e-08 
1.09 7.03354e-08 
1.0875 6.61347e-08 
1.095 7.95546e-08 
1.0925 7.48031e-08 
1.1 8.99823e-08 
1.0975 8.46079e-08 
1.105 1.01777e-07 
1.1025 9.56982e-08 
1.11 1.15118e-07 
1.1075 1.08242e-07 
1.115 1.30209e-07 
1.1125 1.22431e-07 
1.12 1.47278e-07 
1.1175 1.3848e-07 
1.125 1.66585e-07 
1.1225 1.56634e-07 
1.13 1.88423e-07 
1.1275 1.77168e-07 
1.135 2.13125e-07 
1.1325 2.00394e-07 
1.14 2.41066e-07 
1.1375 2.26665e-07 
1.145 2.72671e-07 
1.1425 2.56382e-07 
1.15 3.08421e-07 
1.1475 2.89995e-07 
1.155 3.48858e-07 
1.1525 3.28017e-07 
1.16 3.94599e-07 
1.1575 3.71024e-07 
1.165 4.46339e-07 
1.1625 4.19672e-07 
1.17 5.04865e-07 
1.1675 4.74701e-07 
1.175 5.71067e-07 
1.1725 5.36946e-07 
1.18 6.45952e-07 
1.1775 6.07356e-07 
1.185 7.30661e-07 
1.1825 6.87002e-07 
1.19 8.26481e-07 
1.1875 7.77095e-07 
1.195 9.34871e-07 
1.1925 8.79006e-07 
1.2 1.05748e-06 
1.1975 9.94287e-07 
1.205 1.19618e-06 
1.2025 1.12469e-06 
1.21 1.35307e-06 
1.2075 1.27221e-06 
1.215 1.53055e-06 
1.2125 1.43908e-06 
1.22 1.73132e-06 
1.2175 1.62784e-06 
1.225 1.95844e-06 
1.2225 1.84138e-06 
1.23 2.21537e-06 
1.2275 2.08295e-06 
1.235 2.50602e-06 
1.2325 2.35622e-06 
1.24 2.83483e-06 
1.2375 2.66536e-06 
1.245 3.2068e-06 
1.2425 3.01508e-06 
1.25 3.62761e-06 
1.2475 3.41071e-06 
1.255 4.10367e-06 
1.2525 3.8583e-06 
1.26 4.64226e-06 
1.2575 4.36466e-06 
1.265 5.25159e-06 
1.2625 4.93753e-06 
1.27 5.94096e-06 
1.2675 5.58564e-06 
1.275 6.72091e-06 
1.2725 6.3189e-06 
1.28 7.60335e-06 
1.2775 7.14851e-06 
1.285 8.60178e-06 
1.2825 8.08716e-06 
1.29 9.73146e-06 
1.2875 9.14918e-06 
1.295 1.10097e-05 
1.2925 1.03508e-05 
1.3 1.2456e-05 
1.2975 1.17105e-05 
1.305 1.40926e-05 
1.3025 1.32491e-05 
1.31 1.59446e-05 
1.3075 1.499e-05 
1.315 1.80404e-05 
1.3125 1.69601e-05 
1.32 2.04122e-05 
1.3175 1.91897e-05 
1.325 2.30964e-05 
1.3225 2.17128e-05 
1.33 2.61344e-05 
1.3275 2.45684e-05 
1.335 2.95729e-05 
1.3325 2.78004e-05 
1.34 3.3465e-05 
1.3375 3.14586e-05 
1.345 3.78707e-05 
1.3425 3.55996e-05 
1.35 4.28582e-05 
1.3475 4.02871e-05 
1.355 4.85048e-05 
1.3525 4.55939e-05 
1.36 5.4898e-05 
1.3575 5.16022e-05 
1.365 6.21372e-05 
1.3625 5.84051e-05 
1.37 7.0335e-05 
1.3675 6.61086e-05 
1.375 7.96195e-05 
1.3725 7.48328e-05 
1.38 9.01357e-05 
1.3775 8.47138e-05 
1.385 0.000102049 
1.3825 9.59065e-05 
1.39 0.000115545 
1.3875 0.000108586 
1.395 0.000130839 
1.3925 0.000122953 
1.4 0.000148171 
1.3975 0.000139234 
1.405 0.000167817 
1.4025 0.000157686 
1.41 0.000190089 
1.4075 0.000178603 
1.415 0.000215343 
1.4125 0.000202319 
1.42 0.000243986 
1.4175 0.000229214 
1.425 0.000276478 
1.4225 0.000259719 
1.43 0.000313347 
1.4275 0.00029433 
1.435 0.000355192 
1.4325 0.000333607 
1.44 0.0004027 
1.4375 0.000378192 
1.445 0.000456652 
1.4425 0.000428817 
1.45 0.000517942 
1.4475 0.000486319 
1.455 0.000587593 
1.4525 0.000551653 
1.46 0.000666773 
1.4575 0.000625912 
1.465 0.000756821 
1.4625 0.000710348 
1.47 0.000859271 
1.4675 0.000806392 
1.475 0.000975879 
1.4725 0.000915685 
1.48 0.00110866 
1.4775 0.00104011 
1.485 0.00125993 
1.4825 0.00118183 
1.49 0.00143234 
1.4875 0.00134331 
1.495 0.00162895 
1.4925 0.00152741 
1.5 0.00185325 
1.4975 0.0017374 
1.505 0.00210928 
1.5025 0.00197703 
1.51 0.00240168 
1.5075 0.00225062 
1.515 0.00273577 
1.5125 0.00256315 
1.52 0.00311767 
1.5175 0.00292032 
1.525 0.00355442 
1.5225 0.00332871 
1.53 0.00405412 
1.5275 0.00379585 
1.535 0.00462605 
1.5325 0.00433042 
1.54 0.00528085 
1.5375 0.00494236 
1.545 0.00603073 
1.5425 0.00564308 
1.55 0.00688964 
1.5475 0.00644561 
1.555 0.00787352 
1.5525 0.00736488 
1.56 0.00900049 
1.5575 0.00841789 
1.565 0.0102912 
1.5625 0.00962397 
1.57 0.0117689 
1.5675 0.0110051 
1.575 0.0134599 
1.5725 0.012586 
1.58 0.0153939 
1.5775 0.0143945 
1.585 0.0176037 
1.5825 0.0164621 
1.59 0.0201262 
1.5875 0.0188234 
1.595 0.0230018 
1.5925 0.0215172 
1.6 0.0262751 
1.5975 0.0245858 
1.605 0.0299942 
1.6025 0.0280757 
1.61 0.0342114 
1.6075 0.0320372 
1.615 0.0389822 
1.6125 0.036524 
1.62 0.0443653 
1.6175 0.0415934 
1.625 0.0504217 
1.6225 0.0473054 
1.63 0.0572142 
1.6275 0.053722 
1.635 0.0648063 
1.6325 0.0609063 
1.64 0.073261 
1.6375 0.068922 
1.645 0.0826397 
1.6425 0.0778311 
1.65 0.0930004 
1.6475 0.0876938 
1.655 0.104397 
1.6525 0.098566 
1.66 0.116876 
1.6575 0.110498 
1.665 0.130479 
1.6625 0.123535 
1.67 0.145235 
1.6675 0.137711 
1.675 0.161165 
1.6725 0.153053 
1.68 0.178278 
1.6775 0.169574 
1.685 0.196568 
1.6825 0.187277 
1.69 0.216018 
1.6875 0.20615 
1.695 0.236595 
1.6925 0.226168 
1.7 0.258248 
1.6975 0.24729 
1.705 0.280916 
1.7025 0.26946 
1.71 0.304517 
1.7075 0.292605 
1.715 0.328959 
1.7125 0.31664 
1.72 0.354133 
1.7175 0.341461 
1.725 0.379918 
1.7225 0.366957 
1.73 0.406185 
1.7275 0.393 
1.735 0.432795 
1.7325 0.419456 
1.74 0.459605 
1.7375 0.446184 
1.745 0.486467 
1.7425 0.473038 
1.75 0.513237 
1.7475 0.499873 
1.755 0.539772 
1.7525 0.526543 
1.76 0.565937 
1.7575 0.552909 
1.765 0.591604 
1.7625 0.57884 
1.77 0.616657 
1.7675 0.604214 
1.775 0.640993 
1.7725 0.628921 
1.78 0.664523 
1.7775 0.652864 
1.785 0.687172 
1.7825 0.675962 
1.79 0.70888 
1.7875 0.698147 
1.795 0.7296 
1.7925 0.719365 
1.8 0.749303 
1.7975 0.73958 
1.805 0.767969 
1.8025 0.758766 
1.81 0.785592 
1.8075 0.776911 
1.815 0.802178 
1.8125 0.794014 
1.82 0.81774 
1.8175 0.810086 
1.825 0.832301 
1.8225 0.825144 
1.83 0.845888 
1.8275 0.839214 
1.835 0.858538 
1.8325 0.852328 
1.84 0.870287 
1.8375 0.864522 
1.845 0.881177 
1.8425 0.875837 
1.85 0.891252 
1.8475 0.886314 
1.855 0.900556 
1.8525 0.895997 
1.86 0.909134 
1.8575 0.904932 
1.865 0.91703 
1.8625 0.913164 
1.87 0.92429 
1.8675 0.920737 
1.875 0.930956 
1.8725 0.927695 
1.88 0.937069 
1.8775 0.934079 
1.885 0.94267 
1.8825 0.939931 
1.89 0.947796 
1.8875 0.94529 
1.895 0.952484 
1.8925 0.950193 
1.9 0.956767 
1.8975 0.954674 
1.905 0.960678 
1.9025 0.958767 
1.91 0.964247 
1.9075 0.962504 
1.915 0.967501 
1.9125 0.965911 
1.92 0.970467 
1.9175 0.969018 
1.925 0.973168 
1.9225 0.971849 
1.93 0.975628 
1.9275 0.974427 
1.935 0.977867 
1.9325 0.976774 
1.94 0.979903 
1.9375 0.978909 
1.945 0.981756 
1.9425 0.980852 
1.95 0.98344 
1.9475 0.982618 
1.955 0.984971 
1.9525 0.984224 
1.96 0.986362 
1.9575 0.985683 
1.965 0.987625 
1.9625 0.987008 
1.97 0.988773 
1.9675 0.988213 
1.975 0.989815 
1.9725 0.989306 
1.98 0.990761 
1.9775 0.9903 
1.985 0.99162 
1.9825 0.991201 
1.99 0.9924 
1.9875 0.99202 
1.995 0.993108 
1.9925 0.992762 
2 0.99375 
1.9975 0.993436 
2.005 0.994332 
2.0025 0.994048 
2.01 0.994861 
2.0075 0.994603 
2.015 0.99534 
2.0125 0.995106 
2.02 0.995775 
2.0175 0.995563 
2.025 0.996169 
2.0225 0.995977 
2.03 0.996527 
2.0275 0.996353 
2.035 0.996852 
2.0325 0.996693 
2.04 0.997146 
2.0375 0.997002 
2.045 0.997412 
2.0425 0.997282 
2.05 0.997654 
2.0475 0.997536 
2.055 0.997874 
2.0525 0.997767 
2.06 0.998072 
2.0575 0.997975 
2.065 0.998253 
2.0625 0.998165 
2.07 0.998416 
2.0675 0.998336 
2.075 0.998564 
2.0725 0.998492 
2.08 0.998699 
2.0775 0.998633 
2.085 0.99882 
2.0825 0.998761 
2.09 0.998931 
2.0875 0.998877 
2.095 0.999031 
2.0925 0.998982 
2.1 0.999121 
2.0975 0.999077 
2.105 0.999203 
2.1025 0.999163 
2.11 0.999278 
2.1075 0.999242 
2.115 0.999345 
2.1125 0.999312 
2.12 0.999406 
2.1175 0.999377 
2.125 0.999462 
2.1225 0.999435 
2.13 0.999512 
2.1275 0.999488 
2.135 0.999558 
2.1325 0.999535 
2.14 0.999599 
2.1375 0.999579 
2.145 0.999636 
2.1425 0.999618 
2.15 0.99967 
2.1475 0.999653 
2.155 0.9997 
2.1525 0.999686 
2.16 0.999728 
2.1575 0.999715 
2.165 0.999753 
2.1625 0.999741 
2.17 0.999776 
2.1675 0.999765 
2.175 0.999796 
2.1725 0.999786 
2.18 0.999815 
2.1775 0.999806 
2.185 0.999832 
2.1825 0.999823 
2.19 0.999847 
2.1875 0.999839 
2.195 0.99986 
2.1925 0.999854 
2.2 0.999873 
2.1975 0.999867 
2.205 0.999884 
2.2025 0.999878 
2.21 0.999894 
2.2075 0.999889 
2.215 0.999903 
2.2125 0.999898 
2.22 0.99991 
2.2175 0.999907 
2.225 0.999918 
2.2225 0.999914 
2.23 0.999924 
2.2275 0.999921 
2.235 0.999929 
2.2325 0.999927 
2.24 0.999934 
2.2375 0.999932 
2.245 0.999939 
2.2425 0.999937 
2.25 0.999942 
2.2475 0.99994 
2.255 0.999945 
2.2525 0.999944 
2.26 0.999948 
2.2575 0.999947 
2.265 0.99995 
2.2625 0.999949 
2.27 0.999952 
2.2675 0.999951 
2.275 0.999953 
2.2725 0.999952 
2.28 0.999954 
2.2775 0.999953 
2.285 0.999954 
2.2825 0.999954 
2.29 0.999954 
2.2875 0.999954 
2.295 0.999953 
2.2925 0.999954 
2.3 0.999952 
2.2975 0.999953 
2.305 0.999951 
2.3025 0.999952 
2.31 0.999949 
2.3075 0.99995 
2.315 0.999947 
2.3125 0.999948 
2.32 0.999944 
2.3175 0.999946 
2.325 0.999941 
2.3225 0.999943 
2.33 0.999937 
2.3275 0.999939 
2.335 0.999933 
2.3325 0.999935 
2.34 0.999928 
2.3375 0.99993 
2.345 0.999922 
2.3425 0.999925 
2.35 0.999916 
2.3475 0.999919 
2.355 0.999909 
2.3525 0.999912 
2.36 0.999901 
2.3575 0.999905 
2.365 0.999892 
2.3625 0.999896 
2.37 0.999882 
2.3675 0.999887 
2.375 0.999871 
2.3725 0.999877 
2.38 0.999859 
2.3775 0.999866 
2.385 0.999846 
2.3825 0.999853 
2.39 0.999832 
2.3875 0.999839 
2.395 0.999816 
2.3925 0.999824 
2.4 0.999798 
2.3975 0.999807 
2.405 0.999779 
2.4025 0.999789 
2.41 0.999757 
2.4075 0.999768 
2.415 0.999734 
2.4125 0.999746 
2.42 0.999708 
2.4175 0.999721 
2.425 0.999679 
2.4225 0.999694 
2.43 0.999648 
2.4275 0.999664 
2.435 0.999614 
2.4325 0.999631 
2.44 0.999576 
2.4375 0.999595 
2.445 0.999534 
2.4425 0.999556 
2.45 0.999489 
2.4475 0.999512 
2.455 0.999438 
2.4525 0.999464 
2.46 0.999383 
2.4575 0.999412 
2.465 0.999323 
2.4625 0.999354 
2.47 0.999256 
2.4675 0.99929 
2.475 0.999183 
2.4725 0.99922 
2.48 0.999103 
2.4775 0.999144 
2.485 0.999014 
2.4825 0.99906 
2.49 0.998917 
2.4875 0.998967 
2.495 0.998811 
2.4925 0.998865 
2.5 0.998694 
2.4975 0.998754 
2.505 0.998565 
2.5025 0.998631 
2.51 0.998424 
2.5075 0.998496 
2.515 0.998269 
2.5125 0.998348 
2.52 0.998099 
2.5175 0.998186 
2.525 0.997912 
2.5225 0.998008 
2.53 0.997706 
2.5275 0.997811 
2.535 0.997481 
2.5325 0.997596 
2.54 0.997233 
2.5375 0.99736 
2.545 0.996961 
2.5425 0.9971 
2.55 0.996662 
2.5475 0.996815 
2.555 0.996334 
2.5525 0.996502 
2.56 0.995974 
2.5575 0.996158 
2.565 0.995578 
2.5625 0.995781 
2.57 0.995144 
2.5675 0.995366 
2.575 0.994667 
2.5725 0.994911 
2.58 0.994144 
2.5775 0.994411 
2.585 0.993569 
2.5825 0.993863 
2.59 0.992938 
2.5875 0.993261 
2.595 0.992246 
2.5925 0.9926 
2.6 0.991487 
2.5975 0.991875 
2.605 0.990653 
2.6025 0.99108 
2.61 0.989739 
2.6075 0.990207 
2.615 0.988736 
2.6125 0.989249 
2.62 0.987635 
2.6175 0.988198 
2.625 0.986429 
2.6225 0.987046 
2.63 0.985105 
2.6275 0.985782 
2.635 0.983655 
2.6325 0.984397 
2.64 0.982065 
2.6375 0.982878 
2.645 0.980323 
2.6425 0.981214 
2.65 0.978415 
2.6475 0.979391 
2.655 0.976326 
2.6525 0.977394 
2.66 0.974038 
2.6575 0.975208 
2.665 0.971535 
2.6625 0.972815 
2.67 0.968796 
2.6675 0.970196 
2.675 0.965802 
2.6725 0.967332 
2.68 0.962529 
2.6775 0.964202 
2.685 0.958955 
2.6825 0.960781 
2.69 0.955053 
2.6875 0.957046 
2.695 0.950796 
2.6925 0.95297 
2.7 0.946155 
2.6975 0.948525 
2.705 0.9411 
2.7025 0.943681 
2.71 0.935598 
2.7075 0.938407 
2.715 0.929615 
2.7125 0.932669 
2.72 0.923117 
2.7175 0.926433 
2.725 0.916067 
2.7225 0.919663 
2.73 0.908427 
2.7275 0.912323 
2.735 0.90016 
2.7325 0.904374 
2.74 0.891226 
2.7375 0.895778 
2.745 0.881588 
2.7425 0.886497 
2.75 0.871208 
2.7475 0.876493 
2.755 0.86005 
2.7525 0.865728 
2.76 0.84808 
2.7575 0.854168 
2.765 0.835267 
2.7625 0.841781 
2.77 0.821584 
2.7675 0.828535 
2.775 0.807008 
2.7725 0.814408 
2.78 0.791523 
2.7775 0.79938 
2.785 0.775121 
2.7825 0.783437 
2.79 0.757799 
2.7875 0.766574 
2.795 0.739565 
2.7925 0.748795 
2.8 0.720436 
2.7975 0.730111 
2.805 0.700442 
2.8025 0.710545 
2.81 0.679621 
2.8075 0.690132 
2.815 0.658024 
2.8125 0.668915 
2.82 0.635713 
2.8175 0.646953 
2.825 0.612762 
2.8225 0.624313 
2.83 0.589256 
2.8275 0.601073 
2.835 0.565287 
2.8325 0.577323 
2.84 0.540957 
2.8375 0.553161 
2.845 0.516376 
2.8425 0.528691 
2.85 0.491654 
2.8475 0.504025 
2.855 0.466909 
2.8525 0.479277 
2.86 0.442255 
2.8575 0.454563 
2.865 0.417808 
2.8625 0.429999 
2.87 0.393676 
2.8675 0.405696 
2.875 0.369966 
2.8725 0.381762 
2.88 0.346774 
2.8775 0.3583 
2.885 0.324188 
2.8825 0.3354 
2.89 0.302287 
2.8875 0.313147 
2.895 0.281137 
2.8925 0.291614 
2.9 0.260796 
2.8975 0.270862 
2.905 0.241308 
2.9025 0.250943 
2.91 0.222707 
2.9075 0.231895 
2.915 0.205017 
2.9125 0.213747 
2.92 0.18825 
2.9175 0.196518 
2.925 0.172413 
2.9225 0.180216 
2.93 0.1575 
2.9275 0.164842 
2.935 0.143502 
2.9325 0.150388 
2.94 0.130401 
2.9375 0.13684 
2.945 0.118175 
2.9425 0.12418 
2.95 0.106799 
2.9475 0.112382 
2.955 0.0962427 
2.9525 0.10142 
2.96 0.0864758 
2.9575 0.0912626 
2.965 0.0774648 
2.9625 0.0818779 
2.97 0.0691758 
2.9675 0.0732322 
2.975 0.0615742 
2.9725 0.0652913 
2.98 0.0546252 
2.9775 0.0580203 
2.985 0.0482941 
2.9825 0.0513845 
2.99 0.0425465 
2.9875 0.0453495 
2.995 0.0373484 
2.9925 0.0398809 
3 0.032666 
2.9975 0.0349448 
3.005 0.0284658 
3.0025 0.0305077 
3.01 0.0247148 
3.0075 0.0265362 
3.015 0.0213803 
3.0125 0.0229976 
3.02 0.0184299 
3.0175 0.0198591 
3.025 0.0158317 
3.0225 0.0170887 
3.03 0.0135545 
3.0275 0.0146549 
3.035 0.011568 
3.0325 0.0125268 
3.04 0.009843 
3.0375 0.0106746 
3.045 0.00835162 
3.0425 0.00906979 
3.05 0.00706759 
3.0475 0.00768526 
3.055 0.00596641 
3.0525 0.0064956 
3.06 0.00502548 
3.0575 0.00547724 
3.065 0.00422418 
3.0625 0.00460858 
3.07 0.0035439 
3.0675 0.00387 
3.075 0.00296798 
3.0725 0.00324386 
3.08 0.00248166 
3.0775 0.00271447 
3.085 0.00207195 
3.0825 0.00226797 
3.09 0.00172751 
3.0875 0.00189222 
3.095 0.00143848 
3.0925 0.00157663 
3.1 0.00119639 
3.0975 0.00131205 
3.105 0.000993915 
3.1025 0.00109061 
3.11 0.000824832 
3.1075 0.000905552 
3.115 0.000683819 
3.1125 0.000751116 
3.12 0.000566364 
3.1175 0.000622401 
3.125 0.000468644 
3.1225 0.000515251 
3.13 0.000387432 
3.1275 0.000426155 
3.135 0.00032001 
3.1325 0.000352149 
3.14 0.000264092 
3.1375 0.000290741 
3.145 0.000217759 
3.1425 0.000239834 
3.15 0.000179404 
3.1475 0.000197674 
3.155 0.000147681 
3.1525 0.000162789 
3.16 0.000121467 
3.1575 0.000133948 
3.165 9.98242e-05 
3.1625 0.000110127 
3.17 8.197e-05 
3.1675 9.04669e-05 
3.175 6.72538e-05 
3.1725 7.42558e-05 
3.18 5.51344e-05 
3.1775 6.08996e-05 
3.185 4.51617e-05 
3.1825 4.99046e-05 
3.19 3.69624e-05 
3.1875 4.08611e-05 
3.195 3.02267e-05 
3.1925 3.34287e-05 
3.2 2.46979e-05 
3.1975 2.73256e-05 
3.205 2.01635e-05 
3.2025 2.23181e-05 
3.21 1.64478e-05 
3.2075 1.8213e-05 
3.215 1.34055e-05 
3.2125 1.48505e-05 
3.22 1.09167e-05 
3.2175 1.20986e-05 
3.225 8.88241e-06 
3.2225 9.84822e-06 
3.23 7.22099e-06 
3.2275 8.00959e-06 
3.235 5.86528e-06 
3.2325 6.50863e-06 
3.24 4.75998e-06 
3.2375 5.28438e-06 
3.245 3.8596e-06 
3.2425 4.28668e-06 
3.25 3.1268e-06 
3.2475 3.47431e-06 
3.255 2.5309e-06 
3.2525 2.81342e-06 
3.26 2.04675e-06 
3.2575 2.27624e-06 
3.265 1.65375e-06 
3.2625 1.83999e-06 
3.27 1.33501e-06 
3.2675 1.48602e-06 
3.275 1.07674e-06 
3.2725 1.19908e-06 
3.28 8.67647e-07 
3.2775 9.66664e-07 
3.285 6.98524e-07 
3.2825 7.78594e-07 
3.29 5.61854e-07 
3.2875 6.26544e-07 
3.295 4.5151e-07 
3.2925 5.03726e-07 
3.3 3.62502e-07 
3.2975 4.04612e-07 
3.305 2.90772e-07 
3.3025 3.24699e-07 
3.31 2.33019e-07 
3.3075 2.60329e-07 
3.315 1.86562e-07 
3.3125 2.08525e-07 
3.32 1.49228e-07 
3.3175 1.66874e-07 
3.325 1.19252e-07 
3.3225 1.33416e-07 
3.33 9.52082e-08 
3.3275 1.06567e-07 
3.335 7.59398e-08 
3.3325 8.504e-08 
3.34 6.05134e-08 
3.3375 6.77972e-08 
3.345 4.81746e-08 
3.3425 5.39991e-08 
3.35 3.8315e-08 
3.3475 4.2968e-08 
3.355 3.0444e-08 
3.3525 3.41575e-08 
3.36 2.41665e-08 
3.3575 2.71275e-08 
3.365 1.91649e-08 
3.3625 2.15235e-08 
3.37 1.51837e-08 
3.3675 1.70606e-08 
3.375 1.20178e-08 
3.3725 1.351e-08 
3.38 9.50273e-09 
3.3775 1.06878e-08 
3.385 7.50664e-09 
3.3825 8.44694e-09 
3.39 5.92401e-09 
3.3875 6.66935e-09 
3.395 4.67044e-09 
3.3925 5.26066e-09 
3.4 3.6785e-09 
3.3975 4.14541e-09 
3.405 2.89437e-09 
3.4025 3.26336e-09 
3.41 2.27513e-09 
3.4075 2.56645e-09 
3.415 1.78659e-09 
3.4125 2.01636e-09 
3.42 1.40156e-09 
3.4175 1.5826e-09 
3.425 1.0984e-09 
3.4225 1.24091e-09 
3.43 8.5996e-10 
3.4275 9.72017e-10 
3.435 6.72603e-10 
3.4325 7.60628e-10 
3.44 5.25536e-10 
3.4375 5.94613e-10 
3.445 4.10212e-10 
3.4425 4.64365e-10 
3.45 3.19872e-10 
3.4475 3.62281e-10 
3.455 2.49175e-10 
3.4525 2.82354e-10 
3.46 1.93907e-10 
3.4575 2.19838e-10 
3.465 1.50744e-10 
3.4625 1.7099e-10 
3.47 1.17071e-10 
3.4675 1.32861e-10 
3.475 9.08265e-11 
3.4725 1.0313e-10 
3.48 7.0394e-11 
3.4775 7.99703e-11 
3.485 5.45025e-11 
3.4825 6.19485e-11 
3.49 4.21554e-11 
3.4875 4.79391e-11 
3.495 3.25722e-11 
3.4925 3.706e-11 
3.5 2.51418e-11 
3.4975 2.86205e-11 
3.505 1.93866e-11 
3.5025 2.20803e-11 
3.51 1.49336e-11 
3.5075 1.70172e-11 
3.515 1.14916e-11 
3.5125 1.31017e-11 
3.52 8.83388e-12 
3.5175 1.00768e-11 
3.525 6.78388e-12 
3.5225 7.74229e-12 
3.53 5.20427e-12 
3.5275 5.94256e-12 
3.535 3.98838e-12 
3.5325 4.55651e-12 
3.54 3.05343e-12 
3.5375 3.49017e-12 
3.545 2.33526e-12 
3.5425 2.67064e-12 
3.55 1.78417e-12 
3.5475 2.04146e-12 
3.555 1.36174e-12 
3.5525 1.55891e-12 
3.56 1.03827e-12 
3.5575 1.1892e-12 
3.565 7.90822e-13 
3.5625 9.06249e-13 
3.57 6.01737e-13 
3.5675 6.89917e-13 
3.575 4.57396e-13 
3.5725 5.2469e-13 
3.58 3.47325e-13 
3.5775 3.98628e-13 
3.585 2.63475e-13 
3.5825 3.02546e-13 
3.59 1.99666e-13 
3.5875 2.2939e-13 
3.595 1.51157e-13 
3.5925 1.73748e-13 
3.6 1.14319e-13 
3.5975 1.3147e-13 
3.605 8.63718e-14 
3.6025 9.93798e-14 
3.61 6.51916e-14 
3.6075 7.50472e-14 
3.615 4.91564e-14 
3.6125 5.66159e-14 
3.62 3.70287e-14 
3.6175 4.26689e-14 
3.625 2.78656e-14 
3.6225 3.21259e-14 
3.63 2.09496e-14 
3.6275 2.41643e-14 
3.635 1.57348e-14 
3.6325 1.8158e-14 
3.64 1.18066e-14 
3.6375 1.36315e-14 
3.645 8.8507e-15 
3.6425 1.02236e-14 
3.65 6.62854e-15 
3.6475 7.66033e-15 
3.655 4.95966e-15 
3.6525 5.73435e-15 
3.66 3.70753e-15 
3.6575 4.28861e-15 
3.665 2.76899e-15 
3.6625 3.20443e-15 
3.67 2.06618e-15 
3.6675 2.39217e-15 
3.675 1.54039e-15 
3.6725 1.78421e-15 
3.68 1.14741e-15 
3.6775 1.3296e-15 
3.685 8.53964e-16 
3.6825 9.89973e-16 
3.69 6.35039e-16 
3.6875 7.36482e-16 
3.695 4.71859e-16 
3.6925 5.47454e-16 
3.7 3.50338e-16 
3.6975 4.06621e-16 
3.705 2.59917e-16 
3.7025 3.01786e-16 
3.71 1.92695e-16 
3.7075 2.23815e-16 
3.715 1.42761e-16 
3.7125 1.65873e-16 
3.72 1.05698e-16 
3.7175 1.22849e-16 
3.725 7.82095e-17 
3.7225 9.0927e-17 
3.73 5.78374e-17 
3.7275 6.72607e-17 
3.735 4.27499e-17 
3.7325 4.97275e-17 
3.74 3.15837e-17 
3.7375 3.67469e-17 
3.745 2.33248e-17 
3.7425 2.7143e-17 
3.75 1.72198e-17 
3.7475 2.00418e-17 
3.755 1.27094e-17 
3.7525 1.4794e-17 
3.76 9.37869e-18 
3.7575 1.09179e-17 
3.765 6.92016e-18 
3.7625 8.0562e-18 
3.77 5.10607e-18 
3.7675 5.94425e-18 
3.775 3.76787e-18 
3.7725 4.38613e-18 
3.78 2.78094e-18 
3.7775 3.2369e-18 
3.785 2.05316e-18 
3.7825 2.38938e-18 
3.79 1.5165e-18 
3.7875 1.76443e-18 
3.795 1.12075e-18 
3.7925 1.30358e-18 
3.8 8.28849e-19 
3.7975 9.63712e-19 
3.805 6.13493e-19 
3.8025 7.13002e-19 
3.81 4.54544e-19 
3.8075 5.27999e-19 
3.815 3.37163e-19 
3.8125 3.91417e-19 
3.82 2.50422e-19 
3.8175 2.90522e-19 
3.825 1.86269e-19 
3.8225 2.15934e-19 
3.83 1.38777e-19 
3.8275 1.60744e-19 
3.835 1.03578e-19 
3.8325 1.19864e-19 
3.84 7.74573e-20 
3.8375 8.95475e-20 
3.845 5.8045e-20 
3.8425 6.70339e-20 
3.85 4.35949e-20 
3.8475 5.02891e-20 
3.855 3.28194e-20 
3.8525 3.78138e-20 
3.86 2.47684e-20 
3.8575 2.8502e-20 
3.865 1.87404e-20 
3.8625 2.15375e-20 
3.87 1.4217e-20 
3.8675 1.63173e-20 
3.875 1.08146e-20 
3.8725 1.23954e-20 
3.88 8.24904e-21 
3.8775 9.44185e-21 
3.885 6.30941e-21 
3.8825 7.21183e-21 
3.89 4.8391e-21 
3.8875 5.52366e-21 
3.895 3.72149e-21 
3.8925 4.24222e-21 
3.9 2.86962e-21 
3.8975 3.26683e-21 
3.905 2.21848e-21 
3.9025 2.52232e-21 
3.91 1.71938e-21 
3.9075 1.95245e-21 
3.915 1.33577e-21 
3.9125 1.51504e-21 
3.92 1.04012e-21 
3.9175 1.17838e-21 
3.925 8.11659e-22 
3.9225 9.18572e-22 
3.93 6.34667e-22 
3.9275 7.1755e-22 
3.935 4.97211e-22 
3.9325 5.61621e-22 
3.94 3.90211e-22 
3.9375 4.4038e-22 
3.945 3.06733e-22 
3.9425 3.45896e-22 
3.95 2.41472e-22 
3.9475 2.72105e-22 
3.955 1.90352e-22 
3.9525 2.14359e-22 
3.96 1.50237e-22 
3.9575 1.69085e-22 
3.965 1.18706e-22 
3.9625 1.33527e-22 
3.97 9.38847e-23 
3.9675 1.05556e-22 
3.975 7.43173e-23 
3.9725 8.35214e-23 
3.98 5.88728e-23 
3.9775 6.61399e-23 
3.985 4.66687e-23 
3.9825 5.24127e-23 
3.99 3.70155e-23 
3.9875 4.156e-23 
3.995 2.93731e-23 
3.9925 3.29718e-23 
4 2.3318e-23 
3.9975 2.61698e-23 
4.005 1.85172e-23 
4.0025 2.07787e-23 
4.01 1.47087e-23 
4.0075 1.6503e-23 
4.015 1.16858e-23 
4.0125 1.31101e-23 
4.02 9.2855e-24 
4.0175 1.04166e-23 
4.025 7.37887e-24 
4.0225 8.27739e-24 
4.03 5.86398e-24 
4.0275 6.57794e-24 
4.035 4.66008e-24 
4.0325 5.2275e-24 
4.04 3.70318e-24 
4.0375 4.1542e-24 
4.045 2.94253e-24 
4.0425 3.30106e-24 
4.05 2.33784e-24 
4.0475 2.62286e-24 
4.055 1.85714e-24 
4.0525 2.08372e-24 
4.06 1.47501e-24 
4.0575 1.65512e-24 
4.065 1.17127e-24 
4.0625 1.31443e-24 
4.07 9.29852e-25 
4.0675 1.04363e-24 
4.075 7.38005e-25 
4.0725 8.2842e-25 
4.08 5.85574e-25 
4.0775 6.57409e-25 
4.085 4.64485e-25 
4.0825 5.21547e-25 
4.09 3.68316e-25 
4.0875 4.13632e-25 
4.095 2.91958e-25 
4.0925 3.27936e-25 
4.1 2.31345e-25 
4.0975 2.59902e-25 
4.105 1.83247e-25 
4.1025 2.05906e-25 
4.11 1.4509e-25 
4.1075 1.63064e-25 
4.115 1.14831e-25 
4.1125 1.29084e-25 
4.12 9.08435e-26 
4.1175 1.02141e-25 
4.125 7.18346e-26 
4.1225 8.07863e-26 
4.13 5.6777e-26 
4.1275 6.38672e-26 
4.135 4.48544e-26 
4.1325 5.04678e-26 
4.14 3.5418e-26 
4.1375 3.98603e-26 
4.145 2.79527e-26 
4.1425 3.14666e-26 
4.15 2.20494e-26 
4.1475 2.48278e-26 
4.155 1.73837e-26 
4.1525 1.95793e-26 
4.16 1.36977e-26 
4.1575 1.54321e-26 
4.165 1.07873e-26 
4.1625 1.21566e-26 
4.17 8.49047e-27 
4.1675 9.57091e-27 
4.175 6.67878e-27 
4.1725 7.53088e-27 
4.18 5.25055e-27 
4.1775 5.92219e-27 
4.185 4.12524e-27 
4.1825 4.65435e-27 
4.19 3.23911e-27 
4.1875 3.6557e-27 
4.195 2.54174e-27 
4.1925 2.86954e-27 
4.2 1.99323e-27 
4.1975 2.25101e-27 
4.205 1.56207e-27 
4.2025 1.76467e-27 
4.21 1.22337e-27 
4.2075 1.3825e-27 
4.215 9.57471e-28 
4.2125 1.08238e-27 
4.22 7.48852e-28 
4.2175 8.46832e-28 
4.225 5.85284e-28 
4.2225 6.62092e-28 
4.23 4.57122e-28 
4.2275 5.17293e-28 
4.235 3.56771e-28 
4.2325 4.03877e-28 
4.24 2.78249e-28 
4.2375 3.15101e-28 
4.245 2.16851e-28 
4.2425 2.45662e-28 
4.25 1.68876e-28 
4.2475 1.91384e-28 
4.255 1.31417e-28 
4.2525 1.48988e-28 
4.26 1.02189e-28 
4.2575 1.15896e-28 
4.265 7.94014e-29 
4.2625 9.00862e-29 
4.27 6.16474e-29 
4.2675 6.99702e-29 
4.275 4.78258e-29 
4.2725 5.43038e-29 
4.28 3.70738e-29 
4.2775 4.21121e-29 
4.285 2.87162e-29 
4.2825 3.26317e-29 
4.29 2.22247e-29 
4.2875 2.52653e-29 
4.295 1.71867e-29 
4.2925 1.9546e-29 
4.3 1.32799e-29 
4.2975 1.51091e-29 
4.305 1.02527e-29 
4.3025 1.16697e-29 
4.31 7.90895e-30 
4.3075 9.00581e-30 
4.315 6.09587e-30 
4.3125 6.9442e-30 
4.32 4.69445e-30 
4.3175 5.35002e-30 
4.325 3.61213e-30 
4.3225 4.11832e-30 
4.33 2.77696e-30 
4.3275 3.16747e-30 
4.335 2.13304e-30 
4.3325 2.43406e-30 
4.34 1.63701e-30 
4.3375 1.86884e-30 
4.345 1.25523e-30 
4.3425 1.43362e-30 
4.35 9.61639e-31 
4.3475 1.09879e-30 
4.355 7.36064e-31 
4.3525 8.41417e-31 
4.36 5.62899e-31 
4.3575 6.43755e-31 
4.365 4.30087e-31 
4.3625 4.92086e-31 
4.37 3.28314e-31 
4.3675 3.75812e-31 
4.375 2.50396e-31 
4.3725 2.86752e-31 
4.38 1.90796e-31 
4.3775 2.18599e-31 
4.385 1.45249e-31 
4.3825 1.66491e-31 
4.39 1.10474e-31 
4.3875 1.26688e-31 
4.395 8.39459e-32 
4.3925 9.63115e-32 
4.4 6.3729e-32 
4.3975 7.31506e-32 
4.405 4.83358e-32 
4.4025 5.55076e-32 
4.41 3.66263e-32 
4.4075 4.20805e-32 
4.415 2.77273e-32 
4.4125 3.18713e-32 
4.42 2.09706e-32 
4.4175 2.41163e-32 
4.425 1.58454e-32 
4.4225 1.82309e-32 
4.43 1.19614e-32 
4.4275 1.37687e-32 
4.435 9.02075e-33 
4.4325 1.03887e-32 
4.44 6.79654e-33 
4.4375 7.83098e-33 
4.445 5.11581e-33 
4.4425 5.89728e-33 
4.45 3.84699e-33 
4.4475 4.43679e-33 
4.455 2.89006e-33 
4.4525 3.33477e-33 
4.46 2.16906e-33 
4.4575 2.50404e-33 
4.465 1.62634e-33 
4.4625 1.87842e-33 
4.47 1.21822e-33 
4.4675 1.40773e-33 
4.475 9.11626e-34 
4.4725 1.05396e-33 
4.48 6.81521e-34 
4.4775 7.88315e-34 
4.485 5.08996e-34 
4.4825 5.89045e-34 
4.49 3.79769e-34 
4.4875 4.39713e-34 
4.495 2.83071e-34 
4.4925 3.27914e-34 
4.5 2.10785e-34 
4.4975 2.44298e-34 
4.505 1.56802e-34 
4.5025 1.81823e-34 
4.51 1.16528e-34 
4.5075 1.3519e-34 
4.515 8.65122e-35 
4.5125 1.00417e-34 
4.52 6.41635e-35 
4.5175 7.45136e-35 
4.525 4.75405e-35 
4.5225 5.52368e-35 
4.53 3.51887e-35 
4.5275 4.09059e-35 
4.535 2.60199e-35 
4.5325 3.02627e-35 
4.54 1.92207e-35 
4.5375 2.23661e-35 
4.545 1.41839e-35 
4.5425 1.65134e-35 
4.55 1.04564e-35 
4.5475 1.21799e-35 
4.555 7.70071e-36 
4.5525 8.97449e-36 
4.56 5.66549e-36 
4.5575 6.60598e-36 
4.565 4.16393e-36 
4.5625 4.85762e-36 
4.57 3.05723e-36 
4.5675 3.56836e-36 
4.575 2.24238e-36 
4.5725 2.61862e-36 
4.58 1.64305e-36 
4.5775 1.9197e-36 
4.585 1.20267e-36 
4.5825 1.40589e-36 
4.59 8.79425e-37 
4.5875 1.02855e-36 
4.595 6.42403e-37 
4.5925 7.51721e-37 
4.6 4.68783e-37 
4.5975 5.48836e-37 
4.605 3.41736e-37 
4.6025 4.00299e-37 
4.61 2.48865e-37 
4.6075 2.91663e-37 
4.615 1.81047e-37 
4.6125 2.12291e-37 
4.62 1.31575e-37 
4.6175 1.54361e-37 
4.625 9.55234e-38 
4.6225 1.12123e-37 
4.63 6.92785e-38 
4.6275 8.13593e-38 
4.635 5.01926e-38 
4.6325 5.89756e-38 
4.64 3.63273e-38 
4.6375 4.27061e-38 
4.645 2.62651e-38 
4.6425 3.0893e-38 
4.65 1.89705e-38 
4.6475 2.23245e-38 
4.655 1.36876e-38 
4.6525 1.6116e-38 
4.66 9.86574e-39 
4.6575 1.1622e-38 
4.665 7.10367e-39 
4.6625 8.37259e-39 
4.67 5.1096e-39 
4.6675 6.02543e-39 
4.675 3.67149e-39 
4.6725 4.33179e-39 
4.68 2.63541e-39 
4.6775 3.11099e-39 
4.685 1.88975e-39 
4.6825 2.23192e-39 
4.69 1.35366e-39 
4.6875 1.5996e-39 
4.695 9.68652e-40 
4.6925 1.14523e-39 
4.7 6.92429e-40 
4.6975 8.19077e-40 
4.705 4.94461e-40 
4.7025 5.85204e-40 
4.71 3.52728e-40 
4.7075 4.17676e-40 
4.715 2.5136e-40 
4.7125 2.97798e-40 
4.72 1.78939e-40 
4.7175 2.12106e-40 
4.725 1.27251e-40 
4.7225 1.50916e-40 
4.73 9.03997e-41 
4.7275 1.07267e-40 
4.735 6.41539e-41 
4.7325 7.61637e-41 
4.74 4.54809e-41 
4.7375 5.4023e-41 
4.745 3.22095e-41 
4.7425 3.82789e-41 
4.75 2.27871e-41 
4.7475 2.7095e-41 
4.755 1.61043e-41 
4.7525 1.91588e-41 
4.76 1.13696e-41 
4.7575 1.35331e-41 
4.765 8.01864e-42 
4.7625 9.54942e-42 
4.77 5.64942e-42 
4.7675 6.7314e-42 
4.775 3.97609e-42 
4.7725 4.74005e-42 
4.78 2.7955e-42 
4.7775 3.33435e-42 
4.785 1.96341e-42 
4.7825 2.34308e-42 
4.79 1.37757e-42 
4.7875 1.64481e-42 
4.795 9.65528e-43 
4.7925 1.15343e-42 
4.8 6.76031e-43 
4.7975 8.08013e-43 
4.805 4.72845e-43 
4.8025 5.65451e-43 
4.81 3.30385e-43 
4.8075 3.95296e-43 
4.815 2.30607e-43 
4.8125 2.76057e-43 
4.82 1.60796e-43 
4.8175 1.92587e-43 
4.825 1.12003e-43 
4.8225 1.34216e-43 
4.83 7.79348e-44 
4.8275 9.34398e-44 
4.835 5.41733e-44 
4.8325 6.49846e-44 
4.84 3.76175e-44 
4.8375 4.51481e-44 
4.845 2.60943e-44 
4.8425 3.13343e-44 
4.85 1.80823e-44 
4.8475 2.17246e-44 
4.855 1.25173e-44 
4.8525 1.50464e-44 
4.86 8.65605e-45 
4.8575 1.04104e-44 
4.865 5.97972e-45 
4.8625 7.19536e-45 
4.87 4.12661e-45 
4.8675 4.96809e-45 
4.875 2.84484e-45 
4.8725 3.42671e-45 
4.88 1.95918e-45 
4.8775 2.36112e-45 
4.885 1.34786e-45 
4.8825 1.62521e-45 
4.89 9.26328e-46 
4.8875 1.11752e-45 
4.895 6.35973e-46 
4.8925 7.67632e-46 
4.9 4.3618e-46 
4.8975 5.26749e-46 
4.905 2.98845e-46 
4.9025 3.61083e-46 
4.91 2.0454e-46 
4.9075 2.47265e-46 
4.915 1.39851e-46 
4.9125 1.6915e-46 
4.92 9.55226e-47 
4.9175 1.15594e-46 
4.925 6.51781e-47 
4.9225 7.89141e-47 
4.93 4.44277e-47 
4.9275 5.38181e-47 
4.935 3.02527e-47 
4.9325 3.66656e-47 
4.94 2.05796e-47 
4.9375 2.49546e-47 
4.945 1.39858e-47 
4.9425 1.69672e-47 
4.95 9.49593e-48 
4.9475 1.15254e-47 
4.955 6.44235e-48 
4.9525 7.8221e-48 
4.96 4.36848e-48 
4.9575 5.30515e-48 
4.965 2.96256e-48 
4.9625 3.59717e-48 
4.97 2.01211e-48 
4.9675 2.4407e-48 
4.975 1.37275e-48 
4.9725 1.66052e-48 
4.98 9.46833e-49 
4.9775 1.1378e-48 
4.985 6.69035e-49 
4.9825 7.92524e-49 
4.99 4.9655e-49 
4.9875 5.71609e-49 
4.995 4.02711e-49 
4.9925 4.40954e-49 
5 3.7297e-49 
4.9975 3.8033e-49 
