0 8.34537e-16 
0.005 8.37953e-16 
0.0025 8.35391e-16 
0.01 8.48202e-16 
0.0075 8.42223e-16 
0.015 8.65284e-16 
0.0125 8.55889e-16 
0.02 8.89198e-16 
0.0175 8.76387e-16 
0.025 9.19945e-16 
0.0225 9.03718e-16 
0.03 9.57518e-16 
0.0275 9.37878e-16 
0.035 1.00191e-15 
0.0325 9.78862e-16 
0.04 1.0531e-15 
0.0375 1.02666e-15 
0.045 1.11108e-15 
0.0425 1.08125e-15 
0.05 1.1758e-15 
0.0475 1.1426e-15 
0.055 1.24721e-15 
0.0525 1.21067e-15 
0.06 1.32524e-15 
0.0575 1.2854e-15 
0.065 1.40981e-15 
0.0625 1.36671e-15 
0.07 1.5008e-15 
0.0675 1.45451e-15 
0.075 1.59807e-15 
0.0725 1.54866e-15 
0.08 1.70145e-15 
0.0775 1.64901e-15 
0.085 1.81072e-15 
0.0825 1.75536e-15 
0.09 1.92563e-15 
0.0875 1.86749e-15 
0.095 2.04591e-15 
0.0925 1.98512e-15 
0.1 2.17119e-15 
0.0975 2.10795e-15 
0.105 2.30111e-15 
0.1025 2.2356e-15 
0.11 2.43522e-15 
0.1075 2.36767e-15 
0.115 2.57303e-15 
0.1125 2.5037e-15 
0.12 2.71399e-15 
0.1175 2.64315e-15 
0.125 2.8575e-15 
0.1225 2.78547e-15 
0.13 3.00291e-15 
0.1275 2.93001e-15 
0.135 3.14949e-15 
0.1325 3.0761e-15 
0.14 3.29647e-15 
0.1375 3.22298e-15 
0.145 3.44303e-15 
0.1425 3.36986e-15 
0.15 3.58831e-15 
0.1475 3.51589e-15 
0.155 3.73138e-15 
0.1525 3.66018e-15 
0.16 3.87129e-15 
0.1575 3.80179e-15 
0.165 4.00705e-15 
0.1625 3.93975e-15 
0.17 4.13766e-15 
0.1675 4.07307e-15 
0.175 4.26208e-15 
0.1725 4.20071e-15 
0.18 4.37928e-15 
0.1775 4.32165e-15 
0.185 4.48824e-15 
0.1825 4.43485e-15 
0.19 4.58794e-15 
0.1875 4.53931e-15 
0.195 4.67741e-15 
0.1925 4.63401e-15 
0.2 4.75573e-15 
0.1975 4.71802e-15 
0.205 4.82202e-15 
0.2025 4.79043e-15 
0.21 4.87548e-15 
0.2075 4.8504e-15 
0.215 4.91543e-15 
0.2125 4.89719e-15 
0.22 4.94127e-15 
0.2175 4.93015e-15 
0.225 4.95253e-15 
0.2225 4.94874e-15 
0.23 4.94887e-15 
0.2275 4.95258e-15 
0.235 4.93013e-15 
0.2325 4.94139e-15 
0.24 4.89629e-15 
0.2375 4.91509e-15 
0.245 4.8475e-15 
0.2425 4.87374e-15 
0.25 4.78411e-15 
0.2475 4.8176e-15 
0.255 4.70666e-15 
0.2525 4.7471e-15 
0.26 4.61586e-15 
0.2575 4.66287e-15 
0.265 4.51262e-15 
0.2625 4.56573e-15 
0.27 4.39804e-15 
0.2675 4.45667e-15 
0.275 4.27339e-15 
0.2725 4.33689e-15 
0.28 4.14009e-15 
0.2775 4.20772e-15 
0.285 3.99973e-15 
0.2825 4.07069e-15 
0.29 3.85398e-15 
0.2875 3.92742e-15 
0.295 3.70466e-15 
0.2925 3.77965e-15 
0.3 3.5536e-15 
0.2975 3.62923e-15 
0.305 3.40272e-15 
0.3025 3.47802e-15 
0.31 3.2539e-15 
0.3075 3.32793e-15 
0.315 3.10903e-15 
0.3125 3.18085e-15 
0.32 2.96991e-15 
0.3175 3.03864e-15 
0.325 2.83829e-15 
0.3225 2.90306e-15 
0.33 2.71578e-15 
0.3275 2.7758e-15 
0.335 2.60386e-15 
0.3325 2.6584e-15 
0.34 2.50388e-15 
0.3375 2.5523e-15 
0.345 2.41702e-15 
0.3425 2.45874e-15 
0.35 2.34433e-15 
0.3475 2.37884e-15 
0.355 2.28667e-15 
0.3525 2.31357e-15 
0.36 2.2448e-15 
0.3575 2.26372e-15 
0.365 2.21934e-15 
0.3625 2.22998e-15 
0.37 2.21081e-15 
0.3675 2.21293e-15 
0.375 2.21968e-15 
0.3725 2.21304e-15 
0.38 2.24634e-15 
0.3775 2.23076e-15 
0.385 2.2912e-15 
0.3825 2.26647e-15 
0.39 2.35467e-15 
0.3875 2.32058e-15 
0.395 2.43721e-15 
0.3925 2.39353e-15 
0.4 2.53938e-15 
0.3975 2.4858e-15 
0.405 2.6618e-15 
0.4025 2.59801e-15 
0.41 2.80528e-15 
0.4075 2.73085e-15 
0.415 2.97075e-15 
0.4125 2.8852e-15 
0.42 3.15936e-15 
0.4175 3.06208e-15 
0.425 3.37245e-15 
0.4225 3.26275e-15 
0.43 3.61163e-15 
0.4275 3.48867e-15 
0.435 3.87876e-15 
0.4325 3.74157e-15 
0.44 4.17602e-15 
0.4375 4.02347e-15 
0.445 4.50593e-15 
0.4425 4.33672e-15 
0.45 4.87138e-15 
0.4475 4.68401e-15 
0.455 5.27571e-15 
0.4525 5.06846e-15 
0.46 5.72271e-15 
0.4575 5.49361e-15 
0.465 6.21672e-15 
0.4625 5.96354e-15 
0.47 6.7627e-15 
0.4675 6.48288e-15 
0.475 7.36629e-15 
0.4725 7.05691e-15 
0.48 8.03389e-15 
0.4775 7.69165e-15 
0.485 8.7728e-15 
0.4825 8.39393e-15 
0.49 9.59134e-15 
0.4875 9.17156e-15 
0.495 1.04989e-14 
0.4925 1.00334e-14 
0.5 1.15064e-14 
0.4975 1.09895e-14 
0.505 1.26258e-14 
0.5025 1.20513e-14 
0.51 1.38712e-14 
0.5075 1.32318e-14 
0.515 1.52584e-14 
0.5125 1.4546e-14 
0.52 1.68053e-14 
0.5175 1.60107e-14 
0.525 1.85325e-14 
0.5225 1.7645e-14 
0.53 2.04632e-14 
0.5275 1.94709e-14 
0.535 2.2624e-14 
0.5325 2.15131e-14 
0.54 2.50449e-14 
0.5375 2.37999e-14 
0.545 2.77601e-14 
0.5425 2.63634e-14 
0.55 3.08087e-14 
0.5475 2.92401e-14 
0.555 3.42347e-14 
0.5525 3.24715e-14 
0.56 3.80885e-14 
0.5575 3.61048e-14 
0.565 4.24271e-14 
0.5625 4.01934e-14 
0.57 4.73153e-14 
0.5675 4.47982e-14 
0.575 5.28267e-14 
0.5725 4.99881e-14 
0.58 5.90447e-14 
0.5775 5.58417e-14 
0.585 6.60642e-14 
0.5825 6.24479e-14 
0.59 7.39927e-14 
0.5875 6.99075e-14 
0.595 8.29522e-14 
0.5925 7.83353e-14 
0.6 9.30811e-14 
0.5975 8.78611e-14 
0.605 1.04537e-13 
0.6025 9.86325e-14 
0.61 1.17497e-13 
0.6075 1.10817e-13 
0.615 1.32164e-13 
0.6125 1.24604e-13 
0.62 1.48768e-13 
0.6175 1.40208e-13 
0.625 1.67567e-13 
0.6225 1.57875e-13 
0.63 1.88858e-13 
0.6275 1.77881e-13 
0.635 2.12975e-13 
0.6325 2.0054e-13 
0.64 2.40296e-13 
0.6375 2.26209e-13 
0.645 2.71253e-13 
0.6425 2.55291e-13 
0.65 3.06334e-13 
0.6475 2.88245e-13 
0.655 3.46091e-13 
0.6525 3.2559e-13 
0.66 3.91154e-13 
0.6575 3.67917e-13 
0.665 4.42233e-13 
0.6625 4.15893e-13 
0.67 5.00136e-13 
0.6675 4.70277e-13 
0.675 5.65779e-13 
0.6725 5.31928e-13 
0.68 6.40201e-13 
0.6775 6.01823e-13 
0.685 7.2458e-13 
0.6825 6.81067e-13 
0.69 8.20252e-13 
0.6875 7.70914e-13 
0.695 9.28731e-13 
0.6925 8.72788e-13 
0.7 1.05174e-12 
0.6975 9.88302e-13 
0.705 1.19122e-12 
0.7025 1.11929e-12 
0.71 1.34939e-12 
0.7075 1.26782e-12 
0.715 1.52875e-12 
0.7125 1.43625e-12 
0.72 1.73214e-12 
0.7175 1.62725e-12 
0.725 1.9628e-12 
0.7225 1.84385e-12 
0.73 2.22438e-12 
0.7275 2.08948e-12 
0.735 2.52103e-12 
0.7325 2.36804e-12 
0.74 2.85745e-12 
0.7375 2.68395e-12 
0.745 3.23898e-12 
0.7425 3.04221e-12 
0.75 3.67166e-12 
0.7475 3.44852e-12 
0.755 4.16238e-12 
0.7525 3.9093e-12 
0.76 4.71891e-12 
0.7575 4.43189e-12 
0.765 5.35007e-12 
0.7625 5.02456e-12 
0.77 6.06589e-12 
0.7675 5.69672e-12 
0.775 6.87773e-12 
0.7725 6.45904e-12 
0.78 7.79846e-12 
0.7775 7.32361e-12 
0.785 8.84269e-12 
0.7825 8.30415e-12 
0.79 1.0027e-11 
0.7875 9.41622e-12 
0.795 1.13702e-11 
0.7925 1.06775e-11 
0.8 1.28936e-11 
0.7975 1.21079e-11 
0.805 1.46213e-11 
0.8025 1.37303e-11 
0.81 1.65808e-11 
0.8075 1.55703e-11 
0.815 1.88033e-11 
0.8125 1.76571e-11 
0.82 2.13238e-11 
0.8175 2.00239e-11 
0.825 2.41826e-11 
0.8225 2.27082e-11 
0.83 2.74249e-11 
0.8275 2.57527e-11 
0.835 3.11022e-11 
0.8325 2.92057e-11 
0.84 3.52728e-11 
0.8375 3.31219e-11 
0.845 4.00031e-11 
0.8425 3.75635e-11 
0.85 4.5368e-11 
0.8475 4.26011e-11 
0.855 5.14527e-11 
0.8525 4.83146e-11 
0.86 5.83538e-11 
0.8575 5.47946e-11 
0.865 6.61809e-11 
0.8625 6.21442e-11 
0.87 7.50582e-11 
0.8675 7.04798e-11 
0.875 8.51266e-11 
0.8725 7.99339e-11 
0.88 9.65459e-11 
0.8775 9.06566e-11 
0.885 1.09498e-10 
0.8825 1.02818e-10 
0.89 1.24187e-10 
0.8875 1.16611e-10 
0.895 1.40847e-10 
0.8925 1.32255e-10 
0.9 1.59743e-10 
0.8975 1.49998e-10 
0.905 1.81175e-10 
0.9025 1.70122e-10 
0.91 2.05482e-10 
0.9075 1.92946e-10 
0.915 2.33051e-10 
0.9125 2.18833e-10 
0.92 2.6432e-10 
0.9175 2.48193e-10 
0.925 2.99784e-10 
0.9225 2.81494e-10 
0.93 3.40006e-10 
0.9275 3.19262e-10 
0.935 3.85627e-10 
0.9325 3.62099e-10 
0.94 4.37369e-10 
0.9375 4.10684e-10 
0.945 4.96054e-10 
0.9425 4.65788e-10 
0.95 5.62614e-10 
0.9475 5.28287e-10 
0.955 6.38106e-10 
0.9525 5.99172e-10 
0.96 7.23729e-10 
0.9575 6.7957e-10 
0.965 8.20841e-10 
0.9625 7.70757e-10 
0.97 9.30985e-10 
0.9675 8.7418e-10 
0.975 1.05591e-09 
0.9725 9.91482e-10 
0.98 1.1976e-09 
0.9775 1.12453e-09 
0.985 1.3583e-09 
0.9825 1.27542e-09 
0.99 1.54057e-09 
0.9875 1.44657e-09 
0.995 1.7473e-09 
0.9925 1.64068e-09 
1 1.98177e-09 
0.9975 1.86085e-09 
1.005 2.24771e-09 
1.0025 2.11056e-09 
1.01 2.54934e-09 
1.0075 2.39378e-09 
1.015 2.89144e-09 
1.0125 2.71501e-09 
1.02 3.27946e-09 
1.0175 3.07935e-09 
1.025 3.71955e-09 
1.0225 3.49258e-09 
1.03 4.2187e-09 
1.0275 3.96127e-09 
1.035 4.78484e-09 
1.0325 4.49286e-09 
1.04 5.42696e-09 
1.0375 5.0958e-09 
1.045 6.15526e-09 
1.0425 5.77965e-09 
1.05 6.9813e-09 
1.0475 6.55528e-09 
1.055 7.9182e-09 
1.0525 7.435e-09 
1.06 8.98084e-09 
1.0575 8.4328e-09 
1.065 1.01861e-08 
1.0625 9.5645e-09 
1.07 1.15531e-08 
1.0675 1.08481e-08 
1.075 1.31036e-08 
1.0725 1.2304e-08 
1.08 1.48622e-08 
1.0775 1.39552e-08 
1.085 1.68568e-08 
1.0825 1.58281e-08 
1.09 1.91192e-08 
1.0875 1.79524e-08 
1.095 2.16851e-08 
1.0925 2.03618e-08 
1.1 2.45955e-08 
1.0975 2.30945e-08 
1.105 2.78965e-08 
1.1025 2.61941e-08 
1.11 3.16406e-08 
1.1075 2.97097e-08 
1.115 3.58873e-08 
1.1125 3.36971e-08 
1.12 4.07039e-08 
1.1175 3.82198e-08 
1.125 4.61671e-08 
1.1225 4.33495e-08 
1.13 5.23636e-08 
1.1275 4.91678e-08 
1.135 5.93919e-08 
1.1325 5.57671e-08 
1.14 6.73636e-08 
1.1375 6.32523e-08 
1.145 7.64054e-08 
1.1425 7.17422e-08 
1.15 8.6661e-08 
1.1475 8.13718e-08 
1.155 9.82934e-08 
1.1525 9.22941e-08 
1.16 1.11487e-07 
1.1575 1.04683e-07 
1.165 1.26452e-07 
1.1625 1.18734e-07 
1.17 1.43427e-07 
1.1675 1.34672e-07 
1.175 1.6268e-07 
1.1725 1.5275e-07 
1.18 1.84518e-07 
1.1775 1.73255e-07 
1.185 2.09289e-07 
1.1825 1.96513e-07 
1.19 2.37385e-07 
1.1875 2.22894e-07 
1.195 2.69254e-07 
1.1925 2.52818e-07 
1.2 3.05402e-07 
1.1975 2.86759e-07 
1.205 3.46405e-07 
1.2025 3.25258e-07 
1.21 3.92914e-07 
1.2075 3.68927e-07 
1.215 4.4567e-07 
1.2125 4.18461e-07 
1.22 5.05511e-07 
1.2175 4.74648e-07 
1.225 5.7339e-07 
1.2225 5.38381e-07 
1.23 6.50388e-07 
1.2275 6.10676e-07 
1.235 7.3773e-07 
1.2325 6.92683e-07 
1.24 8.36807e-07 
1.2375 7.85707e-07 
1.245 9.49196e-07 
1.2425 8.91231e-07 
1.25 1.07669e-06 
1.2475 1.01093e-06 
1.255 1.22132e-06 
1.2525 1.14672e-06 
1.26 1.38539e-06 
1.2575 1.30077e-06 
1.265 1.57151e-06 
1.2625 1.47552e-06 
1.27 1.78267e-06 
1.2675 1.67376e-06 
1.275 2.02222e-06 
1.2725 1.89867e-06 
1.28 2.29399e-06 
1.2775 2.15382e-06 
1.285 2.60233e-06 
1.2825 2.4433e-06 
1.29 2.95217e-06 
1.2875 2.77173e-06 
1.295 3.34909e-06 
1.2925 3.14436e-06 
1.3 3.79946e-06 
1.2975 3.56717e-06 
1.305 4.31049e-06 
1.3025 4.04691e-06 
1.31 4.89038e-06 
1.3075 4.59128e-06 
1.315 5.54844e-06 
1.3125 5.20901e-06 
1.32 6.29523e-06 
1.3175 5.91003e-06 
1.325 7.14278e-06 
1.3225 6.7056e-06 
1.33 8.10473e-06 
1.3275 7.60853e-06 
1.335 9.19661e-06 
1.3325 8.63338e-06 
1.34 1.04361e-05 
1.3375 9.79669e-06 
1.345 1.18431e-05 
1.3425 1.11173e-05 
1.35 1.34406e-05 
1.3475 1.26165e-05 
1.355 1.52545e-05 
1.3525 1.43188e-05 
1.36 1.73144e-05 
1.3575 1.62517e-05 
1.365 1.96538e-05 
1.3625 1.84469e-05 
1.37 2.23111e-05 
1.3675 2.09401e-05 
1.375 2.53298e-05 
1.3725 2.37723e-05 
1.38 2.87598e-05 
1.3775 2.69901e-05 
1.385 3.26578e-05 
1.3825 3.06465e-05 
1.39 3.70883e-05 
1.3875 3.48021e-05 
1.395 4.21254e-05 
1.3925 3.9526e-05 
1.4 4.78532e-05 
1.3975 4.48972e-05 
1.405 5.43683e-05 
1.4025 5.10058e-05 
1.41 6.17808e-05 
1.4075 5.79549e-05 
1.415 7.0217e-05 
1.4125 6.58624e-05 
1.42 7.98214e-05 
1.4175 7.48633e-05 
1.425 9.07596e-05 
1.4225 8.51125e-05 
1.43 0.000103222 
1.4275 9.67873e-05 
1.435 0.000117426 
1.4325 0.000110091 
1.44 0.000133624 
1.4375 0.000125259 
1.445 0.000152103 
1.4425 0.000142559 
1.45 0.000173198 
1.4475 0.000162301 
1.455 0.00019729 
1.4525 0.000184843 
1.46 0.000224824 
1.4575 0.000210597 
1.465 0.000256311 
1.4625 0.000240038 
1.47 0.000292343 
1.4675 0.000273718 
1.475 0.000333607 
1.4725 0.000312274 
1.48 0.000380899 
1.4775 0.000356445 
1.485 0.000435141 
1.4825 0.000407088 
1.49 0.000497409 
1.4875 0.000465199 
1.495 0.000568952 
1.4925 0.000531936 
1.5 0.000651224 
1.4975 0.000608647 
1.505 0.00074592 
1.5025 0.000696903 
1.51 0.000855018 
1.5075 0.000798533 
1.515 0.000980823 
1.5125 0.000915674 
1.52 0.00112603 
1.5175 0.00105082 
1.525 0.00129377 
1.5225 0.00120687 
1.53 0.00148772 
1.5275 0.00138722 
1.535 0.00171215 
1.5325 0.00159583 
1.54 0.00197206 
1.5375 0.00183733 
1.545 0.00227324 
1.5425 0.00211709 
1.55 0.00262246 
1.5475 0.00244139 
1.555 0.00302757 
1.5525 0.00281749 
1.56 0.00349766 
1.5575 0.00325387 
1.565 0.00404326 
1.5625 0.00376031 
1.57 0.00467648 
1.5675 0.00434809 
1.575 0.00541127 
1.5725 0.00503024 
1.58 0.00626355 
1.5775 0.00582165 
1.585 0.00725148 
1.5825 0.00673934 
1.59 0.00839559 
1.5875 0.00780263 
1.595 0.00971904 
1.5925 0.00903336 
1.6 0.0112477 
1.5975 0.010456 
1.605 0.0130102 
1.6025 0.0120978 
1.61 0.0150381 
1.6075 0.0139889 
1.615 0.0173657 
1.6125 0.0161622 
1.62 0.0200301 
1.6175 0.0186534 
1.625 0.0230706 
1.6225 0.0215008 
1.63 0.0265289 
1.6275 0.0247449 
1.635 0.0304479 
1.6325 0.028428 
1.64 0.0348719 
1.6375 0.032594 
1.645 0.0398456 
1.6425 0.0372872 
1.65 0.0454138 
1.6475 0.0425526 
1.655 0.0516204 
1.6525 0.0484346 
1.66 0.0585082 
1.6575 0.0549765 
1.665 0.0661186 
1.6625 0.0622206 
1.67 0.0744908 
1.6675 0.0702071 
1.675 0.0836617 
1.6725 0.0789742 
1.68 0.0936658 
1.6775 0.0885575 
1.685 0.104534 
1.6825 0.0989902 
1.69 0.116296 
1.6875 0.110302 
1.695 0.128975 
1.6925 0.12252 
1.7 0.142593 
1.6975 0.135666 
1.705 0.157163 
1.7025 0.149758 
1.71 0.172697 
1.7075 0.16481 
1.715 0.189198 
1.7125 0.180827 
1.72 0.20666 
1.7175 0.197809 
1.725 0.225072 
1.7225 0.215749 
1.73 0.244409 
1.7275 0.234626 
1.735 0.26464 
1.7325 0.254416 
1.74 0.285721 
1.7375 0.275078 
1.745 0.307597 
1.7425 0.296564 
1.75 0.330201 
1.7475 0.318813 
1.755 0.353456 
1.7525 0.341753 
1.76 0.377274 
1.7575 0.365301 
1.765 0.401558 
1.7625 0.389365 
1.77 0.426203 
1.7675 0.413842 
1.775 0.451097 
1.7725 0.438626 
1.78 0.476123 
1.7775 0.463601 
1.785 0.501165 
1.7825 0.48865 
1.79 0.526103 
1.7875 0.513654 
1.795 0.550823 
1.7925 0.538497 
1.8 0.575211 
1.7975 0.563065 
1.805 0.599164 
1.8025 0.587249 
1.81 0.622584 
1.8075 0.610947 
1.815 0.645384 
1.8125 0.634067 
1.82 0.667485 
1.8175 0.656526 
1.825 0.688823 
1.8225 0.678253 
1.83 0.709343 
1.8275 0.699188 
1.835 0.729001 
1.8325 0.719282 
1.84 0.747767 
1.8375 0.738497 
1.845 0.76562 
1.8425 0.756808 
1.85 0.782548 
1.8475 0.7742 
1.855 0.798551 
1.8525 0.790665 
1.86 0.813636 
1.8575 0.806208 
1.865 0.827816 
1.8625 0.820838 
1.87 0.841112 
1.8675 0.834573 
1.875 0.85355 
1.8725 0.847437 
1.88 0.865158 
1.8775 0.859455 
1.885 0.875969 
1.8825 0.870661 
1.89 0.88602 
1.8875 0.881088 
1.895 0.895346 
1.8925 0.890771 
1.9 0.903985 
1.8975 0.899749 
1.905 0.911977 
1.9025 0.90806 
1.91 0.919358 
1.9075 0.915741 
1.915 0.926166 
1.9125 0.922831 
1.92 0.932439 
1.9175 0.929367 
1.925 0.938212 
1.9225 0.935386 
1.93 0.94352 
1.9275 0.940922 
1.935 0.948394 
1.9325 0.946009 
1.94 0.952868 
1.9375 0.950679 
1.945 0.95697 
1.9425 0.954964 
1.95 0.960729 
1.9475 0.958891 
1.955 0.964171 
1.9525 0.962488 
1.96 0.967321 
1.9575 0.965781 
1.965 0.970202 
1.9625 0.968793 
1.97 0.972835 
1.9675 0.971548 
1.975 0.975242 
1.9725 0.974066 
1.98 0.977439 
1.9775 0.976365 
1.985 0.979446 
1.9825 0.978466 
1.99 0.981277 
1.9875 0.980383 
1.995 0.982948 
1.9925 0.982132 
2 0.984472 
1.9975 0.983728 
2.005 0.985862 
2.0025 0.985183 
2.01 0.987128 
2.0075 0.98651 
2.015 0.988283 
2.0125 0.987719 
2.02 0.989335 
2.0175 0.988821 
2.025 0.990293 
2.0225 0.989825 
2.03 0.991166 
2.0275 0.99074 
2.035 0.991961 
2.0325 0.991573 
2.04 0.992685 
2.0375 0.992332 
2.045 0.993345 
2.0425 0.993023 
2.05 0.993945 
2.0475 0.993652 
2.055 0.994491 
2.0525 0.994224 
2.06 0.994988 
2.0575 0.994746 
2.065 0.995441 
2.0625 0.99522 
2.07 0.995853 
2.0675 0.995652 
2.075 0.996228 
2.0725 0.996045 
2.08 0.996569 
2.0775 0.996402 
2.085 0.996879 
2.0825 0.996728 
2.09 0.997161 
2.0875 0.997023 
2.095 0.997418 
2.0925 0.997293 
2.1 0.997652 
2.0975 0.997538 
2.105 0.997864 
2.1025 0.99776 
2.11 0.998058 
2.1075 0.997963 
2.115 0.998233 
2.1125 0.998148 
2.12 0.998393 
2.1175 0.998315 
2.125 0.998539 
2.1225 0.998468 
2.13 0.998671 
2.1275 0.998606 
2.135 0.998791 
2.1325 0.998733 
2.14 0.998901 
2.1375 0.998847 
2.145 0.999 
2.1425 0.998952 
2.15 0.999091 
2.1475 0.999047 
2.155 0.999173 
2.1525 0.999133 
2.16 0.999248 
2.1575 0.999211 
2.165 0.999316 
2.1625 0.999283 
2.17 0.999378 
2.1675 0.999347 
2.175 0.999434 
2.1725 0.999406 
2.18 0.999485 
2.1775 0.99946 
2.185 0.999531 
2.1825 0.999509 
2.19 0.999574 
2.1875 0.999553 
2.195 0.999612 
2.1925 0.999593 
2.2 0.999647 
2.1975 0.99963 
2.205 0.999678 
2.2025 0.999663 
2.21 0.999707 
2.2075 0.999693 
2.215 0.999733 
2.2125 0.999721 
2.22 0.999757 
2.2175 0.999745 
2.225 0.999778 
2.2225 0.999768 
2.23 0.999798 
2.2275 0.999788 
2.235 0.999816 
2.2325 0.999807 
2.24 0.999832 
2.2375 0.999824 
2.245 0.999846 
2.2425 0.999839 
2.25 0.999859 
2.2475 0.999853 
2.255 0.999871 
2.2525 0.999865 
2.26 0.999882 
2.2575 0.999876 
2.265 0.999891 
2.2625 0.999886 
2.27 0.9999 
2.2675 0.999896 
2.275 0.999907 
2.2725 0.999904 
2.28 0.999914 
2.2775 0.999911 
2.285 0.99992 
2.2825 0.999917 
2.29 0.999926 
2.2875 0.999923 
2.295 0.99993 
2.2925 0.999928 
2.3 0.999934 
2.2975 0.999932 
2.305 0.999938 
2.3025 0.999936 
2.31 0.999941 
2.3075 0.999939 
2.315 0.999943 
2.3125 0.999942 
2.32 0.999945 
2.3175 0.999944 
2.325 0.999947 
2.3225 0.999946 
2.33 0.999947 
2.3275 0.999947 
2.335 0.999948 
2.3325 0.999948 
2.34 0.999948 
2.3375 0.999948 
2.345 0.999947 
2.3425 0.999948 
2.35 0.999947 
2.3475 0.999947 
2.355 0.999945 
2.3525 0.999946 
2.36 0.999943 
2.3575 0.999944 
2.365 0.999941 
2.3625 0.999942 
2.37 0.999938 
2.3675 0.99994 
2.375 0.999935 
2.3725 0.999936 
2.38 0.999931 
2.3775 0.999933 
2.385 0.999926 
2.3825 0.999928 
2.39 0.999921 
2.3875 0.999923 
2.395 0.999915 
2.3925 0.999918 
2.4 0.999908 
2.3975 0.999912 
2.405 0.999901 
2.4025 0.999905 
2.41 0.999892 
2.4075 0.999897 
2.415 0.999883 
2.4125 0.999888 
2.42 0.999873 
2.4175 0.999878 
2.425 0.999862 
2.4225 0.999867 
2.43 0.999849 
2.4275 0.999855 
2.435 0.999835 
2.4325 0.999842 
2.44 0.99982 
2.4375 0.999828 
2.445 0.999803 
2.4425 0.999812 
2.45 0.999785 
2.4475 0.999794 
2.455 0.999764 
2.4525 0.999775 
2.46 0.999742 
2.4575 0.999753 
2.465 0.999717 
2.4625 0.99973 
2.47 0.99969 
2.4675 0.999704 
2.475 0.99966 
2.4725 0.999676 
2.48 0.999628 
2.4775 0.999644 
2.485 0.999592 
2.4825 0.99961 
2.49 0.999553 
2.4875 0.999573 
2.495 0.999509 
2.4925 0.999531 
2.5 0.999462 
2.4975 0.999486 
2.505 0.99941 
2.5025 0.999436 
2.51 0.999353 
2.5075 0.999382 
2.515 0.99929 
2.5125 0.999322 
2.52 0.999221 
2.5175 0.999256 
2.525 0.999146 
2.5225 0.999184 
2.53 0.999063 
2.5275 0.999105 
2.535 0.998972 
2.5325 0.999018 
2.54 0.998872 
2.5375 0.998923 
2.545 0.998763 
2.5425 0.998819 
2.55 0.998643 
2.5475 0.998704 
2.555 0.998511 
2.5525 0.998578 
2.56 0.998366 
2.5575 0.99844 
2.565 0.998208 
2.5625 0.998289 
2.57 0.998034 
2.5675 0.998123 
2.575 0.997843 
2.5725 0.997941 
2.58 0.997634 
2.5775 0.997741 
2.585 0.997405 
2.5825 0.997522 
2.59 0.997153 
2.5875 0.997282 
2.595 0.996877 
2.5925 0.997018 
2.6 0.996574 
2.5975 0.996729 
2.605 0.996242 
2.6025 0.996412 
2.61 0.995878 
2.6075 0.996065 
2.615 0.995479 
2.6125 0.995683 
2.62 0.995042 
2.6175 0.995266 
2.625 0.994562 
2.6225 0.994807 
2.63 0.994036 
2.6275 0.994305 
2.635 0.993459 
2.6325 0.993754 
2.64 0.992827 
2.6375 0.99315 
2.645 0.992135 
2.6425 0.992489 
2.65 0.991376 
2.6475 0.991764 
2.655 0.990544 
2.6525 0.990969 
2.66 0.989633 
2.6575 0.990099 
2.665 0.988634 
2.6625 0.989145 
2.67 0.987541 
2.6675 0.9881 
2.675 0.986344 
2.6725 0.986956 
2.68 0.985034 
2.6775 0.985704 
2.685 0.983599 
2.6825 0.984333 
2.69 0.98203 
2.6875 0.982832 
2.695 0.980313 
2.6925 0.98119 
2.7 0.978435 
2.6975 0.979395 
2.705 0.976381 
2.7025 0.977431 
2.71 0.974137 
2.7075 0.975284 
2.715 0.971686 
2.7125 0.972938 
2.72 0.969008 
2.7175 0.970376 
2.725 0.966086 
2.7225 0.967579 
2.73 0.962898 
2.7275 0.964526 
2.735 0.959421 
2.7325 0.961197 
2.74 0.955633 
2.7375 0.957568 
2.745 0.951508 
2.7425 0.953614 
2.75 0.947019 
2.7475 0.949311 
2.755 0.942138 
2.7525 0.944629 
2.76 0.936836 
2.7575 0.939541 
2.765 0.931081 
2.7625 0.934017 
2.77 0.924842 
2.7675 0.928024 
2.775 0.918085 
2.7725 0.92153 
2.78 0.910776 
2.7775 0.914501 
2.785 0.902881 
2.7825 0.906904 
2.79 0.894364 
2.7875 0.898702 
2.795 0.885192 
2.7925 0.889862 
2.8 0.87533 
2.7975 0.880349 
2.805 0.864745 
2.8025 0.87013 
2.81 0.853407 
2.8075 0.859172 
2.815 0.841287 
2.8125 0.847446 
2.82 0.82836 
2.8175 0.834926 
2.825 0.814605 
2.8225 0.821587 
2.83 0.800006 
2.8275 0.807412 
2.835 0.784553 
2.8325 0.792386 
2.84 0.768243 
2.8375 0.776505 
2.845 0.75108 
2.8425 0.759767 
2.85 0.733076 
2.8475 0.742182 
2.855 0.714255 
2.8525 0.723766 
2.86 0.694645 
2.8575 0.704546 
2.865 0.67429 
2.8625 0.684558 
2.87 0.65324 
2.8675 0.663848 
2.875 0.631555 
2.8725 0.642473 
2.88 0.609308 
2.8775 0.620497 
2.885 0.586575 
2.8825 0.597997 
2.89 0.563446 
2.8875 0.575055 
2.895 0.540013 
2.8925 0.551761 
2.9 0.516374 
2.8975 0.528213 
2.905 0.492633 
2.9025 0.50451 
2.91 0.468894 
2.9075 0.480757 
2.915 0.445259 
2.9125 0.457057 
2.92 0.421831 
2.9175 0.433513 
2.925 0.398709 
2.9225 0.410226 
2.93 0.375986 
2.9275 0.387292 
2.935 0.353748 
2.9325 0.364801 
2.94 0.332074 
2.9375 0.342836 
2.945 0.311035 
2.9425 0.321471 
2.95 0.290689 
2.9475 0.300772 
2.955 0.27109 
2.9525 0.280794 
2.96 0.252277 
2.9575 0.261583 
2.965 0.234281 
2.9625 0.243175 
2.97 0.217125 
2.9675 0.225597 
2.975 0.200822 
2.9725 0.208866 
2.98 0.185375 
2.9775 0.192991 
2.985 0.170782 
2.9825 0.177972 
2.99 0.157034 
2.9875 0.163803 
2.995 0.144115 
2.9925 0.150472 
3 0.132005 
2.9975 0.13796 
3.005 0.120681 
3.0025 0.126247 
3.01 0.110115 
3.0075 0.115305 
3.015 0.100277 
3.0125 0.105107 
3.02 0.0911366 
3.0175 0.0956219 
3.025 0.0826601 
3.0225 0.0868174 
3.03 0.0748149 
3.0275 0.0786607 
3.035 0.0675676 
3.0325 0.0711186 
3.04 0.0608855 
3.0375 0.064158 
3.045 0.0547363 
3.0425 0.0577463 
3.05 0.0490885 
3.0475 0.0518516 
3.055 0.0439119 
3.0525 0.0464431 
3.06 0.0391773 
3.0575 0.0414911 
3.065 0.034857 
3.0625 0.0369671 
3.07 0.0309243 
3.0675 0.0328438 
3.075 0.0273538 
3.0725 0.0290953 
3.08 0.0241216 
3.0775 0.0256969 
3.085 0.0212045 
3.0825 0.022625 
3.09 0.0185805 
3.0875 0.0198572 
3.095 0.0162284 
3.0925 0.0173717 
3.1 0.014128 
3.0975 0.015148 
3.105 0.0122596 
3.1025 0.013166 
3.11 0.0106043 
3.1075 0.0114065 
3.115 0.00914374 
3.1125 0.00985077 
3.12 0.00786045 
3.1175 0.00848101 
3.125 0.00673752 
3.1225 0.00727996 
3.13 0.00575891 
3.1275 0.00623114 
3.135 0.00490943 
3.1325 0.00531894 
3.14 0.00417482 
3.1375 0.00452861 
3.145 0.00354183 
3.1425 0.00384641 
3.15 0.00299824 
3.1475 0.00325958 
3.155 0.00253291 
3.1525 0.00275645 
3.16 0.00213574 
3.1575 0.0023264 
3.165 0.00179766 
3.1625 0.00195984 
3.17 0.0015106 
3.1675 0.00164822 
3.175 0.00126742 
3.1725 0.00138394 
3.18 0.00106184 
3.1775 0.00116029 
3.185 0.000888398 
3.1825 0.000971418 
3.19 0.000742322 
3.1875 0.00081221 
3.195 0.0006195 
3.1925 0.000678238 
3.2 0.000516391 
3.1975 0.000565683 
3.205 0.000429956 
3.2025 0.000471261 
3.21 0.000357595 
3.2075 0.000392162 
3.215 0.000297095 
3.2125 0.000325987 
3.22 0.000246574 
3.2175 0.000270693 
3.225 0.000204435 
3.2225 0.000224547 
3.23 0.000169327 
3.2275 0.000186078 
3.235 0.000140108 
3.2325 0.000154045 
3.24 0.000115817 
3.2375 0.000127401 
3.245 9.56438e-05 
3.2425 0.000105261 
3.25 7.89071e-05 
3.2475 8.68839e-05 
3.255 6.50357e-05 
3.2525 7.16451e-05 
3.26 5.35505e-05 
3.2575 5.90215e-05 
3.265 4.40506e-05 
3.2625 4.85747e-05 
3.27 3.62005e-05 
3.2675 3.9938e-05 
3.275 2.97202e-05 
3.2725 3.28047e-05 
3.28 2.43759e-05 
3.2775 2.6919e-05 
3.285 1.99728e-05 
3.2825 2.20675e-05 
3.29 1.63488e-05 
3.2875 1.80724e-05 
3.295 1.3369e-05 
3.2925 1.47858e-05 
3.3 1.09213e-05 
3.2975 1.20848e-05 
3.305 8.91276e-06 
3.3025 9.86729e-06 
3.31 7.26621e-06 
3.3075 8.0485e-06 
3.315 5.91779e-06 
3.3125 6.55827e-06 
3.32 4.81465e-06 
3.3175 5.33848e-06 
3.325 3.9131e-06 
3.3225 4.34109e-06 
3.33 3.17706e-06 
3.3275 3.52638e-06 
3.335 2.57677e-06 
3.3325 2.86159e-06 
3.34 2.08771e-06 
3.3375 2.31969e-06 
3.345 1.68968e-06 
3.3425 1.87843e-06 
3.35 1.36609e-06 
3.3475 1.5195e-06 
3.355 1.10329e-06 
3.3525 1.22784e-06 
3.36 8.90088e-07 
3.3575 9.91103e-07 
3.365 7.17313e-07 
3.3625 7.99151e-07 
3.37 5.77449e-07 
3.3675 6.4368e-07 
3.375 4.64351e-07 
3.3725 5.17892e-07 
3.38 3.72997e-07 
3.3775 4.16231e-07 
3.385 2.99286e-07 
3.3825 3.34161e-07 
3.39 2.39878e-07 
3.3875 2.67977e-07 
3.395 1.9205e-07 
3.3925 2.14665e-07 
3.4 1.53587e-07 
3.3975 1.71769e-07 
3.405 1.22691e-07 
3.4025 1.37291e-07 
3.41 9.79002e-08 
3.4075 1.09612e-07 
3.415 7.80312e-08 
3.4125 8.7415e-08 
3.42 6.21247e-08 
3.4175 6.96349e-08 
3.425 4.94049e-08 
3.4225 5.54087e-08 
3.43 3.9245e-08 
3.4275 4.40391e-08 
3.435 3.11391e-08 
3.4325 3.49628e-08 
3.44 2.46793e-08 
3.4375 2.77256e-08 
3.445 1.95373e-08 
3.4425 2.19614e-08 
3.45 1.54489e-08 
3.4475 1.73757e-08 
3.455 1.22021e-08 
3.4525 1.37318e-08 
3.46 9.62661e-09 
3.4575 1.08397e-08 
3.465 7.58597e-09 
3.4625 8.54681e-09 
3.47 5.97101e-09 
3.4675 6.73119e-09 
3.475 4.69443e-09 
3.4725 5.29514e-09 
3.48 3.6865e-09 
3.4775 4.16064e-09 
3.485 2.89163e-09 
3.4825 3.26543e-09 
3.49 2.26551e-09 
3.4875 2.55986e-09 
3.495 1.7729e-09 
3.4925 2.00441e-09 
3.5 1.38578e-09 
3.4975 1.56766e-09 
3.505 1.08193e-09 
3.5025 1.22465e-09 
3.51 8.4372e-10 
3.5075 9.55569e-10 
3.515 6.57185e-10 
3.5125 7.44742e-10 
3.52 5.11292e-10 
3.5175 5.79751e-10 
3.525 3.9732e-10 
3.5225 4.50783e-10 
3.53 3.08392e-10 
3.5275 3.50094e-10 
3.535 2.39087e-10 
3.5325 2.71576e-10 
3.54 1.85139e-10 
3.5375 2.10421e-10 
3.545 1.43195e-10 
3.5425 1.62845e-10 
3.55 1.10624e-10 
3.5475 1.25878e-10 
3.555 8.53603e-11 
3.5525 9.71885e-11 
3.56 6.57888e-11 
3.5575 7.49492e-11 
3.565 5.0645e-11 
3.5625 5.77308e-11 
3.57 3.89411e-11 
3.5675 4.44156e-11 
3.575 2.99066e-11 
3.5725 3.41312e-11 
3.58 2.29411e-11 
3.5775 2.61972e-11 
3.585 1.75772e-11 
3.5825 2.00837e-11 
3.59 1.34515e-11 
3.5875 1.53788e-11 
3.595 1.0282e-11 
3.5925 1.17622e-11 
3.6 7.85006e-12 
3.5975 8.98542e-12 
3.605 5.98625e-12 
3.6025 6.8561e-12 
3.61 4.55957e-12 
3.6075 5.2252e-12 
3.615 3.46881e-12 
3.6125 3.97754e-12 
3.62 2.63586e-12 
3.6175 3.02423e-12 
3.625 2.00057e-12 
3.6225 2.29668e-12 
3.63 1.5166e-12 
3.6275 1.74211e-12 
3.635 1.14835e-12 
3.6325 1.31988e-12 
3.64 8.68494e-13 
3.6375 9.98811e-13 
3.645 6.56064e-13 
3.6425 7.54952e-13 
3.65 4.95009e-13 
3.6475 5.69957e-13 
3.655 3.73051e-13 
3.6525 4.29787e-13 
3.66 2.8081e-13 
3.6575 3.23708e-13 
3.665 2.11127e-13 
3.6625 2.43523e-13 
3.67 1.58549e-13 
3.6675 1.82985e-13 
3.675 1.18925e-13 
3.6725 1.37335e-13 
3.68 8.9099e-14 
3.6775 1.02952e-13 
3.685 6.66747e-14 
3.6825 7.70867e-14 
3.69 4.98356e-14 
3.6875 5.76518e-14 
3.695 3.72056e-14 
3.6925 4.30662e-14 
3.7 2.7744e-14 
3.6975 3.2133e-14 
3.705 2.06643e-14 
3.7025 2.39473e-14 
3.71 1.53731e-14 
3.7075 1.7826e-14 
3.715 1.14235e-14 
3.7125 1.32538e-14 
3.72 8.47863e-15 
3.7175 9.84291e-15 
3.725 6.2856e-15 
3.7225 7.30126e-15 
3.73 4.65439e-15 
3.7275 5.40961e-15 
3.735 3.44249e-15 
3.7325 4.0034e-15 
3.74 2.54318e-15 
3.7375 2.95928e-15 
3.745 1.87663e-15 
3.7425 2.18494e-15 
3.75 1.38317e-15 
3.7475 1.61134e-15 
3.755 1.01829e-15 
3.7525 1.18696e-15 
3.76 7.488e-16 
3.7575 8.73333e-16 
3.765 5.49996e-16 
3.7625 6.41835e-16 
3.77 4.03509e-16 
3.7675 4.71158e-16 
3.775 2.95699e-16 
3.7725 3.45471e-16 
3.78 2.16445e-16 
3.7775 2.53022e-16 
3.785 1.58252e-16 
3.7825 1.85101e-16 
3.79 1.15573e-16 
3.7875 1.35258e-16 
3.795 8.43088e-17 
3.7925 9.87245e-17 
3.8 6.14323e-17 
3.7975 7.19771e-17 
3.805 4.47127e-17 
3.8025 5.24171e-17 
3.81 3.25071e-17 
3.8075 3.81297e-17 
3.815 2.3607e-17 
3.8125 2.77056e-17 
3.82 1.71246e-17 
3.8175 2.01089e-17 
3.825 1.24085e-17 
3.8225 1.4579e-17 
3.83 8.98133e-18 
3.8275 1.05581e-17 
3.835 6.49366e-18 
3.8325 7.63786e-18 
3.84 4.68995e-18 
3.8375 5.51931e-18 
3.845 3.38362e-18 
3.8425 3.9841e-18 
3.85 2.43857e-18 
3.8475 2.87285e-18 
3.855 1.75563e-18 
3.8525 2.06937e-18 
3.86 1.26264e-18 
3.8575 1.48905e-18 
3.865 9.0716e-19 
3.8625 1.07037e-18 
3.87 6.51108e-19 
3.8675 7.68634e-19 
3.875 4.66869e-19 
3.8725 5.5141e-19 
3.88 3.34442e-19 
3.8775 3.95191e-19 
3.885 2.39353e-19 
3.8825 2.82961e-19 
3.89 1.71145e-19 
3.8875 2.02417e-19 
3.895 1.22267e-19 
3.8925 1.4467e-19 
3.9 8.72747e-20 
3.8975 1.03309e-19 
3.905 6.22476e-20 
3.9025 7.37131e-20 
3.91 4.43639e-20 
3.9075 5.25548e-20 
3.915 3.15962e-20 
3.9125 3.74426e-20 
3.92 2.24886e-20 
3.9175 2.6658e-20 
3.925 1.59971e-20 
3.9225 1.89683e-20 
3.93 1.13738e-20 
3.9275 1.34895e-20 
3.935 8.08342e-21 
3.9325 9.58887e-21 
3.94 5.74315e-21 
3.9375 6.81371e-21 
3.945 4.07961e-21 
3.9425 4.84048e-21 
3.95 2.8977e-21 
3.9475 3.43822e-21 
3.955 2.05834e-21 
3.9525 2.44216e-21 
3.96 1.46242e-21 
3.9575 1.7349e-21 
3.965 1.03944e-21 
3.9625 1.23284e-21 
3.97 7.39223e-22 
3.9675 8.76491e-22 
3.975 5.26129e-22 
3.9725 6.23565e-22 
3.98 3.74842e-22 
3.9775 4.44023e-22 
3.985 2.67393e-22 
3.9825 3.16534e-22 
3.99 1.91034e-22 
3.9875 2.25963e-22 
3.995 1.36727e-22 
3.9925 1.61575e-22 
4 9.80623e-23 
3.9975 1.15759e-22 
4.005 7.05001e-23 
4.0025 8.31199e-23 
4.01 5.08217e-23 
4.0075 5.98359e-23 
4.015 3.67462e-23 
4.0125 4.31973e-23 
4.02 2.66568e-23 
4.0175 3.12839e-23 
4.025 1.94071e-23 
4.0225 2.27342e-23 
4.03 1.41834e-23 
4.0275 1.65826e-23 
4.035 1.0408e-23 
4.0325 1.21435e-23 
4.04 7.67008e-24 
4.0375 8.92988e-24 
4.045 5.67727e-24 
4.0425 6.59517e-24 
4.05 4.22109e-24 
4.0475 4.89255e-24 
4.055 3.1526e-24 
4.0525 3.64585e-24 
4.06 2.36517e-24 
4.0575 2.72911e-24 
4.065 1.78226e-24 
4.0625 2.05201e-24 
4.07 1.34878e-24 
4.0675 1.54962e-24 
4.075 1.02493e-24 
4.0725 1.17516e-24 
4.08 7.81875e-25 
4.0775 8.94764e-25 
4.085 5.98641e-25 
4.0825 6.83848e-25 
4.09 4.59902e-25 
4.0875 5.24491e-25 
4.095 3.54414e-25 
4.0925 4.03577e-25 
4.1 2.73891e-25 
4.0975 3.11457e-25 
4.105 2.12198e-25 
4.1025 2.41007e-25 
4.11 1.6477e-25 
4.1075 1.86937e-25 
4.115 1.28194e-25 
4.1125 1.45302e-25 
4.12 9.99072e-26 
4.1175 1.13148e-25 
4.125 7.79758e-26 
4.1225 8.82479e-26 
4.13 6.09336e-26 
4.1275 6.89202e-26 
4.135 4.76647e-26 
4.1325 5.3886e-26 
4.14 3.7316e-26 
4.1375 4.21702e-26 
4.145 2.92332e-26 
4.1425 3.30259e-26 
4.15 2.29125e-26 
4.1475 2.58792e-26 
4.155 1.79647e-26 
4.1525 2.02876e-26 
4.16 1.40885e-26 
4.1575 1.59086e-26 
4.165 1.10498e-26 
4.1625 1.24769e-26 
4.17 8.66664e-27 
4.1675 9.78599e-27 
4.175 6.79688e-27 
4.1725 7.67514e-27 
4.18 5.32964e-27 
4.1775 6.01886e-27 
4.185 4.17815e-27 
4.1825 4.71905e-27 
4.19 3.27447e-27 
4.1875 3.69896e-27 
4.195 2.56534e-27 
4.1925 2.89843e-27 
4.2 2.00897e-27 
4.1975 2.27029e-27 
4.205 1.57256e-27 
4.2025 1.77752e-27 
4.21 1.23035e-27 
4.2075 1.39106e-27 
4.215 9.6211e-28 
4.2125 1.08807e-27 
4.22 7.51933e-28 
4.2175 8.50613e-28 
4.225 5.87327e-28 
4.2225 6.64601e-28 
4.23 4.58477e-28 
4.2275 5.18957e-28 
4.235 3.57668e-28 
4.2325 4.04979e-28 
4.24 2.78842e-28 
4.2375 3.15831e-28 
4.245 2.17243e-28 
4.2425 2.46143e-28 
4.25 1.69135e-28 
4.2475 1.91702e-28 
4.255 1.31587e-28 
4.2525 1.49198e-28 
4.26 1.02302e-28 
4.2575 1.16035e-28 
4.265 7.94753e-29 
4.2625 9.01772e-29 
4.27 6.1696e-29 
4.2675 7.003e-29 
4.275 4.78577e-29 
4.2725 5.43432e-29 
4.28 3.70947e-29 
4.2775 4.21379e-29 
4.285 2.87299e-29 
4.2825 3.26486e-29 
4.29 2.22337e-29 
4.2875 2.52764e-29 
4.295 1.71926e-29 
4.2925 1.95533e-29 
4.3 1.32837e-29 
4.2975 1.51138e-29 
4.305 1.02552e-29 
4.3025 1.16728e-29 
4.31 7.91058e-30 
4.3075 9.00783e-30 
4.315 6.09693e-30 
4.3125 6.94551e-30 
4.32 4.69514e-30 
4.3175 5.35087e-30 
4.325 3.61258e-30 
4.3225 4.11887e-30 
4.33 2.77725e-30 
4.3275 3.16783e-30 
4.335 2.13323e-30 
4.3325 2.43429e-30 
4.34 1.63714e-30 
4.3375 1.86899e-30 
4.345 1.25531e-30 
4.3425 1.43372e-30 
4.35 9.61691e-31 
4.3475 1.09885e-30 
4.355 7.36097e-31 
4.3525 8.41458e-31 
4.36 5.62921e-31 
4.3575 6.43781e-31 
4.365 4.301e-31 
4.3625 4.92103e-31 
4.37 3.28323e-31 
4.3675 3.75823e-31 
4.375 2.50402e-31 
4.3725 2.86759e-31 
4.38 1.908e-31 
4.3775 2.18603e-31 
4.385 1.45252e-31 
4.3825 1.66494e-31 
4.39 1.10475e-31 
4.3875 1.2669e-31 
4.395 8.39469e-32 
4.3925 9.63127e-32 
4.4 6.37296e-32 
4.3975 7.31514e-32 
4.405 4.83362e-32 
4.4025 5.55081e-32 
4.41 3.66265e-32 
4.4075 4.20808e-32 
4.415 2.77275e-32 
4.4125 3.18715e-32 
4.42 2.09707e-32 
4.4175 2.41164e-32 
4.425 1.58455e-32 
4.4225 1.8231e-32 
4.43 1.19614e-32 
4.4275 1.37687e-32 
4.435 9.02078e-33 
4.4325 1.03888e-32 
4.44 6.79655e-33 
4.4375 7.831e-33 
4.445 5.11582e-33 
4.4425 5.8973e-33 
4.45 3.847e-33 
4.4475 4.4368e-33 
4.455 2.89007e-33 
4.4525 3.33477e-33 
4.46 2.16906e-33 
4.4575 2.50404e-33 
4.465 1.62634e-33 
4.4625 1.87842e-33 
4.47 1.21822e-33 
4.4675 1.40774e-33 
4.475 9.11627e-34 
4.4725 1.05396e-33 
4.48 6.81522e-34 
4.4775 7.88316e-34 
4.485 5.08996e-34 
4.4825 5.89046e-34 
4.49 3.79769e-34 
4.4875 4.39713e-34 
4.495 2.83071e-34 
4.4925 3.27914e-34 
4.5 2.10785e-34 
4.4975 2.44298e-34 
4.505 1.56802e-34 
4.5025 1.81823e-34 
4.51 1.16528e-34 
4.5075 1.3519e-34 
4.515 8.65122e-35 
4.5125 1.00417e-34 
4.52 6.41635e-35 
4.5175 7.45136e-35 
4.525 4.75405e-35 
4.5225 5.52368e-35 
4.53 3.51887e-35 
4.5275 4.09059e-35 
4.535 2.60199e-35 
4.5325 3.02627e-35 
4.54 1.92207e-35 
4.5375 2.23661e-35 
4.545 1.41839e-35 
4.5425 1.65134e-35 
4.55 1.04564e-35 
4.5475 1.21799e-35 
4.555 7.70071e-36 
4.5525 8.9745e-36 
4.56 5.66549e-36 
4.5575 6.60598e-36 
4.565 4.16393e-36 
4.5625 4.85762e-36 
4.57 3.05723e-36 
4.5675 3.56836e-36 
4.575 2.24238e-36 
4.5725 2.61862e-36 
4.58 1.64305e-36 
4.5775 1.9197e-36 
4.585 1.20267e-36 
4.5825 1.40589e-36 
4.59 8.79425e-37 
4.5875 1.02855e-36 
4.595 6.42403e-37 
4.5925 7.51721e-37 
4.6 4.68783e-37 
4.5975 5.48836e-37 
4.605 3.41736e-37 
4.6025 4.00299e-37 
4.61 2.48865e-37 
4.6075 2.91663e-37 
4.615 1.81047e-37 
4.6125 2.12291e-37 
4.62 1.31575e-37 
4.6175 1.54361e-37 
4.625 9.55234e-38 
4.6225 1.12123e-37 
4.63 6.92785e-38 
4.6275 8.13593e-38 
4.635 5.01926e-38 
4.6325 5.89756e-38 
4.64 3.63273e-38 
4.6375 4.27061e-38 
4.645 2.62651e-38 
4.6425 3.0893e-38 
4.65 1.89705e-38 
4.6475 2.23245e-38 
4.655 1.36876e-38 
4.6525 1.6116e-38 
4.66 9.86574e-39 
4.6575 1.1622e-38 
4.665 7.10367e-39 
4.6625 8.37259e-39 
4.67 5.1096e-39 
4.6675 6.02543e-39 
4.675 3.67149e-39 
4.6725 4.33179e-39 
4.68 2.63541e-39 
4.6775 3.11099e-39 
4.685 1.88975e-39 
4.6825 2.23192e-39 
4.69 1.35366e-39 
4.6875 1.5996e-39 
4.695 9.68652e-40 
4.6925 1.14523e-39 
4.7 6.92429e-40 
4.6975 8.19077e-40 
4.705 4.94461e-40 
4.7025 5.85204e-40 
4.71 3.52728e-40 
4.7075 4.17676e-40 
4.715 2.5136e-40 
4.7125 2.97798e-40 
4.72 1.78939e-40 
4.7175 2.12106e-40 
4.725 1.27251e-40 
4.7225 1.50916e-40 
4.73 9.03997e-41 
4.7275 1.07267e-40 
4.735 6.41539e-41 
4.7325 7.61637e-41 
4.74 4.54809e-41 
4.7375 5.4023e-41 
4.745 3.22095e-41 
4.7425 3.82789e-41 
4.75 2.27871e-41 
4.7475 2.7095e-41 
4.755 1.61043e-41 
4.7525 1.91588e-41 
4.76 1.13696e-41 
4.7575 1.35331e-41 
4.765 8.01864e-42 
4.7625 9.54942e-42 
4.77 5.64942e-42 
4.7675 6.7314e-42 
4.775 3.97609e-42 
4.7725 4.74005e-42 
4.78 2.7955e-42 
4.7775 3.33435e-42 
4.785 1.96341e-42 
4.7825 2.34308e-42 
4.79 1.37757e-42 
4.7875 1.64481e-42 
4.795 9.65528e-43 
4.7925 1.15343e-42 
4.8 6.76031e-43 
4.7975 8.08013e-43 
4.805 4.72845e-43 
4.8025 5.65451e-43 
4.81 3.30385e-43 
4.8075 3.95296e-43 
4.815 2.30607e-43 
4.8125 2.76057e-43 
4.82 1.60796e-43 
4.8175 1.92587e-43 
4.825 1.12003e-43 
4.8225 1.34216e-43 
4.83 7.79348e-44 
4.8275 9.34398e-44 
4.835 5.41733e-44 
4.8325 6.49846e-44 
4.84 3.76175e-44 
4.8375 4.51481e-44 
4.845 2.60943e-44 
4.8425 3.13343e-44 
4.85 1.80823e-44 
4.8475 2.17246e-44 
4.855 1.25173e-44 
4.8525 1.50464e-44 
4.86 8.65605e-45 
4.8575 1.04104e-44 
4.865 5.97972e-45 
4.8625 7.19536e-45 
4.87 4.12661e-45 
4.8675 4.96809e-45 
4.875 2.84484e-45 
4.8725 3.42671e-45 
4.88 1.95918e-45 
4.8775 2.36112e-45 
4.885 1.34786e-45 
4.8825 1.62521e-45 
4.89 9.26328e-46 
4.8875 1.11752e-45 
4.895 6.35973e-46 
4.8925 7.67632e-46 
4.9 4.3618e-46 
4.8975 5.26749e-46 
4.905 2.98845e-46 
4.9025 3.61083e-46 
4.91 2.0454e-46 
4.9075 2.47265e-46 
4.915 1.39851e-46 
4.9125 1.6915e-46 
4.92 9.55226e-47 
4.9175 1.15594e-46 
4.925 6.51781e-47 
4.9225 7.89141e-47 
4.93 4.44277e-47 
4.9275 5.38181e-47 
4.935 3.02527e-47 
4.9325 3.66656e-47 
4.94 2.05796e-47 
4.9375 2.49546e-47 
4.945 1.39858e-47 
4.9425 1.69672e-47 
4.95 9.49593e-48 
4.9475 1.15254e-47 
4.955 6.44235e-48 
4.9525 7.8221e-48 
4.96 4.36848e-48 
4.9575 5.30515e-48 
4.965 2.96256e-48 
4.9625 3.59717e-48 
4.97 2.01211e-48 
4.9675 2.4407e-48 
4.975 1.37275e-48 
4.9725 1.66052e-48 
4.98 9.46833e-49 
4.9775 1.1378e-48 
4.985 6.69035e-49 
4.9825 7.92524e-49 
4.99 4.9655e-49 
4.9875 5.71609e-49 
4.995 4.02711e-49 
4.9925 4.40954e-49 
5 3.7297e-49 
4.9975 3.8033e-49 
