0 1.27262e-15 
0.005 1.2856e-15 
0.0025 1.27586e-15 
0.01 1.32471e-15 
0.0075 1.30186e-15 
0.015 1.39051e-15 
0.0125 1.35423e-15 
0.02 1.48388e-15 
0.0175 1.43368e-15 
0.025 1.60612e-15 
0.0225 1.5413e-15 
0.03 1.75887e-15 
0.0275 1.67856e-15 
0.035 1.94417e-15 
0.0325 1.84731e-15 
0.04 2.16445e-15 
0.0375 2.04977e-15 
0.045 2.42254e-15 
0.0425 2.28858e-15 
0.05 2.72171e-15 
0.0475 2.56677e-15 
0.055 3.06563e-15 
0.0525 2.88783e-15 
0.06 3.45844e-15 
0.0575 3.25565e-15 
0.065 3.90474e-15 
0.0625 3.6746e-15 
0.07 4.4096e-15 
0.0675 4.14951e-15 
0.075 4.97858e-15 
0.0725 4.6857e-15 
0.08 5.61774e-15 
0.0775 5.28898e-15 
0.085 6.33368e-15 
0.0825 5.96568e-15 
0.09 7.13351e-15 
0.0875 6.72264e-15 
0.095 8.0249e-15 
0.0925 7.56726e-15 
0.1 9.01604e-15 
0.0975 8.50747e-15 
0.105 1.01157e-14 
0.1025 9.55174e-15 
0.11 1.13332e-14 
0.1075 1.07091e-14 
0.115 1.26784e-14 
0.1125 1.19892e-14 
0.12 1.41616e-14 
0.1175 1.34021e-14 
0.125 1.57939e-14 
0.1225 1.49584e-14 
0.13 1.75867e-14 
0.1275 1.66695e-14 
0.135 1.95518e-14 
0.1325 1.85469e-14 
0.14 2.17018e-14 
0.1375 2.06029e-14 
0.145 2.40493e-14 
0.1425 2.285e-14 
0.15 2.66075e-14 
0.1475 2.53012e-14 
0.155 2.939e-14 
0.1525 2.79699e-14 
0.16 3.24105e-14 
0.1575 3.08697e-14 
0.165 3.56829e-14 
0.1625 3.40144e-14 
0.17 3.92212e-14 
0.1675 3.7418e-14 
0.175 4.30396e-14 
0.1725 4.10945e-14 
0.18 4.7152e-14 
0.1775 4.50582e-14 
0.185 5.15722e-14 
0.1825 4.93228e-14 
0.19 5.63139e-14 
0.1875 5.3902e-14 
0.195 6.13902e-14 
0.1925 5.88094e-14 
0.2 6.6814e-14 
0.1975 6.40579e-14 
0.205 7.25973e-14 
0.2025 6.96599e-14 
0.21 7.87516e-14 
0.2075 7.56273e-14 
0.215 8.52876e-14 
0.2125 8.19712e-14 
0.22 9.2215e-14 
0.2175 8.87018e-14 
0.225 9.95428e-14 
0.2225 9.58283e-14 
0.23 1.07279e-13 
0.2275 1.03359e-13 
0.235 1.15429e-13 
0.2325 1.11301e-13 
0.24 1.23999e-13 
0.2375 1.19661e-13 
0.245 1.32994e-13 
0.2425 1.28444e-13 
0.25 1.42417e-13 
0.2475 1.37652e-13 
0.255 1.52269e-13 
0.2525 1.47289e-13 
0.26 1.62553e-13 
0.2575 1.57357e-13 
0.265 1.73267e-13 
0.2625 1.67856e-13 
0.27 1.84412e-13 
0.2675 1.78786e-13 
0.275 1.95987e-13 
0.2725 1.90146e-13 
0.28 2.07991e-13 
0.2775 2.01935e-13 
0.285 2.20422e-13 
0.2825 2.14153e-13 
0.29 2.33282e-13 
0.2875 2.26799e-13 
0.295 2.46571e-13 
0.2925 2.39873e-13 
0.3 2.60292e-13 
0.2975 2.53377e-13 
0.305 2.74451e-13 
0.3025 2.67316e-13 
0.31 2.89055e-13 
0.3075 2.81696e-13 
0.315 3.04117e-13 
0.3125 2.96528e-13 
0.32 3.19655e-13 
0.3175 3.11825e-13 
0.325 3.35692e-13 
0.3225 3.27609e-13 
0.33 3.52256e-13 
0.3275 3.43906e-13 
0.335 3.69387e-13 
0.3325 3.60748e-13 
0.34 3.8713e-13 
0.3375 3.78179e-13 
0.345 4.05542e-13 
0.3425 3.96249e-13 
0.35 4.24691e-13 
0.3475 4.1502e-13 
0.355 4.44656e-13 
0.3525 4.34566e-13 
0.36 4.65531e-13 
0.3575 4.54974e-13 
0.365 4.87423e-13 
0.3625 4.76343e-13 
0.37 5.10455e-13 
0.3675 4.98788e-13 
0.375 5.34766e-13 
0.3725 5.22441e-13 
0.38 5.60514e-13 
0.3775 5.4745e-13 
0.385 5.87872e-13 
0.3825 5.7398e-13 
0.39 6.17035e-13 
0.3875 6.02215e-13 
0.395 6.48218e-13 
0.3925 6.3236e-13 
0.4 6.81654e-13 
0.3975 6.64639e-13 
0.405 7.17602e-13 
0.4025 6.99297e-13 
0.41 7.56343e-13 
0.4075 7.36605e-13 
0.415 7.98182e-13 
0.4125 7.76855e-13 
0.42 8.43451e-13 
0.4175 8.20366e-13 
0.425 8.92514e-13 
0.4225 8.67485e-13 
0.43 9.45763e-13 
0.4275 9.18589e-13 
0.435 1.00363e-12 
0.4325 9.74091e-13 
0.44 1.06658e-12 
0.4375 1.03444e-12 
0.445 1.13512e-12 
0.4425 1.10012e-12 
0.45 1.20983e-12 
0.4475 1.17167e-12 
0.455 1.29131e-12 
0.4525 1.24968e-12 
0.46 1.38025e-12 
0.4575 1.3348e-12 
0.465 1.47741e-12 
0.4625 1.42775e-12 
0.47 1.58362e-12 
0.4675 1.52933e-12 
0.475 1.69983e-12 
0.4725 1.64042e-12 
0.48 1.82707e-12 
0.4775 1.762e-12 
0.485 1.9665e-12 
0.4825 1.89518e-12 
0.49 2.11945e-12 
0.4875 2.0412e-12 
0.495 2.28737e-12 
0.4925 2.20144e-12 
0.5 2.47191e-12 
0.4975 2.37745e-12 
0.505 2.67493e-12 
0.5025 2.57098e-12 
0.51 2.89852e-12 
0.5075 2.78401e-12 
0.515 3.14503e-12 
0.5125 3.01875e-12 
0.52 3.41712e-12 
0.5175 3.2777e-12 
0.525 3.71779e-12 
0.5225 3.56368e-12 
0.53 4.05039e-12 
0.5275 3.87987e-12 
0.535 4.41874e-12 
0.5325 4.22984e-12 
0.54 4.82713e-12 
0.5375 4.61764e-12 
0.545 5.28039e-12 
0.5425 5.04783e-12 
0.55 5.78397e-12 
0.5475 5.52552e-12 
0.555 6.34399e-12 
0.5525 6.05651e-12 
0.56 6.96738e-12 
0.5575 6.6473e-12 
0.565 7.66189e-12 
0.5625 7.30522e-12 
0.57 8.4363e-12 
0.5675 8.03852e-12 
0.575 9.30043e-12 
0.5725 8.85649e-12 
0.58 1.02654e-11 
0.5775 9.76956e-12 
0.585 1.13436e-11 
0.5825 1.07895e-11 
0.59 1.2549e-11 
0.5875 1.19294e-11 
0.595 1.38974e-11 
0.5925 1.32043e-11 
0.6 1.54064e-11 
0.5975 1.46306e-11 
0.605 1.7096e-11 
0.6025 1.62273e-11 
0.61 1.89883e-11 
0.6075 1.80153e-11 
0.615 2.11085e-11 
0.6125 2.00182e-11 
0.62 2.34847e-11 
0.6175 2.22627e-11 
0.625 2.61484e-11 
0.6225 2.47785e-11 
0.63 2.91353e-11 
0.6275 2.75991e-11 
0.635 3.2485e-11 
0.6325 3.07621e-11 
0.64 3.62424e-11 
0.6375 3.43097e-11 
0.645 4.04577e-11 
0.6425 3.82894e-11 
0.65 4.51874e-11 
0.6475 4.27545e-11 
0.655 5.04947e-11 
0.6525 4.77646e-11 
0.66 5.64509e-11 
0.6575 5.33869e-11 
0.665 6.31357e-11 
0.6625 5.96968e-11 
0.67 7.0639e-11 
0.6675 6.6779e-11 
0.675 7.90614e-11 
0.6725 7.47286e-11 
0.68 8.85161e-11 
0.6775 8.36521e-11 
0.685 9.91299e-11 
0.6825 9.36696e-11 
0.69 1.11046e-10 
0.6875 1.04915e-10 
0.695 1.24423e-10 
0.6925 1.17541e-10 
0.7 1.39443e-10 
0.6975 1.31716e-10 
0.705 1.56306e-10 
0.7025 1.4763e-10 
0.71 1.7524e-10 
0.7075 1.65499e-10 
0.715 1.96499e-10 
0.7125 1.85562e-10 
0.72 2.20369e-10 
0.7175 2.08088e-10 
0.725 2.47171e-10 
0.7225 2.33382e-10 
0.73 2.77266e-10 
0.7275 2.61783e-10 
0.735 3.11058e-10 
0.7325 2.93673e-10 
0.74 3.49004e-10 
0.7375 3.29481e-10 
0.745 3.91612e-10 
0.7425 3.69691e-10 
0.75 4.39457e-10 
0.7475 4.14841e-10 
0.755 4.93182e-10 
0.7525 4.65541e-10 
0.76 5.53511e-10 
0.7575 5.22473e-10 
0.765 6.21257e-10 
0.7625 5.86403e-10 
0.77 6.9733e-10 
0.7675 6.58191e-10 
0.775 7.82756e-10 
0.7725 7.38805e-10 
0.78 8.78684e-10 
0.7775 8.2933e-10 
0.785 9.86407e-10 
0.7825 9.30984e-10 
0.79 1.10737e-09 
0.7875 1.04514e-09 
0.795 1.24322e-09 
0.7925 1.17333e-09 
0.8 1.39576e-09 
0.7975 1.31728e-09 
0.805 1.56707e-09 
0.8025 1.47893e-09 
0.81 1.75944e-09 
0.8075 1.66046e-09 
0.815 1.97547e-09 
0.8125 1.86432e-09 
0.82 2.21806e-09 
0.8175 2.09325e-09 
0.825 2.4905e-09 
0.8225 2.35033e-09 
0.83 2.79644e-09 
0.8275 2.63903e-09 
0.835 3.14001e-09 
0.8325 2.96324e-09 
0.84 3.52584e-09 
0.8375 3.32733e-09 
0.845 3.95913e-09 
0.8425 3.7362e-09 
0.85 4.44572e-09 
0.8475 4.19537e-09 
0.855 4.99217e-09 
0.8525 4.71102e-09 
0.86 5.60584e-09 
0.8575 5.2901e-09 
0.865 6.295e-09 
0.8625 5.94043e-09 
0.87 7.06895e-09 
0.8675 6.67075e-09 
0.875 7.93812e-09 
0.8725 7.49093e-09 
0.88 8.91423e-09 
0.8775 8.41202e-09 
0.885 1.00104e-08 
0.8825 9.44643e-09 
0.89 1.12415e-08 
0.8875 1.06081e-08 
0.895 1.26241e-08 
0.8925 1.19127e-08 
0.9 1.41768e-08 
0.8975 1.33779e-08 
0.905 1.59205e-08 
0.9025 1.50234e-08 
0.91 1.78789e-08 
0.9075 1.68713e-08 
0.915 2.00782e-08 
0.9125 1.89466e-08 
0.92 2.25482e-08 
0.9175 2.12774e-08 
0.925 2.53222e-08 
0.9225 2.38949e-08 
0.93 2.84375e-08 
0.9275 2.68347e-08 
0.935 3.19363e-08 
0.9325 3.01362e-08 
0.94 3.58658e-08 
0.9375 3.38441e-08 
0.945 4.02789e-08 
0.9425 3.80083e-08 
0.95 4.52352e-08 
0.9475 4.26851e-08 
0.955 5.08016e-08 
0.9525 4.79376e-08 
0.96 5.70532e-08 
0.9575 5.38367e-08 
0.965 6.40743e-08 
0.9625 6.04619e-08 
0.97 7.19598e-08 
0.9675 6.79027e-08 
0.975 8.08161e-08 
0.9725 7.62595e-08 
0.98 9.07627e-08 
0.9775 8.56451e-08 
0.985 1.01934e-07 
0.9825 9.61862e-08 
0.99 1.1448e-07 
0.9875 1.08025e-07 
0.995 1.28572e-07 
0.9925 1.21322e-07 
1 1.44398e-07 
0.9975 1.36255e-07 
1.005 1.62173e-07 
1.0025 1.53028e-07 
1.01 1.82137e-07 
1.0075 1.71866e-07 
1.015 2.04559e-07 
1.0125 1.93023e-07 
1.02 2.29743e-07 
1.0175 2.16786e-07 
1.025 2.58027e-07 
1.0225 2.43474e-07 
1.03 2.89795e-07 
1.0275 2.7345e-07 
1.035 3.25475e-07 
1.0325 3.07117e-07 
1.04 3.6555e-07 
1.0375 3.44931e-07 
1.045 4.1056e-07 
1.0425 3.87402e-07 
1.05 4.61114e-07 
1.0475 4.35103e-07 
1.055 5.17895e-07 
1.0525 4.8868e-07 
1.06 5.8167e-07 
1.0575 5.48856e-07 
1.065 6.533e-07 
1.0625 6.16445e-07 
1.07 7.33754e-07 
1.0675 6.92359e-07 
1.075 8.24119e-07 
1.0725 7.77625e-07 
1.08 9.25616e-07 
1.0775 8.73394e-07 
1.085 1.03962e-06 
1.0825 9.80961e-07 
1.09 1.16766e-06 
1.0875 1.10178e-06 
1.095 1.31148e-06 
1.0925 1.23748e-06 
1.1 1.47302e-06 
1.0975 1.38991e-06 
1.105 1.65447e-06 
1.1025 1.56111e-06 
1.11 1.85827e-06 
1.1075 1.75341e-06 
1.115 2.08719e-06 
1.1125 1.9694e-06 
1.12 2.34431e-06 
1.1175 2.21201e-06 
1.125 2.63311e-06 
1.1225 2.48452e-06 
1.13 2.95751e-06 
1.1275 2.7906e-06 
1.135 3.32189e-06 
1.1325 3.13441e-06 
1.14 3.73117e-06 
1.1375 3.52059e-06 
1.145 4.1909e-06 
1.1425 3.95436e-06 
1.15 4.70729e-06 
1.1475 4.44159e-06 
1.155 5.28733e-06 
1.1525 4.98888e-06 
1.16 5.93886e-06 
1.1575 5.60363e-06 
1.165 6.67071e-06 
1.1625 6.29415e-06 
1.17 7.49278e-06 
1.1675 7.0698e-06 
1.175 8.41619e-06 
1.1725 7.94107e-06 
1.18 9.45345e-06 
1.1775 8.91975e-06 
1.185 1.06186e-05 
1.1825 1.00191e-05 
1.19 1.19274e-05 
1.1875 1.1254e-05 
1.195 1.33976e-05 
1.1925 1.26411e-05 
1.2 1.50491e-05 
1.1975 1.41993e-05 
1.205 1.69042e-05 
1.2025 1.59497e-05 
1.21 1.89881e-05 
1.2075 1.79159e-05 
1.215 2.13291e-05 
1.2125 2.01246e-05 
1.22 2.39588e-05 
1.2175 2.26057e-05 
1.225 2.69128e-05 
1.2225 2.53929e-05 
1.23 3.02313e-05 
1.2275 2.85238e-05 
1.235 3.39592e-05 
1.2325 3.2041e-05 
1.24 3.8147e-05 
1.2375 3.59922e-05 
1.245 4.28516e-05 
1.2425 4.04309e-05 
1.25 4.81367e-05 
1.2475 4.54173e-05 
1.255 5.40741e-05 
1.2525 5.10191e-05 
1.26 6.07443e-05 
1.2575 5.73122e-05 
1.265 6.82379e-05 
1.2625 6.43821e-05 
1.27 7.66566e-05 
1.2675 7.23248e-05 
1.275 8.61148e-05 
1.2725 8.12481e-05 
1.28 9.67409e-05 
1.2775 9.12732e-05 
1.285 0.000108679 
1.2825 0.000102536 
1.29 0.000122092 
1.2875 0.000115191 
1.295 0.000137162 
1.2925 0.000129408 
1.3 0.000154095 
1.2975 0.000145382 
1.305 0.000173119 
1.3025 0.00016333 
1.31 0.000194495 
1.3075 0.000183496 
1.315 0.000218514 
1.3125 0.000206155 
1.32 0.000245503 
1.3175 0.000231615 
1.325 0.000275829 
1.3225 0.000260224 
1.33 0.000309908 
1.3275 0.000292372 
1.335 0.000348203 
1.3325 0.000328497 
1.34 0.000391238 
1.3375 0.000369093 
1.345 0.0004396 
1.3425 0.000414713 
1.35 0.000493952 
1.3475 0.000465983 
1.355 0.000555038 
1.3525 0.000523603 
1.36 0.000623692 
1.3575 0.000588363 
1.365 0.000700858 
1.3625 0.000661148 
1.37 0.000787592 
1.3675 0.000742957 
1.375 0.000885085 
1.3725 0.000834914 
1.38 0.000994678 
1.3775 0.000938279 
1.385 0.00111788 
1.3825 0.00105448 
1.39 0.00125638 
1.3875 0.0011851 
1.395 0.00141209 
1.3925 0.00133195 
1.4 0.00158715 
1.3975 0.00149705 
1.405 0.00178399 
1.4025 0.00168269 
1.41 0.00200532 
1.4075 0.00189141 
1.415 0.0022542 
1.4125 0.00212611 
1.42 0.00253408 
1.4175 0.00239003 
1.425 0.00284883 
1.4225 0.00268683 
1.43 0.00320281 
1.4275 0.00302062 
1.435 0.00360094 
1.4325 0.00339603 
1.44 0.00404873 
1.4375 0.00381825 
1.445 0.00455241 
1.4425 0.00429317 
1.45 0.00511896 
1.4475 0.00482735 
1.455 0.00575625 
1.4525 0.00542823 
1.46 0.00647312 
1.4575 0.00610414 
1.465 0.0072795 
1.4625 0.00686445 
1.47 0.00818656 
1.4675 0.0077197 
1.475 0.00920684 
1.4725 0.00868171 
1.48 0.0103544 
1.4775 0.00976377 
1.485 0.011645 
1.4825 0.0109808 
1.49 0.0130963 
1.4875 0.0123494 
1.495 0.0147281 
1.4925 0.0138883 
1.5 0.0165624 
1.4975 0.0156184 
1.505 0.0186239 
1.5025 0.0175631 
1.51 0.0209399 
1.5075 0.0197482 
1.515 0.0235409 
1.5125 0.0222027 
1.52 0.0264607 
1.5175 0.0249587 
1.525 0.0297364 
1.5225 0.0280515 
1.53 0.033409 
1.5275 0.0315204 
1.535 0.0375236 
1.5325 0.0354081 
1.54 0.042129 
1.5375 0.0397617 
1.545 0.0472785 
1.5425 0.0446323 
1.55 0.0530294 
1.5475 0.0500751 
1.555 0.0594428 
1.5525 0.0561493 
1.56 0.0665839 
1.5575 0.0629182 
1.565 0.0745206 
1.5625 0.0704484 
1.57 0.0833237 
1.5675 0.0788094 
1.575 0.0930653 
1.5725 0.0880727 
1.58 0.103818 
1.5775 0.0983106 
1.585 0.115651 
1.5825 0.109595 
1.59 0.128634 
1.5875 0.121995 
1.595 0.142828 
1.5925 0.135576 
1.6 0.158287 
1.5975 0.150397 
1.605 0.175054 
1.6025 0.166505 
1.61 0.193157 
1.6075 0.183937 
1.615 0.21261 
1.6125 0.202715 
1.62 0.233405 
1.6175 0.222841 
1.625 0.255514 
1.6225 0.244298 
1.63 0.278886 
1.6275 0.267047 
1.635 0.303445 
1.6325 0.291023 
1.64 0.32909 
1.6375 0.316139 
1.645 0.355698 
1.6425 0.342282 
1.65 0.383122 
1.6475 0.369318 
1.655 0.4112 
1.6525 0.39709 
1.66 0.439751 
1.6575 0.425428 
1.665 0.468588 
1.6625 0.454146 
1.67 0.497515 
1.6675 0.483052 
1.675 0.526339 
1.6725 0.511952 
1.68 0.554871 
1.6775 0.540653 
1.685 0.582931 
1.6825 0.568971 
1.69 0.610354 
1.6875 0.596732 
1.695 0.636992 
1.6925 0.62378 
1.7 0.662718 
1.6975 0.649976 
1.705 0.687424 
1.7025 0.675204 
1.71 0.711025 
1.7075 0.699367 
1.715 0.733459 
1.7125 0.722391 
1.72 0.754682 
1.7175 0.744223 
1.725 0.774673 
1.7225 0.764832 
1.73 0.793424 
1.7275 0.784203 
1.735 0.810947 
1.7325 0.802338 
1.74 0.827264 
1.7375 0.819254 
1.745 0.842408 
1.7425 0.83498 
1.75 0.856422 
1.7475 0.849553 
1.755 0.869354 
1.7525 0.86302 
1.76 0.881258 
1.7575 0.875431 
1.765 0.892191 
1.7625 0.886842 
1.77 0.902211 
1.7675 0.897311 
1.775 0.911376 
1.7725 0.906897 
1.78 0.919746 
1.7775 0.915657 
1.785 0.927378 
1.7825 0.923651 
1.79 0.934326 
1.7875 0.930934 
1.795 0.940644 
1.7925 0.937561 
1.8 0.946383 
1.7975 0.943583 
1.805 0.95159 
1.8025 0.94905 
1.81 0.95631 
1.8075 0.954008 
1.815 0.960585 
1.8125 0.9585 
1.82 0.964454 
1.8175 0.962568 
1.825 0.967954 
1.8225 0.966248 
1.83 0.971117 
1.8275 0.969575 
1.835 0.973974 
1.8325 0.972582 
1.84 0.976554 
1.8375 0.975297 
1.845 0.978883 
1.8425 0.977749 
1.85 0.980984 
1.8475 0.979961 
1.855 0.982879 
1.8525 0.981956 
1.86 0.984587 
1.8575 0.983755 
1.865 0.986127 
1.8625 0.985377 
1.87 0.987514 
1.8675 0.986839 
1.875 0.988764 
1.8725 0.988156 
1.88 0.98989 
1.8775 0.989342 
1.885 0.990904 
1.8825 0.99041 
1.89 0.991817 
1.8875 0.991372 
1.895 0.992638 
1.8925 0.992238 
1.9 0.993378 
1.8975 0.993018 
1.905 0.994044 
1.9025 0.99372 
1.91 0.994643 
1.9075 0.994351 
1.915 0.995182 
1.9125 0.994919 
1.92 0.995667 
1.9175 0.995431 
1.925 0.996103 
1.9225 0.995891 
1.93 0.996495 
1.9275 0.996304 
1.935 0.996849 
1.9325 0.996677 
1.94 0.997166 
1.9375 0.997012 
1.945 0.997452 
1.9425 0.997313 
1.95 0.997709 
1.9475 0.997584 
1.955 0.99794 
1.9525 0.997827 
1.96 0.998147 
1.9575 0.998046 
1.965 0.998334 
1.9625 0.998243 
1.97 0.998502 
1.9675 0.998421 
1.975 0.998653 
1.9725 0.99858 
1.98 0.998789 
1.9775 0.998723 
1.985 0.998911 
1.9825 0.998852 
1.99 0.999021 
1.9875 0.998968 
1.995 0.99912 
1.9925 0.999072 
2 0.999209 
1.9975 0.999166 
2.005 0.999289 
2.0025 0.99925 
2.01 0.99936 
2.0075 0.999325 
2.015 0.999425 
2.0125 0.999393 
2.02 0.999483 
2.0175 0.999455 
2.025 0.999535 
2.0225 0.99951 
2.03 0.999582 
2.0275 0.999559 
2.035 0.999624 
2.0325 0.999603 
2.04 0.999662 
2.0375 0.999643 
2.045 0.999696 
2.0425 0.999679 
2.05 0.999726 
2.0475 0.999711 
2.055 0.999754 
2.0525 0.99974 
2.06 0.999778 
2.0575 0.999766 
2.065 0.9998 
2.0625 0.99979 
2.07 0.99982 
2.0675 0.999811 
2.075 0.999838 
2.0725 0.999829 
2.08 0.999854 
2.0775 0.999846 
2.085 0.999868 
2.0825 0.999861 
2.09 0.999881 
2.0875 0.999875 
2.095 0.999893 
2.0925 0.999887 
2.1 0.999903 
2.0975 0.999898 
2.105 0.999912 
2.1025 0.999908 
2.11 0.99992 
2.1075 0.999916 
2.115 0.999928 
2.1125 0.999924 
2.12 0.999934 
2.1175 0.999931 
2.125 0.99994 
2.1225 0.999937 
2.13 0.999945 
2.1275 0.999943 
2.135 0.999949 
2.1325 0.999947 
2.14 0.999953 
2.1375 0.999951 
2.145 0.999957 
2.1425 0.999955 
2.15 0.99996 
2.1475 0.999958 
2.155 0.999962 
2.1525 0.999961 
2.16 0.999964 
2.1575 0.999963 
2.165 0.999966 
2.1625 0.999965 
2.17 0.999967 
2.1675 0.999966 
2.175 0.999968 
2.1725 0.999967 
2.18 0.999968 
2.1775 0.999968 
2.185 0.999969 
2.1825 0.999969 
2.19 0.999969 
2.1875 0.999969 
2.195 0.999968 
2.1925 0.999968 
2.2 0.999967 
2.1975 0.999968 
2.205 0.999966 
2.2025 0.999967 
2.21 0.999965 
2.2075 0.999966 
2.215 0.999963 
2.2125 0.999964 
2.22 0.999961 
2.2175 0.999962 
2.225 0.999958 
2.2225 0.99996 
2.23 0.999956 
2.2275 0.999957 
2.235 0.999952 
2.2325 0.999954 
2.24 0.999948 
2.2375 0.99995 
2.245 0.999944 
2.2425 0.999946 
2.25 0.999939 
2.2475 0.999942 
2.255 0.999934 
2.2525 0.999937 
2.26 0.999928 
2.2575 0.999931 
2.265 0.999921 
2.2625 0.999924 
2.27 0.999913 
2.2675 0.999917 
2.275 0.999905 
2.2725 0.999909 
2.28 0.999896 
2.2775 0.9999 
2.285 0.999885 
2.2825 0.999891 
2.29 0.999874 
2.2875 0.99988 
2.295 0.999861 
2.2925 0.999868 
2.3 0.999847 
2.2975 0.999854 
2.305 0.999832 
2.3025 0.99984 
2.31 0.999815 
2.3075 0.999824 
2.315 0.999796 
2.3125 0.999806 
2.32 0.999775 
2.3175 0.999786 
2.325 0.999753 
2.3225 0.999764 
2.33 0.999727 
2.3275 0.99974 
2.335 0.999699 
2.3325 0.999714 
2.34 0.999669 
2.3375 0.999684 
2.345 0.999635 
2.3425 0.999652 
2.35 0.999597 
2.3475 0.999617 
2.355 0.999556 
2.3525 0.999577 
2.36 0.999511 
2.3575 0.999534 
2.365 0.999461 
2.3625 0.999486 
2.37 0.999405 
2.3675 0.999434 
2.375 0.999345 
2.3725 0.999376 
2.38 0.999277 
2.3775 0.999312 
2.385 0.999203 
2.3825 0.999241 
2.39 0.999122 
2.3875 0.999163 
2.395 0.999031 
2.3925 0.999078 
2.4 0.998932 
2.3975 0.998983 
2.405 0.998823 
2.4025 0.998879 
2.41 0.998702 
2.4075 0.998764 
2.415 0.998569 
2.4125 0.998637 
2.42 0.998422 
2.4175 0.998497 
2.425 0.99826 
2.4225 0.998343 
2.43 0.998082 
2.4275 0.998173 
2.435 0.997885 
2.4325 0.997986 
2.44 0.997669 
2.4375 0.99778 
2.445 0.99743 
2.4425 0.997552 
2.45 0.997166 
2.4475 0.997301 
2.455 0.996876 
2.4525 0.997025 
2.46 0.996556 
2.4575 0.99672 
2.465 0.996203 
2.4625 0.996384 
2.47 0.995814 
2.4675 0.996013 
2.475 0.995386 
2.4725 0.995605 
2.48 0.994913 
2.4775 0.995155 
2.485 0.994393 
2.4825 0.994659 
2.49 0.993819 
2.4875 0.994113 
2.495 0.993187 
2.4925 0.993511 
2.5 0.99249 
2.4975 0.992847 
2.505 0.991723 
2.5025 0.992116 
2.51 0.990878 
2.5075 0.991311 
2.515 0.989947 
2.5125 0.990424 
2.52 0.988922 
2.5175 0.989447 
2.525 0.987793 
2.5225 0.988371 
2.53 0.98655 
2.5275 0.987186 
2.535 0.985181 
2.5325 0.985882 
2.54 0.983675 
2.5375 0.984446 
2.545 0.982018 
2.5425 0.982866 
2.55 0.980195 
2.5475 0.981128 
2.555 0.97819 
2.5525 0.979216 
2.56 0.975985 
2.5575 0.977113 
2.565 0.973562 
2.5625 0.974802 
2.57 0.970899 
2.5675 0.972262 
2.575 0.967975 
2.5725 0.969471 
2.58 0.964765 
2.5775 0.966408 
2.585 0.961244 
2.5825 0.963045 
2.59 0.957381 
2.5875 0.959357 
2.595 0.953149 
2.5925 0.955313 
2.6 0.948514 
2.5975 0.950884 
2.605 0.943441 
2.6025 0.946034 
2.61 0.937895 
2.6075 0.94073 
2.615 0.931836 
2.6125 0.934932 
2.62 0.925225 
2.6175 0.928602 
2.625 0.918019 
2.6225 0.921699 
2.63 0.910174 
2.6275 0.914179 
2.635 0.901645 
2.6325 0.905998 
2.64 0.892388 
2.6375 0.897111 
2.645 0.882356 
2.6425 0.887471 
2.65 0.871503 
2.6475 0.877035 
2.655 0.859787 
2.6525 0.865756 
2.66 0.847166 
2.6575 0.853592 
2.665 0.8336 
2.6625 0.840503 
2.67 0.819058 
2.6675 0.826453 
2.675 0.803509 
2.6725 0.81141 
2.68 0.786934 
2.6775 0.795351 
2.685 0.76932 
2.6825 0.778257 
2.69 0.750664 
2.6875 0.760122 
2.695 0.730976 
2.6925 0.740948 
2.7 0.710277 
2.6975 0.720751 
2.705 0.6886 
2.7025 0.699558 
2.71 0.665996 
2.7075 0.67741 
2.715 0.642527 
2.7125 0.654365 
2.72 0.618272 
2.7175 0.630492 
2.725 0.593321 
2.7225 0.605877 
2.73 0.567782 
2.7275 0.580618 
2.735 0.541769 
2.7325 0.554827 
2.74 0.515409 
2.7375 0.528624 
2.745 0.488835 
2.7425 0.50214 
2.75 0.462187 
2.7475 0.475512 
2.755 0.435604 
2.7525 0.448879 
2.76 0.409226 
2.7575 0.422381 
2.765 0.383189 
2.7625 0.396156 
2.77 0.357622 
2.7675 0.370339 
2.775 0.332646 
2.7725 0.345053 
2.78 0.308373 
2.7775 0.320415 
2.785 0.2849 
2.7825 0.296531 
2.79 0.262313 
2.7875 0.273491 
2.795 0.240684 
2.7925 0.251375 
2.8 0.22007 
2.7975 0.230247 
2.805 0.200516 
2.8025 0.210159 
2.81 0.182053 
2.8075 0.191147 
2.815 0.1647 
2.8125 0.173237 
2.82 0.148463 
2.8175 0.156442 
2.825 0.13334 
2.8225 0.140763 
2.83 0.119318 
2.8275 0.126193 
2.835 0.106377 
2.8325 0.112714 
2.84 0.0944881 
2.8375 0.100303 
2.845 0.0836174 
2.8425 0.0889278 
2.85 0.0737249 
2.8475 0.0785515 
2.855 0.0647661 
2.8525 0.0691317 
2.86 0.0566924 
2.8575 0.0606218 
2.865 0.049452 
2.8625 0.0529713 
2.87 0.0429906 
2.8675 0.0461274 
2.875 0.0372525 
2.8725 0.0400347 
2.88 0.0321809 
2.8775 0.0346369 
2.885 0.027719 
2.8825 0.0298773 
2.89 0.0238111 
2.8875 0.0256993 
2.895 0.0204026 
2.8925 0.0220477 
2.9 0.0174417 
2.8975 0.0188694 
2.905 0.0148789 
2.9025 0.0161135 
2.91 0.0126683 
2.9075 0.0137323 
2.915 0.0107674 
2.9125 0.0116817 
2.92 0.00913742 
2.9175 0.00992083 
2.925 0.00774325 
2.9225 0.0084129 
2.93 0.00655351 
2.9275 0.00712465 
2.935 0.00554026 
2.9325 0.00602644 
2.94 0.00467889 
2.9375 0.00509201 
2.945 0.00394778 
2.9425 0.00429829 
2.95 0.00332813 
2.9475 0.0036251 
2.955 0.00280359 
2.9525 0.0030549 
2.96 0.00236008 
2.9575 0.00257251 
2.965 0.00198544 
2.9625 0.00216484 
2.97 0.00166927 
2.9675 0.00182064 
2.975 0.00140265 
2.9725 0.00153027 
2.98 0.00117799 
2.9775 0.00128551 
2.985 0.000988811 
2.9825 0.00107933 
2.99 0.000829605 
2.9875 0.000905771 
2.995 0.000695702 
2.9925 0.000759753 
3 0.000583141 
2.9975 0.000636976 
3.005 0.00048857 
3.0025 0.000533795 
3.01 0.000409152 
3.0075 0.000447126 
3.015 0.00034249 
3.0125 0.000374361 
3.02 0.000286562 
3.0175 0.000313298 
3.025 0.000239659 
3.0225 0.000262078 
3.03 0.000200344 
3.0275 0.000219134 
3.035 0.000167402 
3.0325 0.000183144 
3.04 0.000139813 
3.0375 0.000152996 
3.045 0.000116718 
3.0425 0.000127752 
3.05 9.73914e-05 
3.0475 0.000106624 
3.055 8.12268e-05 
3.0525 8.89479e-05 
3.06 6.77125e-05 
3.0575 7.41669e-05 
3.065 5.64192e-05 
3.0625 6.18122e-05 
3.07 4.6986e-05 
3.0675 5.14902e-05 
3.075 3.91103e-05 
3.0725 4.28704e-05 
3.08 3.2538e-05 
3.0775 3.56754e-05 
3.085 2.7056e-05 
3.0825 2.96726e-05 
3.09 2.24856e-05 
3.0875 2.46668e-05 
3.095 1.86772e-05 
3.0925 2.04945e-05 
3.1 1.55053e-05 
3.0975 1.70187e-05 
3.105 1.28649e-05 
3.1025 1.41245e-05 
3.11 1.06681e-05 
3.1075 1.1716e-05 
3.115 8.84129e-06 
3.1125 9.71253e-06 
3.12 7.32301e-06 
3.1175 8.04701e-06 
3.125 6.06185e-06 
3.1225 6.66315e-06 
3.13 5.01485e-06 
3.1275 5.51397e-06 
3.135 4.14614e-06 
3.1325 4.56021e-06 
3.14 3.42578e-06 
3.1375 3.76908e-06 
3.145 2.82879e-06 
3.1425 3.11325e-06 
3.15 2.33434e-06 
3.1475 2.5699e-06 
3.155 1.92506e-06 
3.1525 2.12001e-06 
3.16 1.58649e-06 
3.1575 1.74774e-06 
3.165 1.3066e-06 
3.1625 1.43988e-06 
3.17 1.07536e-06 
3.1675 1.18546e-06 
3.175 8.84442e-07 
3.1725 9.75324e-07 
3.18 7.26914e-07 
3.1775 8.01888e-07 
3.185 5.97026e-07 
3.1825 6.58834e-07 
3.19 4.9e-07 
3.1875 5.4092e-07 
3.195 4.01873e-07 
3.1925 4.43794e-07 
3.2 3.29357e-07 
3.1975 3.63845e-07 
3.205 2.69729e-07 
3.2025 2.98083e-07 
3.21 2.20734e-07 
3.2075 2.44027e-07 
3.215 1.80504e-07 
3.2125 1.99626e-07 
3.22 1.47495e-07 
3.2175 1.63182e-07 
3.225 1.20431e-07 
3.2225 1.33291e-07 
3.23 9.82585e-08 
3.2275 1.08792e-07 
3.235 8.01062e-08 
3.2325 8.87278e-08 
3.24 6.52567e-08 
3.2375 7.23082e-08 
3.245 5.31183e-08 
3.2425 5.88812e-08 
3.25 4.32037e-08 
3.2475 4.79099e-08 
3.255 3.51119e-08 
3.2525 3.89521e-08 
3.26 2.85128e-08 
3.2575 3.16439e-08 
3.265 2.31354e-08 
3.2625 2.56864e-08 
3.27 1.87571e-08 
3.2675 2.08336e-08 
3.275 1.51949e-08 
3.2725 1.6884e-08 
3.28 1.22992e-08 
3.2775 1.3672e-08 
3.285 9.94721e-09 
3.2825 1.1062e-08 
3.29 8.03835e-09 
3.2875 8.9429e-09 
3.295 6.49042e-09 
3.2925 7.22378e-09 
3.3 5.23622e-09 
3.2975 5.83029e-09 
3.305 4.22086e-09 
3.3025 4.70169e-09 
3.31 3.39954e-09 
3.3075 3.7884e-09 
3.315 2.73575e-09 
3.3125 3.04996e-09 
3.32 2.19971e-09 
3.3175 2.45339e-09 
3.325 1.76722e-09 
3.3225 1.97185e-09 
3.33 1.41856e-09 
3.3275 1.58349e-09 
3.335 1.13772e-09 
3.3325 1.27054e-09 
3.34 9.11715e-10 
3.3375 1.01858e-09 
3.345 7.29983e-10 
3.3425 8.15889e-10 
3.35 5.8398e-10 
3.3475 6.52981e-10 
3.355 4.66783e-10 
3.3525 5.22158e-10 
3.36 3.7279e-10 
3.3575 4.17191e-10 
3.365 2.97471e-10 
3.3625 3.33042e-10 
3.37 2.37169e-10 
3.3675 2.65642e-10 
3.375 1.88931e-10 
3.3725 2.11703e-10 
3.38 1.50378e-10 
3.3775 1.68574e-10 
3.385 1.19591e-10 
3.3825 1.34118e-10 
3.39 9.50277e-11 
3.3875 1.06615e-10 
3.395 7.54464e-11 
3.3925 8.46816e-11 
3.4 5.98502e-11 
3.3975 6.72042e-11 
3.405 4.74387e-11 
3.4025 5.32897e-11 
3.41 3.75701e-11 
3.4075 4.22213e-11 
3.415 2.97301e-11 
3.4125 3.34244e-11 
3.42 2.3507e-11 
3.4175 2.64387e-11 
3.425 1.85716e-11 
3.4225 2.08961e-11 
3.43 1.46606e-11 
3.4275 1.65022e-11 
3.435 1.15641e-11 
3.4325 1.30219e-11 
3.44 9.11441e-12 
3.4375 1.02674e-11 
3.445 7.1781e-12 
3.4425 8.08929e-12 
3.45 5.64881e-12 
3.4475 6.36831e-12 
3.455 4.44198e-12 
3.4525 5.00964e-12 
3.46 3.49037e-12 
3.4575 3.93789e-12 
3.465 2.74061e-12 
3.4625 3.09313e-12 
3.47 2.15035e-12 
3.4675 2.42782e-12 
3.475 1.68603e-12 
3.4725 1.90425e-12 
3.48 1.32104e-12 
3.4775 1.49254e-12 
3.485 1.03437e-12 
3.4825 1.16905e-12 
3.49 8.09366e-13 
3.4875 9.1505e-13 
3.495 6.329e-13 
3.4925 7.1577e-13 
3.5 4.94598e-13 
3.4975 5.59534e-13 
3.505 3.86283e-13 
3.5025 4.3713e-13 
3.51 3.01511e-13 
3.5075 3.41299e-13 
3.515 2.3521e-13 
3.5125 2.66323e-13 
3.52 1.83389e-13 
3.5175 2.07703e-13 
3.525 1.42911e-13 
3.5225 1.619e-13 
3.53 1.11313e-13 
3.5275 1.26133e-13 
3.535 8.66605e-14 
3.5325 9.82215e-14 
3.54 6.74384e-14 
3.5375 7.64516e-14 
3.545 5.24587e-14 
3.5425 5.94816e-14 
3.55 4.07909e-14 
3.5475 4.62604e-14 
3.555 3.17074e-14 
3.5525 3.59649e-14 
3.56 2.4639e-14 
3.5575 2.79516e-14 
3.565 1.91411e-14 
3.5625 2.17174e-14 
3.57 1.48664e-14 
3.5675 1.68693e-14 
3.575 1.15441e-14 
3.5725 1.31006e-14 
3.58 8.96274e-15 
3.5775 1.0172e-14 
3.585 6.95779e-15 
3.5825 7.89697e-15 
3.59 5.40091e-15 
3.5875 6.13015e-15 
3.595 4.19224e-15 
3.5925 4.75835e-15 
3.6 3.25408e-15 
3.5975 3.69347e-15 
3.605 2.52599e-15 
3.6025 2.86699e-15 
3.61 1.961e-15 
3.6075 2.2256e-15 
3.615 1.52259e-15 
3.6125 1.72791e-15 
3.62 1.18242e-15 
3.6175 1.34173e-15 
3.625 9.18456e-16 
3.6225 1.04208e-15 
3.63 7.13618e-16 
3.6275 8.09552e-16 
3.635 5.54642e-16 
3.6325 6.291e-16 
3.64 4.3124e-16 
3.6375 4.89039e-16 
3.645 3.3543e-16 
3.6425 3.80309e-16 
3.65 2.61025e-16 
3.6475 2.9588e-16 
3.655 2.03224e-16 
3.6525 2.30303e-16 
3.66 1.58307e-16 
3.6575 1.79352e-16 
3.665 1.23387e-16 
3.6625 1.3975e-16 
3.67 9.62282e-17 
3.6675 1.08956e-16 
3.675 7.50951e-17 
3.6725 8.50004e-17 
3.68 5.86421e-17 
3.6775 6.63548e-17 
3.685 4.58256e-17 
3.6825 5.18346e-17 
3.69 3.58358e-17 
3.6875 4.05203e-17 
3.695 2.80445e-17 
3.6925 3.16987e-17 
3.7 2.19636e-17 
3.6975 2.48161e-17 
3.705 1.72145e-17 
3.7025 1.94427e-17 
3.71 1.35028e-17 
3.7075 1.52446e-17 
3.715 1.05997e-17 
3.7125 1.19623e-17 
3.72 8.32729e-18 
3.7175 9.39408e-18 
3.725 6.54724e-18 
3.7225 7.38308e-18 
3.73 5.15174e-18 
3.7275 5.80714e-18 
3.735 4.05684e-18 
3.7325 4.57117e-18 
3.74 3.1971e-18 
3.7375 3.60105e-18 
3.745 2.52147e-18 
3.7425 2.83899e-18 
3.75 1.9901e-18 
3.7475 2.23987e-18 
3.755 1.57185e-18 
3.7525 1.76849e-18 
3.76 1.24238e-18 
3.7575 1.39731e-18 
3.765 9.82642e-19 
3.7625 1.10481e-18 
3.77 7.77723e-19 
3.7675 8.74126e-19 
3.775 6.15932e-19 
3.7725 6.92061e-19 
3.78 4.88099e-19 
3.7775 5.4826e-19 
3.785 3.87024e-19 
3.7825 4.34601e-19 
3.79 3.07053e-19 
3.7875 3.44703e-19 
3.795 2.43736e-19 
3.7925 2.7355e-19 
3.8 1.93574e-19 
3.7975 2.17198e-19 
3.805 1.5381e-19 
3.8025 1.7254e-19 
3.81 1.22269e-19 
3.8075 1.37128e-19 
3.815 9.72379e-20 
3.8125 1.09032e-19 
3.82 7.73619e-20 
3.8175 8.67281e-20 
3.825 6.15717e-20 
3.8225 6.90135e-20 
3.83 4.90214e-20 
3.8275 5.49369e-20 
3.835 3.90418e-20 
3.8325 4.37462e-20 
3.84 3.11032e-20 
3.8375 3.48459e-20 
3.845 2.47855e-20 
3.8425 2.77643e-20 
3.85 1.97561e-20 
3.8475 2.21277e-20 
3.855 1.57508e-20 
3.8525 1.76396e-20 
3.86 1.25602e-20 
3.8575 1.4065e-20 
3.865 1.00178e-20 
3.8625 1.12169e-20 
3.87 7.99135e-21 
3.8675 8.94719e-21 
3.875 6.37579e-21 
3.8725 7.13788e-21 
3.88 5.08752e-21 
3.8775 5.69525e-21 
3.885 4.06001e-21 
3.8825 4.54475e-21 
3.89 3.24035e-21 
3.8875 3.62705e-21 
3.895 2.58638e-21 
3.8925 2.89492e-21 
3.9 2.06453e-21 
3.8975 2.31075e-21 
3.905 1.64806e-21 
3.9025 1.84457e-21 
3.91 1.31566e-21 
3.9075 1.47251e-21 
3.915 1.05033e-21 
3.9125 1.17553e-21 
3.92 8.38515e-22 
3.9175 9.38462e-22 
3.925 6.69416e-22 
3.9225 7.49209e-22 
3.93 5.34412e-22 
3.9275 5.98118e-22 
3.935 4.26624e-22 
3.9325 4.77488e-22 
3.94 3.40564e-22 
3.9375 3.81175e-22 
3.945 2.71851e-22 
3.9425 3.04276e-22 
3.95 2.16989e-22 
3.9475 2.42877e-22 
3.955 1.73186e-22 
3.9525 1.93855e-22 
3.96 1.38214e-22 
3.9575 1.54716e-22 
3.965 1.10294e-22 
3.9625 1.23468e-22 
3.97 8.80044e-23 
3.9675 9.85219e-23 
3.975 7.02115e-23 
3.9725 7.86072e-23 
3.98 5.6009e-23 
3.9775 6.27104e-23 
3.985 4.46732e-23 
3.9825 5.00218e-23 
3.99 3.56265e-23 
3.9875 3.9895e-23 
3.995 2.84073e-23 
3.9925 3.18134e-23 
4 2.26471e-23 
3.9975 2.53648e-23 
4.005 1.80517e-23 
4.0025 2.02197e-23 
4.01 1.4386e-23 
4.0075 1.61153e-23 
4.015 1.14623e-23 
4.0125 1.28415e-23 
4.02 9.13091e-24 
4.0175 1.02307e-23 
4.025 7.27204e-24 
4.0225 8.14887e-24 
4.03 5.79024e-24 
4.0275 6.48917e-24 
4.035 4.60923e-24 
4.0325 5.16625e-24 
4.04 3.66815e-24 
4.0375 4.11198e-24 
4.045 2.91842e-24 
4.0425 3.27199e-24 
4.05 2.32127e-24 
4.0475 2.60286e-24 
4.055 1.84575e-24 
4.0525 2.06997e-24 
4.06 1.4672e-24 
4.0575 1.64569e-24 
4.065 1.16591e-24 
4.0625 1.30796e-24 
4.07 9.26186e-25 
4.0675 1.0392e-24 
4.075 7.35497e-25 
4.0725 8.25387e-25 
4.08 5.8386e-25 
4.0775 6.55336e-25 
4.085 4.63316e-25 
4.0825 5.20131e-25 
4.09 3.67519e-25 
4.0875 4.12666e-25 
4.095 2.91414e-25 
4.0925 3.27278e-25 
4.1 2.30976e-25 
4.0975 2.59454e-25 
4.105 1.82995e-25 
4.1025 2.05601e-25 
4.11 1.4492e-25 
4.1075 1.62857e-25 
4.115 1.14715e-25 
4.1125 1.28943e-25 
4.12 9.0765e-26 
4.1175 1.02046e-25 
4.125 7.17814e-26 
4.1225 8.07217e-26 
4.13 5.67411e-26 
4.1275 6.38235e-26 
4.135 4.48301e-26 
4.1325 5.04382e-26 
4.14 3.54016e-26 
4.1375 3.98403e-26 
4.145 2.79416e-26 
4.1425 3.14532e-26 
4.15 2.2042e-26 
4.1475 2.48187e-26 
4.155 1.73786e-26 
4.1525 1.95732e-26 
4.16 1.36944e-26 
4.1575 1.5428e-26 
4.165 1.07851e-26 
4.1625 1.21538e-26 
4.17 8.48895e-27 
4.1675 9.56906e-27 
4.175 6.67776e-27 
4.1725 7.52963e-27 
4.18 5.24987e-27 
4.1775 5.92136e-27 
4.185 4.12479e-27 
4.1825 4.6538e-27 
4.19 3.23881e-27 
4.1875 3.65533e-27 
4.195 2.54153e-27 
4.1925 2.86929e-27 
4.2 1.99309e-27 
4.1975 2.25085e-27 
4.205 1.56198e-27 
4.2025 1.76456e-27 
4.21 1.22331e-27 
4.2075 1.38243e-27 
4.215 9.57431e-28 
4.2125 1.08233e-27 
4.22 7.48826e-28 
4.2175 8.46799e-28 
4.225 5.85266e-28 
4.2225 6.6207e-28 
4.23 4.57111e-28 
4.2275 5.17279e-28 
4.235 3.56763e-28 
4.2325 4.03867e-28 
4.24 2.78244e-28 
4.2375 3.15095e-28 
4.245 2.16848e-28 
4.2425 2.45657e-28 
4.25 1.68874e-28 
4.2475 1.91381e-28 
4.255 1.31416e-28 
4.2525 1.48986e-28 
4.26 1.02188e-28 
4.2575 1.15895e-28 
4.265 7.94008e-29 
4.2625 9.00854e-29 
4.27 6.1647e-29 
4.2675 6.99697e-29 
4.275 4.78256e-29 
4.2725 5.43035e-29 
4.28 3.70736e-29 
4.2775 4.21119e-29 
4.285 2.8716e-29 
4.2825 3.26315e-29 
4.29 2.22246e-29 
4.2875 2.52652e-29 
4.295 1.71867e-29 
4.2925 1.95459e-29 
4.3 1.32799e-29 
4.2975 1.5109e-29 
4.305 1.02527e-29 
4.3025 1.16697e-29 
4.31 7.90894e-30 
4.3075 9.00579e-30 
4.315 6.09586e-30 
4.3125 6.94419e-30 
4.32 4.69444e-30 
4.3175 5.35001e-30 
4.325 3.61213e-30 
4.3225 4.11831e-30 
4.33 2.77696e-30 
4.3275 3.16747e-30 
4.335 2.13304e-30 
4.3325 2.43406e-30 
4.34 1.63701e-30 
4.3375 1.86884e-30 
4.345 1.25523e-30 
4.3425 1.43362e-30 
4.35 9.61639e-31 
4.3475 1.09879e-30 
4.355 7.36063e-31 
4.3525 8.41416e-31 
4.36 5.62899e-31 
4.3575 6.43755e-31 
4.365 4.30087e-31 
4.3625 4.92086e-31 
4.37 3.28314e-31 
4.3675 3.75812e-31 
4.375 2.50396e-31 
4.3725 2.86752e-31 
4.38 1.90796e-31 
4.3775 2.18599e-31 
4.385 1.45249e-31 
4.3825 1.66491e-31 
4.39 1.10474e-31 
4.3875 1.26688e-31 
4.395 8.39459e-32 
4.3925 9.63115e-32 
4.4 6.3729e-32 
4.3975 7.31506e-32 
4.405 4.83358e-32 
4.4025 5.55076e-32 
4.41 3.66263e-32 
4.4075 4.20805e-32 
4.415 2.77273e-32 
4.4125 3.18713e-32 
4.42 2.09706e-32 
4.4175 2.41163e-32 
4.425 1.58454e-32 
4.4225 1.82309e-32 
4.43 1.19614e-32 
4.4275 1.37687e-32 
4.435 9.02075e-33 
4.4325 1.03887e-32 
4.44 6.79654e-33 
4.4375 7.83098e-33 
4.445 5.11581e-33 
4.4425 5.89728e-33 
4.45 3.84699e-33 
4.4475 4.43679e-33 
4.455 2.89006e-33 
4.4525 3.33477e-33 
4.46 2.16906e-33 
4.4575 2.50404e-33 
4.465 1.62634e-33 
4.4625 1.87842e-33 
4.47 1.21822e-33 
4.4675 1.40773e-33 
4.475 9.11626e-34 
4.4725 1.05396e-33 
4.48 6.81521e-34 
4.4775 7.88315e-34 
4.485 5.08996e-34 
4.4825 5.89045e-34 
4.49 3.79769e-34 
4.4875 4.39713e-34 
4.495 2.83071e-34 
4.4925 3.27914e-34 
4.5 2.10785e-34 
4.4975 2.44298e-34 
4.505 1.56802e-34 
4.5025 1.81823e-34 
4.51 1.16528e-34 
4.5075 1.3519e-34 
4.515 8.65122e-35 
4.5125 1.00417e-34 
4.52 6.41635e-35 
4.5175 7.45136e-35 
4.525 4.75405e-35 
4.5225 5.52368e-35 
4.53 3.51887e-35 
4.5275 4.09059e-35 
4.535 2.60199e-35 
4.5325 3.02627e-35 
4.54 1.92207e-35 
4.5375 2.23661e-35 
4.545 1.41839e-35 
4.5425 1.65134e-35 
4.55 1.04564e-35 
4.5475 1.21799e-35 
4.555 7.70071e-36 
4.5525 8.97449e-36 
4.56 5.66549e-36 
4.5575 6.60598e-36 
4.565 4.16393e-36 
4.5625 4.85762e-36 
4.57 3.05723e-36 
4.5675 3.56836e-36 
4.575 2.24238e-36 
4.5725 2.61862e-36 
4.58 1.64305e-36 
4.5775 1.9197e-36 
4.585 1.20267e-36 
4.5825 1.40589e-36 
4.59 8.79425e-37 
4.5875 1.02855e-36 
4.595 6.42403e-37 
4.5925 7.51721e-37 
4.6 4.68783e-37 
4.5975 5.48836e-37 
4.605 3.41736e-37 
4.6025 4.00299e-37 
4.61 2.48865e-37 
4.6075 2.91663e-37 
4.615 1.81047e-37 
4.6125 2.12291e-37 
4.62 1.31575e-37 
4.6175 1.54361e-37 
4.625 9.55234e-38 
4.6225 1.12123e-37 
4.63 6.92785e-38 
4.6275 8.13593e-38 
4.635 5.01926e-38 
4.6325 5.89756e-38 
4.64 3.63273e-38 
4.6375 4.27061e-38 
4.645 2.62651e-38 
4.6425 3.0893e-38 
4.65 1.89705e-38 
4.6475 2.23245e-38 
4.655 1.36876e-38 
4.6525 1.6116e-38 
4.66 9.86574e-39 
4.6575 1.1622e-38 
4.665 7.10367e-39 
4.6625 8.37259e-39 
4.67 5.1096e-39 
4.6675 6.02543e-39 
4.675 3.67149e-39 
4.6725 4.33179e-39 
4.68 2.63541e-39 
4.6775 3.11099e-39 
4.685 1.88975e-39 
4.6825 2.23192e-39 
4.69 1.35366e-39 
4.6875 1.5996e-39 
4.695 9.68652e-40 
4.6925 1.14523e-39 
4.7 6.92429e-40 
4.6975 8.19077e-40 
4.705 4.94461e-40 
4.7025 5.85204e-40 
4.71 3.52728e-40 
4.7075 4.17676e-40 
4.715 2.5136e-40 
4.7125 2.97798e-40 
4.72 1.78939e-40 
4.7175 2.12106e-40 
4.725 1.27251e-40 
4.7225 1.50916e-40 
4.73 9.03997e-41 
4.7275 1.07267e-40 
4.735 6.41539e-41 
4.7325 7.61637e-41 
4.74 4.54809e-41 
4.7375 5.4023e-41 
4.745 3.22095e-41 
4.7425 3.82789e-41 
4.75 2.27871e-41 
4.7475 2.7095e-41 
4.755 1.61043e-41 
4.7525 1.91588e-41 
4.76 1.13696e-41 
4.7575 1.35331e-41 
4.765 8.01864e-42 
4.7625 9.54942e-42 
4.77 5.64942e-42 
4.7675 6.7314e-42 
4.775 3.97609e-42 
4.7725 4.74005e-42 
4.78 2.7955e-42 
4.7775 3.33435e-42 
4.785 1.96341e-42 
4.7825 2.34308e-42 
4.79 1.37757e-42 
4.7875 1.64481e-42 
4.795 9.65528e-43 
4.7925 1.15343e-42 
4.8 6.76031e-43 
4.7975 8.08013e-43 
4.805 4.72845e-43 
4.8025 5.65451e-43 
4.81 3.30385e-43 
4.8075 3.95296e-43 
4.815 2.30607e-43 
4.8125 2.76057e-43 
4.82 1.60796e-43 
4.8175 1.92587e-43 
4.825 1.12003e-43 
4.8225 1.34216e-43 
4.83 7.79348e-44 
4.8275 9.34398e-44 
4.835 5.41733e-44 
4.8325 6.49846e-44 
4.84 3.76175e-44 
4.8375 4.51481e-44 
4.845 2.60943e-44 
4.8425 3.13343e-44 
4.85 1.80823e-44 
4.8475 2.17246e-44 
4.855 1.25173e-44 
4.8525 1.50464e-44 
4.86 8.65605e-45 
4.8575 1.04104e-44 
4.865 5.97972e-45 
4.8625 7.19536e-45 
4.87 4.12661e-45 
4.8675 4.96809e-45 
4.875 2.84484e-45 
4.8725 3.42671e-45 
4.88 1.95918e-45 
4.8775 2.36112e-45 
4.885 1.34786e-45 
4.8825 1.62521e-45 
4.89 9.26328e-46 
4.8875 1.11752e-45 
4.895 6.35973e-46 
4.8925 7.67632e-46 
4.9 4.3618e-46 
4.8975 5.26749e-46 
4.905 2.98845e-46 
4.9025 3.61083e-46 
4.91 2.0454e-46 
4.9075 2.47265e-46 
4.915 1.39851e-46 
4.9125 1.6915e-46 
4.92 9.55226e-47 
4.9175 1.15594e-46 
4.925 6.51781e-47 
4.9225 7.89141e-47 
4.93 4.44277e-47 
4.9275 5.38181e-47 
4.935 3.02527e-47 
4.9325 3.66656e-47 
4.94 2.05796e-47 
4.9375 2.49546e-47 
4.945 1.39858e-47 
4.9425 1.69672e-47 
4.95 9.49593e-48 
4.9475 1.15254e-47 
4.955 6.44235e-48 
4.9525 7.8221e-48 
4.96 4.36848e-48 
4.9575 5.30515e-48 
4.965 2.96256e-48 
4.9625 3.59717e-48 
4.97 2.01211e-48 
4.9675 2.4407e-48 
4.975 1.37275e-48 
4.9725 1.66052e-48 
4.98 9.46833e-49 
4.9775 1.1378e-48 
4.985 6.69035e-49 
4.9825 7.92524e-49 
4.99 4.9655e-49 
4.9875 5.71609e-49 
4.995 4.02711e-49 
4.9925 4.40954e-49 
5 3.7297e-49 
4.9975 3.8033e-49 
