0 1.12104e-15 
0.005 1.12713e-15 
0.0025 1.12256e-15 
0.01 1.1454e-15 
0.0075 1.13474e-15 
0.015 1.17592e-15 
0.0125 1.15912e-15 
0.02 1.21879e-15 
0.0175 1.19581e-15 
0.025 1.27414e-15 
0.0225 1.2449e-15 
0.03 1.34215e-15 
0.0275 1.30655e-15 
0.035 1.423e-15 
0.0325 1.38095e-15 
0.04 1.51694e-15 
0.0375 1.46832e-15 
0.045 1.6242e-15 
0.0425 1.56889e-15 
0.05 1.74506e-15 
0.0475 1.68292e-15 
0.055 1.8798e-15 
0.0525 1.81068e-15 
0.06 2.02869e-15 
0.0575 1.95246e-15 
0.065 2.19201e-15 
0.0625 2.10853e-15 
0.07 2.37004e-15 
0.0675 2.27917e-15 
0.075 2.563e-15 
0.0725 2.46464e-15 
0.08 2.77113e-15 
0.0775 2.66516e-15 
0.085 2.9946e-15 
0.0825 2.88094e-15 
0.09 3.23353e-15 
0.0875 3.11213e-15 
0.095 3.488e-15 
0.0925 3.35882e-15 
0.1 3.758e-15 
0.0975 3.62106e-15 
0.105 4.04345e-15 
0.1025 3.8988e-15 
0.11 4.34417e-15 
0.1075 4.19191e-15 
0.115 4.65988e-15 
0.1125 4.50017e-15 
0.12 4.9902e-15 
0.1175 4.82324e-15 
0.125 5.3346e-15 
0.1225 5.16067e-15 
0.13 5.69244e-15 
0.1275 5.51188e-15 
0.135 6.06293e-15 
0.1325 5.87616e-15 
0.14 6.44513e-15 
0.1375 6.25263e-15 
0.145 6.83795e-15 
0.1425 6.64028e-15 
0.15 7.24013e-15 
0.1475 7.03795e-15 
0.155 7.65027e-15 
0.1525 7.4443e-15 
0.16 8.06678e-15 
0.1575 7.85783e-15 
0.165 8.48792e-15 
0.1625 8.27688e-15 
0.17 8.91178e-15 
0.1675 8.69963e-15 
0.175 9.33632e-15 
0.1725 9.1241e-15 
0.18 9.75933e-15 
0.1775 9.54816e-15 
0.185 1.01785e-14 
0.1825 9.96954e-15 
0.19 1.05913e-14 
0.1875 1.03858e-14 
0.195 1.09953e-14 
0.1925 1.07946e-14 
0.2 1.13878e-14 
0.1975 1.11931e-14 
0.205 1.17661e-14 
0.2025 1.15789e-14 
0.21 1.21275e-14 
0.2075 1.19491e-14 
0.215 1.24693e-14 
0.2125 1.2301e-14 
0.22 1.2789e-14 
0.2175 1.26321e-14 
0.225 1.30838e-14 
0.2225 1.29396e-14 
0.23 1.33513e-14 
0.2275 1.32211e-14 
0.235 1.35893e-14 
0.2325 1.34741e-14 
0.24 1.37956e-14 
0.2375 1.36965e-14 
0.245 1.39684e-14 
0.2425 1.38863e-14 
0.25 1.41062e-14 
0.2475 1.40417e-14 
0.255 1.42077e-14 
0.2525 1.41615e-14 
0.26 1.42722e-14 
0.2575 1.42446e-14 
0.265 1.42992e-14 
0.2625 1.42904e-14 
0.27 1.42889e-14 
0.2675 1.42987e-14 
0.275 1.42416e-14 
0.2725 1.42698e-14 
0.28 1.41586e-14 
0.2775 1.42045e-14 
0.285 1.40414e-14 
0.2825 1.41042e-14 
0.29 1.38922e-14 
0.2875 1.39706e-14 
0.295 1.37135e-14 
0.2925 1.38063e-14 
0.3 1.35086e-14 
0.2975 1.36141e-14 
0.305 1.32812e-14 
0.3025 1.33975e-14 
0.31 1.30355e-14 
0.3075 1.31604e-14 
0.315 1.27759e-14 
0.3125 1.29071e-14 
0.32 1.25076e-14 
0.3175 1.26425e-14 
0.325 1.22356e-14 
0.3225 1.23717e-14 
0.33 1.19656e-14 
0.3275 1.21e-14 
0.335 1.1703e-14 
0.3325 1.1833e-14 
0.34 1.14537e-14 
0.3375 1.15764e-14 
0.345 1.12234e-14 
0.3425 1.13358e-14 
0.35 1.10176e-14 
0.3475 1.11171e-14 
0.355 1.08419e-14 
0.3525 1.09256e-14 
0.36 1.07015e-14 
0.3575 1.07669e-14 
0.365 1.06015e-14 
0.3625 1.06461e-14 
0.37 1.05467e-14 
0.3675 1.05682e-14 
0.375 1.05418e-14 
0.3725 1.05378e-14 
0.38 1.05908e-14 
0.3775 1.05593e-14 
0.385 1.06981e-14 
0.3825 1.06369e-14 
0.39 1.08674e-14 
0.3875 1.07747e-14 
0.395 1.11026e-14 
0.3925 1.09765e-14 
0.4 1.14075e-14 
0.3975 1.12461e-14 
0.405 1.1786e-14 
0.4025 1.15873e-14 
0.41 1.22421e-14 
0.4075 1.20041e-14 
0.415 1.27801e-14 
0.4125 1.25006e-14 
0.42 1.34048e-14 
0.4175 1.30813e-14 
0.425 1.41214e-14 
0.4225 1.37512e-14 
0.43 1.49357e-14 
0.4275 1.45159e-14 
0.435 1.58544e-14 
0.4325 1.53816e-14 
0.44 1.6885e-14 
0.4375 1.63552e-14 
0.445 1.80361e-14 
0.4425 1.74449e-14 
0.45 1.93174e-14 
0.4475 1.86598e-14 
0.455 2.07401e-14 
0.4525 2.00103e-14 
0.46 2.23169e-14 
0.4575 2.15084e-14 
0.465 2.40621e-14 
0.4625 2.31674e-14 
0.47 2.59924e-14 
0.4675 2.5003e-14 
0.475 2.81264e-14 
0.4725 2.70326e-14 
0.48 3.04853e-14 
0.4775 2.92763e-14 
0.485 3.30935e-14 
0.4825 3.17566e-14 
0.49 3.59784e-14 
0.4875 3.44995e-14 
0.495 3.91713e-14 
0.4925 3.75342e-14 
0.5 4.27077e-14 
0.4975 4.08941e-14 
0.505 4.66279e-14 
0.5025 4.46171e-14 
0.51 5.0978e-14 
0.5075 4.87461e-14 
0.515 5.581e-14 
0.5125 5.33302e-14 
0.52 6.11831e-14 
0.5175 5.84249e-14 
0.525 6.71647e-14 
0.5225 6.40933e-14 
0.53 7.3831e-14 
0.5275 7.04071e-14 
0.535 8.1269e-14 
0.5325 7.74477e-14 
0.54 8.95771e-14 
0.5375 8.53076e-14 
0.545 9.88672e-14 
0.5425 9.40918e-14 
0.55 1.09266e-13 
0.5475 1.03919e-13 
0.555 1.20918e-13 
0.5525 1.14926e-13 
0.56 1.33986e-13 
0.5575 1.27264e-13 
0.565 1.48655e-13 
0.5625 1.41108e-13 
0.57 1.65136e-13 
0.5675 1.56655e-13 
0.575 1.83665e-13 
0.5725 1.74128e-13 
0.58 2.04513e-13 
0.5775 1.93781e-13 
0.585 2.27985e-13 
0.5825 2.15901e-13 
0.59 2.54427e-13 
0.5875 2.40812e-13 
0.595 2.84231e-13 
0.5925 2.68882e-13 
0.6 3.17839e-13 
0.5975 3.00529e-13 
0.605 3.55755e-13 
0.6025 3.36225e-13 
0.61 3.98546e-13 
0.6075 3.76502e-13 
0.615 4.46856e-13 
0.6125 4.21967e-13 
0.62 5.01414e-13 
0.6175 4.73305e-13 
0.625 5.63043e-13 
0.6225 5.31289e-13 
0.63 6.32678e-13 
0.6275 5.96797e-13 
0.635 7.11374e-13 
0.6325 6.70822e-13 
0.64 8.00326e-13 
0.6375 7.54487e-13 
0.645 9.00888e-13 
0.6425 8.49065e-13 
0.65 1.01459e-12 
0.6475 9.55994e-13 
0.655 1.14317e-12 
0.6525 1.0769e-12 
0.66 1.28858e-12 
0.6575 1.21364e-12 
0.665 1.45304e-12 
0.6625 1.36828e-12 
0.67 1.63907e-12 
0.6675 1.54319e-12 
0.675 1.84951e-12 
0.6725 1.74105e-12 
0.68 2.08757e-12 
0.6775 1.96487e-12 
0.685 2.3569e-12 
0.6825 2.21808e-12 
0.69 2.66162e-12 
0.6875 2.50456e-12 
0.695 3.00639e-12 
0.6925 2.82868e-12 
0.7 3.39648e-12 
0.6975 3.19541e-12 
0.705 3.83788e-12 
0.7025 3.61037e-12 
0.71 4.33735e-12 
0.7075 4.0799e-12 
0.715 4.90252e-12 
0.7125 4.6112e-12 
0.72 5.54207e-12 
0.7175 5.21242e-12 
0.725 6.2658e-12 
0.7225 5.89275e-12 
0.73 7.08479e-12 
0.7275 6.66264e-12 
0.735 8.0116e-12 
0.7325 7.53387e-12 
0.74 9.06045e-12 
0.7375 8.51981e-12 
0.745 1.02474e-11 
0.7425 9.63557e-12 
0.75 1.15907e-11 
0.7475 1.08983e-11 
0.755 1.31108e-11 
0.7525 1.23272e-11 
0.76 1.48312e-11 
0.7575 1.39444e-11 
0.765 1.67782e-11 
0.7625 1.57746e-11 
0.77 1.89817e-11 
0.7675 1.78459e-11 
0.775 2.14754e-11 
0.7725 2.019e-11 
0.78 2.42977e-11 
0.7775 2.28429e-11 
0.785 2.74918e-11 
0.7825 2.58453e-11 
0.79 3.11067e-11 
0.7875 2.92433e-11 
0.795 3.51978e-11 
0.7925 3.3089e-11 
0.8 3.98281e-11 
0.7975 3.74413e-11 
0.805 4.50684e-11 
0.8025 4.23672e-11 
0.81 5.09992e-11 
0.8075 4.79421e-11 
0.815 5.77116e-11 
0.8125 5.42516e-11 
0.82 6.53085e-11 
0.8175 6.13925e-11 
0.825 7.39065e-11 
0.8225 6.94745e-11 
0.83 8.36376e-11 
0.8275 7.86215e-11 
0.835 9.46511e-11 
0.8325 8.89739e-11 
0.84 1.07116e-10 
0.8375 1.00691e-10 
0.845 1.21224e-10 
0.8425 1.13952e-10 
0.85 1.37191e-10 
0.8475 1.2896e-10 
0.855 1.55262e-10 
0.8525 1.45947e-10 
0.86 1.75715e-10 
0.8575 1.65172e-10 
0.865 1.98864e-10 
0.8625 1.86932e-10 
0.87 2.25064e-10 
0.8675 2.11559e-10 
0.875 2.54718e-10 
0.8725 2.39432e-10 
0.88 2.8828e-10 
0.8775 2.7098e-10 
0.885 3.26266e-10 
0.8825 3.06685e-10 
0.89 3.69259e-10 
0.8875 3.47097e-10 
0.895 4.17919e-10 
0.8925 3.92836e-10 
0.9 4.72994e-10 
0.8975 4.44604e-10 
0.905 5.35328e-10 
0.9025 5.03196e-10 
0.91 6.0588e-10 
0.9075 5.69512e-10 
0.915 6.85732e-10 
0.9125 6.4457e-10 
0.92 7.76111e-10 
0.9175 7.29523e-10 
0.925 8.78404e-10 
0.9225 8.25674e-10 
0.93 9.94183e-10 
0.9275 9.34502e-10 
0.935 1.12523e-09 
0.9325 1.05768e-09 
0.94 1.27354e-09 
0.9375 1.19709e-09 
0.945 1.44142e-09 
0.9425 1.35488e-09 
0.95 1.63142e-09 
0.9475 1.53348e-09 
0.955 1.84648e-09 
0.9525 1.73562e-09 
0.96 2.08989e-09 
0.9575 1.96442e-09 
0.965 2.36539e-09 
0.9625 2.22337e-09 
0.97 2.67722e-09 
0.9675 2.51648e-09 
0.975 3.03016e-09 
0.9725 2.84823e-09 
0.98 3.42964e-09 
0.9775 3.22372e-09 
0.985 3.88179e-09 
0.9825 3.64872e-09 
0.99 4.39356e-09 
0.9875 4.12976e-09 
0.995 4.97282e-09 
0.9925 4.67422e-09 
1 5.62845e-09 
0.9975 5.29049e-09 
1.005 6.37054e-09 
1.0025 5.98801e-09 
1.01 7.21049e-09 
1.0075 6.77752e-09 
1.015 8.1612e-09 
1.0125 7.67113e-09 
1.02 9.23728e-09 
1.0175 8.68259e-09 
1.025 1.04553e-08 
1.0225 9.82742e-09 
1.03 1.18339e-08 
1.0275 1.11232e-08 
1.035 1.33943e-08 
1.0325 1.25899e-08 
1.04 1.51605e-08 
1.0375 1.42501e-08 
1.045 1.71596e-08 
1.0425 1.61291e-08 
1.05 1.94224e-08 
1.0475 1.8256e-08 
1.055 2.19837e-08 
1.0525 2.06634e-08 
1.06 2.48827e-08 
1.0575 2.33883e-08 
1.065 2.81641e-08 
1.0625 2.64726e-08 
1.07 3.18782e-08 
1.0675 2.99636e-08 
1.075 3.60823e-08 
1.0725 3.39152e-08 
1.08 4.08409e-08 
1.0775 3.83879e-08 
1.085 4.62271e-08 
1.0825 4.34506e-08 
1.09 5.23238e-08 
1.0875 4.9181e-08 
1.095 5.92247e-08 
1.0925 5.56674e-08 
1.1 6.70358e-08 
1.0975 6.30093e-08 
1.105 7.58774e-08 
1.1025 7.13197e-08 
1.11 8.58853e-08 
1.1075 8.07264e-08 
1.115 9.72135e-08 
1.1125 9.1374e-08 
1.12 1.10036e-07 
1.1175 1.03426e-07 
1.125 1.2455e-07 
1.1225 1.17068e-07 
1.13 1.40979e-07 
1.1275 1.3251e-07 
1.135 1.59576e-07 
1.1325 1.49989e-07 
1.14 1.80626e-07 
1.1375 1.69775e-07 
1.145 2.04453e-07 
1.1425 1.9217e-07 
1.15 2.31424e-07 
1.1475 2.17521e-07 
1.155 2.61954e-07 
1.1525 2.46216e-07 
1.16 2.96512e-07 
1.1575 2.78697e-07 
1.165 3.3563e-07 
1.1625 3.15465e-07 
1.17 3.7991e-07 
1.1675 3.57084e-07 
1.175 4.30034e-07 
1.1725 4.04196e-07 
1.18 4.86773e-07 
1.1775 4.57524e-07 
1.185 5.50999e-07 
1.1825 5.17891e-07 
1.19 6.23702e-07 
1.1875 5.86224e-07 
1.195 7.06002e-07 
1.1925 6.63577e-07 
1.2 7.99164e-07 
1.1975 7.51139e-07 
1.205 9.04623e-07 
1.2025 8.50259e-07 
1.21 1.024e-06 
1.2075 9.62464e-07 
1.215 1.15915e-06 
1.2125 1.08948e-06 
1.22 1.31213e-06 
1.2175 1.23327e-06 
1.225 1.48531e-06 
1.2225 1.39604e-06 
1.23 1.68136e-06 
1.2275 1.5803e-06 
1.235 1.90331e-06 
1.2325 1.78889e-06 
1.24 2.15456e-06 
1.2375 2.02504e-06 
1.245 2.439e-06 
1.2425 2.29237e-06 
1.25 2.76101e-06 
1.2475 2.59501e-06 
1.255 3.12556e-06 
1.2525 2.93763e-06 
1.26 3.53829e-06 
1.2575 3.32553e-06 
1.265 4.00555e-06 
1.2625 3.76467e-06 
1.27 4.53457e-06 
1.2675 4.26185e-06 
1.275 5.13352e-06 
1.2725 4.82475e-06 
1.28 5.81166e-06 
1.2775 5.46207e-06 
1.285 6.57948e-06 
1.2825 6.18365e-06 
1.29 7.44885e-06 
1.2875 7.00066e-06 
1.295 8.43323e-06 
1.2925 7.92575e-06 
1.3 9.54788e-06 
1.2975 8.97324e-06 
1.305 1.08101e-05 
1.3025 1.01594e-05 
1.31 1.22394e-05 
1.3075 1.15025e-05 
1.315 1.3858e-05 
1.3125 1.30235e-05 
1.32 1.56911e-05 
1.3175 1.4746e-05 
1.325 1.77672e-05 
1.3225 1.66968e-05 
1.33 2.01185e-05 
1.3275 1.89062e-05 
1.335 2.27818e-05 
1.3325 2.14087e-05 
1.34 2.57986e-05 
1.3375 2.42432e-05 
1.345 2.92161e-05 
1.3425 2.74541e-05 
1.35 3.30877e-05 
1.3475 3.10915e-05 
1.355 3.74741e-05 
1.3525 3.52124e-05 
1.36 4.24442e-05 
1.3575 3.98815e-05 
1.365 4.80762e-05 
1.3625 4.51722e-05 
1.37 5.44589e-05 
1.3675 5.11677e-05 
1.375 6.16932e-05 
1.3725 5.79628e-05 
1.38 6.98936e-05 
1.3775 6.56649e-05 
1.385 7.91904e-05 
1.3825 7.43962e-05 
1.39 8.97317e-05 
1.3875 8.42955e-05 
1.395 0.000101686 
1.3925 9.55207e-05 
1.4 0.000115245 
1.3975 0.000108252 
1.405 0.000130626 
1.4025 0.000122693 
1.41 0.000148079 
1.4075 0.000139077 
1.415 0.000167886 
1.4125 0.000157669 
1.42 0.00019037 
1.4175 0.000178771 
1.425 0.0002159 
1.4225 0.000202729 
1.43 0.000244895 
1.4275 0.000229936 
1.435 0.000277837 
1.4325 0.00026084 
1.44 0.000315273 
1.4375 0.000295956 
1.445 0.000357832 
1.4425 0.00033587 
1.45 0.000406231 
1.4475 0.000381253 
1.455 0.000461293 
1.4525 0.000432873 
1.46 0.000523962 
1.4575 0.000491613 
1.465 0.000595318 
1.4625 0.00055848 
1.47 0.000676603 
1.4675 0.000634635 
1.475 0.000769243 
1.4725 0.000721406 
1.48 0.000874878 
1.4775 0.000820325 
1.485 0.000995393 
1.4825 0.000933147 
1.49 0.00113296 
1.4875 0.0010619 
1.495 0.00129008 
1.4925 0.0012089 
1.5 0.00146963 
1.4975 0.00137685 
1.505 0.00167493 
1.5025 0.00156884 
1.51 0.00190982 
1.5075 0.00178842 
1.515 0.00217872 
1.5125 0.00203972 
1.52 0.00248671 
1.5175 0.00232748 
1.525 0.00283967 
1.5225 0.00265717 
1.53 0.00324439 
1.5275 0.0030351 
1.535 0.00370866 
1.5325 0.00346855 
1.54 0.00424147 
1.5375 0.00396588 
1.545 0.00485314 
1.5425 0.00453674 
1.55 0.00555555 
1.5475 0.0051922 
1.555 0.00636228 
1.5525 0.00594495 
1.56 0.00728888 
1.5575 0.00680954 
1.565 0.00835308 
1.5625 0.00780258 
1.57 0.00957503 
1.5675 0.00894297 
1.575 0.0109776 
1.5725 0.0102522 
1.58 0.0125865 
1.5775 0.0117545 
1.585 0.0144307 
1.5825 0.0134773 
1.59 0.0165426 
1.5875 0.015451 
1.595 0.0189579 
1.5925 0.0177099 
1.6 0.0217162 
1.5975 0.0202915 
1.605 0.0248608 
1.6025 0.0232374 
1.61 0.0284385 
1.6075 0.0265924 
1.615 0.0324998 
1.6125 0.0304054 
1.62 0.037098 
1.6175 0.0347283 
1.625 0.0422895 
1.6225 0.039616 
1.63 0.0481324 
1.6275 0.0451258 
1.635 0.0546863 
1.6325 0.0513167 
1.64 0.062011 
1.6375 0.0582486 
1.645 0.0701658 
1.6425 0.065981 
1.65 0.079208 
1.6475 0.0745725 
1.655 0.089192 
1.6525 0.084079 
1.66 0.100168 
1.6575 0.0945529 
1.665 0.11218 
1.6625 0.106042 
1.67 0.125266 
1.6675 0.118586 
1.675 0.139456 
1.6725 0.132221 
1.68 0.15477 
1.6775 0.146971 
1.685 0.17122 
1.6825 0.162853 
1.69 0.188805 
1.6875 0.179871 
1.695 0.207512 
1.6925 0.19802 
1.7 0.227316 
1.6975 0.217279 
1.705 0.248177 
1.7025 0.237617 
1.71 0.270043 
1.7075 0.258988 
1.715 0.292845 
1.7125 0.281332 
1.72 0.316504 
1.7175 0.304574 
1.725 0.340925 
1.7225 0.328626 
1.73 0.366001 
1.7275 0.353388 
1.735 0.391614 
1.7325 0.378748 
1.74 0.417637 
1.7375 0.404582 
1.745 0.443939 
1.7425 0.430762 
1.75 0.47038 
1.7475 0.457151 
1.755 0.496822 
1.7525 0.48361 
1.76 0.523127 
1.7575 0.51 
1.765 0.549162 
1.7625 0.536187 
1.77 0.574798 
1.7675 0.562038 
1.775 0.599918 
1.7725 0.58743 
1.78 0.624414 
1.7775 0.61225 
1.785 0.648189 
1.7825 0.636397 
1.79 0.671161 
1.7875 0.65978 
1.795 0.693263 
1.7925 0.682325 
1.8 0.714439 
1.7975 0.703969 
1.805 0.734648 
1.8025 0.724666 
1.81 0.753862 
1.8075 0.744381 
1.815 0.772067 
1.8125 0.763091 
1.82 0.789257 
1.8175 0.780789 
1.825 0.80544 
1.8225 0.797474 
1.83 0.820628 
1.8275 0.813157 
1.835 0.834845 
1.8325 0.827856 
1.84 0.848119 
1.8375 0.841598 
1.845 0.860482 
1.8425 0.854412 
1.85 0.871973 
1.8475 0.866334 
1.855 0.88263 
1.8525 0.877403 
1.86 0.892497 
1.8575 0.88766 
1.865 0.901615 
1.8625 0.897146 
1.87 0.910028 
1.8675 0.905907 
1.875 0.917779 
1.8725 0.913983 
1.88 0.92491 
1.8775 0.921419 
1.885 0.931464 
1.8825 0.928257 
1.89 0.937479 
1.8875 0.934536 
1.895 0.942995 
1.8925 0.940297 
1.9 0.948047 
1.8975 0.945577 
1.905 0.952672 
1.9025 0.950411 
1.91 0.956901 
1.9075 0.954834 
1.915 0.960766 
1.9125 0.958877 
1.92 0.964296 
1.9175 0.962571 
1.925 0.967517 
1.9225 0.965943 
1.93 0.970456 
1.9275 0.96902 
1.935 0.973135 
1.9325 0.971827 
1.94 0.975577 
1.9375 0.974384 
1.945 0.977801 
1.9425 0.976715 
1.95 0.979827 
1.9475 0.978838 
1.955 0.98167 
1.9525 0.98077 
1.96 0.983348 
1.9575 0.982529 
1.965 0.984874 
1.9625 0.984129 
1.97 0.986262 
1.9675 0.985584 
1.975 0.987524 
1.9725 0.986908 
1.98 0.988671 
1.9775 0.988111 
1.985 0.989714 
1.9825 0.989205 
1.99 0.990662 
1.9875 0.990199 
1.995 0.991523 
1.9925 0.991103 
2 0.992305 
1.9975 0.991923 
2.005 0.993015 
2.0025 0.992669 
2.01 0.993661 
2.0075 0.993346 
2.015 0.994247 
2.0125 0.993961 
2.02 0.994779 
2.0175 0.994519 
2.025 0.995262 
2.0225 0.995026 
2.03 0.9957 
2.0275 0.995486 
2.035 0.996098 
2.0325 0.995904 
2.04 0.99646 
2.0375 0.996283 
2.045 0.996788 
2.0425 0.996628 
2.05 0.997085 
2.0475 0.99694 
2.055 0.997355 
2.0525 0.997224 
2.06 0.997601 
2.0575 0.997481 
2.065 0.997823 
2.0625 0.997715 
2.07 0.998025 
2.0675 0.997926 
2.075 0.998208 
2.0725 0.998119 
2.08 0.998374 
2.0775 0.998293 
2.085 0.998525 
2.0825 0.998452 
2.09 0.998662 
2.0875 0.998595 
2.095 0.998786 
2.0925 0.998725 
2.1 0.998899 
2.0975 0.998844 
2.105 0.999001 
2.1025 0.998951 
2.11 0.999093 
2.1075 0.999048 
2.115 0.999178 
2.1125 0.999137 
2.12 0.999254 
2.1175 0.999217 
2.125 0.999323 
2.1225 0.999289 
2.13 0.999386 
2.1275 0.999355 
2.135 0.999442 
2.1325 0.999415 
2.14 0.999494 
2.1375 0.999469 
2.145 0.999541 
2.1425 0.999518 
2.15 0.999583 
2.1475 0.999563 
2.155 0.999622 
2.1525 0.999603 
2.16 0.999656 
2.1575 0.999639 
2.165 0.999688 
2.1625 0.999673 
2.17 0.999717 
2.1675 0.999703 
2.175 0.999743 
2.1725 0.99973 
2.18 0.999766 
2.1775 0.999755 
2.185 0.999787 
2.1825 0.999777 
2.19 0.999806 
2.1875 0.999797 
2.195 0.999824 
2.1925 0.999815 
2.2 0.999839 
2.1975 0.999832 
2.205 0.999854 
2.2025 0.999847 
2.21 0.999866 
2.2075 0.99986 
2.215 0.999878 
2.2125 0.999872 
2.22 0.999888 
2.2175 0.999883 
2.225 0.999898 
2.2225 0.999893 
2.23 0.999906 
2.2275 0.999902 
2.235 0.999913 
2.2325 0.99991 
2.24 0.99992 
2.2375 0.999917 
2.245 0.999926 
2.2425 0.999923 
2.25 0.999931 
2.2475 0.999928 
2.255 0.999935 
2.2525 0.999933 
2.26 0.999939 
2.2575 0.999937 
2.265 0.999943 
2.2625 0.999941 
2.27 0.999945 
2.2675 0.999944 
2.275 0.999948 
2.2725 0.999946 
2.28 0.999949 
2.2775 0.999949 
2.285 0.999951 
2.2825 0.99995 
2.29 0.999951 
2.2875 0.999951 
2.295 0.999952 
2.2925 0.999952 
2.3 0.999952 
2.2975 0.999952 
2.305 0.999951 
2.3025 0.999952 
2.31 0.99995 
2.3075 0.999951 
2.315 0.999949 
2.3125 0.99995 
2.32 0.999947 
2.3175 0.999948 
2.325 0.999945 
2.3225 0.999946 
2.33 0.999942 
2.3275 0.999944 
2.335 0.999939 
2.3325 0.999941 
2.34 0.999935 
2.3375 0.999937 
2.345 0.999931 
2.3425 0.999933 
2.35 0.999926 
2.3475 0.999928 
2.355 0.99992 
2.3525 0.999923 
2.36 0.999913 
2.3575 0.999917 
2.365 0.999906 
2.3625 0.99991 
2.37 0.999898 
2.3675 0.999902 
2.375 0.999889 
2.3725 0.999894 
2.38 0.999879 
2.3775 0.999885 
2.385 0.999869 
2.3825 0.999874 
2.39 0.999856 
2.3875 0.999863 
2.395 0.999843 
2.3925 0.99985 
2.4 0.999828 
2.3975 0.999836 
2.405 0.999812 
2.4025 0.99982 
2.41 0.999794 
2.4075 0.999803 
2.415 0.999775 
2.4125 0.999785 
2.42 0.999753 
2.4175 0.999764 
2.425 0.999729 
2.4225 0.999741 
2.43 0.999703 
2.4275 0.999716 
2.435 0.999674 
2.4325 0.999689 
2.44 0.999642 
2.4375 0.999659 
2.445 0.999607 
2.4425 0.999625 
2.45 0.999569 
2.4475 0.999589 
2.455 0.999527 
2.4525 0.999549 
2.46 0.999481 
2.4575 0.999505 
2.465 0.99943 
2.4625 0.999456 
2.47 0.999375 
2.4675 0.999403 
2.475 0.999313 
2.4725 0.999345 
2.48 0.999246 
2.4775 0.99928 
2.485 0.999172 
2.4825 0.99921 
2.49 0.999091 
2.4875 0.999133 
2.495 0.999002 
2.4925 0.999048 
2.5 0.998904 
2.4975 0.998954 
2.505 0.998797 
2.5025 0.998852 
2.51 0.998679 
2.5075 0.998739 
2.515 0.99855 
2.5125 0.998616 
2.52 0.998408 
2.5175 0.99848 
2.525 0.998251 
2.5225 0.998331 
2.53 0.99808 
2.5275 0.998168 
2.535 0.997892 
2.5325 0.997988 
2.54 0.997686 
2.5375 0.997791 
2.545 0.997459 
2.5425 0.997575 
2.55 0.99721 
2.5475 0.997337 
2.555 0.996937 
2.5525 0.997076 
2.56 0.996637 
2.5575 0.99679 
2.565 0.996307 
2.5625 0.996476 
2.57 0.995946 
2.5675 0.996131 
2.575 0.995549 
2.5725 0.995752 
2.58 0.995114 
2.5775 0.995337 
2.585 0.994636 
2.5825 0.994881 
2.59 0.994112 
2.5875 0.99438 
2.595 0.993537 
2.5925 0.993831 
2.6 0.992906 
2.5975 0.993229 
2.605 0.992213 
2.6025 0.992567 
2.61 0.991454 
2.6075 0.991842 
2.615 0.990621 
2.6125 0.991047 
2.62 0.989707 
2.6175 0.990174 
2.625 0.988705 
2.6225 0.989217 
2.63 0.987606 
2.6275 0.988168 
2.635 0.986402 
2.6325 0.987018 
2.64 0.985082 
2.6375 0.985757 
2.645 0.983636 
2.6425 0.984376 
2.65 0.982052 
2.6475 0.982862 
2.655 0.980317 
2.6525 0.981204 
2.66 0.978417 
2.6575 0.979388 
2.665 0.976337 
2.6625 0.9774 
2.67 0.974061 
2.6675 0.975225 
2.675 0.971572 
2.6725 0.972844 
2.68 0.96885 
2.6775 0.970241 
2.685 0.965875 
2.6825 0.967395 
2.69 0.962625 
2.6875 0.964286 
2.695 0.959077 
2.6925 0.96089 
2.7 0.955206 
2.6975 0.957184 
2.705 0.950984 
2.7025 0.953141 
2.71 0.946385 
2.7075 0.948734 
2.715 0.941376 
2.7125 0.943934 
2.72 0.935928 
2.7175 0.938709 
2.725 0.930007 
2.7225 0.933029 
2.73 0.923578 
2.7275 0.926858 
2.735 0.916607 
2.7325 0.920163 
2.74 0.909055 
2.7375 0.912906 
2.745 0.900887 
2.7425 0.905051 
2.75 0.892064 
2.7475 0.89656 
2.755 0.88255 
2.7525 0.887396 
2.76 0.872307 
2.7575 0.877521 
2.765 0.861299 
2.7625 0.866901 
2.77 0.849495 
2.7675 0.855499 
2.775 0.836863 
2.7725 0.843284 
2.78 0.823377 
2.7775 0.830228 
2.785 0.809014 
2.7825 0.816306 
2.79 0.793758 
2.7875 0.801498 
2.795 0.777599 
2.7925 0.785792 
2.8 0.760535 
2.7975 0.76918 
2.805 0.742573 
2.8025 0.751666 
2.81 0.723729 
2.8075 0.73326 
2.815 0.704029 
2.8125 0.713984 
2.82 0.68351 
2.8175 0.693869 
2.825 0.66222 
2.8225 0.672958 
2.83 0.640219 
2.8275 0.651304 
2.835 0.617577 
2.8325 0.628973 
2.84 0.594374 
2.8375 0.60604 
2.845 0.570701 
2.8425 0.58259 
2.85 0.546655 
2.8475 0.558718 
2.855 0.522342 
2.8525 0.534525 
2.86 0.49787 
2.8575 0.510118 
2.865 0.473352 
2.8625 0.485609 
2.87 0.448902 
2.8675 0.461111 
2.875 0.424631 
2.8725 0.436737 
2.88 0.400648 
2.8775 0.412597 
2.885 0.377056 
2.8825 0.388797 
2.89 0.353953 
2.8875 0.365438 
2.895 0.331426 
2.8925 0.342612 
2.9 0.309554 
2.8975 0.320404 
2.905 0.288406 
2.9025 0.298886 
2.91 0.268038 
2.9075 0.278121 
2.915 0.248498 
2.9125 0.258162 
2.92 0.229822 
2.9175 0.23905 
2.925 0.212034 
2.9225 0.220816 
2.93 0.195151 
2.9275 0.203479 
2.935 0.179179 
2.9325 0.187051 
2.94 0.164115 
2.9375 0.171534 
2.945 0.149952 
2.9425 0.156922 
2.95 0.136673 
2.9475 0.143203 
2.955 0.124259 
2.9525 0.130359 
2.96 0.112683 
2.9575 0.118368 
2.965 0.10192 
2.9625 0.107202 
2.97 0.0919363 
2.9675 0.0968323 
2.975 0.0827014 
2.9725 0.0872274 
2.98 0.0741812 
2.9775 0.078354 
2.985 0.0663417 
2.9825 0.0701785 
2.99 0.0591487 
2.9875 0.0626665 
2.995 0.0525682 
2.9925 0.055784 
3 0.0465666 
2.9975 0.0494971 
3.005 0.041111 
3.0025 0.0437726 
3.01 0.036169 
3.0075 0.0385778 
3.015 0.0317088 
3.0125 0.0338806 
3.02 0.0276993 
3.0175 0.0296497 
3.025 0.0241099 
3.0225 0.025854 
3.03 0.0209105 
3.0275 0.0224633 
3.035 0.0180715 
3.0325 0.0194478 
3.04 0.0155639 
3.0375 0.0167781 
3.045 0.0133592 
3.0425 0.0144254 
3.05 0.0114298 
3.0475 0.0123618 
3.055 0.00974897 
3.0525 0.0105599 
3.06 0.00829117 
3.0575 0.00899374 
3.065 0.00703214 
3.0625 0.00763827 
3.07 0.00594913 
3.0675 0.00646999 
3.075 0.00502105 
3.0725 0.00546698 
3.08 0.00422851 
3.0775 0.00460898 
3.085 0.0035539 
3.0825 0.00387749 
3.09 0.00298137 
3.0875 0.0032558 
3.095 0.0024968 
3.0925 0.00272891 
3.1 0.00208768 
3.0975 0.00228353 
3.105 0.00174304 
3.1025 0.00190793 
3.11 0.00145331 
3.1075 0.00159186 
3.115 0.00121019 
3.1125 0.0013264 
3.12 0.00100653 
3.1175 0.00110383 
3.125 0.000836197 
3.1225 0.000917546 
3.13 0.000693936 
3.1275 0.000761853 
3.135 0.000575282 
3.1325 0.00063191 
3.14 0.000476441 
3.1375 0.000523598 
3.145 0.000394202 
3.1425 0.000433426 
3.15 0.000325851 
3.1475 0.000358442 
3.155 0.000269104 
3.1525 0.000296155 
3.16 0.000222039 
3.1575 0.000244469 
3.165 0.000183042 
3.1625 0.000201622 
3.17 0.000150761 
3.1675 0.000166138 
3.175 0.000124065 
3.1725 0.000136778 
3.18 0.000102007 
3.1775 0.000112509 
3.185 8.3798e-05 
3.1825 9.24653e-05 
3.19 6.87799e-05 
3.1875 7.59267e-05 
3.195 5.64045e-05 
3.1925 6.22923e-05 
3.2 4.62156e-05 
3.1975 5.1062e-05 
3.205 3.78343e-05 
3.2025 4.182e-05 
3.21 3.0946e-05 
3.2075 3.4221e-05 
3.215 2.52897e-05 
3.2125 2.79783e-05 
3.22 2.06491e-05 
3.2175 2.28544e-05 
3.225 1.68452e-05 
3.2225 1.86525e-05 
3.23 1.37298e-05 
3.2275 1.52096e-05 
3.235 1.11807e-05 
3.2325 1.23912e-05 
3.24 9.09665e-06 
3.2375 1.00861e-05 
3.245 7.39442e-06 
3.2425 8.20241e-06 
3.25 6.00529e-06 
3.2475 6.6645e-06 
3.255 4.87269e-06 
3.2525 5.41004e-06 
3.26 3.95008e-06 
3.2575 4.3877e-06 
3.265 3.19922e-06 
3.2625 3.55529e-06 
3.27 2.5887e-06 
3.2675 2.87815e-06 
3.275 2.09274e-06 
3.2725 2.32782e-06 
3.28 1.69022e-06 
3.2775 1.88096e-06 
3.285 1.36385e-06 
3.2825 1.51847e-06 
3.29 1.09946e-06 
3.2875 1.22468e-06 
3.295 8.8548e-07 
3.2925 9.86801e-07 
3.3 7.12471e-07 
3.2975 7.94372e-07 
3.305 5.72717e-07 
3.3025 6.38859e-07 
3.31 4.59935e-07 
3.3075 5.13299e-07 
3.315 3.69007e-07 
3.3125 4.12019e-07 
3.32 2.95769e-07 
3.3175 3.30404e-07 
3.325 2.36837e-07 
3.3225 2.64699e-07 
3.33 1.89462e-07 
3.3275 2.11854e-07 
3.335 1.51415e-07 
3.3325 1.69394e-07 
3.34 1.2089e-07 
3.3375 1.35311e-07 
3.345 9.64234e-08 
3.3425 1.07979e-07 
3.35 7.68325e-08 
3.3475 8.60829e-08 
3.355 6.11613e-08 
3.3525 6.8559e-08 
3.36 4.86381e-08 
3.3575 5.45482e-08 
3.365 3.86404e-08 
3.3625 4.33574e-08 
3.37 3.06671e-08 
3.3675 3.44279e-08 
3.375 2.43145e-08 
3.3725 2.73101e-08 
3.38 1.92585e-08 
3.3775 2.1642e-08 
3.385 1.52384e-08 
3.3825 1.71331e-08 
3.39 1.20453e-08 
3.3875 1.35498e-08 
3.395 9.51158e-09 
3.3925 1.07051e-08 
3.4 7.5032e-09 
3.3975 8.44898e-09 
3.405 5.91285e-09 
3.4025 6.66156e-09 
3.41 4.65482e-09 
3.4075 5.24692e-09 
3.415 3.66069e-09 
3.4125 4.12846e-09 
3.42 2.87593e-09 
3.4175 3.24508e-09 
3.425 2.25707e-09 
3.4225 2.5481e-09 
3.43 1.76955e-09 
3.4275 1.99876e-09 
3.435 1.38591e-09 
3.4325 1.56623e-09 
3.44 1.08431e-09 
3.4375 1.22603e-09 
3.445 8.4747e-10 
3.4425 9.58727e-10 
3.45 6.61673e-10 
3.4475 7.48927e-10 
3.455 5.16072e-10 
3.4525 5.8443e-10 
3.46 4.02091e-10 
3.4575 4.55589e-10 
3.465 3.12957e-10 
3.4625 3.54781e-10 
3.47 2.43328e-10 
3.4675 2.75991e-10 
3.475 1.88993e-10 
3.4725 2.14474e-10 
3.48 1.46637e-10 
3.4775 1.66494e-10 
3.485 1.13654e-10 
3.4825 1.29113e-10 
3.49 8.79975e-11 
3.4875 1.00019e-10 
3.495 6.80613e-11 
3.4925 7.74001e-11 
3.5 5.25864e-11 
3.4975 5.98333e-11 
3.505 4.05872e-11 
3.5025 4.62048e-11 
3.51 3.1293e-11 
3.5075 3.5643e-11 
3.515 2.41017e-11 
3.5125 2.74665e-11 
3.52 1.85434e-11 
3.5175 2.11434e-11 
3.525 1.42519e-11 
3.5225 1.62587e-11 
3.53 1.0942e-11 
3.5275 1.24894e-11 
3.535 8.39197e-12 
3.5325 9.58379e-12 
3.54 6.42942e-12 
3.5375 7.34639e-12 
3.545 4.92062e-12 
3.5425 5.62538e-12 
3.55 3.76192e-12 
3.5475 4.303e-12 
3.555 2.87303e-12 
3.5525 3.288e-12 
3.56 2.19186e-12 
3.5575 2.50976e-12 
3.565 1.67042e-12 
3.5625 1.9137e-12 
3.57 1.27169e-12 
3.5675 1.45767e-12 
3.575 9.6711e-13 
3.5725 1.10913e-12 
3.58 7.34707e-13 
3.5775 8.43045e-13 
3.585 5.57563e-13 
3.5825 6.40118e-13 
3.59 4.22685e-13 
3.5875 4.85525e-13 
3.595 3.20098e-13 
3.5925 3.6788e-13 
3.6 2.42155e-13 
3.5975 2.78448e-13 
3.605 1.82999e-13 
3.6025 2.10536e-13 
3.61 1.38149e-13 
3.6075 1.59021e-13 
3.615 1.04182e-13 
3.6125 1.19985e-13 
3.62 7.84851e-14 
3.6175 9.04369e-14 
3.625 5.90647e-14 
3.6225 6.80946e-14 
3.63 4.44037e-14 
3.6275 5.12187e-14 
3.635 3.33473e-14 
3.6325 3.84853e-14 
3.64 2.50181e-14 
3.6375 2.88876e-14 
3.645 1.87501e-14 
3.6425 2.16612e-14 
3.65 1.40381e-14 
3.6475 1.62259e-14 
3.655 1.04995e-14 
3.6525 1.21421e-14 
3.66 7.845e-15 
3.6575 9.07684e-15 
3.665 5.85571e-15 
3.6625 6.77859e-15 
3.67 4.36649e-15 
3.6675 5.05718e-15 
3.675 3.25278e-15 
3.6725 3.76917e-15 
3.68 2.42075e-15 
3.6775 2.80643e-15 
3.685 1.7998e-15 
3.6825 2.08755e-15 
3.69 1.33683e-15 
3.6875 1.55132e-15 
3.695 9.92017e-16 
3.6925 1.15172e-15 
3.7 7.35449e-16 
3.6975 8.5425e-16 
3.705 5.44734e-16 
3.7025 6.33019e-16 
3.71 4.03108e-16 
3.7075 4.68652e-16 
3.715 2.98038e-16 
3.7125 3.46651e-16 
3.72 2.20162e-16 
3.7175 2.56184e-16 
3.725 1.62496e-16 
3.7225 1.89163e-16 
3.73 1.19836e-16 
3.7275 1.39559e-16 
3.735 8.83039e-17 
3.7325 1.02878e-16 
3.74 6.50188e-17 
3.7375 7.57789e-17 
3.745 4.78384e-17 
3.7425 5.57757e-17 
3.75 3.5173e-17 
3.7475 4.10231e-17 
3.755 2.58436e-17 
3.7525 3.01519e-17 
3.76 1.8977e-17 
3.7575 2.21473e-17 
3.765 1.39269e-17 
3.7625 1.62581e-17 
3.77 1.02155e-17 
3.7675 1.19284e-17 
3.775 7.48967e-18 
3.7725 8.74745e-18 
3.78 5.48905e-18 
3.7775 6.41205e-18 
3.785 4.02154e-18 
3.7825 4.69848e-18 
3.79 2.94566e-18 
3.7875 3.44188e-18 
3.795 2.15729e-18 
3.7925 2.52086e-18 
3.8 1.57982e-18 
3.7975 1.8461e-18 
3.805 1.15698e-18 
3.8025 1.35194e-18 
3.81 8.47449e-19 
3.8075 9.90161e-19 
3.815 6.20902e-19 
3.8125 7.2535e-19 
3.82 4.55105e-19 
3.8175 5.31544e-19 
3.825 3.33764e-19 
3.8225 3.89708e-19 
3.83 2.44948e-19 
3.8275 2.85898e-19 
3.835 1.79921e-19 
3.8325 2.09905e-19 
3.84 1.32293e-19 
3.8375 1.54257e-19 
3.845 9.73901e-20 
3.8425 1.13489e-19 
3.85 7.17952e-20 
3.8475 8.36031e-20 
3.855 5.301e-20 
3.8525 6.16785e-20 
3.86 3.92088e-20 
3.8575 4.55793e-20 
3.865 2.90572e-20 
3.8625 3.37448e-20 
3.87 2.15799e-20 
3.8675 2.5034e-20 
3.875 1.60637e-20 
3.8725 1.8613e-20 
3.88 1.19872e-20 
3.8775 1.38721e-20 
3.885 8.96868e-21 
3.8825 1.03651e-20 
3.89 6.72886e-21 
3.8875 7.76568e-21 
3.895 5.06298e-21 
3.8925 5.83462e-21 
3.9 3.82089e-21 
3.8975 4.39663e-21 
3.905 2.89232e-21 
3.9025 3.32305e-21 
3.91 2.1962e-21 
3.9075 2.51935e-21 
3.915 1.67281e-21 
3.9125 1.91597e-21 
3.92 1.2781e-21 
3.9175 1.46163e-21 
3.925 9.79523e-22 
3.9225 1.11847e-21 
3.93 7.52945e-22 
3.9275 8.58474e-22 
3.935 5.80462e-22 
3.9325 6.60864e-22 
3.94 4.48746e-22 
3.9375 5.10196e-22 
3.945 3.47846e-22 
3.9425 3.94958e-22 
3.95 2.70318e-22 
3.9475 3.06546e-22 
3.955 2.1057e-22 
3.9525 2.38511e-22 
3.96 1.64393e-22 
3.9575 1.86004e-22 
3.965 1.28607e-22 
3.9625 1.45367e-22 
3.97 1.00802e-22 
3.9675 1.13832e-22 
3.975 7.91448e-23 
3.9725 8.93006e-23 
3.98 6.22385e-23 
3.9775 7.01713e-23 
3.985 4.90128e-23 
3.9825 5.52219e-23 
3.99 3.86464e-23 
3.9875 4.35155e-23 
3.995 3.05066e-23 
3.9925 3.43315e-23 
4 2.4105e-23 
3.9975 2.71144e-23 
4.005 1.9063e-23 
4.0025 2.14341e-23 
4.01 1.50868e-23 
4.0075 1.69573e-23 
4.015 1.19475e-23 
4.0125 1.34247e-23 
4.02 9.46641e-24 
4.0175 1.06342e-23 
4.025 7.50382e-24 
4.0225 8.42776e-24 
4.03 5.95019e-24 
4.0275 6.68174e-24 
4.035 4.7195e-24 
4.0325 5.29907e-24 
4.04 3.74409e-24 
4.0375 4.2035e-24 
4.045 2.97066e-24 
4.0425 3.33498e-24 
4.05 2.35717e-24 
4.0475 2.64618e-24 
4.055 1.87041e-24 
4.0525 2.09973e-24 
4.06 1.48411e-24 
4.0575 1.66611e-24 
4.065 1.1775e-24 
4.0625 1.32196e-24 
4.07 9.34114e-25 
4.0675 1.04879e-24 
4.075 7.40918e-25 
4.0725 8.31944e-25 
4.08 5.87563e-25 
4.0775 6.59816e-25 
4.085 4.65842e-25 
4.0825 5.2319e-25 
4.09 3.69241e-25 
4.0875 4.14752e-25 
4.095 2.92587e-25 
4.0925 3.28699e-25 
4.1 2.31773e-25 
4.0975 2.60421e-25 
4.105 1.83537e-25 
4.1025 2.06259e-25 
4.11 1.45287e-25 
4.1075 1.63304e-25 
4.115 1.14965e-25 
4.1125 1.29246e-25 
4.12 9.0934e-26 
4.1175 1.02251e-25 
4.125 7.18958e-26 
4.1225 8.08607e-26 
4.13 5.68184e-26 
4.1275 6.39175e-26 
4.135 4.48823e-26 
4.1325 5.05018e-26 
4.14 3.54368e-26 
4.1375 3.98832e-26 
4.145 2.79653e-26 
4.1425 3.14821e-26 
4.15 2.2058e-26 
4.1475 2.48382e-26 
4.155 1.73894e-26 
4.1525 1.95863e-26 
4.16 1.37016e-26 
4.1575 1.54368e-26 
4.165 1.07899e-26 
4.1625 1.21597e-26 
4.17 8.4922e-27 
4.1675 9.57303e-27 
4.175 6.67994e-27 
4.1725 7.5323e-27 
4.18 5.25133e-27 
4.1775 5.92314e-27 
4.185 4.12576e-27 
4.1825 4.65499e-27 
4.19 3.23946e-27 
4.1875 3.65613e-27 
4.195 2.54197e-27 
4.1925 2.86982e-27 
4.2 1.99338e-27 
4.1975 2.2512e-27 
4.205 1.56218e-27 
4.2025 1.7648e-27 
4.21 1.22344e-27 
4.2075 1.38259e-27 
4.215 9.57516e-28 
4.2125 1.08243e-27 
4.22 7.48882e-28 
4.2175 8.46869e-28 
4.225 5.85304e-28 
4.2225 6.62116e-28 
4.23 4.57135e-28 
4.2275 5.1731e-28 
4.235 3.5678e-28 
4.2325 4.03888e-28 
4.24 2.78255e-28 
4.2375 3.15109e-28 
4.245 2.16855e-28 
4.2425 2.45666e-28 
4.25 1.68879e-28 
4.2475 1.91387e-28 
4.255 1.31419e-28 
4.2525 1.4899e-28 
4.26 1.02191e-28 
4.2575 1.15898e-28 
4.265 7.94021e-29 
4.2625 9.0087e-29 
4.27 6.16479e-29 
4.2675 6.99708e-29 
4.275 4.78261e-29 
4.2725 5.43042e-29 
4.28 3.7074e-29 
4.2775 4.21124e-29 
4.285 2.87163e-29 
4.2825 3.26318e-29 
4.29 2.22248e-29 
4.2875 2.52654e-29 
4.295 1.71868e-29 
4.2925 1.95461e-29 
4.3 1.32799e-29 
4.2975 1.51091e-29 
4.305 1.02527e-29 
4.3025 1.16697e-29 
4.31 7.90897e-30 
4.3075 9.00583e-30 
4.315 6.09588e-30 
4.3125 6.94421e-30 
4.32 4.69446e-30 
4.3175 5.35003e-30 
4.325 3.61214e-30 
4.3225 4.11832e-30 
4.33 2.77696e-30 
4.3275 3.16747e-30 
4.335 2.13305e-30 
4.3325 2.43406e-30 
4.34 1.63701e-30 
4.3375 1.86884e-30 
4.345 1.25523e-30 
4.3425 1.43362e-30 
4.35 9.6164e-31 
4.3475 1.09879e-30 
4.355 7.36064e-31 
4.3525 8.41417e-31 
4.36 5.62899e-31 
4.3575 6.43755e-31 
4.365 4.30087e-31 
4.3625 4.92086e-31 
4.37 3.28314e-31 
4.3675 3.75812e-31 
4.375 2.50396e-31 
4.3725 2.86752e-31 
4.38 1.90797e-31 
4.3775 2.18599e-31 
4.385 1.45249e-31 
4.3825 1.66491e-31 
4.39 1.10474e-31 
4.3875 1.26688e-31 
4.395 8.3946e-32 
4.3925 9.63115e-32 
4.4 6.3729e-32 
4.3975 7.31506e-32 
4.405 4.83358e-32 
4.4025 5.55076e-32 
4.41 3.66263e-32 
4.4075 4.20805e-32 
4.415 2.77273e-32 
4.4125 3.18713e-32 
4.42 2.09706e-32 
4.4175 2.41163e-32 
4.425 1.58454e-32 
4.4225 1.82309e-32 
4.43 1.19614e-32 
4.4275 1.37687e-32 
4.435 9.02075e-33 
4.4325 1.03887e-32 
4.44 6.79654e-33 
4.4375 7.83098e-33 
4.445 5.11581e-33 
4.4425 5.89728e-33 
4.45 3.84699e-33 
4.4475 4.43679e-33 
4.455 2.89006e-33 
4.4525 3.33477e-33 
4.46 2.16906e-33 
4.4575 2.50404e-33 
4.465 1.62634e-33 
4.4625 1.87842e-33 
4.47 1.21822e-33 
4.4675 1.40773e-33 
4.475 9.11626e-34 
4.4725 1.05396e-33 
4.48 6.81521e-34 
4.4775 7.88315e-34 
4.485 5.08996e-34 
4.4825 5.89045e-34 
4.49 3.79769e-34 
4.4875 4.39713e-34 
4.495 2.83071e-34 
4.4925 3.27914e-34 
4.5 2.10785e-34 
4.4975 2.44298e-34 
4.505 1.56802e-34 
4.5025 1.81823e-34 
4.51 1.16528e-34 
4.5075 1.3519e-34 
4.515 8.65122e-35 
4.5125 1.00417e-34 
4.52 6.41635e-35 
4.5175 7.45136e-35 
4.525 4.75405e-35 
4.5225 5.52368e-35 
4.53 3.51887e-35 
4.5275 4.09059e-35 
4.535 2.60199e-35 
4.5325 3.02627e-35 
4.54 1.92207e-35 
4.5375 2.23661e-35 
4.545 1.41839e-35 
4.5425 1.65134e-35 
4.55 1.04564e-35 
4.5475 1.21799e-35 
4.555 7.70071e-36 
4.5525 8.97449e-36 
4.56 5.66549e-36 
4.5575 6.60598e-36 
4.565 4.16393e-36 
4.5625 4.85762e-36 
4.57 3.05723e-36 
4.5675 3.56836e-36 
4.575 2.24238e-36 
4.5725 2.61862e-36 
4.58 1.64305e-36 
4.5775 1.9197e-36 
4.585 1.20267e-36 
4.5825 1.40589e-36 
4.59 8.79425e-37 
4.5875 1.02855e-36 
4.595 6.42403e-37 
4.5925 7.51721e-37 
4.6 4.68783e-37 
4.5975 5.48836e-37 
4.605 3.41736e-37 
4.6025 4.00299e-37 
4.61 2.48865e-37 
4.6075 2.91663e-37 
4.615 1.81047e-37 
4.6125 2.12291e-37 
4.62 1.31575e-37 
4.6175 1.54361e-37 
4.625 9.55234e-38 
4.6225 1.12123e-37 
4.63 6.92785e-38 
4.6275 8.13593e-38 
4.635 5.01926e-38 
4.6325 5.89756e-38 
4.64 3.63273e-38 
4.6375 4.27061e-38 
4.645 2.62651e-38 
4.6425 3.0893e-38 
4.65 1.89705e-38 
4.6475 2.23245e-38 
4.655 1.36876e-38 
4.6525 1.6116e-38 
4.66 9.86574e-39 
4.6575 1.1622e-38 
4.665 7.10367e-39 
4.6625 8.37259e-39 
4.67 5.1096e-39 
4.6675 6.02543e-39 
4.675 3.67149e-39 
4.6725 4.33179e-39 
4.68 2.63541e-39 
4.6775 3.11099e-39 
4.685 1.88975e-39 
4.6825 2.23192e-39 
4.69 1.35366e-39 
4.6875 1.5996e-39 
4.695 9.68652e-40 
4.6925 1.14523e-39 
4.7 6.92429e-40 
4.6975 8.19077e-40 
4.705 4.94461e-40 
4.7025 5.85204e-40 
4.71 3.52728e-40 
4.7075 4.17676e-40 
4.715 2.5136e-40 
4.7125 2.97798e-40 
4.72 1.78939e-40 
4.7175 2.12106e-40 
4.725 1.27251e-40 
4.7225 1.50916e-40 
4.73 9.03997e-41 
4.7275 1.07267e-40 
4.735 6.41539e-41 
4.7325 7.61637e-41 
4.74 4.54809e-41 
4.7375 5.4023e-41 
4.745 3.22095e-41 
4.7425 3.82789e-41 
4.75 2.27871e-41 
4.7475 2.7095e-41 
4.755 1.61043e-41 
4.7525 1.91588e-41 
4.76 1.13696e-41 
4.7575 1.35331e-41 
4.765 8.01864e-42 
4.7625 9.54942e-42 
4.77 5.64942e-42 
4.7675 6.7314e-42 
4.775 3.97609e-42 
4.7725 4.74005e-42 
4.78 2.7955e-42 
4.7775 3.33435e-42 
4.785 1.96341e-42 
4.7825 2.34308e-42 
4.79 1.37757e-42 
4.7875 1.64481e-42 
4.795 9.65528e-43 
4.7925 1.15343e-42 
4.8 6.76031e-43 
4.7975 8.08013e-43 
4.805 4.72845e-43 
4.8025 5.65451e-43 
4.81 3.30385e-43 
4.8075 3.95296e-43 
4.815 2.30607e-43 
4.8125 2.76057e-43 
4.82 1.60796e-43 
4.8175 1.92587e-43 
4.825 1.12003e-43 
4.8225 1.34216e-43 
4.83 7.79348e-44 
4.8275 9.34398e-44 
4.835 5.41733e-44 
4.8325 6.49846e-44 
4.84 3.76175e-44 
4.8375 4.51481e-44 
4.845 2.60943e-44 
4.8425 3.13343e-44 
4.85 1.80823e-44 
4.8475 2.17246e-44 
4.855 1.25173e-44 
4.8525 1.50464e-44 
4.86 8.65605e-45 
4.8575 1.04104e-44 
4.865 5.97972e-45 
4.8625 7.19536e-45 
4.87 4.12661e-45 
4.8675 4.96809e-45 
4.875 2.84484e-45 
4.8725 3.42671e-45 
4.88 1.95918e-45 
4.8775 2.36112e-45 
4.885 1.34786e-45 
4.8825 1.62521e-45 
4.89 9.26328e-46 
4.8875 1.11752e-45 
4.895 6.35973e-46 
4.8925 7.67632e-46 
4.9 4.3618e-46 
4.8975 5.26749e-46 
4.905 2.98845e-46 
4.9025 3.61083e-46 
4.91 2.0454e-46 
4.9075 2.47265e-46 
4.915 1.39851e-46 
4.9125 1.6915e-46 
4.92 9.55226e-47 
4.9175 1.15594e-46 
4.925 6.51781e-47 
4.9225 7.89141e-47 
4.93 4.44277e-47 
4.9275 5.38181e-47 
4.935 3.02527e-47 
4.9325 3.66656e-47 
4.94 2.05796e-47 
4.9375 2.49546e-47 
4.945 1.39858e-47 
4.9425 1.69672e-47 
4.95 9.49593e-48 
4.9475 1.15254e-47 
4.955 6.44235e-48 
4.9525 7.8221e-48 
4.96 4.36848e-48 
4.9575 5.30515e-48 
4.965 2.96256e-48 
4.9625 3.59717e-48 
4.97 2.01211e-48 
4.9675 2.4407e-48 
4.975 1.37275e-48 
4.9725 1.66052e-48 
4.98 9.46833e-49 
4.9775 1.1378e-48 
4.985 6.69035e-49 
4.9825 7.92524e-49 
4.99 4.9655e-49 
4.9875 5.71609e-49 
4.995 4.02711e-49 
4.9925 4.40954e-49 
5 3.7297e-49 
4.9975 3.8033e-49 
