0 8.74278e-16 
0.005 8.78008e-16 
0.0025 8.7521e-16 
0.01 8.89201e-16 
0.0075 8.82672e-16 
0.015 9.07862e-16 
0.0125 8.97598e-16 
0.02 9.33999e-16 
0.0175 9.19996e-16 
0.025 9.67622e-16 
0.0225 9.49874e-16 
0.03 1.00874e-15 
0.0275 9.87244e-16 
0.035 1.05736e-15 
0.0325 1.03211e-15 
0.04 1.11349e-15 
0.0375 1.08449e-15 
0.045 1.17713e-15 
0.0425 1.14437e-15 
0.05 1.24825e-15 
0.0475 1.21175e-15 
0.055 1.32685e-15 
0.0525 1.28662e-15 
0.06 1.41286e-15 
0.0575 1.36893e-15 
0.065 1.50624e-15 
0.0625 1.45864e-15 
0.07 1.60689e-15 
0.0675 1.55566e-15 
0.075 1.7147e-15 
0.0725 1.65991e-15 
0.08 1.82951e-15 
0.0775 1.77124e-15 
0.085 1.95114e-15 
0.0825 1.88949e-15 
0.09 2.07935e-15 
0.0875 2.01444e-15 
0.095 2.21388e-15 
0.0925 2.14585e-15 
0.1 2.35439e-15 
0.0975 2.28341e-15 
0.105 2.50051e-15 
0.1025 2.42678e-15 
0.11 2.65179e-15 
0.1075 2.57554e-15 
0.115 2.80775e-15 
0.1125 2.72922e-15 
0.12 2.96781e-15 
0.1175 2.8873e-15 
0.125 3.13136e-15 
0.1225 3.04919e-15 
0.13 3.2977e-15 
0.1275 3.21423e-15 
0.135 3.46608e-15 
0.1325 3.38169e-15 
0.14 3.63569e-15 
0.1375 3.55079e-15 
0.145 3.80562e-15 
0.1425 3.72067e-15 
0.15 3.97496e-15 
0.1475 3.89043e-15 
0.155 4.14268e-15 
0.1525 4.05908e-15 
0.16 4.30775e-15 
0.1575 4.22561e-15 
0.165 4.46906e-15 
0.1625 4.38894e-15 
0.17 4.62549e-15 
0.1675 4.54796e-15 
0.175 4.77588e-15 
0.1725 4.70151e-15 
0.18 4.91905e-15 
0.1775 4.84844e-15 
0.185 5.05382e-15 
0.1825 4.98756e-15 
0.19 5.17903e-15 
0.1875 5.11769e-15 
0.195 5.29352e-15 
0.1925 5.23769e-15 
0.2 5.39619e-15 
0.1975 5.3464e-15 
0.205 5.48598e-15 
0.2025 5.44276e-15 
0.21 5.56192e-15 
0.2075 5.52574e-15 
0.215 5.62311e-15 
0.2125 5.59441e-15 
0.22 5.66878e-15 
0.2175 5.64793e-15 
0.225 5.69826e-15 
0.2225 5.68558e-15 
0.23 5.71106e-15 
0.2275 5.70677e-15 
0.235 5.70682e-15 
0.2325 5.71108e-15 
0.24 5.68537e-15 
0.2375 5.69825e-15 
0.245 5.64674e-15 
0.2425 5.6682e-15 
0.25 5.59115e-15 
0.2475 5.62105e-15 
0.255 5.51903e-15 
0.2525 5.55712e-15 
0.26 5.43103e-15 
0.2575 5.47697e-15 
0.265 5.32803e-15 
0.2625 5.38134e-15 
0.27 5.21111e-15 
0.2675 5.27123e-15 
0.275 5.08157e-15 
0.2725 5.14783e-15 
0.28 4.94091e-15 
0.2775 5.01253e-15 
0.285 4.7908e-15 
0.2825 4.86693e-15 
0.29 4.63309e-15 
0.2875 4.71278e-15 
0.295 4.46976e-15 
0.2925 4.552e-15 
0.3 4.30287e-15 
0.2975 4.38662e-15 
0.305 4.1346e-15 
0.3025 4.21878e-15 
0.31 3.96714e-15 
0.3075 4.05063e-15 
0.315 3.80268e-15 
0.3125 3.8844e-15 
0.32 3.64339e-15 
0.3175 3.72226e-15 
0.325 3.49136e-15 
0.3225 3.56634e-15 
0.33 3.34858e-15 
0.3275 3.41869e-15 
0.335 3.21693e-15 
0.3325 3.28125e-15 
0.34 3.0981e-15 
0.3375 3.15581e-15 
0.345 2.99367e-15 
0.3425 3.044e-15 
0.35 2.90501e-15 
0.3475 2.94729e-15 
0.355 2.83333e-15 
0.3525 2.86698e-15 
0.36 2.77967e-15 
0.3575 2.80419e-15 
0.365 2.74494e-15 
0.3625 2.75989e-15 
0.37 2.72992e-15 
0.3675 2.73492e-15 
0.375 2.73526e-15 
0.3725 2.73e-15 
0.38 2.76159e-15 
0.3775 2.74577e-15 
0.385 2.80948e-15 
0.3825 2.78281e-15 
0.39 2.8795e-15 
0.3875 2.84169e-15 
0.395 2.97226e-15 
0.3925 2.923e-15 
0.4 3.08846e-15 
0.3975 3.02739e-15 
0.405 3.22889e-15 
0.4025 3.15559e-15 
0.41 3.3945e-15 
0.4075 3.30848e-15 
0.415 3.5864e-15 
0.4125 3.48708e-15 
0.42 3.80594e-15 
0.4175 3.69262e-15 
0.425 4.05469e-15 
0.4225 3.92655e-15 
0.43 4.33452e-15 
0.4275 4.19059e-15 
0.435 4.6476e-15 
0.4325 4.48675e-15 
0.44 4.99647e-15 
0.4375 4.81739e-15 
0.445 5.38406e-15 
0.4425 5.18523e-15 
0.45 5.81374e-15 
0.4475 5.5934e-15 
0.455 6.28938e-15 
0.4525 6.04555e-15 
0.46 6.81542e-15 
0.4575 6.5458e-15 
0.465 7.39692e-15 
0.4625 7.09889e-15 
0.47 8.03965e-15 
0.4675 7.71024e-15 
0.475 8.7502e-15 
0.4725 8.386e-15 
0.48 9.53604e-15 
0.4775 9.1332e-15 
0.485 1.04057e-14 
0.4825 9.95982e-15 
0.49 1.13689e-14 
0.4875 1.08749e-14 
0.495 1.24366e-14 
0.4925 1.18889e-14 
0.5 1.36213e-14 
0.4975 1.30135e-14 
0.505 1.49375e-14 
0.5025 1.4262e-14 
0.51 1.64011e-14 
0.5075 1.56497e-14 
0.515 1.80308e-14 
0.5125 1.7194e-14 
0.52 1.98475e-14 
0.5175 1.89144e-14 
0.525 2.18752e-14 
0.5225 2.08334e-14 
0.53 2.41408e-14 
0.5275 2.29764e-14 
0.535 2.66754e-14 
0.5325 2.53724e-14 
0.54 2.95141e-14 
0.5375 2.80544e-14 
0.545 3.26967e-14 
0.5425 3.10597e-14 
0.55 3.62686e-14 
0.5475 3.44309e-14 
0.555 4.02814e-14 
0.5525 3.82164e-14 
0.56 4.47934e-14 
0.5575 4.2471e-14 
0.565 4.98713e-14 
0.5625 4.72572e-14 
0.57 5.55905e-14 
0.5675 5.26456e-14 
0.575 6.20365e-14 
0.5725 5.87168e-14 
0.58 6.93067e-14 
0.5775 6.5562e-14 
0.585 7.75113e-14 
0.5825 7.32847e-14 
0.59 8.67754e-14 
0.5875 8.20024e-14 
0.595 9.7241e-14 
0.5925 9.18484e-14 
0.6 1.09069e-13 
0.5975 1.02974e-13 
0.605 1.22443e-13 
0.6025 1.1555e-13 
0.61 1.37569e-13 
0.6075 1.29773e-13 
0.615 1.54682e-13 
0.6125 1.45861e-13 
0.62 1.74049e-13 
0.6175 1.64065e-13 
0.625 1.95971e-13 
0.6225 1.8467e-13 
0.63 2.20793e-13 
0.6275 2.07997e-13 
0.635 2.48901e-13 
0.6325 2.3441e-13 
0.64 2.80736e-13 
0.6375 2.64323e-13 
0.645 3.16799e-13 
0.6425 2.98205e-13 
0.65 3.57654e-13 
0.6475 3.36589e-13 
0.655 4.03945e-13 
0.6525 3.80077e-13 
0.66 4.564e-13 
0.6575 4.29353e-13 
0.665 5.15843e-13 
0.6625 4.85192e-13 
0.67 5.83212e-13 
0.6675 5.48474e-13 
0.675 6.59567e-13 
0.6725 6.20195e-13 
0.68 7.46113e-13 
0.6775 7.01485e-13 
0.685 8.44213e-13 
0.6825 7.93627e-13 
0.69 9.55416e-13 
0.6875 8.98072e-13 
0.695 1.08148e-12 
0.6925 1.01647e-12 
0.7 1.22438e-12 
0.6975 1.15069e-12 
0.705 1.38639e-12 
0.7025 1.30285e-12 
0.71 1.57006e-12 
0.7075 1.47534e-12 
0.715 1.77829e-12 
0.7125 1.67091e-12 
0.72 2.01437e-12 
0.7175 1.89262e-12 
0.725 2.28202e-12 
0.7225 2.144e-12 
0.73 2.58549e-12 
0.7275 2.42899e-12 
0.735 2.92955e-12 
0.7325 2.75212e-12 
0.74 3.31966e-12 
0.7375 3.11848e-12 
0.745 3.76196e-12 
0.7425 3.53387e-12 
0.75 4.26346e-12 
0.7475 4.00484e-12 
0.755 4.83208e-12 
0.7525 4.53884e-12 
0.76 5.4768e-12 
0.7575 5.14432e-12 
0.765 6.20783e-12 
0.7625 5.83084e-12 
0.77 7.0367e-12 
0.7675 6.60925e-12 
0.775 7.97653e-12 
0.7725 7.49186e-12 
0.78 9.04218e-12 
0.7775 8.49262e-12 
0.785 1.02505e-11 
0.7825 9.62736e-12 
0.79 1.16206e-11 
0.7875 1.0914e-11 
0.795 1.31741e-11 
0.7925 1.23729e-11 
0.8 1.49355e-11 
0.7975 1.40271e-11 
0.805 1.69329e-11 
0.8025 1.59028e-11 
0.81 1.91976e-11 
0.8075 1.80297e-11 
0.815 2.17656e-11 
0.8125 2.04413e-11 
0.82 2.46774e-11 
0.8175 2.31758e-11 
0.825 2.79792e-11 
0.8225 2.62765e-11 
0.83 3.1723e-11 
0.8275 2.97923e-11 
0.835 3.59681e-11 
0.8325 3.37789e-11 
0.84 4.07816e-11 
0.8375 3.82993e-11 
0.845 4.62398e-11 
0.8425 4.3425e-11 
0.85 5.24287e-11 
0.8475 4.92371e-11 
0.855 5.94465e-11 
0.8525 5.58274e-11 
0.86 6.7404e-11 
0.8575 6.33003e-11 
0.865 7.6427e-11 
0.8625 7.17738e-11 
0.87 8.66584e-11 
0.8675 8.1382e-11 
0.875 9.82599e-11 
0.8725 9.22769e-11 
0.88 1.11415e-10 
0.8775 1.04631e-10 
0.885 1.26332e-10 
0.8825 1.18639e-10 
0.89 1.43246e-10 
0.8875 1.34523e-10 
0.895 1.62426e-10 
0.8925 1.52535e-10 
0.9 1.84174e-10 
0.8975 1.72958e-10 
0.905 2.08834e-10 
0.9025 1.96117e-10 
0.91 2.36797e-10 
0.9075 2.22376e-10 
0.915 2.68505e-10 
0.9125 2.52153e-10 
0.92 3.04459e-10 
0.9175 2.85917e-10 
0.925 3.45229e-10 
0.9225 3.24204e-10 
0.93 3.91458e-10 
0.9275 3.67617e-10 
0.935 4.43879e-10 
0.9325 4.16845e-10 
0.94 5.0332e-10 
0.9375 4.72666e-10 
0.945 5.70723e-10 
0.9425 5.35963e-10 
0.95 6.47152e-10 
0.9475 6.07737e-10 
0.955 7.33818e-10 
0.9525 6.89124e-10 
0.96 8.3209e-10 
0.9575 7.8141e-10 
0.965 9.43525e-10 
0.9625 8.86057e-10 
0.97 1.06988e-09 
0.9675 1.00472e-09 
0.975 1.21317e-09 
0.9725 1.13927e-09 
0.98 1.37564e-09 
0.9775 1.29185e-09 
0.985 1.55987e-09 
0.9825 1.46486e-09 
0.99 1.76878e-09 
0.9875 1.66105e-09 
0.995 2.00568e-09 
0.9925 1.88351e-09 
1 2.2743e-09 
0.9975 2.13577e-09 
1.005 2.57889e-09 
1.0025 2.42181e-09 
1.01 2.92429e-09 
1.0075 2.74617e-09 
1.015 3.31595e-09 
1.0125 3.11397e-09 
1.02 3.76007e-09 
1.0175 3.53103e-09 
1.025 4.26368e-09 
1.0225 4.00396e-09 
1.03 4.83474e-09 
1.0275 4.54024e-09 
1.035 5.48229e-09 
1.0325 5.14834e-09 
1.04 6.21658e-09 
1.0375 5.8379e-09 
1.045 7.04923e-09 
1.0425 6.61983e-09 
1.05 7.99341e-09 
1.0475 7.50649e-09 
1.055 9.06406e-09 
1.0525 8.51192e-09 
1.06 1.02781e-08 
1.0575 9.65203e-09 
1.065 1.16548e-08 
1.0625 1.09449e-08 
1.07 1.32159e-08 
1.0675 1.24109e-08 
1.075 1.49862e-08 
1.0725 1.40732e-08 
1.08 1.69935e-08 
1.0775 1.59583e-08 
1.085 1.92698e-08 
1.0825 1.80959e-08 
1.09 2.1851e-08 
1.0875 2.05198e-08 
1.095 2.47779e-08 
1.0925 2.32685e-08 
1.1 2.8097e-08 
1.0975 2.63853e-08 
1.105 3.18607e-08 
1.1025 2.99197e-08 
1.11 3.61286e-08 
1.1075 3.39276e-08 
1.115 4.09683e-08 
1.1125 3.84724e-08 
1.12 4.64564e-08 
1.1175 4.36261e-08 
1.125 5.26797e-08 
1.1225 4.94702e-08 
1.13 5.97367e-08 
1.1275 5.60973e-08 
1.135 6.77392e-08 
1.1325 6.36122e-08 
1.14 7.68139e-08 
1.1375 7.2134e-08 
1.145 8.71044e-08 
1.1425 8.17975e-08 
1.15 9.87737e-08 
1.1475 9.27557e-08 
1.155 1.12007e-07 
1.1525 1.05182e-07 
1.16 1.27012e-07 
1.1575 1.19274e-07 
1.165 1.44029e-07 
1.1625 1.35253e-07 
1.17 1.63326e-07 
1.1675 1.53374e-07 
1.175 1.85208e-07 
1.1725 1.73923e-07 
1.18 2.10023e-07 
1.1775 1.97226e-07 
1.185 2.38164e-07 
1.1825 2.23651e-07 
1.19 2.70075e-07 
1.1875 2.53618e-07 
1.195 3.06264e-07 
1.1925 2.87601e-07 
1.2 3.47302e-07 
1.1975 3.26138e-07 
1.205 3.93841e-07 
1.2025 3.6984e-07 
1.21 4.46619e-07 
1.2075 4.194e-07 
1.215 5.06471e-07 
1.2125 4.75604e-07 
1.22 5.74347e-07 
1.2175 5.39342e-07 
1.225 6.51322e-07 
1.2225 6.11624e-07 
1.23 7.38618e-07 
1.2275 6.93598e-07 
1.235 8.3762e-07 
1.2325 7.86562e-07 
1.24 9.49898e-07 
1.2375 8.91993e-07 
1.245 1.07723e-06 
1.2425 1.01156e-06 
1.25 1.22165e-06 
1.2475 1.14717e-06 
1.255 1.38544e-06 
1.2525 1.30097e-06 
1.26 1.5712e-06 
1.2575 1.4754e-06 
1.265 1.78189e-06 
1.2625 1.67323e-06 
1.27 2.02085e-06 
1.2675 1.89761e-06 
1.275 2.29189e-06 
1.2725 2.1521e-06 
1.28 2.59932e-06 
1.2775 2.44076e-06 
1.285 2.94803e-06 
1.2825 2.76818e-06 
1.29 3.34357e-06 
1.2875 3.13957e-06 
1.295 3.79226e-06 
1.2925 3.56085e-06 
1.3 4.30124e-06 
1.2975 4.03873e-06 
1.305 4.87865e-06 
1.3025 4.58084e-06 
1.31 5.5337e-06 
1.3075 5.19585e-06 
1.315 6.27688e-06 
1.3125 5.89357e-06 
1.32 7.12008e-06 
1.3175 6.68517e-06 
1.325 8.0768e-06 
1.3225 7.58333e-06 
1.33 9.16241e-06 
1.3275 8.60246e-06 
1.335 1.03943e-05 
1.3325 9.75891e-06 
1.34 1.17924e-05 
1.3375 1.10713e-05 
1.345 1.33792e-05 
1.3425 1.25607e-05 
1.35 1.51803e-05 
1.3475 1.42512e-05 
1.355 1.72248e-05 
1.3525 1.61701e-05 
1.36 1.95459e-05 
1.3575 1.83485e-05 
1.365 2.21814e-05 
1.3625 2.08218e-05 
1.37 2.51741e-05 
1.3675 2.36302e-05 
1.375 2.8573e-05 
1.3725 2.68195e-05 
1.38 3.24339e-05 
1.3775 3.04419e-05 
1.385 3.68201e-05 
1.3825 3.4557e-05 
1.39 4.18042e-05 
1.3875 3.92325e-05 
1.395 4.74689e-05 
1.3925 4.45459e-05 
1.4 5.39083e-05 
1.3975 5.05853e-05 
1.405 6.12303e-05 
1.4025 5.74517e-05 
1.41 6.95581e-05 
1.4075 6.52601e-05 
1.415 7.90325e-05 
1.4125 7.41424e-05 
1.42 8.98148e-05 
1.4175 8.42492e-05 
1.425 0.00010209 
1.4225 9.57531e-05 
1.43 0.000116069 
1.4275 0.000108852 
1.435 0.000131996 
1.4325 0.000123772 
1.44 0.000150149 
1.4375 0.000140775 
1.445 0.00017085 
1.4425 0.000160159 
1.45 0.000194468 
1.4475 0.000182269 
1.455 0.000221428 
1.4525 0.000207501 
1.46 0.000252221 
1.4575 0.000236312 
1.465 0.000287414 
1.4625 0.000269229 
1.47 0.000327661 
1.4675 0.000306861 
1.475 0.000373721 
1.4725 0.000349913 
1.48 0.000426471 
1.4775 0.0003992 
1.485 0.000486928 
1.4825 0.000455666 
1.49 0.000556273 
1.4875 0.000520409 
1.495 0.000635879 
1.4925 0.0005947 
1.5 0.00072734 
1.4975 0.000680018 
1.505 0.000832513 
1.5025 0.000778086 
1.51 0.000953559 
1.5075 0.000890904 
1.515 0.00109299 
1.5125 0.00102081 
1.52 0.00125375 
1.5175 0.00117051 
1.525 0.00143925 
1.5225 0.00134317 
1.53 0.00165347 
1.5275 0.00154249 
1.535 0.00190104 
1.5325 0.00177277 
1.54 0.00218738 
1.5375 0.002039 
1.545 0.00251874 
1.5425 0.002347 
1.55 0.00290243 
1.5475 0.00270354 
1.555 0.00334688 
1.5525 0.00311648 
1.56 0.00386188 
1.5575 0.0035949 
1.565 0.00445872 
1.5625 0.00414931 
1.57 0.00515038 
1.5675 0.00479181 
1.575 0.00595174 
1.5725 0.00553634 
1.58 0.00687982 
1.5775 0.00639879 
1.585 0.00795394 
1.5825 0.00739732 
1.59 0.00919595 
1.5875 0.00855249 
1.595 0.0106304 
1.5925 0.00988749 
1.6 0.0122848 
1.5975 0.0114283 
1.605 0.0141893 
1.6025 0.0132037 
1.61 0.0163774 
1.6075 0.0152457 
1.615 0.0188852 
1.6125 0.017589 
1.62 0.0217518 
1.6175 0.0202711 
1.625 0.0250187 
1.6225 0.0233326 
1.63 0.0287296 
1.6275 0.0268159 
1.635 0.0329296 
1.6325 0.0307656 
1.64 0.0376653 
1.6375 0.0352276 
1.645 0.0429836 
1.6425 0.0402487 
1.65 0.0489313 
1.6475 0.0458759 
1.655 0.0555543 
1.6525 0.0521555 
1.66 0.0628972 
1.6575 0.059133 
1.665 0.071003 
1.6625 0.0668522 
1.67 0.0799118 
1.6675 0.0753546 
1.675 0.0896614 
1.6725 0.0846793 
1.68 0.100286 
1.6775 0.0948624 
1.685 0.111817 
1.6825 0.105937 
1.69 0.124281 
1.6875 0.117931 
1.695 0.1377 
1.6925 0.13087 
1.7 0.152091 
1.6975 0.144773 
1.705 0.167466 
1.7025 0.159655 
1.71 0.183829 
1.7075 0.175524 
1.715 0.201175 
1.7125 0.192379 
1.72 0.219493 
1.7175 0.210214 
1.725 0.238762 
1.7225 0.229011 
1.73 0.258948 
1.7275 0.248743 
1.735 0.280009 
1.7325 0.269373 
1.74 0.30189 
1.7375 0.290851 
1.745 0.324525 
1.7425 0.313118 
1.75 0.347835 
1.7475 0.336101 
1.755 0.371733 
1.7525 0.359716 
1.76 0.39612 
1.7575 0.383871 
1.765 0.42089 
1.7625 0.408464 
1.77 0.44593 
1.7675 0.433384 
1.775 0.471123 
1.7725 0.458515 
1.78 0.496348 
1.7775 0.483739 
1.785 0.521484 
1.7825 0.508935 
1.79 0.546414 
1.7875 0.533982 
1.795 0.571022 
1.7925 0.558765 
1.8 0.595202 
1.7975 0.583172 
1.805 0.618854 
1.8025 0.6071 
1.81 0.641886 
1.8075 0.630452 
1.815 0.66422 
1.8125 0.653145 
1.82 0.685787 
1.8175 0.675103 
1.825 0.706531 
1.8225 0.696265 
1.83 0.726408 
1.8275 0.71658 
1.835 0.745384 
1.8325 0.73601 
1.84 0.763437 
1.8375 0.754527 
1.845 0.780557 
1.8425 0.772114 
1.85 0.796741 
1.8475 0.788765 
1.855 0.811995 
1.8525 0.804483 
1.86 0.826333 
1.8575 0.819277 
1.865 0.839776 
1.8625 0.833165 
1.87 0.85235 
1.8675 0.84617 
1.875 0.864083 
1.8725 0.858319 
1.88 0.875009 
1.8775 0.869645 
1.885 0.885165 
1.8825 0.880181 
1.89 0.894586 
1.8875 0.889965 
1.895 0.903312 
1.8925 0.899034 
1.9 0.911382 
1.8975 0.907427 
1.905 0.918834 
1.9025 0.915183 
1.91 0.925706 
1.9075 0.92234 
1.915 0.932036 
1.9125 0.928936 
1.92 0.93786 
1.9175 0.935009 
1.925 0.943213 
1.9225 0.940593 
1.93 0.948128 
1.9275 0.945723 
1.935 0.952637 
1.9325 0.950431 
1.94 0.956771 
1.9375 0.95475 
1.945 0.960558 
1.9425 0.958707 
1.95 0.964025 
1.9475 0.96233 
1.955 0.967197 
1.9525 0.965646 
1.96 0.970097 
1.9575 0.968679 
1.965 0.972747 
1.9625 0.971452 
1.97 0.975168 
1.9675 0.973985 
1.975 0.977379 
1.9725 0.976299 
1.98 0.979397 
1.9775 0.978411 
1.985 0.981237 
1.9825 0.980338 
1.99 0.982917 
1.9875 0.982096 
1.995 0.984448 
1.9925 0.9837 
2 0.985843 
1.9975 0.985162 
2.005 0.987115 
2.0025 0.986494 
2.01 0.988274 
2.0075 0.987708 
2.015 0.98933 
2.0125 0.988814 
2.02 0.990291 
2.0175 0.989822 
2.025 0.991167 
2.0225 0.99074 
2.03 0.991964 
2.0275 0.991575 
2.035 0.99269 
2.0325 0.992336 
2.04 0.993351 
2.0375 0.993028 
2.045 0.993952 
2.0425 0.993659 
2.05 0.994499 
2.0475 0.994232 
2.055 0.994997 
2.0525 0.994754 
2.06 0.99545 
2.0575 0.995229 
2.065 0.995862 
2.0625 0.995661 
2.07 0.996237 
2.0675 0.996054 
2.075 0.996578 
2.0725 0.996412 
2.08 0.996889 
2.0775 0.996737 
2.085 0.997171 
2.0825 0.997033 
2.09 0.997428 
2.0875 0.997302 
2.095 0.997661 
2.0925 0.997547 
2.1 0.997873 
2.0975 0.99777 
2.105 0.998066 
2.1025 0.997972 
2.11 0.998242 
2.1075 0.998156 
2.115 0.998401 
2.1125 0.998323 
2.12 0.998546 
2.1175 0.998476 
2.125 0.998678 
2.1225 0.998614 
2.13 0.998798 
2.1275 0.99874 
2.135 0.998907 
2.1325 0.998854 
2.14 0.999007 
2.1375 0.998958 
2.145 0.999097 
2.1425 0.999053 
2.15 0.999179 
2.1475 0.999139 
2.155 0.999253 
2.1525 0.999217 
2.16 0.999321 
2.1575 0.999288 
2.165 0.999382 
2.1625 0.999352 
2.17 0.999438 
2.1675 0.999411 
2.175 0.999489 
2.1725 0.999464 
2.18 0.999535 
2.1775 0.999513 
2.185 0.999577 
2.1825 0.999557 
2.19 0.999615 
2.1875 0.999597 
2.195 0.99965 
2.1925 0.999633 
2.2 0.999681 
2.1975 0.999666 
2.205 0.99971 
2.2025 0.999696 
2.21 0.999736 
2.2075 0.999723 
2.215 0.999759 
2.2125 0.999748 
2.22 0.999781 
2.2175 0.99977 
2.225 0.9998 
2.2225 0.999791 
2.23 0.999818 
2.2275 0.999809 
2.235 0.999833 
2.2325 0.999826 
2.24 0.999848 
2.2375 0.999841 
2.245 0.999861 
2.2425 0.999854 
2.25 0.999872 
2.2475 0.999867 
2.255 0.999883 
2.2525 0.999878 
2.26 0.999892 
2.2575 0.999888 
2.265 0.999901 
2.2625 0.999897 
2.27 0.999908 
2.2675 0.999905 
2.275 0.999915 
2.2725 0.999912 
2.28 0.999921 
2.2775 0.999918 
2.285 0.999926 
2.2825 0.999924 
2.29 0.999931 
2.2875 0.999929 
2.295 0.999935 
2.2925 0.999933 
2.3 0.999938 
2.2975 0.999937 
2.305 0.999941 
2.3025 0.99994 
2.31 0.999944 
2.3075 0.999942 
2.315 0.999945 
2.3125 0.999945 
2.32 0.999947 
2.3175 0.999946 
2.325 0.999948 
2.3225 0.999947 
2.33 0.999948 
2.3275 0.999948 
2.335 0.999948 
2.3325 0.999948 
2.34 0.999947 
2.3375 0.999948 
2.345 0.999946 
2.3425 0.999947 
2.35 0.999945 
2.3475 0.999946 
2.355 0.999943 
2.3525 0.999944 
2.36 0.99994 
2.3575 0.999942 
2.365 0.999938 
2.3625 0.999939 
2.37 0.999934 
2.3675 0.999936 
2.375 0.99993 
2.3725 0.999932 
2.38 0.999925 
2.3775 0.999928 
2.385 0.99992 
2.3825 0.999923 
2.39 0.999914 
2.3875 0.999917 
2.395 0.999907 
2.3925 0.99991 
2.4 0.999899 
2.3975 0.999903 
2.405 0.999891 
2.4025 0.999895 
2.41 0.999881 
2.4075 0.999886 
2.415 0.999871 
2.4125 0.999876 
2.42 0.999859 
2.4175 0.999865 
2.425 0.999847 
2.4225 0.999853 
2.43 0.999833 
2.4275 0.99984 
2.435 0.999817 
2.4325 0.999825 
2.44 0.9998 
2.4375 0.999809 
2.445 0.999781 
2.4425 0.999791 
2.45 0.99976 
2.4475 0.999771 
2.455 0.999738 
2.4525 0.999749 
2.46 0.999712 
2.4575 0.999725 
2.465 0.999685 
2.4625 0.999699 
2.47 0.999655 
2.4675 0.99967 
2.475 0.999621 
2.4725 0.999638 
2.48 0.999585 
2.4775 0.999604 
2.485 0.999545 
2.4825 0.999565 
2.49 0.999501 
2.4875 0.999523 
2.495 0.999453 
2.4925 0.999477 
2.5 0.999399 
2.4975 0.999427 
2.505 0.999341 
2.5025 0.999371 
2.51 0.999277 
2.5075 0.99931 
2.515 0.999207 
2.5125 0.999243 
2.52 0.99913 
2.5175 0.99917 
2.525 0.999046 
2.5225 0.999089 
2.53 0.998953 
2.5275 0.999001 
2.535 0.998852 
2.5325 0.998904 
2.54 0.99874 
2.5375 0.998797 
2.545 0.998618 
2.5425 0.99868 
2.55 0.998484 
2.5475 0.998552 
2.555 0.998336 
2.5525 0.998412 
2.56 0.998175 
2.5575 0.998257 
2.565 0.997998 
2.5625 0.998088 
2.57 0.997803 
2.5675 0.997903 
2.575 0.99759 
2.5725 0.997699 
2.58 0.997356 
2.5775 0.997476 
2.585 0.997099 
2.5825 0.99723 
2.59 0.996818 
2.5875 0.996962 
2.595 0.996509 
2.5925 0.996667 
2.6 0.99617 
2.5975 0.996344 
2.605 0.995799 
2.6025 0.995989 
2.61 0.995392 
2.6075 0.9956 
2.615 0.994945 
2.6125 0.995174 
2.62 0.994456 
2.6175 0.994706 
2.625 0.993919 
2.6225 0.994194 
2.63 0.993331 
2.6275 0.993632 
2.635 0.992686 
2.6325 0.993016 
2.64 0.991979 
2.6375 0.99234 
2.645 0.991204 
2.6425 0.9916 
2.65 0.990355 
2.6475 0.990789 
2.655 0.989425 
2.6525 0.989901 
2.66 0.988406 
2.6575 0.988927 
2.665 0.98729 
2.6625 0.987861 
2.67 0.986068 
2.6675 0.986693 
2.675 0.98473 
2.6725 0.985414 
2.68 0.983265 
2.6775 0.984014 
2.685 0.981662 
2.6825 0.982482 
2.69 0.979909 
2.6875 0.980805 
2.695 0.977991 
2.6925 0.978971 
2.7 0.975893 
2.6975 0.976965 
2.705 0.973601 
2.7025 0.974773 
2.71 0.971097 
2.7075 0.972377 
2.715 0.968362 
2.7125 0.96976 
2.72 0.965377 
2.7175 0.966902 
2.725 0.962121 
2.7225 0.963784 
2.73 0.958569 
2.7275 0.960383 
2.735 0.9547 
2.7325 0.956676 
2.74 0.950486 
2.7375 0.952638 
2.745 0.945901 
2.7425 0.948242 
2.75 0.940915 
2.7475 0.94346 
2.755 0.9355 
2.7525 0.938263 
2.76 0.929622 
2.7575 0.932621 
2.765 0.923251 
2.7625 0.9265 
2.77 0.916351 
2.7675 0.919869 
2.775 0.908889 
2.7725 0.912692 
2.78 0.900829 
2.7775 0.904936 
2.785 0.892137 
2.7825 0.896564 
2.79 0.882777 
2.7875 0.887542 
2.795 0.872715 
2.7925 0.877836 
2.8 0.861919 
2.7975 0.867411 
2.805 0.850358 
2.8025 0.856236 
2.81 0.838004 
2.8075 0.844282 
2.815 0.824832 
2.8125 0.831522 
2.82 0.810823 
2.8175 0.817933 
2.825 0.795961 
2.8225 0.803499 
2.83 0.780238 
2.8275 0.788207 
2.835 0.763652 
2.8325 0.772053 
2.84 0.746209 
2.8375 0.755037 
2.845 0.727925 
2.8425 0.737171 
2.85 0.708824 
2.8475 0.718475 
2.855 0.688939 
2.8525 0.698976 
2.86 0.668314 
2.8575 0.678716 
2.865 0.647005 
2.8625 0.657741 
2.87 0.625075 
2.8675 0.636113 
2.875 0.602598 
2.8725 0.6139 
2.88 0.579655 
2.8775 0.591179 
2.885 0.556338 
2.8825 0.568038 
2.89 0.532742 
2.8875 0.544568 
2.895 0.508968 
2.8925 0.52087 
2.9 0.48512 
2.8975 0.497046 
2.905 0.461303 
2.9025 0.473201 
2.91 0.437622 
2.9075 0.449439 
2.915 0.41418 
2.9125 0.425865 
2.92 0.391075 
2.9175 0.40258 
2.925 0.368398 
2.9225 0.379677 
2.93 0.346236 
2.9275 0.357248 
2.935 0.324664 
2.9325 0.335372 
2.94 0.303752 
2.9375 0.314122 
2.945 0.283557 
2.9425 0.293562 
2.95 0.264128 
2.9475 0.273744 
2.955 0.245502 
2.9525 0.254713 
2.96 0.227709 
2.9575 0.2365 
2.965 0.210766 
2.9625 0.21913 
2.97 0.194685 
2.9675 0.202618 
2.975 0.179467 
2.9725 0.186969 
2.98 0.165108 
2.9775 0.172181 
2.985 0.151595 
2.9825 0.158247 
2.99 0.138912 
2.9875 0.145151 
2.995 0.127037 
2.9925 0.132875 
3 0.115945 
2.9975 0.121395 
3.005 0.105606 
3.0025 0.110683 
3.01 0.0959918 
3.0075 0.100711 
3.015 0.0870687 
3.0125 0.0914459 
3.02 0.0788042 
3.0175 0.0828562 
3.025 0.071165 
3.0225 0.0749085 
3.03 0.0641178 
3.0275 0.0675695 
3.035 0.0576297 
3.0325 0.0608059 
3.04 0.0516688 
3.0375 0.0545853 
3.045 0.0462038 
3.0425 0.0488762 
3.05 0.0412047 
3.0475 0.0436479 
3.055 0.0366428 
3.0525 0.0388709 
3.06 0.0324904 
3.0575 0.0345171 
3.065 0.0287211 
3.0625 0.0305595 
3.07 0.0253098 
3.0675 0.0269722 
3.075 0.0222322 
3.0725 0.0237307 
3.08 0.0194651 
3.0775 0.0208112 
3.085 0.0169863 
3.0825 0.018191 
3.09 0.0147742 
3.0875 0.0158482 
3.095 0.012808 
3.0925 0.0137617 
3.1 0.0110676 
3.0975 0.0119108 
3.105 0.00953349 
3.1025 0.010276 
3.11 0.00818692 
3.1075 0.00883791 
3.115 0.00700992 
3.1125 0.00757832 
3.12 0.00598534 
3.1175 0.00647961 
3.125 0.00509699 
3.1225 0.00552511 
3.13 0.00432969 
3.1275 0.00469912 
3.135 0.00366932 
3.1325 0.00398697 
3.14 0.0031029 
3.1375 0.00337513 
3.145 0.00261861 
3.1425 0.00285118 
3.15 0.00220573 
3.1475 0.00240386 
3.155 0.00185469 
3.1525 0.00202304 
3.16 0.00155697 
3.1575 0.00169966 
3.165 0.00130504 
3.1625 0.00142571 
3.17 0.00109231 
3.1675 0.00119415 
3.175 0.000913014 
3.1725 0.000998809 
3.18 0.000762174 
3.1775 0.000834322 
3.185 0.00063548 
3.1825 0.000696053 
3.19 0.000529227 
3.1875 0.000580008 
3.195 0.000440246 
3.1925 0.000482757 
3.2 0.000365828 
3.1975 0.000401369 
3.205 0.000303668 
3.2025 0.000333346 
3.21 0.000251811 
3.2075 0.000276562 
3.215 0.000208598 
3.2125 0.000229217 
3.22 0.000172628 
3.2175 0.000189786 
3.225 0.00014272 
3.2225 0.000156983 
3.23 0.000117879 
3.2275 0.000129722 
3.235 9.72664e-05 
3.2325 0.000107091 
3.24 8.01807e-05 
3.2375 8.83219e-05 
3.245 6.60325e-05 
3.2425 7.27723e-05 
3.25 5.43283e-05 
3.2475 5.99024e-05 
3.255 4.46554e-05 
3.2525 4.92609e-05 
3.26 3.66692e-05 
3.2575 4.04707e-05 
3.265 3.0082e-05 
3.2625 3.32167e-05 
3.27 2.46541e-05 
3.2675 2.72365e-05 
3.275 2.01857e-05 
3.2725 2.2311e-05 
3.28 1.6511e-05 
3.2775 1.82584e-05 
3.285 1.34919e-05 
3.2825 1.49271e-05 
3.29 1.10138e-05 
3.2875 1.21916e-05 
3.295 8.98197e-06 
3.2925 9.9474e-06 
3.3 7.31758e-06 
3.2975 8.10819e-06 
3.305 5.95558e-06 
3.3025 6.60238e-06 
3.31 4.84216e-06 
3.3075 5.37077e-06 
3.315 3.93288e-06 
3.3125 4.36446e-06 
3.32 3.19106e-06 
3.3175 3.54306e-06 
3.325 2.58649e-06 
3.3225 2.87328e-06 
3.33 2.09428e-06 
3.3275 2.32771e-06 
3.335 1.69397e-06 
3.3325 1.88377e-06 
3.34 1.36874e-06 
3.3375 1.52289e-06 
3.345 1.10478e-06 
3.3425 1.22986e-06 
3.35 8.90787e-07 
3.3475 9.92163e-07 
3.355 7.17477e-07 
3.3525 7.99555e-07 
3.36 5.77268e-07 
3.3575 6.43651e-07 
3.365 4.6396e-07 
3.3625 5.17591e-07 
3.37 3.7249e-07 
3.3675 4.15772e-07 
3.375 2.9873e-07 
3.3725 3.33622e-07 
3.38 2.39315e-07 
3.3775 2.67413e-07 
3.385 1.91508e-07 
3.3825 2.1411e-07 
3.39 1.53084e-07 
3.3875 1.71245e-07 
3.395 1.22234e-07 
3.3925 1.36811e-07 
3.4 9.7494e-08 
3.3975 1.0918e-07 
3.405 7.76752e-08 
3.4025 8.70341e-08 
3.41 6.18165e-08 
3.4075 6.93032e-08 
3.415 4.91409e-08 
3.4125 5.51231e-08 
3.42 3.90208e-08 
3.4175 4.37955e-08 
3.425 3.09502e-08 
3.4225 3.47568e-08 
3.43 2.45213e-08 
3.4275 2.75527e-08 
3.435 1.94059e-08 
3.4325 2.18172e-08 
3.44 1.53403e-08 
3.4375 1.72562e-08 
3.445 1.21128e-08 
3.4425 1.36333e-08 
3.45 9.55349e-09 
3.4475 1.07588e-08 
3.455 7.52639e-09 
3.4525 8.48077e-09 
3.46 5.92266e-09 
3.4575 6.67748e-09 
3.465 4.65534e-09 
3.4625 5.25165e-09 
3.47 3.65503e-09 
3.4675 4.12556e-09 
3.475 2.86638e-09 
3.4725 3.23723e-09 
3.48 2.24532e-09 
3.4775 2.53727e-09 
3.485 1.75681e-09 
3.4825 1.98638e-09 
3.49 1.37301e-09 
3.4875 1.55332e-09 
3.495 1.07182e-09 
3.4925 1.21327e-09 
3.5 8.35733e-10 
3.4975 9.46576e-10 
3.505 6.509e-10 
3.5025 7.37654e-10 
3.51 5.0636e-10 
3.5075 5.74181e-10 
3.515 3.93461e-10 
3.5125 4.46419e-10 
3.52 3.05382e-10 
3.5175 3.46685e-10 
3.525 2.36745e-10 
3.5225 2.6892e-10 
3.53 1.83322e-10 
3.5275 2.08358e-10 
3.535 1.4179e-10 
3.5325 1.61247e-10 
3.54 1.0954e-10 
3.5375 1.24644e-10 
3.545 8.45269e-11 
3.5425 9.62379e-11 
3.55 6.51498e-11 
3.5475 7.42192e-11 
3.555 5.01564e-11 
3.5525 5.71718e-11 
3.56 3.85686e-11 
3.5575 4.39888e-11 
3.565 2.96235e-11 
3.5625 3.38063e-11 
3.57 2.27266e-11 
3.5675 2.59506e-11 
3.575 1.74151e-11 
3.5725 1.98972e-11 
3.58 1.33294e-11 
3.5775 1.52381e-11 
3.585 1.01904e-11 
3.5825 1.16564e-11 
3.59 7.78157e-12 
3.5875 8.90619e-12 
3.595 5.93521e-12 
3.5925 6.79694e-12 
3.6 4.52167e-12 
3.5975 5.18119e-12 
3.605 3.44077e-12 
3.6025 3.94493e-12 
3.61 2.61521e-12 
3.6075 3.00015e-12 
3.615 1.98542e-12 
3.6125 2.27899e-12 
3.62 1.50554e-12 
3.6175 1.72916e-12 
3.625 1.14032e-12 
3.6225 1.31046e-12 
3.63 8.62695e-13 
3.6275 9.91983e-13 
3.635 6.51901e-13 
3.6325 7.50034e-13 
3.64 4.9204e-13 
3.6375 5.66438e-13 
3.645 3.7095e-13 
3.6425 4.27287e-13 
3.65 2.79335e-13 
3.6475 3.21945e-13 
3.655 2.10102e-13 
3.6525 2.42292e-13 
3.66 1.57846e-13 
3.6575 1.82135e-13 
3.665 1.18449e-13 
3.6625 1.36755e-13 
3.67 8.87821e-14 
3.6675 1.02563e-13 
3.675 6.64687e-14 
3.6725 7.68303e-14 
3.68 4.97057e-14 
3.6775 5.74874e-14 
3.685 3.71273e-14 
3.6825 4.29646e-14 
3.69 2.76999e-14 
3.6875 3.20736e-14 
3.695 2.06425e-14 
3.6925 2.39156e-14 
3.7 1.53655e-14 
3.6975 1.78121e-14 
3.705 1.14243e-14 
3.7025 1.3251e-14 
3.71 8.48427e-15 
3.7075 9.84653e-15 
3.715 6.29361e-15 
3.7125 7.30833e-15 
3.72 4.66323e-15 
3.7175 5.41819e-15 
3.725 3.45125e-15 
3.7225 4.01229e-15 
3.73 2.55135e-15 
3.7275 2.96779e-15 
3.735 1.88394e-15 
3.7325 2.1927e-15 
3.74 1.38954e-15 
3.7375 1.61819e-15 
3.745 1.02372e-15 
3.7425 1.19285e-15 
3.75 7.53349e-16 
3.7475 8.7831e-16 
3.755 5.5376e-16 
3.7525 6.45979e-16 
3.76 4.0659e-16 
3.7575 4.74568e-16 
3.765 2.98196e-16 
3.7625 3.48248e-16 
3.77 2.18455e-16 
3.7675 2.55265e-16 
3.775 1.59858e-16 
3.7725 1.86899e-16 
3.78 1.16849e-16 
3.7775 1.3669e-16 
3.785 8.53166e-17 
3.7825 9.9859e-17 
3.79 6.22246e-17 
3.7875 7.28711e-17 
3.795 4.5333e-17 
3.7925 5.31185e-17 
3.8 3.29908e-17 
3.7975 3.86777e-17 
3.805 2.39828e-17 
3.8025 2.81322e-17 
3.81 1.74157e-17 
3.8075 2.04398e-17 
3.815 1.26333e-17 
3.8125 1.48349e-17 
3.82 9.15445e-18 
3.8175 1.07555e-17 
3.825 6.62665e-18 
3.8225 7.78964e-18 
3.83 4.79189e-18 
3.8275 5.63578e-18 
3.835 3.46159e-18 
3.8325 4.07327e-18 
3.84 2.49808e-18 
3.8375 2.94098e-18 
3.845 1.80098e-18 
3.8425 2.12133e-18 
3.85 1.29715e-18 
3.8475 1.52862e-18 
3.855 9.33388e-19 
3.8525 1.10046e-18 
3.86 6.71015e-19 
3.8575 7.91487e-19 
3.865 4.81963e-19 
3.8625 5.68746e-19 
3.87 3.45876e-19 
3.8675 4.08329e-19 
3.875 2.4801e-19 
3.8725 2.92911e-19 
3.88 1.77695e-19 
3.8775 2.09947e-19 
3.885 1.27221e-19 
3.8825 1.50367e-19 
3.89 9.10216e-20 
3.8875 1.07618e-19 
3.895 6.50811e-20 
3.8925 7.69714e-20 
3.9 4.65072e-20 
3.8975 5.50191e-20 
3.905 3.32178e-20 
3.9025 3.93067e-20 
3.91 2.37162e-20 
3.9075 2.80688e-20 
3.915 1.6927e-20 
3.9125 2.00366e-20 
3.92 1.20789e-20 
3.9175 1.42991e-20 
3.925 8.6185e-21 
3.9225 1.0203e-20 
3.93 6.1497e-21 
3.9275 7.28004e-21 
3.935 4.3889e-21 
3.9325 5.19502e-21 
3.94 3.13334e-21 
3.9375 3.70813e-21 
3.945 2.23814e-21 
3.9425 2.64796e-21 
3.95 1.59985e-21 
3.9475 1.89206e-21 
3.955 1.14466e-21 
3.9525 1.35306e-21 
3.96 8.19928e-22 
3.9575 9.68619e-22 
3.965 5.88149e-22 
3.9625 6.94297e-22 
3.97 4.22594e-22 
3.9675 4.9843e-22 
3.975 3.04231e-22 
3.9725 3.58465e-22 
3.98 2.19507e-22 
3.9775 2.58342e-22 
3.985 1.58777e-22 
3.9825 1.86625e-22 
3.99 1.15171e-22 
3.9875 1.35177e-22 
3.995 8.3799e-23 
3.9925 9.82004e-23 
4 6.11777e-23 
3.9975 7.15689e-23 
4.005 4.48244e-23 
4.0025 5.23419e-23 
4.01 3.29686e-23 
4.0075 3.8423e-23 
4.015 2.43462e-23 
4.0125 2.83166e-23 
4.02 1.8054e-23 
4.0175 2.09542e-23 
4.025 1.34453e-23 
4.0225 1.55717e-23 
4.03 1.00564e-23 
4.0275 1.16217e-23 
4.035 7.55426e-24 
4.0325 8.71126e-24 
4.04 5.69899e-24 
4.0375 6.55788e-24 
4.045 4.31733e-24 
4.0425 4.95771e-24 
4.05 3.28385e-24 
4.0475 3.76342e-24 
4.055 2.50738e-24 
4.0525 2.86812e-24 
4.06 1.92148e-24 
4.0575 2.194e-24 
4.065 1.47749e-24 
4.0625 1.68423e-24 
4.07 1.13966e-24 
4.0675 1.29714e-24 
4.075 8.81598e-25 
4.0725 1.00201e-24 
4.08 6.83745e-25 
4.0775 7.76154e-25 
4.085 5.3153e-25 
4.0825 6.02686e-25 
4.09 4.14055e-25 
4.0875 4.69015e-25 
4.095 3.23128e-25 
4.0925 3.65699e-25 
4.1 2.52565e-25 
4.0975 2.85623e-25 
4.105 1.97677e-25 
4.1025 2.23407e-25 
4.11 1.54892e-25 
4.1075 1.74959e-25 
4.115 1.21483e-25 
4.1125 1.37159e-25 
4.12 9.53524e-26 
4.1175 1.07618e-25 
4.125 7.48877e-26 
4.1225 8.4497e-26 
4.13 5.88423e-26 
4.1275 6.63786e-26 
4.135 4.62499e-26 
4.1325 5.21656e-26 
4.14 3.63599e-26 
4.1375 4.10069e-26 
4.145 2.85878e-26 
4.1425 3.22402e-26 
4.15 2.24773e-26 
4.1475 2.53491e-26 
4.155 1.76715e-26 
4.1525 1.99303e-26 
4.16 1.38912e-26 
4.1575 1.56681e-26 
4.165 1.09172e-26 
4.1625 1.23151e-26 
4.17 8.57761e-27 
4.1675 9.67733e-27 
4.175 6.73717e-27 
4.1725 7.60222e-27 
4.18 5.28963e-27 
4.1775 5.96997e-27 
4.185 4.15137e-27 
4.1825 4.68632e-27 
4.19 3.25657e-27 
4.1875 3.67706e-27 
4.195 2.55338e-27 
4.1925 2.8838e-27 
4.2 2.00099e-27 
4.1975 2.26052e-27 
4.205 1.56724e-27 
4.2025 1.77101e-27 
4.21 1.22681e-27 
4.2075 1.38672e-27 
4.215 9.59756e-28 
4.2125 1.08518e-27 
4.22 7.50369e-28 
4.2175 8.48694e-28 
4.225 5.86289e-28 
4.2225 6.63327e-28 
4.23 4.57788e-28 
4.2275 5.18112e-28 
4.235 3.57212e-28 
4.2325 4.04419e-28 
4.24 2.78541e-28 
4.2375 3.1546e-28 
4.245 2.17044e-28 
4.2425 2.45898e-28 
4.25 1.69003e-28 
4.2475 1.9154e-28 
4.255 1.31501e-28 
4.2525 1.49091e-28 
4.26 1.02245e-28 
4.2575 1.15964e-28 
4.265 7.94377e-29 
4.2625 9.01308e-29 
4.27 6.16712e-29 
4.2675 6.99995e-29 
4.275 4.78415e-29 
4.2725 5.43231e-29 
4.28 3.70841e-29 
4.2775 4.21248e-29 
4.285 2.87229e-29 
4.2825 3.264e-29 
4.29 2.22291e-29 
4.2875 2.52707e-29 
4.295 1.71896e-29 
4.2925 1.95496e-29 
4.3 1.32818e-29 
4.2975 1.51114e-29 
4.305 1.02539e-29 
4.3025 1.16712e-29 
4.31 7.90975e-30 
4.3075 9.0068e-30 
4.315 6.09639e-30 
4.3125 6.94484e-30 
4.32 4.69479e-30 
4.3175 5.35044e-30 
4.325 3.61235e-30 
4.3225 4.11859e-30 
4.33 2.7771e-30 
4.3275 3.16765e-30 
4.335 2.13314e-30 
4.3325 2.43417e-30 
4.34 1.63707e-30 
4.3375 1.86892e-30 
4.345 1.25527e-30 
4.3425 1.43367e-30 
4.35 9.61664e-31 
4.3475 1.09882e-30 
4.355 7.3608e-31 
4.3525 8.41437e-31 
4.36 5.6291e-31 
4.3575 6.43768e-31 
4.365 4.30093e-31 
4.3625 4.92094e-31 
4.37 3.28318e-31 
4.3675 3.75817e-31 
4.375 2.50399e-31 
4.3725 2.86756e-31 
4.38 1.90798e-31 
4.3775 2.18601e-31 
4.385 1.45251e-31 
4.3825 1.66493e-31 
4.39 1.10474e-31 
4.3875 1.26689e-31 
4.395 8.39464e-32 
4.3925 9.63121e-32 
4.4 6.37293e-32 
4.3975 7.3151e-32 
4.405 4.8336e-32 
4.4025 5.55079e-32 
4.41 3.66264e-32 
4.4075 4.20806e-32 
4.415 2.77274e-32 
4.4125 3.18714e-32 
4.42 2.09707e-32 
4.4175 2.41163e-32 
4.425 1.58454e-32 
4.4225 1.82309e-32 
4.43 1.19614e-32 
4.4275 1.37687e-32 
4.435 9.02076e-33 
4.4325 1.03887e-32 
4.44 6.79655e-33 
4.4375 7.83099e-33 
4.445 5.11582e-33 
4.4425 5.89729e-33 
4.45 3.847e-33 
4.4475 4.4368e-33 
4.455 2.89007e-33 
4.4525 3.33477e-33 
4.46 2.16906e-33 
4.4575 2.50404e-33 
4.465 1.62634e-33 
4.4625 1.87842e-33 
4.47 1.21822e-33 
4.4675 1.40774e-33 
4.475 9.11626e-34 
4.4725 1.05396e-33 
4.48 6.81521e-34 
4.4775 7.88316e-34 
4.485 5.08996e-34 
4.4825 5.89046e-34 
4.49 3.79769e-34 
4.4875 4.39713e-34 
4.495 2.83071e-34 
4.4925 3.27914e-34 
4.5 2.10785e-34 
4.4975 2.44298e-34 
4.505 1.56802e-34 
4.5025 1.81823e-34 
4.51 1.16528e-34 
4.5075 1.3519e-34 
4.515 8.65122e-35 
4.5125 1.00417e-34 
4.52 6.41635e-35 
4.5175 7.45136e-35 
4.525 4.75405e-35 
4.5225 5.52368e-35 
4.53 3.51887e-35 
4.5275 4.09059e-35 
4.535 2.60199e-35 
4.5325 3.02627e-35 
4.54 1.92207e-35 
4.5375 2.23661e-35 
4.545 1.41839e-35 
4.5425 1.65134e-35 
4.55 1.04564e-35 
4.5475 1.21799e-35 
4.555 7.70071e-36 
4.5525 8.97449e-36 
4.56 5.66549e-36 
4.5575 6.60598e-36 
4.565 4.16393e-36 
4.5625 4.85762e-36 
4.57 3.05723e-36 
4.5675 3.56836e-36 
4.575 2.24238e-36 
4.5725 2.61862e-36 
4.58 1.64305e-36 
4.5775 1.9197e-36 
4.585 1.20267e-36 
4.5825 1.40589e-36 
4.59 8.79425e-37 
4.5875 1.02855e-36 
4.595 6.42403e-37 
4.5925 7.51721e-37 
4.6 4.68783e-37 
4.5975 5.48836e-37 
4.605 3.41736e-37 
4.6025 4.00299e-37 
4.61 2.48865e-37 
4.6075 2.91663e-37 
4.615 1.81047e-37 
4.6125 2.12291e-37 
4.62 1.31575e-37 
4.6175 1.54361e-37 
4.625 9.55234e-38 
4.6225 1.12123e-37 
4.63 6.92785e-38 
4.6275 8.13593e-38 
4.635 5.01926e-38 
4.6325 5.89756e-38 
4.64 3.63273e-38 
4.6375 4.27061e-38 
4.645 2.62651e-38 
4.6425 3.0893e-38 
4.65 1.89705e-38 
4.6475 2.23245e-38 
4.655 1.36876e-38 
4.6525 1.6116e-38 
4.66 9.86574e-39 
4.6575 1.1622e-38 
4.665 7.10367e-39 
4.6625 8.37259e-39 
4.67 5.1096e-39 
4.6675 6.02543e-39 
4.675 3.67149e-39 
4.6725 4.33179e-39 
4.68 2.63541e-39 
4.6775 3.11099e-39 
4.685 1.88975e-39 
4.6825 2.23192e-39 
4.69 1.35366e-39 
4.6875 1.5996e-39 
4.695 9.68652e-40 
4.6925 1.14523e-39 
4.7 6.92429e-40 
4.6975 8.19077e-40 
4.705 4.94461e-40 
4.7025 5.85204e-40 
4.71 3.52728e-40 
4.7075 4.17676e-40 
4.715 2.5136e-40 
4.7125 2.97798e-40 
4.72 1.78939e-40 
4.7175 2.12106e-40 
4.725 1.27251e-40 
4.7225 1.50916e-40 
4.73 9.03997e-41 
4.7275 1.07267e-40 
4.735 6.41539e-41 
4.7325 7.61637e-41 
4.74 4.54809e-41 
4.7375 5.4023e-41 
4.745 3.22095e-41 
4.7425 3.82789e-41 
4.75 2.27871e-41 
4.7475 2.7095e-41 
4.755 1.61043e-41 
4.7525 1.91588e-41 
4.76 1.13696e-41 
4.7575 1.35331e-41 
4.765 8.01864e-42 
4.7625 9.54942e-42 
4.77 5.64942e-42 
4.7675 6.7314e-42 
4.775 3.97609e-42 
4.7725 4.74005e-42 
4.78 2.7955e-42 
4.7775 3.33435e-42 
4.785 1.96341e-42 
4.7825 2.34308e-42 
4.79 1.37757e-42 
4.7875 1.64481e-42 
4.795 9.65528e-43 
4.7925 1.15343e-42 
4.8 6.76031e-43 
4.7975 8.08013e-43 
4.805 4.72845e-43 
4.8025 5.65451e-43 
4.81 3.30385e-43 
4.8075 3.95296e-43 
4.815 2.30607e-43 
4.8125 2.76057e-43 
4.82 1.60796e-43 
4.8175 1.92587e-43 
4.825 1.12003e-43 
4.8225 1.34216e-43 
4.83 7.79348e-44 
4.8275 9.34398e-44 
4.835 5.41733e-44 
4.8325 6.49846e-44 
4.84 3.76175e-44 
4.8375 4.51481e-44 
4.845 2.60943e-44 
4.8425 3.13343e-44 
4.85 1.80823e-44 
4.8475 2.17246e-44 
4.855 1.25173e-44 
4.8525 1.50464e-44 
4.86 8.65605e-45 
4.8575 1.04104e-44 
4.865 5.97972e-45 
4.8625 7.19536e-45 
4.87 4.12661e-45 
4.8675 4.96809e-45 
4.875 2.84484e-45 
4.8725 3.42671e-45 
4.88 1.95918e-45 
4.8775 2.36112e-45 
4.885 1.34786e-45 
4.8825 1.62521e-45 
4.89 9.26328e-46 
4.8875 1.11752e-45 
4.895 6.35973e-46 
4.8925 7.67632e-46 
4.9 4.3618e-46 
4.8975 5.26749e-46 
4.905 2.98845e-46 
4.9025 3.61083e-46 
4.91 2.0454e-46 
4.9075 2.47265e-46 
4.915 1.39851e-46 
4.9125 1.6915e-46 
4.92 9.55226e-47 
4.9175 1.15594e-46 
4.925 6.51781e-47 
4.9225 7.89141e-47 
4.93 4.44277e-47 
4.9275 5.38181e-47 
4.935 3.02527e-47 
4.9325 3.66656e-47 
4.94 2.05796e-47 
4.9375 2.49546e-47 
4.945 1.39858e-47 
4.9425 1.69672e-47 
4.95 9.49593e-48 
4.9475 1.15254e-47 
4.955 6.44235e-48 
4.9525 7.8221e-48 
4.96 4.36848e-48 
4.9575 5.30515e-48 
4.965 2.96256e-48 
4.9625 3.59717e-48 
4.97 2.01211e-48 
4.9675 2.4407e-48 
4.975 1.37275e-48 
4.9725 1.66052e-48 
4.98 9.46833e-49 
4.9775 1.1378e-48 
4.985 6.69035e-49 
4.9825 7.92524e-49 
4.99 4.9655e-49 
4.9875 5.71609e-49 
4.995 4.02711e-49 
4.9925 4.40954e-49 
5 3.7297e-49 
4.9975 3.8033e-49 
