0 1.1585e-15 
0.005 1.17141e-15 
0.0025 1.16172e-15 
0.01 1.21035e-15 
0.0075 1.1876e-15 
0.015 1.27593e-15 
0.0125 1.23976e-15 
0.02 1.3692e-15 
0.0175 1.31902e-15 
0.025 1.4916e-15 
0.0225 1.42665e-15 
0.03 1.64502e-15 
0.0275 1.5643e-15 
0.035 1.83183e-15 
0.0325 1.73409e-15 
0.04 2.05482e-15 
0.0375 1.93861e-15 
0.045 2.31729e-15 
0.0425 2.18089e-15 
0.05 2.62305e-15 
0.0475 2.4645e-15 
0.055 2.97644e-15 
0.0525 2.7935e-15 
0.06 3.38237e-15 
0.0575 3.17251e-15 
0.065 3.84632e-15 
0.0625 3.60673e-15 
0.07 4.37442e-15 
0.0675 4.10194e-15 
0.075 4.97342e-15 
0.0725 4.6646e-15 
0.08 5.65078e-15 
0.0775 5.30181e-15 
0.085 6.41468e-15 
0.0825 6.02137e-15 
0.09 7.27404e-15 
0.0875 6.83184e-15 
0.095 8.23857e-15 
0.0925 7.74252e-15 
0.1 9.31881e-15 
0.0975 8.76354e-15 
0.105 1.05261e-14 
0.1025 9.90584e-15 
0.11 1.18728e-14 
0.1075 1.11812e-14 
0.115 1.33719e-14 
0.1125 1.26024e-14 
0.12 1.50376e-14 
0.1175 1.4183e-14 
0.125 1.68849e-14 
0.1225 1.59376e-14 
0.13 1.89297e-14 
0.1275 1.78815e-14 
0.135 2.11889e-14 
0.1325 2.00314e-14 
0.14 2.36804e-14 
0.1375 2.24044e-14 
0.145 2.6423e-14 
0.1425 2.50191e-14 
0.15 2.94364e-14 
0.1475 2.78946e-14 
0.155 3.27412e-14 
0.1525 3.10511e-14 
0.16 3.6359e-14 
0.1575 3.45096e-14 
0.165 4.03119e-14 
0.1625 3.82921e-14 
0.17 4.46231e-14 
0.1675 4.24212e-14 
0.175 4.93162e-14 
0.1725 4.69204e-14 
0.18 5.44156e-14 
0.1775 5.18136e-14 
0.185 5.99461e-14 
0.1825 5.71254e-14 
0.19 6.59331e-14 
0.1875 6.2881e-14 
0.195 7.2402e-14 
0.1925 6.91057e-14 
0.2 7.93787e-14 
0.1975 7.58253e-14 
0.205 8.68891e-14 
0.2025 8.30656e-14 
0.21 9.49589e-14 
0.2075 9.08524e-14 
0.215 1.03614e-13 
0.2125 9.92116e-14 
0.22 1.12879e-13 
0.2175 1.08168e-13 
0.225 1.2278e-13 
0.2225 1.17748e-13 
0.23 1.3334e-13 
0.2275 1.27976e-13 
0.235 1.44583e-13 
0.2325 1.38874e-13 
0.24 1.56533e-13 
0.2375 1.50468e-13 
0.245 1.69211e-13 
0.2425 1.62779e-13 
0.25 1.82639e-13 
0.2475 1.7583e-13 
0.255 1.96836e-13 
0.2525 1.8964e-13 
0.26 2.11824e-13 
0.2575 2.0423e-13 
0.265 2.27621e-13 
0.2625 2.1962e-13 
0.27 2.44244e-13 
0.2675 2.35828e-13 
0.275 2.61713e-13 
0.2725 2.52872e-13 
0.28 2.80045e-13 
0.2775 2.7077e-13 
0.285 2.99259e-13 
0.2825 2.89541e-13 
0.29 3.19374e-13 
0.2875 3.09203e-13 
0.295 3.4041e-13 
0.2925 3.29775e-13 
0.3 3.6239e-13 
0.2975 3.5128e-13 
0.305 3.85339e-13 
0.3025 3.73741e-13 
0.31 4.09287e-13 
0.3075 3.97186e-13 
0.315 4.34267e-13 
0.3125 4.21645e-13 
0.32 4.6032e-13 
0.3175 4.47157e-13 
0.325 4.87493e-13 
0.3225 4.73763e-13 
0.33 5.15841e-13 
0.3275 5.01516e-13 
0.335 5.45431e-13 
0.3325 5.30476e-13 
0.34 5.76342e-13 
0.3375 5.60716e-13 
0.345 6.08663e-13 
0.3425 5.9232e-13 
0.35 6.42504e-13 
0.3475 6.25386e-13 
0.355 6.77987e-13 
0.3525 6.60031e-13 
0.36 7.15257e-13 
0.3575 6.96389e-13 
0.365 7.54479e-13 
0.3625 7.34613e-13 
0.37 7.95842e-13 
0.3675 7.7488e-13 
0.375 8.39558e-13 
0.3725 8.17391e-13 
0.38 8.85869e-13 
0.3775 8.62373e-13 
0.385 9.35047e-13 
0.3825 9.10082e-13 
0.39 9.87392e-13 
0.3875 9.60803e-13 
0.395 1.04324e-12 
0.3925 1.01486e-12 
0.4 1.10296e-12 
0.3975 1.07259e-12 
0.405 1.16698e-12 
0.4025 1.13441e-12 
0.41 1.23572e-12 
0.4075 1.20073e-12 
0.415 1.3097e-12 
0.4125 1.27203e-12 
0.42 1.38946e-12 
0.4175 1.34882e-12 
0.425 1.47558e-12 
0.4225 1.43168e-12 
0.43 1.56873e-12 
0.4275 1.52124e-12 
0.435 1.66961e-12 
0.4325 1.61816e-12 
0.44 1.77901e-12 
0.4375 1.7232e-12 
0.445 1.89779e-12 
0.4425 1.83717e-12 
0.45 2.02689e-12 
0.4475 1.96099e-12 
0.455 2.16736e-12 
0.4525 2.09563e-12 
0.46 2.32035e-12 
0.4575 2.24221e-12 
0.465 2.48713e-12 
0.4625 2.40193e-12 
0.47 2.66914e-12 
0.4675 2.57614e-12 
0.475 2.86795e-12 
0.4725 2.76634e-12 
0.48 3.08533e-12 
0.4775 2.9742e-12 
0.485 3.32326e-12 
0.4825 3.20159e-12 
0.49 3.58394e-12 
0.4875 3.4506e-12 
0.495 3.86986e-12 
0.4925 3.72357e-12 
0.5 4.1838e-12 
0.4975 4.02314e-12 
0.505 4.52891e-12 
0.5025 4.35225e-12 
0.51 4.9087e-12 
0.5075 4.71423e-12 
0.515 5.32716e-12 
0.5125 5.11283e-12 
0.52 5.78875e-12 
0.5175 5.55226e-12 
0.525 6.29852e-12 
0.5225 6.03727e-12 
0.53 6.86213e-12 
0.5275 6.57321e-12 
0.535 7.486e-12 
0.5325 7.1661e-12 
0.54 8.17731e-12 
0.5375 7.82273e-12 
0.545 8.94418e-12 
0.5425 8.55075e-12 
0.55 9.79575e-12 
0.5475 9.35876e-12 
0.555 1.07423e-11 
0.5525 1.02565e-11 
0.56 1.17954e-11 
0.5575 1.12547e-11 
0.565 1.2968e-11 
0.5625 1.23658e-11 
0.57 1.42747e-11 
0.5675 1.36036e-11 
0.575 1.57321e-11 
0.5725 1.49835e-11 
0.58 1.73584e-11 
0.5775 1.65229e-11 
0.585 1.91746e-11 
0.5825 1.82414e-11 
0.59 2.12039e-11 
0.5875 2.0161e-11 
0.595 2.34724e-11 
0.5925 2.23065e-11 
0.6 2.60094e-11 
0.5975 2.47054e-11 
0.605 2.88481e-11 
0.6025 2.73889e-11 
0.61 3.20253e-11 
0.6075 3.03919e-11 
0.615 3.55825e-11 
0.6125 3.37536e-11 
0.62 3.95664e-11 
0.6175 3.7518e-11 
0.625 4.40292e-11 
0.6225 4.17344e-11 
0.63 4.90296e-11 
0.6275 4.64583e-11 
0.635 5.46334e-11 
0.6325 5.17517e-11 
0.64 6.09144e-11 
0.6375 5.76843e-11 
0.645 6.79555e-11 
0.6425 6.43344e-11 
0.65 7.58496e-11 
0.6475 7.17897e-11 
0.655 8.4701e-11 
0.6525 8.01486e-11 
0.66 9.46266e-11 
0.6575 8.95217e-11 
0.665 1.05758e-10 
0.6625 1.00033e-10 
0.67 1.18242e-10 
0.6675 1.11821e-10 
0.675 1.32244e-10 
0.6725 1.25042e-10 
0.68 1.47949e-10 
0.6775 1.39871e-10 
0.685 1.65566e-10 
0.6825 1.56505e-10 
0.69 1.85327e-10 
0.6875 1.75163e-10 
0.695 2.07495e-10 
0.6925 1.96093e-10 
0.7 2.32364e-10 
0.6975 2.19572e-10 
0.705 2.60262e-10 
0.7025 2.45912e-10 
0.71 2.9156e-10 
0.7075 2.75461e-10 
0.715 3.26672e-10 
0.7125 3.08611e-10 
0.72 3.66064e-10 
0.7175 3.45802e-10 
0.725 4.10259e-10 
0.7225 3.87526e-10 
0.73 4.59842e-10 
0.7275 4.34337e-10 
0.735 5.15471e-10 
0.7325 4.86856e-10 
0.74 5.77883e-10 
0.7375 5.45779e-10 
0.745 6.47908e-10 
0.7425 6.11888e-10 
0.75 7.26473e-10 
0.7475 6.8606e-10 
0.755 8.1462e-10 
0.7525 7.69279e-10 
0.76 9.1352e-10 
0.7575 8.62648e-10 
0.765 1.02448e-09 
0.7625 9.67406e-10 
0.77 1.14899e-09 
0.7675 1.08494e-09 
0.775 1.28868e-09 
0.7725 1.21682e-09 
0.78 1.44541e-09 
0.7775 1.36479e-09 
0.785 1.62126e-09 
0.7825 1.53081e-09 
0.79 1.81858e-09 
0.7875 1.71708e-09 
0.795 2.03996e-09 
0.7925 1.92609e-09 
0.8 2.28837e-09 
0.7975 2.16059e-09 
0.805 2.56708e-09 
0.8025 2.42371e-09 
0.81 2.87981e-09 
0.8075 2.71894e-09 
0.815 3.2307e-09 
0.8125 3.0502e-09 
0.82 3.62441e-09 
0.8175 3.42189e-09 
0.825 4.06617e-09 
0.8225 3.83893e-09 
0.83 4.56185e-09 
0.8275 4.30688e-09 
0.835 5.11803e-09 
0.8325 4.83193e-09 
0.84 5.74209e-09 
0.8375 5.42107e-09 
0.845 6.44232e-09 
0.8425 6.08212e-09 
0.85 7.22802e-09 
0.8475 6.82386e-09 
0.855 8.10963e-09 
0.8525 7.65614e-09 
0.86 9.09887e-09 
0.8575 8.59001e-09 
0.865 1.02089e-08 
0.8625 9.63788e-09 
0.87 1.14543e-08 
0.8675 1.08137e-08 
0.875 1.28519e-08 
0.8725 1.2133e-08 
0.88 1.44201e-08 
0.8775 1.36134e-08 
0.885 1.61797e-08 
0.8825 1.52745e-08 
0.89 1.81541e-08 
0.8875 1.71385e-08 
0.895 2.03697e-08 
0.8925 1.923e-08 
0.9 2.28557e-08 
0.8975 2.15769e-08 
0.905 2.56453e-08 
0.9025 2.42103e-08 
0.91 2.87755e-08 
0.9075 2.71653e-08 
0.915 3.22879e-08 
0.9125 3.04812e-08 
0.92 3.62293e-08 
0.9175 3.42019e-08 
0.925 4.0652e-08 
0.9225 3.8377e-08 
0.93 4.56148e-08 
0.9275 4.30619e-08 
0.935 5.11836e-08 
0.9325 4.8319e-08 
0.94 5.74325e-08 
0.9375 5.42181e-08 
0.945 6.44447e-08 
0.9425 6.08376e-08 
0.95 7.23133e-08 
0.9475 6.82657e-08 
0.955 8.11429e-08 
0.9525 7.66009e-08 
0.96 9.1051e-08 
0.9575 8.59542e-08 
0.965 1.02169e-07 
0.9625 9.645e-08 
0.97 1.14646e-07 
0.9675 1.08228e-07 
0.975 1.28646e-07 
0.9725 1.21444e-07 
0.98 1.44357e-07 
0.9775 1.36275e-07 
0.985 1.61987e-07 
0.9825 1.52918e-07 
0.99 1.8177e-07 
0.9875 1.71593e-07 
0.995 2.03971e-07 
0.9925 1.92551e-07 
1 2.28883e-07 
0.9975 2.16068e-07 
1.005 2.5684e-07 
1.0025 2.42459e-07 
1.01 2.88212e-07 
1.0075 2.72074e-07 
1.015 3.23417e-07 
1.0125 3.05307e-07 
1.02 3.62924e-07 
1.0175 3.42601e-07 
1.025 4.07257e-07 
1.0225 3.84452e-07 
1.03 4.57009e-07 
1.0275 4.31416e-07 
1.035 5.12839e-07 
1.0325 4.84119e-07 
1.04 5.75492e-07 
1.0375 5.43263e-07 
1.045 6.45801e-07 
1.0425 6.09633e-07 
1.05 7.24702e-07 
1.0475 6.84115e-07 
1.055 8.13246e-07 
1.0525 7.67698e-07 
1.06 9.12611e-07 
1.0575 8.61496e-07 
1.065 1.02412e-06 
1.0625 9.66758e-07 
1.07 1.14926e-06 
1.0675 1.08489e-06 
1.075 1.28969e-06 
1.0725 1.21745e-06 
1.08 1.44729e-06 
1.0775 1.36622e-06 
1.085 1.62415e-06 
1.0825 1.53317e-06 
1.09 1.82263e-06 
1.0875 1.72053e-06 
1.095 2.04537e-06 
1.0925 1.93079e-06 
1.1 2.29534e-06 
1.0975 2.16675e-06 
1.105 2.57586e-06 
1.1025 2.43156e-06 
1.11 2.89069e-06 
1.1075 2.72874e-06 
1.115 3.244e-06 
1.1125 3.06225e-06 
1.12 3.6405e-06 
1.1175 3.43653e-06 
1.125 4.08548e-06 
1.1225 3.85658e-06 
1.13 4.58487e-06 
1.1275 4.32798e-06 
1.135 5.14533e-06 
1.1325 4.85702e-06 
1.14 5.77431e-06 
1.1375 5.45075e-06 
1.145 6.4802e-06 
1.1425 6.11707e-06 
1.15 7.27241e-06 
1.1475 6.86488e-06 
1.155 8.1615e-06 
1.1525 7.70413e-06 
1.16 9.15932e-06 
1.1575 8.64602e-06 
1.165 1.02792e-05 
1.1625 9.7031e-06 
1.17 1.1536e-05 
1.1675 1.08895e-05 
1.175 1.29465e-05 
1.1725 1.22209e-05 
1.18 1.45296e-05 
1.1775 1.37152e-05 
1.185 1.63063e-05 
1.1825 1.53923e-05 
1.19 1.83003e-05 
1.1875 1.72745e-05 
1.195 2.05383e-05 
1.1925 1.9387e-05 
1.2 2.305e-05 
1.1975 2.17579e-05 
1.205 2.58691e-05 
1.2025 2.44189e-05 
1.21 2.90331e-05 
1.2075 2.74054e-05 
1.215 3.25842e-05 
1.2125 3.07574e-05 
1.22 3.65698e-05 
1.2175 3.45195e-05 
1.225 4.10432e-05 
1.2225 3.87419e-05 
1.23 4.6064e-05 
1.2275 4.34811e-05 
1.235 5.16993e-05 
1.2325 4.88003e-05 
1.24 5.80244e-05 
1.2375 5.47706e-05 
1.245 6.51237e-05 
1.2425 6.14716e-05 
1.25 7.30921e-05 
1.2475 6.89929e-05 
1.255 8.2036e-05 
1.2525 7.74349e-05 
1.26 9.2075e-05 
1.2575 8.69106e-05 
1.265 0.000103343 
1.2625 9.75465e-05 
1.27 0.000115992 
1.2675 0.000109485 
1.275 0.000130189 
1.2725 0.000122885 
1.28 0.000146125 
1.2775 0.000137927 
1.285 0.000164014 
1.2825 0.000154811 
1.29 0.000184094 
1.2875 0.000173764 
1.295 0.000206635 
1.2925 0.000195039 
1.3 0.000231938 
1.2975 0.000218921 
1.305 0.000260342 
1.3025 0.00024573 
1.31 0.000292229 
1.3075 0.000275825 
1.315 0.000328025 
1.3125 0.000309609 
1.32 0.00036821 
1.3175 0.000347536 
1.325 0.000413324 
1.3225 0.000390115 
1.33 0.000463972 
1.3275 0.000437916 
1.335 0.000520835 
1.3325 0.000491581 
1.34 0.000584675 
1.3375 0.000551831 
1.345 0.000656352 
1.3425 0.000619476 
1.35 0.000736828 
1.3475 0.000695425 
1.355 0.000827186 
1.3525 0.000780699 
1.36 0.000928643 
1.3575 0.000876446 
1.365 0.00104257 
1.3625 0.000983954 
1.37 0.00117049 
1.3675 0.00110467 
1.375 0.00131413 
1.3725 0.00124023 
1.38 0.00147544 
1.3775 0.00139245 
1.385 0.00165658 
1.3825 0.00156338 
1.39 0.00186 
1.3875 0.00175534 
1.395 0.00208846 
1.3925 0.00197092 
1.4 0.00234502 
1.3975 0.00221302 
1.405 0.00263317 
1.4025 0.00248492 
1.41 0.0029568 
1.4075 0.00279029 
1.415 0.00332028 
1.4125 0.00313326 
1.42 0.00372852 
1.4175 0.00351847 
1.425 0.00418704 
1.4225 0.00395113 
1.43 0.00470204 
1.4275 0.00443707 
1.435 0.00528047 
1.4325 0.00498286 
1.44 0.00593013 
1.4375 0.00559587 
1.445 0.00665979 
1.4425 0.00628438 
1.45 0.00747925 
1.4475 0.00705763 
1.455 0.00839953 
1.4525 0.00792605 
1.46 0.00943294 
1.4575 0.00890126 
1.465 0.0105933 
1.4625 0.00999633 
1.47 0.011896 
1.4675 0.0112258 
1.475 0.0133584 
1.4725 0.0126061 
1.48 0.0149996 
1.4775 0.0141554 
1.485 0.0168412 
1.4825 0.015894 
1.49 0.0189071 
1.4875 0.0178445 
1.495 0.0212237 
1.4925 0.0200323 
1.5 0.0238205 
1.4975 0.0224851 
1.505 0.0267301 
1.5025 0.025234 
1.51 0.0299883 
1.5075 0.0283132 
1.515 0.0336345 
1.5125 0.0317603 
1.52 0.0377121 
1.5175 0.0356165 
1.525 0.042268 
1.5225 0.0399271 
1.53 0.0473534 
1.5275 0.0447412 
1.535 0.0530232 
1.5325 0.0501116 
1.54 0.0593365 
1.5375 0.0560956 
1.545 0.0663559 
1.5425 0.0627539 
1.55 0.0741472 
1.5475 0.0701508 
1.555 0.0827788 
1.5525 0.0783536 
1.56 0.0923209 
1.5575 0.0874316 
1.565 0.102845 
1.5625 0.0974556 
1.57 0.11442 
1.5675 0.108496 
1.575 0.127114 
1.5725 0.120623 
1.58 0.14099 
1.5775 0.1339 
1.585 0.156104 
1.5825 0.148389 
1.59 0.172502 
1.5875 0.16414 
1.595 0.190218 
1.5925 0.181194 
1.6 0.209271 
1.5975 0.199577 
1.605 0.229661 
1.6025 0.2193 
1.61 0.251369 
1.6075 0.240353 
1.615 0.274353 
1.6125 0.262705 
1.62 0.298545 
1.6175 0.286303 
1.625 0.323857 
1.6225 0.311068 
1.63 0.350172 
1.6275 0.336897 
1.635 0.377355 
1.6325 0.363664 
1.64 0.405246 
1.6375 0.391222 
1.645 0.433674 
1.6425 0.419404 
1.65 0.46245 
1.6475 0.44803 
1.655 0.491382 
1.6525 0.476909 
1.66 0.520274 
1.6575 0.505845 
1.665 0.548933 
1.6625 0.534644 
1.67 0.577174 
1.6675 0.563117 
1.675 0.604827 
1.6725 0.591084 
1.68 0.631734 
1.6775 0.618382 
1.685 0.65776 
1.6825 0.644865 
1.69 0.682789 
1.6875 0.670405 
1.695 0.706729 
1.6925 0.6949 
1.7 0.72951 
1.6975 0.718268 
1.705 0.751081 
1.7025 0.740448 
1.71 0.771413 
1.7075 0.761403 
1.715 0.790497 
1.7125 0.781111 
1.72 0.808338 
1.7175 0.799572 
1.725 0.824955 
1.7225 0.816798 
1.73 0.840381 
1.7275 0.832815 
1.735 0.854655 
1.7325 0.847659 
1.74 0.867827 
1.7375 0.861376 
1.745 0.879949 
1.7425 0.874016 
1.75 0.891079 
1.7475 0.885634 
1.755 0.901275 
1.7525 0.89629 
1.76 0.910598 
1.7575 0.906042 
1.765 0.919107 
1.7625 0.91495 
1.77 0.92686 
1.7675 0.923074 
1.775 0.933915 
1.7725 0.930471 
1.78 0.940325 
1.7775 0.937197 
1.785 0.946143 
1.7825 0.943305 
1.79 0.951418 
1.7875 0.948845 
1.795 0.956196 
1.7925 0.953866 
1.8 0.960519 
1.7975 0.958412 
1.805 0.964429 
1.8025 0.962523 
1.81 0.967962 
1.8075 0.96624 
1.815 0.971152 
1.8125 0.969598 
1.82 0.974032 
1.8175 0.972629 
1.825 0.976629 
1.8225 0.975364 
1.83 0.978971 
1.8275 0.977831 
1.835 0.981082 
1.8325 0.980054 
1.84 0.982984 
1.8375 0.982058 
1.845 0.984697 
1.8425 0.983863 
1.85 0.98624 
1.8475 0.985489 
1.855 0.987628 
1.8525 0.986952 
1.86 0.988878 
1.8575 0.98827 
1.865 0.990002 
1.8625 0.989455 
1.87 0.991014 
1.8675 0.990522 
1.875 0.991924 
1.8725 0.991481 
1.88 0.992742 
1.8775 0.992344 
1.885 0.993478 
1.8825 0.99312 
1.89 0.994139 
1.8875 0.993817 
1.895 0.994734 
1.8925 0.994445 
1.9 0.995269 
1.8975 0.995009 
1.905 0.995749 
1.9025 0.995515 
1.91 0.996181 
1.9075 0.995971 
1.915 0.996569 
1.9125 0.99638 
1.92 0.996918 
1.9175 0.996748 
1.925 0.997231 
1.9225 0.997079 
1.93 0.997513 
1.9275 0.997376 
1.935 0.997766 
1.9325 0.997643 
1.94 0.997993 
1.9375 0.997882 
1.945 0.998197 
1.9425 0.998098 
1.95 0.998381 
1.9475 0.998291 
1.955 0.998545 
1.9525 0.998465 
1.96 0.998694 
1.9575 0.998621 
1.965 0.998826 
1.9625 0.998762 
1.97 0.998946 
1.9675 0.998888 
1.975 0.999053 
1.9725 0.999001 
1.98 0.99915 
1.9775 0.999103 
1.985 0.999236 
1.9825 0.999194 
1.99 0.999314 
1.9875 0.999276 
1.995 0.999384 
1.9925 0.99935 
2 0.999446 
1.9975 0.999416 
2.005 0.999503 
2.0025 0.999475 
2.01 0.999553 
2.0075 0.999529 
2.015 0.999599 
2.0125 0.999576 
2.02 0.999639 
2.0175 0.999619 
2.025 0.999676 
2.0225 0.999658 
2.03 0.999709 
2.0275 0.999693 
2.035 0.999738 
2.0325 0.999724 
2.04 0.999765 
2.0375 0.999752 
2.045 0.999788 
2.0425 0.999777 
2.05 0.99981 
2.0475 0.999799 
2.055 0.999829 
2.0525 0.999819 
2.06 0.999846 
2.0575 0.999838 
2.065 0.999861 
2.0625 0.999854 
2.07 0.999875 
2.0675 0.999868 
2.075 0.999887 
2.0725 0.999881 
2.08 0.999898 
2.0775 0.999893 
2.085 0.999908 
2.0825 0.999903 
2.09 0.999917 
2.0875 0.999912 
2.095 0.999925 
2.0925 0.999921 
2.1 0.999931 
2.0975 0.999928 
2.105 0.999938 
2.1025 0.999935 
2.11 0.999943 
2.1075 0.99994 
2.115 0.999948 
2.1125 0.999945 
2.12 0.999952 
2.1175 0.99995 
2.125 0.999956 
2.1225 0.999954 
2.13 0.999959 
2.1275 0.999957 
2.135 0.999961 
2.1325 0.99996 
2.14 0.999964 
2.1375 0.999963 
2.145 0.999966 
2.1425 0.999965 
2.15 0.999967 
2.1475 0.999966 
2.155 0.999968 
2.1525 0.999968 
2.16 0.999969 
2.1575 0.999968 
2.165 0.999969 
2.1625 0.999969 
2.17 0.999969 
2.1675 0.999969 
2.175 0.999969 
2.1725 0.999969 
2.18 0.999969 
2.1775 0.999969 
2.185 0.999968 
2.1825 0.999968 
2.19 0.999966 
2.1875 0.999967 
2.195 0.999965 
2.1925 0.999966 
2.2 0.999963 
2.1975 0.999964 
2.205 0.999961 
2.2025 0.999962 
2.21 0.999958 
2.2075 0.999959 
2.215 0.999955 
2.2125 0.999957 
2.22 0.999951 
2.2175 0.999953 
2.225 0.999947 
2.2225 0.999949 
2.23 0.999943 
2.2275 0.999945 
2.235 0.999938 
2.2325 0.99994 
2.24 0.999932 
2.2375 0.999935 
2.245 0.999926 
2.2425 0.999929 
2.25 0.999919 
2.2475 0.999922 
2.255 0.999911 
2.2525 0.999915 
2.26 0.999902 
2.2575 0.999906 
2.265 0.999892 
2.2625 0.999897 
2.27 0.999882 
2.2675 0.999887 
2.275 0.99987 
2.2725 0.999876 
2.28 0.999857 
2.2775 0.999863 
2.285 0.999842 
2.2825 0.999849 
2.29 0.999826 
2.2875 0.999834 
2.295 0.999808 
2.2925 0.999817 
2.3 0.999789 
2.2975 0.999799 
2.305 0.999767 
2.3025 0.999778 
2.31 0.999743 
2.3075 0.999755 
2.315 0.999717 
2.3125 0.99973 
2.32 0.999688 
2.3175 0.999703 
2.325 0.999656 
2.3225 0.999672 
2.33 0.99962 
2.3275 0.999639 
2.335 0.999581 
2.3325 0.999601 
2.34 0.999538 
2.3375 0.99956 
2.345 0.999491 
2.3425 0.999515 
2.35 0.999438 
2.3475 0.999465 
2.355 0.99938 
2.3525 0.99941 
2.36 0.999317 
2.3575 0.999349 
2.365 0.999246 
2.3625 0.999282 
2.37 0.999168 
2.3675 0.999208 
2.375 0.999083 
2.3725 0.999127 
2.38 0.998988 
2.3775 0.999037 
2.385 0.998884 
2.3825 0.998937 
2.39 0.998769 
2.3875 0.998828 
2.395 0.998642 
2.3925 0.998707 
2.4 0.998502 
2.3975 0.998574 
2.405 0.998348 
2.4025 0.998427 
2.41 0.998178 
2.4075 0.998265 
2.415 0.99799 
2.4125 0.998086 
2.42 0.997783 
2.4175 0.997889 
2.425 0.997555 
2.4225 0.997671 
2.43 0.997303 
2.4275 0.997432 
2.435 0.997025 
2.4325 0.997167 
2.44 0.996719 
2.4375 0.996875 
2.445 0.996381 
2.4425 0.996554 
2.45 0.996008 
2.4475 0.996199 
2.455 0.995598 
2.4525 0.995808 
2.46 0.995145 
2.4575 0.995377 
2.465 0.994645 
2.4625 0.994901 
2.47 0.994095 
2.4675 0.994377 
2.475 0.993488 
2.4725 0.993799 
2.48 0.992819 
2.4775 0.993162 
2.485 0.992082 
2.4825 0.992459 
2.49 0.991269 
2.4875 0.991685 
2.495 0.990373 
2.4925 0.990832 
2.5 0.989387 
2.4975 0.989892 
2.505 0.9883 
2.5025 0.988856 
2.51 0.987102 
2.5075 0.987715 
2.515 0.985783 
2.5125 0.986459 
2.52 0.984331 
2.5175 0.985075 
2.525 0.982732 
2.5225 0.983551 
2.53 0.980973 
2.5275 0.981874 
2.535 0.979036 
2.5325 0.980028 
2.54 0.976906 
2.5375 0.977997 
2.545 0.974564 
2.5425 0.975763 
2.55 0.971989 
2.5475 0.973307 
2.555 0.969159 
2.5525 0.970607 
2.56 0.966051 
2.5575 0.967641 
2.565 0.962639 
2.5625 0.964385 
2.57 0.958895 
2.5675 0.96081 
2.575 0.954789 
2.5725 0.956889 
2.58 0.95029 
2.5775 0.952591 
2.585 0.945363 
2.5825 0.947882 
2.59 0.939973 
2.5875 0.942728 
2.595 0.93408 
2.5925 0.937091 
2.6 0.927645 
2.5975 0.930933 
2.605 0.920625 
2.6025 0.92421 
2.61 0.912976 
2.6075 0.916882 
2.615 0.904654 
2.6125 0.908902 
2.62 0.895613 
2.6175 0.900227 
2.625 0.885805 
2.6225 0.890808 
2.63 0.875186 
2.6275 0.8806 
2.635 0.863709 
2.6325 0.869557 
2.64 0.851331 
2.6375 0.857635 
2.645 0.838013 
2.6425 0.844792 
2.65 0.823717 
2.6475 0.830989 
2.655 0.808413 
2.6525 0.816193 
2.66 0.792078 
2.6575 0.800376 
2.665 0.774694 
2.6625 0.783518 
2.67 0.756256 
2.6675 0.765607 
2.675 0.736769 
2.6725 0.746643 
2.68 0.71625 
2.6775 0.726637 
2.685 0.694728 
2.6825 0.705612 
2.69 0.672249 
2.6875 0.683605 
2.695 0.648873 
2.6925 0.660669 
2.7 0.624674 
2.6975 0.636871 
2.705 0.599741 
2.7025 0.612293 
2.71 0.574177 
2.7075 0.587031 
2.715 0.548098 
2.7125 0.561194 
2.72 0.521629 
2.7175 0.534904 
2.725 0.494904 
2.7225 0.50829 
2.73 0.468065 
2.7275 0.48149 
2.735 0.441254 
2.7325 0.454647 
2.74 0.414614 
2.7375 0.427904 
2.745 0.388287 
2.7425 0.401403 
2.75 0.362406 
2.7475 0.375283 
2.755 0.3371 
2.7525 0.349674 
2.76 0.312483 
2.7575 0.324698 
2.765 0.288662 
2.7625 0.300467 
2.77 0.265727 
2.7675 0.277078 
2.775 0.243755 
2.7725 0.254616 
2.78 0.222811 
2.7775 0.233151 
2.785 0.202942 
2.7825 0.21274 
2.79 0.184185 
2.7875 0.193423 
2.795 0.166559 
2.7925 0.17523 
2.8 0.150077 
2.7975 0.158175 
2.805 0.134735 
2.8025 0.142264 
2.81 0.120521 
2.8075 0.127488 
2.815 0.107416 
2.8125 0.113832 
2.82 0.0953897 
2.8175 0.10127 
2.825 0.084406 
2.8225 0.08977 
2.83 0.0744229 
2.8275 0.0792923 
2.835 0.065393 
2.8325 0.069792 
2.84 0.0572646 
2.8375 0.0612195 
2.845 0.0499828 
2.8425 0.0535214 
2.85 0.0434903 
2.8475 0.0466416 
2.855 0.0377285 
2.8525 0.0405218 
2.86 0.0326379 
2.8575 0.035103 
2.865 0.0281599 
2.8625 0.030326 
2.87 0.0242369 
2.8675 0.0261326 
2.875 0.0208134 
2.8725 0.0224661 
2.88 0.0178367 
2.8775 0.0192724 
2.885 0.0152569 
2.8825 0.0165001 
2.89 0.013028 
2.8875 0.0141013 
2.895 0.0111077 
2.8925 0.0120318 
2.9 0.00945728 
2.8975 0.010251 
2.905 0.00804209 
2.9025 0.00872231 
2.91 0.00683103 
2.9075 0.00741284 
2.915 0.0057965 
2.9125 0.00629329 
2.92 0.00491419 
2.9175 0.00533772 
2.925 0.00416277 
2.9225 0.00452334 
2.93 0.00352361 
2.9275 0.00383022 
2.935 0.00298057 
2.9325 0.003241 
2.94 0.00251963 
2.9375 0.00274063 
2.945 0.00212875 
2.9425 0.00231612 
2.95 0.00179752 
2.9475 0.00195626 
2.955 0.00151706 
2.9525 0.00165145 
2.96 0.00127974 
2.9575 0.00139344 
2.965 0.00107905 
2.9625 0.00117518 
2.97 0.000909415 
2.9675 0.00099066 
2.975 0.000766117 
2.9725 0.000834741 
2.98 0.000645124 
2.9775 0.00070306 
2.985 0.000543011 
2.9825 0.0005919 
2.99 0.00045687 
2.9875 0.000498107 
2.995 0.000384234 
2.9925 0.000419002 
3 0.000323012 
2.9975 0.000352314 
3.005 0.000271431 
3.0025 0.000296116 
3.01 0.000227991 
3.0075 0.000248778 
3.015 0.000191422 
3.0125 0.000208919 
3.02 0.000160649 
3.0175 0.000175371 
3.025 0.000134764 
3.0225 0.000147147 
3.03 0.000113 
3.0275 0.00012341 
3.035 9.47082e-05 
3.0325 0.000103457 
3.04 7.93408e-05 
3.0375 8.66896e-05 
3.045 6.64359e-05 
3.0425 7.26064e-05 
3.05 5.56035e-05 
3.0475 6.07825e-05 
3.055 4.65148e-05 
3.0525 5.08596e-05 
3.06 3.88925e-05 
3.0575 4.25358e-05 
3.065 3.25028e-05 
3.0625 3.55566e-05 
3.07 2.7149e-05 
3.0675 2.97075e-05 
3.075 2.26653e-05 
3.0725 2.48077e-05 
3.08 1.8912e-05 
3.0775 2.07051e-05 
3.085 1.57716e-05 
3.0825 1.72717e-05 
3.09 1.31455e-05 
3.0875 1.43998e-05 
3.095 1.09505e-05 
3.0925 1.19988e-05 
3.1 9.11682e-06 
3.0975 9.9924e-06 
3.105 7.58579e-06 
3.1025 8.31675e-06 
3.11 6.30815e-06 
3.1075 6.91804e-06 
3.115 5.24255e-06 
3.1125 5.75115e-06 
3.12 4.3543e-06 
3.1175 4.77819e-06 
3.125 3.61432e-06 
3.1225 3.9674e-06 
3.13 2.99821e-06 
3.1275 3.29214e-06 
3.135 2.48554e-06 
3.1325 2.73008e-06 
3.14 2.0592e-06 
3.1375 2.26253e-06 
3.145 1.70488e-06 
3.1425 1.87384e-06 
3.15 1.41059e-06 
3.1475 1.5509e-06 
3.155 1.16631e-06 
3.1525 1.28276e-06 
3.16 9.63684e-07 
3.1575 1.06026e-06 
3.165 7.95711e-07 
3.1625 8.75754e-07 
3.17 6.56559e-07 
3.1675 7.22857e-07 
3.175 5.41361e-07 
3.1725 5.96236e-07 
3.18 4.46057e-07 
3.1775 4.91448e-07 
3.185 3.67268e-07 
3.1825 4.04786e-07 
3.19 3.02175e-07 
3.1875 3.33165e-07 
3.195 2.48437e-07 
3.1925 2.74017e-07 
3.2 2.04105e-07 
3.1975 2.25204e-07 
3.205 1.67558e-07 
3.2025 1.84948e-07 
3.21 1.37452e-07 
3.2075 1.51775e-07 
3.215 1.12669e-07 
3.2125 1.24457e-07 
3.22 9.22846e-08 
3.2175 1.01979e-07 
3.225 7.55297e-08 
3.2225 8.34959e-08 
3.23 6.17687e-08 
3.2275 6.83101e-08 
3.235 5.04754e-08 
3.2325 5.58427e-08 
3.24 4.12145e-08 
3.2375 4.5615e-08 
3.245 3.3626e-08 
3.2425 3.7231e-08 
3.25 2.74129e-08 
3.2475 3.03639e-08 
3.255 2.23299e-08 
3.2525 2.47437e-08 
3.26 1.81748e-08 
3.2575 2.01475e-08 
3.265 1.47809e-08 
3.2625 1.63919e-08 
3.27 1.2011e-08 
3.2675 1.33255e-08 
3.275 9.75222e-09 
3.2725 1.08239e-08 
3.28 7.91174e-09 
3.2775 8.7848e-09 
3.285 6.41333e-09 
3.2825 7.12397e-09 
3.29 5.19442e-09 
3.2875 5.77238e-09 
3.295 4.2037e-09 
3.2925 4.67336e-09 
3.3 3.39913e-09 
3.2975 3.78046e-09 
3.305 2.74626e-09 
3.3025 3.05562e-09 
3.31 2.21695e-09 
3.3075 2.46771e-09 
3.315 1.78816e-09 
3.3125 1.99125e-09 
3.32 1.44111e-09 
3.3175 1.60545e-09 
3.325 1.16045e-09 
3.3225 1.29332e-09 
3.33 9.33663e-10 
3.3275 1.041e-09 
3.335 7.50574e-10 
3.3325 8.37214e-10 
3.34 6.02886e-10 
3.3375 6.72758e-10 
3.345 4.83855e-10 
3.3425 5.40157e-10 
3.35 3.88002e-10 
3.3475 4.3333e-10 
3.355 3.1088e-10 
3.3525 3.47342e-10 
3.36 2.48881e-10 
3.3575 2.78187e-10 
3.365 1.99082e-10 
3.3625 2.22616e-10 
3.37 1.59117e-10 
3.3675 1.77999e-10 
3.375 1.2707e-10 
3.3725 1.42208e-10 
3.38 1.01395e-10 
3.3775 1.13521e-10 
3.385 8.08426e-11 
3.3825 9.05467e-11 
3.39 6.44038e-11 
3.3875 7.21637e-11 
3.395 5.12667e-11 
3.3925 5.74667e-11 
3.4 4.07768e-11 
3.3975 4.57263e-11 
3.405 3.24077e-11 
3.4025 3.63557e-11 
3.41 2.57361e-11 
3.4075 2.88826e-11 
3.415 2.04221e-11 
3.4125 2.29278e-11 
3.42 1.61929e-11 
3.4175 1.81867e-11 
3.425 1.28298e-11 
3.4225 1.4415e-11 
3.43 1.01576e-11 
3.4275 1.14168e-11 
3.435 8.03597e-12 
3.4325 9.03553e-12 
3.44 6.35287e-12 
3.4375 7.14567e-12 
3.445 5.01868e-12 
3.4425 5.647e-12 
3.45 3.96189e-12 
3.4475 4.45947e-12 
3.455 3.12547e-12 
3.4525 3.51921e-12 
3.46 2.46395e-12 
3.4575 2.77529e-12 
3.465 1.94116e-12 
3.4625 2.18716e-12 
3.47 1.52829e-12 
3.4675 1.72253e-12 
3.475 1.20248e-12 
3.4725 1.35574e-12 
3.48 9.45544e-13 
3.4775 1.06638e-12 
3.485 7.43064e-13 
3.4825 8.38272e-13 
3.49 5.83605e-13 
3.4875 6.58571e-13 
3.495 4.5811e-13 
3.4925 5.17098e-13 
3.5 3.59407e-13 
3.4975 4.05794e-13 
3.505 2.81825e-13 
3.5025 3.1828e-13 
3.51 2.20882e-13 
3.5075 2.49514e-13 
3.515 1.73036e-13 
3.5125 1.95512e-13 
3.52 1.35495e-13 
3.5175 1.53127e-13 
3.525 1.06054e-13 
3.5225 1.1988e-13 
3.53 8.2978e-14 
3.5275 9.38133e-14 
3.535 6.48998e-14 
3.5325 7.33873e-14 
3.54 5.07436e-14 
3.5375 5.7389e-14 
3.545 3.96633e-14 
3.5425 4.48641e-14 
3.55 3.09942e-14 
3.5475 3.50629e-14 
3.555 2.42143e-14 
3.5525 2.7396e-14 
3.56 1.89137e-14 
3.5575 2.14009e-14 
3.565 1.47709e-14 
3.5625 1.67147e-14 
3.57 1.15341e-14 
3.5675 1.30527e-14 
3.575 9.00572e-15 
3.5725 1.01919e-14 
3.58 7.03119e-15 
3.5775 7.95747e-15 
3.585 5.48947e-15 
3.5825 6.21268e-15 
3.59 4.28588e-15 
3.5875 4.85045e-15 
3.595 3.34637e-15 
3.5925 3.78706e-15 
3.6 2.61305e-15 
3.5975 2.95702e-15 
3.605 2.04071e-15 
3.6025 2.30917e-15 
3.61 1.59399e-15 
3.6075 1.80352e-15 
3.615 1.24532e-15 
3.6125 1.40887e-15 
3.62 9.73157e-16 
3.6175 1.10082e-15 
3.625 7.60688e-16 
3.6225 8.60355e-16 
3.63 5.94794e-16 
3.6275 6.72617e-16 
3.635 4.65242e-16 
3.6325 5.2602e-16 
3.64 3.64047e-16 
3.6375 4.11524e-16 
3.645 2.8498e-16 
3.6425 3.22078e-16 
3.65 2.23185e-16 
3.6475 2.52182e-16 
3.655 1.74872e-16 
3.6525 1.97545e-16 
3.66 1.37085e-16 
3.6575 1.5482e-16 
3.665 1.07519e-16 
3.6625 1.21397e-16 
3.67 8.4376e-17 
3.6675 9.52406e-17 
3.675 6.62513e-17 
3.6725 7.4761e-17 
3.68 5.20499e-17 
3.6775 5.87185e-17 
3.685 4.09169e-17 
3.6825 4.61454e-17 
3.69 3.21845e-17 
3.6875 3.62861e-17 
3.695 2.53312e-17 
3.6925 2.85507e-17 
3.7 1.99495e-17 
3.6975 2.24781e-17 
3.705 1.5721e-17 
3.7025 1.77081e-17 
3.71 1.23964e-17 
3.7075 1.39589e-17 
3.715 9.78093e-18 
3.7125 1.10104e-17 
3.72 7.72205e-18 
3.7175 8.69005e-18 
3.725 6.10028e-18 
3.7225 6.8629e-18 
3.73 4.82201e-18 
3.7275 5.4232e-18 
3.735 3.81385e-18 
3.7325 4.28808e-18 
3.74 3.01821e-18 
3.7375 3.39254e-18 
3.745 2.38991e-18 
3.7425 2.68556e-18 
3.75 1.89345e-18 
3.7475 2.1271e-18 
3.755 1.50092e-18 
3.7525 1.68568e-18 
3.76 1.19038e-18 
3.7575 1.33657e-18 
3.765 9.44556e-19 
3.7625 1.0603e-18 
3.77 7.49859e-19 
3.7675 8.41545e-19 
3.775 5.95567e-19 
3.7725 6.68236e-19 
3.78 4.7323e-19 
3.7775 5.30857e-19 
3.785 3.76179e-19 
3.7825 4.21901e-19 
3.79 2.99151e-19 
3.7875 3.35445e-19 
3.795 2.37985e-19 
3.7925 2.66808e-19 
3.8 1.89393e-19 
3.7975 2.12294e-19 
3.805 1.50773e-19 
3.8025 1.68976e-19 
3.81 1.20065e-19 
3.8075 1.3454e-19 
3.815 9.56404e-20 
3.8125 1.07155e-19 
3.82 7.62052e-20 
3.8175 8.53686e-20 
3.825 6.07349e-20 
3.8225 6.80295e-20 
3.83 4.84167e-20 
3.8275 5.42256e-20 
3.835 3.86054e-20 
3.8325 4.32324e-20 
3.84 3.07884e-20 
3.8375 3.44752e-20 
3.845 2.45588e-20 
3.8425 2.74971e-20 
3.85 1.95929e-20 
3.8475 2.19353e-20 
3.855 1.56335e-20 
3.8525 1.75013e-20 
3.86 1.2476e-20 
3.8575 1.39655e-20 
3.865 9.95734e-21 
3.8625 1.11456e-20 
3.87 7.94804e-21 
3.8675 8.89602e-21 
3.875 6.34478e-21 
3.8725 7.10122e-21 
3.88 5.06533e-21 
3.8775 5.66902e-21 
3.885 4.04416e-21 
3.8825 4.526e-21 
3.89 3.22903e-21 
3.8875 3.61366e-21 
3.895 2.57831e-21 
3.8925 2.88537e-21 
3.9 2.05879e-21 
3.8975 2.30394e-21 
3.905 1.64398e-21 
3.9025 1.83972e-21 
3.91 1.31275e-21 
3.9075 1.46906e-21 
3.915 1.04826e-21 
3.9125 1.17308e-21 
3.92 8.3705e-22 
3.9175 9.36724e-22 
3.925 6.68379e-22 
3.9225 7.47977e-22 
3.93 5.33678e-22 
3.9275 5.97245e-22 
3.935 4.26105e-22 
3.9325 4.7687e-22 
3.94 3.40197e-22 
3.9375 3.80738e-22 
3.945 2.71592e-22 
3.9425 3.03967e-22 
3.95 2.16806e-22 
3.9475 2.4266e-22 
3.955 1.73057e-22 
3.9525 1.93702e-22 
3.96 1.38123e-22 
3.9575 1.54608e-22 
3.965 1.1023e-22 
3.9625 1.23393e-22 
3.97 8.79597e-23 
3.9675 9.84686e-23 
3.975 7.01802e-23 
3.9725 7.85698e-23 
3.98 5.5987e-23 
3.9775 6.26841e-23 
3.985 4.46579e-23 
3.9825 5.00034e-23 
3.99 3.56157e-23 
3.9875 3.98821e-23 
3.995 2.83998e-23 
3.9925 3.18044e-23 
4 2.26419e-23 
3.9975 2.53585e-23 
4.005 1.8048e-23 
4.0025 2.02153e-23 
4.01 1.43834e-23 
4.0075 1.61123e-23 
4.015 1.14606e-23 
4.0125 1.28394e-23 
4.02 9.12967e-24 
4.0175 1.02292e-23 
4.025 7.27119e-24 
4.0225 8.14784e-24 
4.03 5.78964e-24 
4.0275 6.48845e-24 
4.035 4.60881e-24 
4.0325 5.16575e-24 
4.04 3.66786e-24 
4.0375 4.11164e-24 
4.045 2.91822e-24 
4.0425 3.27175e-24 
4.05 2.32113e-24 
4.0475 2.6027e-24 
4.055 1.84566e-24 
4.0525 2.06986e-24 
4.06 1.46713e-24 
4.0575 1.64561e-24 
4.065 1.16587e-24 
4.0625 1.30791e-24 
4.07 9.26155e-25 
4.0675 1.03916e-24 
4.075 7.35476e-25 
4.0725 8.25362e-25 
4.08 5.83846e-25 
4.0775 6.55318e-25 
4.085 4.63306e-25 
4.0825 5.20119e-25 
4.09 3.67512e-25 
4.0875 4.12658e-25 
4.095 2.9141e-25 
4.0925 3.27272e-25 
4.1 2.30973e-25 
4.0975 2.5945e-25 
4.105 1.82993e-25 
4.1025 2.05599e-25 
4.11 1.44918e-25 
4.1075 1.62855e-25 
4.115 1.14714e-25 
4.1125 1.28942e-25 
4.12 9.07643e-26 
4.1175 1.02045e-25 
4.125 7.17809e-26 
4.1225 8.07211e-26 
4.13 5.67407e-26 
4.1275 6.38231e-26 
4.135 4.48298e-26 
4.1325 5.0438e-26 
4.14 3.54014e-26 
4.1375 3.98401e-26 
4.145 2.79415e-26 
4.1425 3.1453e-26 
4.15 2.20419e-26 
4.1475 2.48186e-26 
4.155 1.73786e-26 
4.1525 1.95732e-26 
4.16 1.36943e-26 
4.1575 1.54279e-26 
4.165 1.0785e-26 
4.1625 1.21538e-26 
4.17 8.48894e-27 
4.1675 9.56904e-27 
4.175 6.67775e-27 
4.1725 7.52962e-27 
4.18 5.24986e-27 
4.1775 5.92135e-27 
4.185 4.12478e-27 
4.1825 4.65379e-27 
4.19 3.23881e-27 
4.1875 3.65533e-27 
4.195 2.54153e-27 
4.1925 2.86929e-27 
4.2 1.99309e-27 
4.1975 2.25085e-27 
4.205 1.56198e-27 
4.2025 1.76456e-27 
4.21 1.22331e-27 
4.2075 1.38243e-27 
4.215 9.57431e-28 
4.2125 1.08233e-27 
4.22 7.48825e-28 
4.2175 8.46799e-28 
4.225 5.85266e-28 
4.2225 6.6207e-28 
4.23 4.5711e-28 
4.2275 5.17279e-28 
4.235 3.56763e-28 
4.2325 4.03867e-28 
4.24 2.78244e-28 
4.2375 3.15095e-28 
4.245 2.16848e-28 
4.2425 2.45657e-28 
4.25 1.68874e-28 
4.2475 1.91381e-28 
4.255 1.31416e-28 
4.2525 1.48986e-28 
4.26 1.02188e-28 
4.2575 1.15895e-28 
4.265 7.94008e-29 
4.2625 9.00854e-29 
4.27 6.1647e-29 
4.2675 6.99696e-29 
4.275 4.78256e-29 
4.2725 5.43035e-29 
4.28 3.70736e-29 
4.2775 4.21119e-29 
4.285 2.8716e-29 
4.2825 3.26315e-29 
4.29 2.22246e-29 
4.2875 2.52652e-29 
4.295 1.71867e-29 
4.2925 1.95459e-29 
4.3 1.32799e-29 
4.2975 1.5109e-29 
4.305 1.02527e-29 
4.3025 1.16697e-29 
4.31 7.90894e-30 
4.3075 9.00579e-30 
4.315 6.09586e-30 
4.3125 6.94419e-30 
4.32 4.69444e-30 
4.3175 5.35001e-30 
4.325 3.61213e-30 
4.3225 4.11831e-30 
4.33 2.77696e-30 
4.3275 3.16747e-30 
4.335 2.13304e-30 
4.3325 2.43406e-30 
4.34 1.63701e-30 
4.3375 1.86884e-30 
4.345 1.25523e-30 
4.3425 1.43362e-30 
4.35 9.61639e-31 
4.3475 1.09879e-30 
4.355 7.36063e-31 
4.3525 8.41416e-31 
4.36 5.62899e-31 
4.3575 6.43755e-31 
4.365 4.30087e-31 
4.3625 4.92086e-31 
4.37 3.28314e-31 
4.3675 3.75812e-31 
4.375 2.50396e-31 
4.3725 2.86752e-31 
4.38 1.90796e-31 
4.3775 2.18599e-31 
4.385 1.45249e-31 
4.3825 1.66491e-31 
4.39 1.10474e-31 
4.3875 1.26688e-31 
4.395 8.39459e-32 
4.3925 9.63115e-32 
4.4 6.3729e-32 
4.3975 7.31506e-32 
4.405 4.83358e-32 
4.4025 5.55076e-32 
4.41 3.66263e-32 
4.4075 4.20805e-32 
4.415 2.77273e-32 
4.4125 3.18713e-32 
4.42 2.09706e-32 
4.4175 2.41163e-32 
4.425 1.58454e-32 
4.4225 1.82309e-32 
4.43 1.19614e-32 
4.4275 1.37687e-32 
4.435 9.02075e-33 
4.4325 1.03887e-32 
4.44 6.79654e-33 
4.4375 7.83098e-33 
4.445 5.11581e-33 
4.4425 5.89728e-33 
4.45 3.84699e-33 
4.4475 4.43679e-33 
4.455 2.89006e-33 
4.4525 3.33477e-33 
4.46 2.16906e-33 
4.4575 2.50404e-33 
4.465 1.62634e-33 
4.4625 1.87842e-33 
4.47 1.21822e-33 
4.4675 1.40773e-33 
4.475 9.11626e-34 
4.4725 1.05396e-33 
4.48 6.81521e-34 
4.4775 7.88315e-34 
4.485 5.08996e-34 
4.4825 5.89045e-34 
4.49 3.79769e-34 
4.4875 4.39713e-34 
4.495 2.83071e-34 
4.4925 3.27914e-34 
4.5 2.10785e-34 
4.4975 2.44298e-34 
4.505 1.56802e-34 
4.5025 1.81823e-34 
4.51 1.16528e-34 
4.5075 1.3519e-34 
4.515 8.65122e-35 
4.5125 1.00417e-34 
4.52 6.41635e-35 
4.5175 7.45136e-35 
4.525 4.75405e-35 
4.5225 5.52368e-35 
4.53 3.51887e-35 
4.5275 4.09059e-35 
4.535 2.60199e-35 
4.5325 3.02627e-35 
4.54 1.92207e-35 
4.5375 2.23661e-35 
4.545 1.41839e-35 
4.5425 1.65134e-35 
4.55 1.04564e-35 
4.5475 1.21799e-35 
4.555 7.70071e-36 
4.5525 8.97449e-36 
4.56 5.66549e-36 
4.5575 6.60598e-36 
4.565 4.16393e-36 
4.5625 4.85762e-36 
4.57 3.05723e-36 
4.5675 3.56836e-36 
4.575 2.24238e-36 
4.5725 2.61862e-36 
4.58 1.64305e-36 
4.5775 1.9197e-36 
4.585 1.20267e-36 
4.5825 1.40589e-36 
4.59 8.79425e-37 
4.5875 1.02855e-36 
4.595 6.42403e-37 
4.5925 7.51721e-37 
4.6 4.68783e-37 
4.5975 5.48836e-37 
4.605 3.41736e-37 
4.6025 4.00299e-37 
4.61 2.48865e-37 
4.6075 2.91663e-37 
4.615 1.81047e-37 
4.6125 2.12291e-37 
4.62 1.31575e-37 
4.6175 1.54361e-37 
4.625 9.55234e-38 
4.6225 1.12123e-37 
4.63 6.92785e-38 
4.6275 8.13593e-38 
4.635 5.01926e-38 
4.6325 5.89756e-38 
4.64 3.63273e-38 
4.6375 4.27061e-38 
4.645 2.62651e-38 
4.6425 3.0893e-38 
4.65 1.89705e-38 
4.6475 2.23245e-38 
4.655 1.36876e-38 
4.6525 1.6116e-38 
4.66 9.86574e-39 
4.6575 1.1622e-38 
4.665 7.10367e-39 
4.6625 8.37259e-39 
4.67 5.1096e-39 
4.6675 6.02543e-39 
4.675 3.67149e-39 
4.6725 4.33179e-39 
4.68 2.63541e-39 
4.6775 3.11099e-39 
4.685 1.88975e-39 
4.6825 2.23192e-39 
4.69 1.35366e-39 
4.6875 1.5996e-39 
4.695 9.68652e-40 
4.6925 1.14523e-39 
4.7 6.92429e-40 
4.6975 8.19077e-40 
4.705 4.94461e-40 
4.7025 5.85204e-40 
4.71 3.52728e-40 
4.7075 4.17676e-40 
4.715 2.5136e-40 
4.7125 2.97798e-40 
4.72 1.78939e-40 
4.7175 2.12106e-40 
4.725 1.27251e-40 
4.7225 1.50916e-40 
4.73 9.03997e-41 
4.7275 1.07267e-40 
4.735 6.41539e-41 
4.7325 7.61637e-41 
4.74 4.54809e-41 
4.7375 5.4023e-41 
4.745 3.22095e-41 
4.7425 3.82789e-41 
4.75 2.27871e-41 
4.7475 2.7095e-41 
4.755 1.61043e-41 
4.7525 1.91588e-41 
4.76 1.13696e-41 
4.7575 1.35331e-41 
4.765 8.01864e-42 
4.7625 9.54942e-42 
4.77 5.64942e-42 
4.7675 6.7314e-42 
4.775 3.97609e-42 
4.7725 4.74005e-42 
4.78 2.7955e-42 
4.7775 3.33435e-42 
4.785 1.96341e-42 
4.7825 2.34308e-42 
4.79 1.37757e-42 
4.7875 1.64481e-42 
4.795 9.65528e-43 
4.7925 1.15343e-42 
4.8 6.76031e-43 
4.7975 8.08013e-43 
4.805 4.72845e-43 
4.8025 5.65451e-43 
4.81 3.30385e-43 
4.8075 3.95296e-43 
4.815 2.30607e-43 
4.8125 2.76057e-43 
4.82 1.60796e-43 
4.8175 1.92587e-43 
4.825 1.12003e-43 
4.8225 1.34216e-43 
4.83 7.79348e-44 
4.8275 9.34398e-44 
4.835 5.41733e-44 
4.8325 6.49846e-44 
4.84 3.76175e-44 
4.8375 4.51481e-44 
4.845 2.60943e-44 
4.8425 3.13343e-44 
4.85 1.80823e-44 
4.8475 2.17246e-44 
4.855 1.25173e-44 
4.8525 1.50464e-44 
4.86 8.65605e-45 
4.8575 1.04104e-44 
4.865 5.97972e-45 
4.8625 7.19536e-45 
4.87 4.12661e-45 
4.8675 4.96809e-45 
4.875 2.84484e-45 
4.8725 3.42671e-45 
4.88 1.95918e-45 
4.8775 2.36112e-45 
4.885 1.34786e-45 
4.8825 1.62521e-45 
4.89 9.26328e-46 
4.8875 1.11752e-45 
4.895 6.35973e-46 
4.8925 7.67632e-46 
4.9 4.3618e-46 
4.8975 5.26749e-46 
4.905 2.98845e-46 
4.9025 3.61083e-46 
4.91 2.0454e-46 
4.9075 2.47265e-46 
4.915 1.39851e-46 
4.9125 1.6915e-46 
4.92 9.55226e-47 
4.9175 1.15594e-46 
4.925 6.51781e-47 
4.9225 7.89141e-47 
4.93 4.44277e-47 
4.9275 5.38181e-47 
4.935 3.02527e-47 
4.9325 3.66656e-47 
4.94 2.05796e-47 
4.9375 2.49546e-47 
4.945 1.39858e-47 
4.9425 1.69672e-47 
4.95 9.49593e-48 
4.9475 1.15254e-47 
4.955 6.44235e-48 
4.9525 7.8221e-48 
4.96 4.36848e-48 
4.9575 5.30515e-48 
4.965 2.96256e-48 
4.9625 3.59717e-48 
4.97 2.01211e-48 
4.9675 2.4407e-48 
4.975 1.37275e-48 
4.9725 1.66052e-48 
4.98 9.46833e-49 
4.9775 1.1378e-48 
4.985 6.69035e-49 
4.9825 7.92524e-49 
4.99 4.9655e-49 
4.9875 5.71609e-49 
4.995 4.02711e-49 
4.9925 4.40954e-49 
5 3.7297e-49 
4.9975 3.8033e-49 
