0 7.13802e-16 
0.005 7.16343e-16 
0.0025 7.14438e-16 
0.01 7.23961e-16 
0.0075 7.19518e-16 
0.015 7.36647e-16 
0.0125 7.29672e-16 
0.02 7.54382e-16 
0.0175 7.44885e-16 
0.025 7.77141e-16 
0.0225 7.65135e-16 
0.03 8.04888e-16 
0.0275 7.90393e-16 
0.035 8.3758e-16 
0.0325 8.20619e-16 
0.04 8.75159e-16 
0.0375 8.55763e-16 
0.045 9.17558e-16 
0.0425 8.95761e-16 
0.05 9.64691e-16 
0.0475 9.40538e-16 
0.055 1.01646e-15 
0.0525 9.90003e-16 
0.06 1.07275e-15 
0.0575 1.04405e-15 
0.065 1.13341e-15 
0.0625 1.10254e-15 
0.07 1.19829e-15 
0.0675 1.16533e-15 
0.075 1.2672e-15 
0.0725 1.23225e-15 
0.08 1.33993e-15 
0.0775 1.3031e-15 
0.085 1.41624e-15 
0.0825 1.37765e-15 
0.09 1.49585e-15 
0.0875 1.45565e-15 
0.095 1.57847e-15 
0.0925 1.5368e-15 
0.1 1.66375e-15 
0.0975 1.6208e-15 
0.105 1.75133e-15 
0.1025 1.70728e-15 
0.11 1.84081e-15 
0.1075 1.79586e-15 
0.115 1.93173e-15 
0.1125 1.88612e-15 
0.12 2.02363e-15 
0.1175 1.97759e-15 
0.125 2.116e-15 
0.1225 2.06979e-15 
0.13 2.20829e-15 
0.1275 2.16219e-15 
0.135 2.29993e-15 
0.1325 2.25423e-15 
0.14 2.39032e-15 
0.1375 2.34532e-15 
0.145 2.47883e-15 
0.1425 2.43485e-15 
0.15 2.56482e-15 
0.1475 2.52218e-15 
0.155 2.64762e-15 
0.1525 2.60666e-15 
0.16 2.72655e-15 
0.1575 2.68761e-15 
0.165 2.80095e-15 
0.1625 2.76436e-15 
0.17 2.87012e-15 
0.1675 2.83623e-15 
0.175 2.93341e-15 
0.1725 2.90254e-15 
0.18 2.99017e-15 
0.1775 2.96265e-15 
0.185 3.03978e-15 
0.1825 3.01591e-15 
0.19 3.08165e-15 
0.1875 3.06172e-15 
0.195 3.11526e-15 
0.1925 3.09952e-15 
0.2 3.14012e-15 
0.1975 3.12881e-15 
0.205 3.15582e-15 
0.2025 3.14914e-15 
0.21 3.16203e-15 
0.2075 3.16013e-15 
0.215 3.1585e-15 
0.2125 3.16149e-15 
0.22 3.14507e-15 
0.2175 3.15303e-15 
0.225 3.12171e-15 
0.2225 3.13463e-15 
0.23 3.08846e-15 
0.2275 3.10631e-15 
0.235 3.04552e-15 
0.2325 3.06818e-15 
0.24 2.99317e-15 
0.2375 3.02049e-15 
0.245 2.93184e-15 
0.2425 2.9636e-15 
0.25 2.86208e-15 
0.2475 2.89798e-15 
0.255 2.78454e-15 
0.2525 2.82424e-15 
0.26 2.70001e-15 
0.2575 2.7431e-15 
0.265 2.60937e-15 
0.2625 2.65539e-15 
0.27 2.51359e-15 
0.2675 2.56206e-15 
0.275 2.41374e-15 
0.2725 2.4641e-15 
0.28 2.31094e-15 
0.2775 2.36263e-15 
0.285 2.20636e-15 
0.2825 2.25879e-15 
0.29 2.10121e-15 
0.2875 2.15378e-15 
0.295 1.99669e-15 
0.2925 2.04879e-15 
0.3 1.89399e-15 
0.2975 1.94504e-15 
0.305 1.79428e-15 
0.3025 1.84369e-15 
0.31 1.69864e-15 
0.3075 1.74588e-15 
0.315 1.60812e-15 
0.3125 1.65268e-15 
0.32 1.52364e-15 
0.3175 1.56507e-15 
0.325 1.44605e-15 
0.3225 1.48394e-15 
0.33 1.37607e-15 
0.3275 1.41007e-15 
0.335 1.31434e-15 
0.3325 1.34414e-15 
0.34 1.26136e-15 
0.3375 1.28673e-15 
0.345 1.21755e-15 
0.3425 1.23829e-15 
0.35 1.18322e-15 
0.3475 1.19918e-15 
0.355 1.15861e-15 
0.3525 1.16968e-15 
0.36 1.14389e-15 
0.3575 1.15e-15 
0.365 1.13919e-15 
0.3625 1.14028e-15 
0.37 1.14461e-15 
0.3675 1.14063e-15 
0.375 1.16023e-15 
0.3725 1.15114e-15 
0.38 1.18614e-15 
0.3775 1.17189e-15 
0.385 1.22247e-15 
0.3825 1.203e-15 
0.39 1.26938e-15 
0.3875 1.24459e-15 
0.395 1.32709e-15 
0.3925 1.29687e-15 
0.4 1.3959e-15 
0.3975 1.36008e-15 
0.405 1.47618e-15 
0.4025 1.43458e-15 
0.41 1.56844e-15 
0.4075 1.52078e-15 
0.415 1.67325e-15 
0.4125 1.61923e-15 
0.42 1.79135e-15 
0.4175 1.73059e-15 
0.425 1.92361e-15 
0.4225 1.85565e-15 
0.43 2.07103e-15 
0.4275 1.99535e-15 
0.435 2.23481e-15 
0.4325 2.15079e-15 
0.44 2.41632e-15 
0.4375 2.32325e-15 
0.445 2.61716e-15 
0.4425 2.51422e-15 
0.45 2.83915e-15 
0.4475 2.72539e-15 
0.455 3.08436e-15 
0.4525 2.95871e-15 
0.46 3.35518e-15 
0.4575 3.21641e-15 
0.465 3.65432e-15 
0.4625 3.50103e-15 
0.47 3.98485e-15 
0.4675 3.81545e-15 
0.475 4.35029e-15 
0.4725 4.16297e-15 
0.48 4.75463e-15 
0.4775 4.54733e-15 
0.485 5.2024e-15 
0.4825 4.97277e-15 
0.49 5.69876e-15 
0.4875 5.44415e-15 
0.495 6.24959e-15 
0.4925 5.96697e-15 
0.5 6.86157e-15 
0.4975 6.54748e-15 
0.505 7.5423e-15 
0.5025 7.19283e-15 
0.51 8.30043e-15 
0.5075 7.9111e-15 
0.515 9.1458e-15 
0.5125 8.71154e-15 
0.52 1.00896e-14 
0.5175 9.60464e-15 
0.525 1.11446e-14 
0.5225 1.06024e-14 
0.53 1.23254e-14 
0.5275 1.17183e-14 
0.535 1.36483e-14 
0.5325 1.29679e-14 
0.54 1.51322e-14 
0.5375 1.43689e-14 
0.545 1.67985e-14 
0.5425 1.59411e-14 
0.55 1.86714e-14 
0.5475 1.77074e-14 
0.555 2.07785e-14 
0.5525 1.96938e-14 
0.56 2.31512e-14 
0.5575 2.19295e-14 
0.565 2.58251e-14 
0.5625 2.44481e-14 
0.57 2.88408e-14 
0.5675 2.72875e-14 
0.575 3.22443e-14 
0.5725 3.04909e-14 
0.58 3.60877e-14 
0.5775 3.41075e-14 
0.585 4.04306e-14 
0.5825 3.81927e-14 
0.59 4.53401e-14 
0.5875 4.28099e-14 
0.595 5.08929e-14 
0.5925 4.80309e-14 
0.6 5.71757e-14 
0.5975 5.39372e-14 
0.605 6.42872e-14 
0.6025 6.06212e-14 
0.61 7.23392e-14 
0.6075 6.81881e-14 
0.615 8.14588e-14 
0.6125 7.6757e-14 
0.62 9.179e-14 
0.6175 8.64632e-14 
0.625 1.03496e-13 
0.6225 9.74603e-14 
0.63 1.16764e-13 
0.6275 1.09923e-13 
0.635 1.31803e-13 
0.6325 1.24048e-13 
0.64 1.48853e-13 
0.6375 1.4006e-13 
0.645 1.68185e-13 
0.6425 1.58215e-13 
0.65 1.90107e-13 
0.6475 1.78801e-13 
0.655 2.14969e-13 
0.6525 2.02147e-13 
0.66 2.43167e-13 
0.6575 2.28624e-13 
0.665 2.75152e-13 
0.6625 2.58656e-13 
0.67 3.11434e-13 
0.6675 2.92721e-13 
0.675 3.52594e-13 
0.6725 3.31365e-13 
0.68 3.99288e-13 
0.6775 3.75204e-13 
0.685 4.52264e-13 
0.6825 4.2494e-13 
0.69 5.1237e-13 
0.6875 4.81369e-13 
0.695 5.80567e-13 
0.6925 5.45392e-13 
0.7 6.57946e-13 
0.6975 6.18035e-13 
0.705 7.45746e-13 
0.7025 7.00459e-13 
0.71 8.45373e-13 
0.7075 7.93986e-13 
0.715 9.58422e-13 
0.7125 9.00112e-13 
0.72 1.0867e-12 
0.7175 1.02054e-12 
0.725 1.23227e-12 
0.7225 1.15719e-12 
0.73 1.39746e-12 
0.7275 1.31226e-12 
0.735 1.58491e-12 
0.7325 1.48822e-12 
0.74 1.79763e-12 
0.7375 1.68791e-12 
0.745 2.03903e-12 
0.7425 1.91452e-12 
0.75 2.31298e-12 
0.7475 2.17167e-12 
0.755 2.62386e-12 
0.7525 2.4635e-12 
0.76 2.97665e-12 
0.7575 2.79468e-12 
0.765 3.37702e-12 
0.7625 3.17051e-12 
0.77 3.83137e-12 
0.7675 3.59701e-12 
0.775 4.347e-12 
0.7725 4.08103e-12 
0.78 4.93216e-12 
0.7775 4.63033e-12 
0.785 5.59623e-12 
0.7825 5.2537e-12 
0.79 6.34987e-12 
0.7875 5.96113e-12 
0.795 7.20514e-12 
0.7925 6.76398e-12 
0.8 8.17576e-12 
0.7975 7.6751e-12 
0.805 9.27729e-12 
0.8025 8.70911e-12 
0.81 1.05274e-11 
0.8075 9.88257e-12 
0.815 1.19461e-11 
0.8125 1.12143e-11 
0.82 1.35561e-11 
0.8175 1.27257e-11 
0.825 1.53834e-11 
0.8225 1.44409e-11 
0.83 1.7457e-11 
0.8275 1.63874e-11 
0.835 1.98104e-11 
0.8325 1.85965e-11 
0.84 2.24812e-11 
0.8375 2.11036e-11 
0.845 2.55122e-11 
0.8425 2.39488e-11 
0.85 2.89521e-11 
0.8475 2.71778e-11 
0.855 3.2856e-11 
0.8525 3.08423e-11 
0.86 3.72865e-11 
0.8575 3.50012e-11 
0.865 4.23146e-11 
0.8625 3.9721e-11 
0.87 4.80209e-11 
0.8675 4.50775e-11 
0.875 5.44969e-11 
0.8725 5.11565e-11 
0.88 6.18465e-11 
0.8775 5.80555e-11 
0.885 7.01874e-11 
0.8825 6.58851e-11 
0.89 7.96535e-11 
0.8875 7.47708e-11 
0.895 9.03965e-11 
0.8925 8.48551e-11 
0.9 1.02589e-10 
0.8975 9.62998e-11 
0.905 1.16425e-10 
0.9025 1.09288e-10 
0.91 1.32129e-10 
0.9075 1.24029e-10 
0.915 1.4995e-10 
0.9125 1.40758e-10 
0.92 1.70176e-10 
0.9175 1.59743e-10 
0.925 1.9313e-10 
0.9225 1.8129e-10 
0.93 2.1918e-10 
0.9275 2.05743e-10 
0.935 2.48744e-10 
0.9325 2.33494e-10 
0.94 2.82296e-10 
0.9375 2.6499e-10 
0.945 3.20375e-10 
0.9425 3.00734e-10 
0.95 3.6359e-10 
0.9475 3.41299e-10 
0.955 4.12635e-10 
0.9525 3.87337e-10 
0.96 4.68296e-10 
0.9575 4.39585e-10 
0.965 5.31465e-10 
0.9625 4.98882e-10 
0.97 6.03156e-10 
0.9675 5.66177e-10 
0.975 6.84519e-10 
0.9725 6.42551e-10 
0.98 7.76856e-10 
0.9775 7.29227e-10 
0.985 8.81651e-10 
0.9825 8.27596e-10 
0.99 1.00058e-09 
0.9875 9.39236e-10 
0.995 1.13556e-09 
0.9925 1.06593e-09 
1 1.28874e-09 
0.9975 1.20973e-09 
1.005 1.46259e-09 
1.0025 1.37292e-09 
1.01 1.65989e-09 
1.0075 1.55812e-09 
1.015 1.88381e-09 
1.0125 1.76831e-09 
1.02 2.13793e-09 
1.0175 2.00685e-09 
1.025 2.42634e-09 
1.0225 2.27758e-09 
1.03 2.75366e-09 
1.0275 2.58482e-09 
1.035 3.12513e-09 
1.0325 2.93352e-09 
1.04 3.54672e-09 
1.0375 3.32926e-09 
1.045 4.02518e-09 
1.0425 3.77838e-09 
1.05 4.56819e-09 
1.0475 4.2881e-09 
1.055 5.18445e-09 
1.0525 4.86658e-09 
1.06 5.88386e-09 
1.0575 5.5231e-09 
1.065 6.67763e-09 
1.0625 6.26819e-09 
1.07 7.57848e-09 
1.0675 7.1138e-09 
1.075 8.60086e-09 
1.0725 8.0735e-09 
1.08 9.76118e-09 
1.0775 9.16267e-09 
1.085 1.1078e-08 
1.0825 1.03988e-08 
1.09 1.25726e-08 
1.0875 1.18017e-08 
1.095 1.42687e-08 
1.0925 1.33938e-08 
1.1 1.61937e-08 
1.0975 1.52008e-08 
1.105 1.83785e-08 
1.1025 1.72515e-08 
1.11 2.08579e-08 
1.1075 1.9579e-08 
1.115 2.36719e-08 
1.1125 2.22204e-08 
1.12 2.68656e-08 
1.1175 2.52183e-08 
1.125 3.04902e-08 
1.1225 2.86206e-08 
1.13 3.46039e-08 
1.1275 3.2482e-08 
1.135 3.92725e-08 
1.1325 3.68643e-08 
1.14 4.45712e-08 
1.1375 4.1838e-08 
1.145 5.05847e-08 
1.1425 4.74828e-08 
1.15 5.74097e-08 
1.1475 5.38893e-08 
1.155 6.51557e-08 
1.1525 6.11602e-08 
1.16 7.39469e-08 
1.1575 6.94122e-08 
1.165 8.39244e-08 
1.1625 7.87778e-08 
1.17 9.52483e-08 
1.1675 8.94072e-08 
1.175 1.081e-07 
1.1725 1.01471e-07 
1.18 1.22687e-07 
1.1775 1.15163e-07 
1.185 1.39242e-07 
1.1825 1.30703e-07 
1.19 1.58032e-07 
1.1875 1.4834e-07 
1.195 1.79357e-07 
1.1925 1.68357e-07 
1.2 2.03561e-07 
1.1975 1.91076e-07 
1.205 2.31032e-07 
1.2025 2.16862e-07 
1.21 2.62211e-07 
1.2075 2.46128e-07 
1.215 2.976e-07 
1.2125 2.79346e-07 
1.22 3.37766e-07 
1.2175 3.17047e-07 
1.225 3.83356e-07 
1.2225 3.59839e-07 
1.23 4.35101e-07 
1.2275 4.08409e-07 
1.235 4.93833e-07 
1.2325 4.63537e-07 
1.24 5.60498e-07 
1.2375 5.2611e-07 
1.245 6.36167e-07 
1.2425 5.97135e-07 
1.25 7.22058e-07 
1.2475 6.77753e-07 
1.255 8.19553e-07 
1.2525 7.69261e-07 
1.26 9.30221e-07 
1.2575 8.73134e-07 
1.265 1.05585e-06 
1.2625 9.91043e-07 
1.27 1.19845e-06 
1.2675 1.12489e-06 
1.275 1.36033e-06 
1.2725 1.27683e-06 
1.28 1.54411e-06 
1.2775 1.44931e-06 
1.285 1.75274e-06 
1.2825 1.64512e-06 
1.29 1.9896e-06 
1.2875 1.86741e-06 
1.295 2.25851e-06 
1.2925 2.11979e-06 
1.3 2.56382e-06 
1.2975 2.40632e-06 
1.305 2.91048e-06 
1.3025 2.73165e-06 
1.31 3.30411e-06 
1.3075 3.10104e-06 
1.315 3.75108e-06 
1.3125 3.52049e-06 
1.32 4.25867e-06 
1.3175 3.9968e-06 
1.325 4.83511e-06 
1.3225 4.53772e-06 
1.33 5.48982e-06 
1.3275 5.15205e-06 
1.335 6.23346e-06 
1.3325 5.8498e-06 
1.34 7.07819e-06 
1.3375 6.64236e-06 
1.345 8.03783e-06 
1.3425 7.54271e-06 
1.35 9.12815e-06 
1.3475 8.56559e-06 
1.355 1.03671e-05 
1.3525 9.72782e-06 
1.36 1.1775e-05 
1.3575 1.10485e-05 
1.365 1.33753e-05 
1.3625 1.25495e-05 
1.37 1.51945e-05 
1.3675 1.42557e-05 
1.375 1.72628e-05 
1.3725 1.61954e-05 
1.38 1.96148e-05 
1.3775 1.8401e-05 
1.385 2.229e-05 
1.3825 2.09093e-05 
1.39 2.53335e-05 
1.3875 2.37627e-05 
1.395 2.87969e-05 
1.3925 2.70092e-05 
1.4 3.27391e-05 
1.3975 3.07042e-05 
1.405 3.72277e-05 
1.4025 3.49105e-05 
1.41 4.23401e-05 
1.4075 3.97007e-05 
1.415 4.8165e-05 
1.4125 4.51574e-05 
1.42 5.48043e-05 
1.4175 5.13759e-05 
1.425 6.23751e-05 
1.4225 5.84653e-05 
1.43 7.1012e-05 
1.4275 6.65511e-05 
1.435 8.08701e-05 
1.4325 7.57778e-05 
1.44 9.21282e-05 
1.4375 8.6312e-05 
1.445 0.000104993 
1.4425 9.83455e-05 
1.45 0.000119702 
1.4475 0.0001121 
1.455 0.000136531 
1.4525 0.000127832 
1.46 0.000155801 
1.4575 0.000145839 
1.465 0.000177881 
1.4625 0.000166464 
1.47 0.000203203 
1.4675 0.000190108 
1.475 0.000232268 
1.4725 0.000217234 
1.48 0.000265659 
1.4775 0.000248383 
1.485 0.000304056 
1.4825 0.000284185 
1.49 0.000348255 
1.4875 0.000325376 
1.495 0.000399183 
1.4925 0.000372814 
1.5 0.000457927 
1.4975 0.000427503 
1.505 0.000525759 
1.5025 0.000490619 
1.51 0.000604171 
1.5075 0.00056354 
1.515 0.000694912 
1.5125 0.00064788 
1.52 0.000800032 
1.5175 0.000745533 
1.525 0.000921939 
1.5225 0.000858721 
1.53 0.00106346 
1.5275 0.000990052 
1.535 0.0012279 
1.5325 0.00114258 
1.54 0.00141915 
1.5375 0.00131991 
1.545 0.00164175 
1.5425 0.00152622 
1.55 0.00190104 
1.5475 0.00176645 
1.555 0.00220321 
1.5525 0.00204634 
1.56 0.00255552 
1.5575 0.0023726 
1.565 0.00296638 
1.5625 0.00275305 
1.57 0.00344555 
1.5675 0.00319676 
1.575 0.00400431 
1.5725 0.00371422 
1.58 0.00465563 
1.5775 0.00431753 
1.585 0.00541436 
1.5825 0.00502057 
1.59 0.00629739 
1.5875 0.0058392 
1.595 0.00732385 
1.5925 0.00679141 
1.6 0.00851523 
1.5975 0.0078975 
1.605 0.00989546 
1.6025 0.00918015 
1.61 0.011491 
1.6075 0.0106646 
1.615 0.0133306 
1.6125 0.0123784 
1.62 0.0154456 
1.6175 0.0143517 
1.625 0.0178694 
1.6225 0.0166168 
1.63 0.020637 
1.6275 0.0192079 
1.635 0.023785 
1.6325 0.0221611 
1.64 0.027351 
1.6375 0.0255134 
1.645 0.0313728 
1.6425 0.0293025 
1.65 0.0358885 
1.6475 0.0335666 
1.655 0.0409355 
1.6525 0.0383433 
1.66 0.0465505 
1.6575 0.0436698 
1.665 0.0527692 
1.6625 0.0495822 
1.67 0.0596258 
1.6675 0.0561156 
1.675 0.0671539 
1.6725 0.0633039 
1.68 0.0753852 
1.6775 0.0711797 
1.685 0.0843509 
1.6825 0.0797744 
1.69 0.0940805 
1.6875 0.0891184 
1.695 0.104602 
1.6925 0.0992406 
1.7 0.115943 
1.6975 0.110169 
1.705 0.128127 
1.7025 0.121928 
1.71 0.141177 
1.7075 0.134543 
1.715 0.155111 
1.7125 0.148032 
1.72 0.169943 
1.7175 0.162414 
1.725 0.185681 
1.7225 0.177698 
1.73 0.20233 
1.7275 0.193892 
1.735 0.219884 
1.7325 0.210994 
1.74 0.238329 
1.7375 0.228996 
1.745 0.257643 
1.7425 0.247879 
1.75 0.277794 
1.7475 0.267616 
1.755 0.298738 
1.7525 0.28817 
1.76 0.320422 
1.7575 0.309492 
1.765 0.342781 
1.7625 0.331522 
1.77 0.365738 
1.7675 0.35419 
1.775 0.38921 
1.7725 0.377416 
1.78 0.413103 
1.7775 0.40111 
1.785 0.437315 
1.7825 0.425175 
1.79 0.461739 
1.7875 0.449507 
1.795 0.486265 
1.7925 0.473996 
1.8 0.510781 
1.7975 0.498531 
1.805 0.535174 
1.8025 0.522999 
1.81 0.559335 
1.8075 0.54729 
1.815 0.583158 
1.8125 0.571295 
1.82 0.606545 
1.8175 0.594912 
1.825 0.629403 
1.8225 0.618045 
1.83 0.651651 
1.8275 0.640608 
1.835 0.673215 
1.8325 0.662522 
1.84 0.694035 
1.8375 0.683721 
1.845 0.714058 
1.8425 0.704149 
1.85 0.733245 
1.8475 0.723758 
1.855 0.751566 
1.8525 0.742515 
1.86 0.769003 
1.8575 0.760396 
1.865 0.785544 
1.8625 0.777386 
1.87 0.801189 
1.8675 0.793479 
1.875 0.815945 
1.8725 0.808678 
1.88 0.829825 
1.8775 0.822994 
1.885 0.842849 
1.8825 0.836443 
1.89 0.855039 
1.8875 0.849046 
1.895 0.866426 
1.8925 0.860831 
1.9 0.87704 
1.8975 0.871827 
1.905 0.886914 
1.9025 0.882067 
1.91 0.896084 
1.9075 0.891584 
1.915 0.904586 
1.9125 0.900416 
1.92 0.912456 
1.9175 0.908598 
1.925 0.919732 
1.9225 0.916167 
1.93 0.92645 
1.9275 0.923159 
1.935 0.932644 
1.9325 0.92961 
1.94 0.93835 
1.9375 0.935556 
1.945 0.9436 
1.9425 0.94103 
1.95 0.948426 
1.9475 0.946064 
1.955 0.952859 
1.9525 0.95069 
1.96 0.956927 
1.9575 0.954937 
1.965 0.960659 
1.9625 0.958834 
1.97 0.964078 
1.9675 0.962406 
1.975 0.96721 
1.9725 0.965678 
1.98 0.970077 
1.9775 0.968675 
1.985 0.9727 
1.9825 0.971418 
1.99 0.975099 
1.9875 0.973926 
1.995 0.977291 
1.9925 0.97622 
2 0.979295 
1.9975 0.978316 
2.005 0.981125 
2.0025 0.980231 
2.01 0.982796 
2.0075 0.981979 
2.015 0.984321 
2.0125 0.983576 
2.02 0.985713 
2.0175 0.985033 
2.025 0.986983 
2.0225 0.986363 
2.03 0.988142 
2.0275 0.987576 
2.035 0.989198 
2.0325 0.988682 
2.04 0.990161 
2.0375 0.989691 
2.045 0.991039 
2.0425 0.990611 
2.05 0.99184 
2.0475 0.991449 
2.055 0.992569 
2.0525 0.992213 
2.06 0.993234 
2.0575 0.992909 
2.065 0.993839 
2.0625 0.993543 
2.07 0.994391 
2.0675 0.994121 
2.075 0.994893 
2.0725 0.994648 
2.08 0.995351 
2.0775 0.995127 
2.085 0.995768 
2.0825 0.995564 
2.09 0.996147 
2.0875 0.995962 
2.095 0.996493 
2.0925 0.996324 
2.1 0.996808 
2.0975 0.996654 
2.105 0.997094 
2.1025 0.996954 
2.11 0.997355 
2.1075 0.997228 
2.115 0.997593 
2.1125 0.997477 
2.12 0.997809 
2.1175 0.997703 
2.125 0.998006 
2.1225 0.99791 
2.13 0.998185 
2.1275 0.998097 
2.135 0.998348 
2.1325 0.998268 
2.14 0.998496 
2.1375 0.998424 
2.145 0.998632 
2.1425 0.998566 
2.15 0.998754 
2.1475 0.998694 
2.155 0.998866 
2.1525 0.998812 
2.16 0.998968 
2.1575 0.998919 
2.165 0.999061 
2.1625 0.999016 
2.17 0.999145 
2.1675 0.999104 
2.175 0.999222 
2.1725 0.999185 
2.18 0.999292 
2.1775 0.999258 
2.185 0.999355 
2.1825 0.999324 
2.19 0.999413 
2.1875 0.999385 
2.195 0.999466 
2.1925 0.99944 
2.2 0.999514 
2.1975 0.99949 
2.205 0.999557 
2.2025 0.999536 
2.21 0.999597 
2.2075 0.999577 
2.215 0.999633 
2.2125 0.999615 
2.22 0.999665 
2.2175 0.999649 
2.225 0.999695 
2.2225 0.999681 
2.23 0.999722 
2.2275 0.999709 
2.235 0.999747 
2.2325 0.999735 
2.24 0.999769 
2.2375 0.999758 
2.245 0.999789 
2.2425 0.999779 
2.25 0.999808 
2.2475 0.999799 
2.255 0.999824 
2.2525 0.999816 
2.26 0.999839 
2.2575 0.999832 
2.265 0.999853 
2.2625 0.999846 
2.27 0.999865 
2.2675 0.999859 
2.275 0.999877 
2.2725 0.999871 
2.28 0.999887 
2.2775 0.999882 
2.285 0.999896 
2.2825 0.999891 
2.29 0.999904 
2.2875 0.9999 
2.295 0.999911 
2.2925 0.999908 
2.3 0.999918 
2.2975 0.999914 
2.305 0.999923 
2.3025 0.999921 
2.31 0.999928 
2.3075 0.999926 
2.315 0.999933 
2.3125 0.999931 
2.32 0.999937 
2.3175 0.999935 
2.325 0.99994 
2.3225 0.999938 
2.33 0.999943 
2.3275 0.999941 
2.335 0.999945 
2.3325 0.999944 
2.34 0.999947 
2.3375 0.999946 
2.345 0.999948 
2.3425 0.999947 
2.35 0.999949 
2.3475 0.999949 
2.355 0.999949 
2.3525 0.999949 
2.36 0.999949 
2.3575 0.999949 
2.365 0.999949 
2.3625 0.999949 
2.37 0.999948 
2.3675 0.999948 
2.375 0.999946 
2.3725 0.999947 
2.38 0.999945 
2.3775 0.999946 
2.385 0.999942 
2.3825 0.999943 
2.39 0.999939 
2.3875 0.999941 
2.395 0.999936 
2.3925 0.999938 
2.4 0.999932 
2.3975 0.999934 
2.405 0.999928 
2.4025 0.99993 
2.41 0.999922 
2.4075 0.999925 
2.415 0.999917 
2.4125 0.99992 
2.42 0.99991 
2.4175 0.999913 
2.425 0.999903 
2.4225 0.999907 
2.43 0.999895 
2.4275 0.999899 
2.435 0.999886 
2.4325 0.99989 
2.44 0.999876 
2.4375 0.999881 
2.445 0.999865 
2.4425 0.99987 
2.45 0.999852 
2.4475 0.999859 
2.455 0.999839 
2.4525 0.999846 
2.46 0.999824 
2.4575 0.999831 
2.465 0.999807 
2.4625 0.999816 
2.47 0.999789 
2.4675 0.999799 
2.475 0.999769 
2.4725 0.99978 
2.48 0.999748 
2.4775 0.999759 
2.485 0.999724 
2.4825 0.999736 
2.49 0.999697 
2.4875 0.999711 
2.495 0.999668 
2.4925 0.999683 
2.5 0.999636 
2.4975 0.999653 
2.505 0.999601 
2.5025 0.999619 
2.51 0.999563 
2.5075 0.999583 
2.515 0.999521 
2.5125 0.999543 
2.52 0.999475 
2.5175 0.999498 
2.525 0.999424 
2.5225 0.99945 
2.53 0.999368 
2.5275 0.999397 
2.535 0.999307 
2.5325 0.999339 
2.54 0.99924 
2.5375 0.999275 
2.545 0.999167 
2.5425 0.999204 
2.55 0.999086 
2.5475 0.999127 
2.555 0.998998 
2.5525 0.999043 
2.56 0.998901 
2.5575 0.99895 
2.565 0.998794 
2.5625 0.998849 
2.57 0.998677 
2.5675 0.998737 
2.575 0.998549 
2.5725 0.998615 
2.58 0.998409 
2.5775 0.998481 
2.585 0.998255 
2.5825 0.998334 
2.59 0.998086 
2.5875 0.998172 
2.595 0.9979 
2.5925 0.997995 
2.6 0.997697 
2.5975 0.997801 
2.605 0.997474 
2.6025 0.997588 
2.61 0.99723 
2.6075 0.997355 
2.615 0.996962 
2.6125 0.997099 
2.62 0.996668 
2.6175 0.996818 
2.625 0.996345 
2.6225 0.99651 
2.63 0.995992 
2.6275 0.996173 
2.635 0.995605 
2.6325 0.995803 
2.64 0.99518 
2.6375 0.995397 
2.645 0.994715 
2.6425 0.994953 
2.65 0.994204 
2.6475 0.994465 
2.655 0.993645 
2.6525 0.993931 
2.66 0.993032 
2.6575 0.993346 
2.665 0.992361 
2.6625 0.992704 
2.67 0.991625 
2.6675 0.992001 
2.675 0.990819 
2.6725 0.991231 
2.68 0.989936 
2.6775 0.990388 
2.685 0.988969 
2.6825 0.989464 
2.69 0.98791 
2.6875 0.988452 
2.695 0.986751 
2.6925 0.987344 
2.7 0.985482 
2.6975 0.986131 
2.705 0.984094 
2.7025 0.984804 
2.71 0.982574 
2.7075 0.983351 
2.715 0.980913 
2.7125 0.981762 
2.72 0.979096 
2.7175 0.980024 
2.725 0.977109 
2.7225 0.978125 
2.73 0.974939 
2.7275 0.976048 
2.735 0.972568 
2.7325 0.97378 
2.74 0.969979 
2.7375 0.971302 
2.745 0.967154 
2.7425 0.968598 
2.75 0.964073 
2.7475 0.965647 
2.755 0.960713 
2.7525 0.962429 
2.76 0.957053 
2.7575 0.958922 
2.765 0.953067 
2.7625 0.955102 
2.77 0.948731 
2.7675 0.950944 
2.775 0.944016 
2.7725 0.946423 
2.78 0.938895 
2.7775 0.941509 
2.785 0.933338 
2.7825 0.936173 
2.79 0.927313 
2.7875 0.930386 
2.795 0.920788 
2.7925 0.924115 
2.8 0.913731 
2.7975 0.917328 
2.805 0.906108 
2.8025 0.909992 
2.81 0.897884 
2.8075 0.902073 
2.815 0.889027 
2.8125 0.893537 
2.82 0.879502 
2.8175 0.88435 
2.825 0.869278 
2.8225 0.874479 
2.83 0.858323 
2.8275 0.863893 
2.835 0.84661 
2.8325 0.852563 
2.84 0.834113 
2.8375 0.840461 
2.845 0.820811 
2.8425 0.827564 
2.85 0.806686 
2.8475 0.813852 
2.855 0.791727 
2.8525 0.799311 
2.86 0.775927 
2.8575 0.783932 
2.865 0.75929 
2.8625 0.767713 
2.87 0.741824 
2.8675 0.75066 
2.875 0.723547 
2.8725 0.732785 
2.88 0.704485 
2.8775 0.714112 
2.885 0.684676 
2.8825 0.694671 
2.89 0.664164 
2.8875 0.674505 
2.895 0.643006 
2.8925 0.653662 
2.9 0.621265 
2.8975 0.632204 
2.905 0.599016 
2.9025 0.610199 
2.91 0.576338 
2.9075 0.587725 
2.915 0.553319 
2.9125 0.564865 
2.92 0.530054 
2.9175 0.541711 
2.925 0.506639 
2.9225 0.518359 
2.93 0.483174 
2.9275 0.494906 
2.935 0.45976 
2.9325 0.471455 
2.94 0.436497 
2.9375 0.448104 
2.945 0.413482 
2.9425 0.424953 
2.95 0.390808 
2.9475 0.402097 
2.955 0.368561 
2.9525 0.379626 
2.96 0.346823 
2.9575 0.357624 
2.965 0.325667 
2.9625 0.336168 
2.97 0.305154 
2.9675 0.315326 
2.975 0.285342 
2.9725 0.295158 
2.98 0.266275 
2.9775 0.275713 
2.985 0.247988 
2.9825 0.257032 
2.99 0.230509 
2.9875 0.239146 
2.995 0.213855 
2.9925 0.222078 
3 0.198037 
2.9975 0.205841 
3.005 0.183054 
3.0025 0.190441 
3.01 0.168904 
3.0075 0.175876 
3.015 0.155574 
3.0125 0.162137 
3.02 0.143049 
3.0175 0.149212 
3.025 0.131306 
3.0225 0.137081 
3.03 0.120322 
3.0275 0.125721 
3.035 0.11007 
3.0325 0.115107 
3.04 0.100519 
3.0375 0.105209 
3.045 0.0916392 
3.0425 0.0959975 
3.05 0.0833974 
3.0475 0.0874406 
3.055 0.0757613 
3.0525 0.0795057 
3.06 0.0686982 
3.0575 0.0721601 
3.065 0.0621758 
3.0625 0.0653714 
3.07 0.0561624 
3.0675 0.0591074 
3.075 0.0506273 
3.0725 0.053337 
3.08 0.0455407 
3.0775 0.0480298 
3.085 0.0408742 
3.0825 0.0431567 
3.09 0.0366006 
3.0875 0.0386899 
3.095 0.0326941 
3.0925 0.034603 
3.1 0.0291303 
3.0975 0.0308709 
3.105 0.0258862 
3.1025 0.0274697 
3.11 0.0229399 
3.1075 0.0243771 
3.115 0.0202709 
3.1125 0.0215719 
3.12 0.0178597 
3.1175 0.0190342 
3.125 0.0156879 
3.1225 0.016745 
3.13 0.013738 
3.1275 0.0146863 
3.135 0.0119933 
3.1325 0.0128411 
3.14 0.0104378 
3.1375 0.0111929 
3.145 0.00905617 
3.1425 0.0097262 
3.15 0.00783365 
3.1475 0.00842591 
3.155 0.00675618 
3.1525 0.00727764 
3.16 0.00581028 
3.1575 0.0062676 
3.165 0.00498311 
3.1625 0.00538263 
3.17 0.00426253 
3.1675 0.00461023 
3.175 0.00363711 
3.1725 0.0039386 
3.18 0.0030962 
3.1775 0.00335672 
3.185 0.00262995 
3.1825 0.00285432 
3.19 0.00222931 
3.1875 0.00242196 
3.195 0.00188608 
3.1925 0.002051 
3.2 0.00159282 
3.1975 0.00173364 
3.205 0.0013429 
3.2025 0.00146283 
3.21 0.00113041 
3.2075 0.00123232 
3.215 0.000950133 
3.2125 0.00103655 
3.22 0.000797491 
3.2175 0.00087062 
3.225 0.000668486 
3.2225 0.000730262 
3.23 0.000559642 
3.2275 0.000611742 
3.235 0.000467956 
3.2325 0.000511826 
3.24 0.000390837 
3.2375 0.000427723 
3.245 0.000326062 
3.2425 0.000357032 
3.25 0.000271725 
3.2475 0.000297696 
3.255 0.000226203 
3.2525 0.000247954 
3.26 0.000188111 
3.2575 0.000206306 
3.265 0.000156273 
3.2625 0.000171476 
3.27 0.000129692 
3.2675 0.000142381 
3.275 0.000107524 
3.2725 0.000118103 
3.28 8.90558e-05 
3.2775 9.78672e-05 
3.285 7.36866e-05 
3.2825 8.10176e-05 
3.29 6.09093e-05 
3.2875 6.70023e-05 
3.295 5.02976e-05 
3.2925 5.53565e-05 
3.3 4.14934e-05 
3.2975 4.56895e-05 
3.305 3.41962e-05 
3.3025 3.76731e-05 
3.31 2.81541e-05 
3.3075 3.10323e-05 
3.315 2.31563e-05 
3.3125 2.55364e-05 
3.32 1.90265e-05 
3.3175 2.09927e-05 
3.325 1.56173e-05 
3.3225 1.724e-05 
3.33 1.2806e-05 
3.3275 1.41438e-05 
3.335 1.04899e-05 
3.3325 1.15917e-05 
3.34 8.58385e-06 
3.3375 9.49037e-06 
3.345 7.01684e-06 
3.3425 7.7619e-06 
3.35 5.72989e-06 
3.3475 6.34163e-06 
3.355 4.67406e-06 
3.3525 5.1758e-06 
3.36 3.80874e-06 
3.3575 4.21983e-06 
3.365 3.10032e-06 
3.3625 3.43678e-06 
3.37 2.52096e-06 
3.3675 2.79605e-06 
3.375 2.04765e-06 
3.3725 2.27232e-06 
3.38 1.66141e-06 
3.3775 1.8447e-06 
3.385 1.34655e-06 
3.3825 1.49592e-06 
3.39 1.09016e-06 
3.3875 1.21176e-06 
3.395 8.81617e-07 
3.3925 9.80494e-07 
3.4 7.12177e-07 
3.3975 7.9249e-07 
3.405 5.74661e-07 
3.4025 6.39824e-07 
3.41 4.63179e-07 
3.4075 5.1599e-07 
3.415 3.72905e-07 
3.4125 4.15656e-07 
3.42 2.99885e-07 
3.4175 3.34455e-07 
3.425 2.4089e-07 
3.4225 2.68812e-07 
3.43 1.9328e-07 
3.4275 2.15807e-07 
3.435 1.54903e-07 
3.4325 1.73055e-07 
3.44 1.24002e-07 
3.4375 1.38614e-07 
3.445 9.91517e-08 
3.4425 1.10899e-07 
3.45 7.91894e-08 
3.4475 8.8623e-08 
3.455 6.31727e-08 
3.4525 7.07393e-08 
3.46 5.03366e-08 
3.4575 5.63988e-08 
3.465 4.00619e-08 
3.4625 4.49129e-08 
3.47 3.1847e-08 
3.4675 3.57242e-08 
3.475 2.52868e-08 
3.4725 2.83821e-08 
3.48 2.00542e-08 
3.4775 2.25223e-08 
3.485 1.58856e-08 
3.4825 1.78512e-08 
3.49 1.25686e-08 
3.4875 1.41322e-08 
3.495 9.93233e-09 
3.4925 1.11746e-08 
3.5 7.83968e-09 
3.4975 8.8255e-09 
3.505 6.18054e-09 
3.5025 6.96188e-09 
3.51 4.86669e-09 
3.5075 5.48523e-09 
3.515 3.82754e-09 
3.5125 4.3166e-09 
3.52 3.00665e-09 
3.5175 3.39286e-09 
3.525 2.35897e-09 
3.5225 2.66359e-09 
3.53 1.84858e-09 
3.5275 2.08855e-09 
3.535 1.44687e-09 
3.5325 1.63568e-09 
3.54 1.13108e-09 
3.5375 1.27946e-09 
3.545 8.83143e-10 
3.5425 9.99602e-10 
3.55 6.88717e-10 
3.5475 7.80012e-10 
3.555 5.36442e-10 
3.5525 6.07921e-10 
3.56 4.17326e-10 
3.5575 4.73222e-10 
3.565 3.24265e-10 
3.5625 3.6792e-10 
3.57 2.51648e-10 
3.5675 2.85701e-10 
3.575 1.95055e-10 
3.5725 2.21585e-10 
3.58 1.51004e-10 
3.5775 1.71648e-10 
3.585 1.16759e-10 
3.5825 1.32802e-10 
3.59 9.01693e-11 
3.5875 1.02622e-10 
3.595 6.95498e-11 
3.5925 7.92033e-11 
3.6 5.35797e-11 
3.5975 6.1054e-11 
3.605 4.12261e-11 
3.6025 4.70059e-11 
3.61 3.16819e-11 
3.6075 3.61458e-11 
3.615 2.43174e-11 
3.6125 2.77607e-11 
3.62 1.86419e-11 
3.6175 2.12946e-11 
3.625 1.42734e-11 
3.6225 1.63145e-11 
3.63 1.09152e-11 
3.6275 1.24838e-11 
3.635 8.3369e-12 
3.6325 9.5408e-12 
3.64 6.35978e-12 
3.6375 7.28264e-12 
3.645 4.84557e-12 
3.6425 5.55212e-12 
3.65 3.68735e-12 
3.6475 4.22762e-12 
3.655 2.80253e-12 
3.6525 3.21513e-12 
3.66 2.12741e-12 
3.6575 2.44212e-12 
3.665 1.61294e-12 
3.6625 1.85268e-12 
3.67 1.22139e-12 
3.6675 1.40379e-12 
3.675 9.23746e-13 
3.6725 1.06235e-12 
3.68 6.97781e-13 
3.6775 8.02973e-13 
3.685 5.26443e-13 
3.6825 6.06179e-13 
3.69 3.9669e-13 
3.6875 4.57053e-13 
3.695 2.9855e-13 
3.6925 3.44191e-13 
3.7 2.24414e-13 
3.6975 2.5888e-13 
3.705 1.68481e-13 
3.7025 1.94476e-13 
3.71 1.26334e-13 
3.7075 1.45915e-13 
3.715 9.46139e-14 
3.7125 1.09346e-13 
3.72 7.07716e-14 
3.7175 8.18412e-14 
3.725 5.28727e-14 
3.7225 6.11801e-14 
3.73 3.94523e-14 
3.7275 4.5679e-14 
3.735 2.94023e-14 
3.7325 3.40637e-14 
3.74 2.18857e-14 
3.7375 2.53709e-14 
3.745 1.62708e-14 
3.7425 1.88734e-14 
3.75 1.20817e-14 
3.7475 1.40228e-14 
3.755 8.96021e-15 
3.7525 1.04061e-14 
3.76 6.6371e-15 
3.7575 7.71281e-15 
3.765 4.91032e-15 
3.7625 5.70963e-15 
3.77 3.62838e-15 
3.7675 4.22159e-15 
3.775 2.67787e-15 
3.7725 3.11756e-15 
3.78 1.97396e-15 
3.7775 2.29947e-15 
3.785 1.45331e-15 
3.7825 1.69399e-15 
3.79 1.0687e-15 
3.7875 1.24644e-15 
3.795 7.84918e-16 
3.7925 9.16016e-16 
3.8 5.75797e-16 
3.7975 6.72373e-16 
3.805 4.21881e-16 
3.8025 4.92939e-16 
3.81 3.08735e-16 
3.8075 3.60953e-16 
3.815 2.25663e-16 
3.8125 2.63989e-16 
3.82 1.64744e-16 
3.8175 1.9284e-16 
3.825 1.20127e-16 
3.8225 1.40698e-16 
3.83 8.74878e-17 
3.8275 1.02531e-16 
3.835 6.36407e-17 
3.8325 7.46284e-17 
3.84 4.62385e-17 
3.8375 5.4254e-17 
3.845 3.35547e-17 
3.8425 3.9395e-17 
3.85 2.43212e-17 
3.8475 2.85714e-17 
3.855 1.76076e-17 
3.8525 2.06969e-17 
3.86 1.27321e-17 
3.8575 1.49749e-17 
3.865 9.19574e-18 
3.8625 1.0822e-17 
3.87 6.63375e-18 
3.8675 7.8115e-18 
3.875 4.7799e-18 
3.8725 5.63184e-18 
3.88 3.44008e-18 
3.8775 4.0556e-18 
3.885 2.47292e-18 
3.8825 2.91709e-18 
3.89 1.77559e-18 
3.8875 2.09574e-18 
3.895 1.27341e-18 
3.8925 1.50389e-18 
3.9 9.12207e-19 
3.8975 1.07793e-18 
3.905 6.52703e-19 
3.9025 7.71728e-19 
3.91 4.66486e-19 
3.9075 5.51869e-19 
3.915 3.33016e-19 
3.9125 3.94195e-19 
3.92 2.37464e-19 
3.9175 2.81248e-19 
3.925 1.69138e-19 
3.9225 2.00437e-19 
3.93 1.20336e-19 
3.9275 1.42684e-19 
3.935 8.55205e-20 
3.9325 1.01459e-19 
3.94 6.07108e-20 
3.9375 7.2065e-20 
3.945 4.30516e-20 
3.9425 5.11309e-20 
3.95 3.04963e-20 
3.9475 3.62387e-20 
3.955 2.15796e-20 
3.9525 2.56566e-20 
3.96 1.52542e-20 
3.9575 1.81455e-20 
3.965 1.07718e-20 
3.9625 1.28201e-20 
3.97 7.59903e-21 
3.9675 9.04845e-21 
3.975 5.35554e-21 
3.9725 6.38013e-21 
3.98 3.77086e-21 
3.9775 4.49437e-21 
3.985 2.65266e-21 
3.9825 3.16305e-21 
3.99 1.86443e-21 
3.9875 2.22411e-21 
3.995 1.30934e-21 
3.9925 1.56257e-21 
4 9.18801e-22 
3.9975 1.09692e-21 
4.005 6.44287e-22 
4.0025 7.69456e-22 
4.01 4.51498e-22 
4.0075 5.39383e-22 
4.015 3.16215e-22 
4.0125 3.77872e-22 
4.02 2.21359e-22 
4.0175 2.64582e-22 
4.025 1.54897e-22 
4.0225 1.85176e-22 
4.03 1.0836e-22 
4.0275 1.29558e-22 
4.035 7.57933e-23 
4.0325 9.06256e-23 
4.04 5.30138e-23 
4.0375 6.33873e-23 
4.045 3.70864e-23 
4.0425 4.43388e-23 
4.05 2.59529e-23 
4.0475 3.10222e-23 
4.055 1.81716e-23 
4.0525 2.17145e-23 
4.06 1.2733e-23 
4.0575 1.52093e-23 
4.065 8.93118e-24 
4.0625 1.06624e-23 
4.07 6.27255e-24 
4.0675 7.48334e-24 
4.075 4.41229e-24 
4.0725 5.25964e-24 
4.08 3.1096e-24 
4.0775 3.70313e-24 
4.085 2.1964e-24 
4.0825 2.61261e-24 
4.09 1.55536e-24 
4.0875 1.84764e-24 
4.095 1.10464e-24 
4.0925 1.31025e-24 
4.1 7.87103e-25 
4.0975 9.32042e-25 
4.105 5.62879e-25 
4.1025 6.65295e-25 
4.11 4.04123e-25 
4.1075 4.76692e-25 
4.115 2.91378e-25 
4.1125 3.4296e-25 
4.12 2.11037e-25 
4.1175 2.4783e-25 
4.125 1.53571e-25 
4.1225 1.79916e-25 
4.13 1.12299e-25 
4.1275 1.31242e-25 
4.135 8.25279e-26 
4.1325 9.6209e-26 
4.14 6.09522e-26 
4.1375 7.08798e-26 
4.145 4.524e-26 
4.1425 5.24793e-26 
4.15 3.37405e-26 
4.1475 3.9046e-26 
4.155 2.52813e-26 
4.1525 2.91895e-26 
4.16 1.90269e-26 
4.1575 2.19204e-26 
4.165 1.43794e-26 
4.1625 1.65324e-26 
4.17 1.0909e-26 
4.1675 1.25188e-26 
4.175 8.30539e-27 
4.1725 9.51457e-27 
4.18 6.34334e-27 
4.1775 7.25561e-27 
4.185 4.8586e-27 
4.1825 5.54968e-27 
4.19 3.73072e-27 
4.1875 4.25621e-27 
4.195 2.87093e-27 
4.1925 3.27187e-27 
4.2 2.21342e-27 
4.1975 2.52028e-27 
4.205 1.7092e-27 
4.2025 1.94468e-27 
4.21 1.32157e-27 
4.2075 1.50271e-27 
4.215 1.02294e-27 
4.2125 1.16257e-27 
4.22 7.92453e-28 
4.2175 9.00266e-28 
4.225 6.1429e-28 
4.2225 6.97659e-28 
4.23 4.76398e-28 
4.2275 5.40942e-28 
4.235 3.69567e-28 
4.2325 4.19584e-28 
4.24 2.86735e-28 
4.2375 3.25523e-28 
4.245 2.22472e-28 
4.2425 2.52568e-28 
4.25 1.72596e-28 
4.2475 1.95956e-28 
4.255 1.33875e-28 
4.2525 1.52012e-28 
4.26 1.03813e-28 
4.2575 1.17894e-28 
4.265 8.0472e-29 
4.2625 9.14045e-29 
4.27 6.23528e-29 
4.2675 7.08393e-29 
4.275 4.82901e-29 
4.2725 5.48761e-29 
4.28 3.7379e-29 
4.2775 4.24886e-29 
4.285 2.89166e-29 
4.2825 3.28791e-29 
4.29 2.23562e-29 
4.2875 2.54277e-29 
4.295 1.72729e-29 
4.2925 1.96525e-29 
4.3 1.33363e-29 
4.2975 1.51788e-29 
4.305 1.02896e-29 
4.3025 1.17154e-29 
4.31 7.93306e-30 
4.3075 9.03564e-30 
4.315 6.1116e-30 
4.3125 6.96367e-30 
4.32 4.70471e-30 
4.3175 5.36272e-30 
4.325 3.61881e-30 
4.3225 4.12659e-30 
4.33 2.7813e-30 
4.3275 3.17286e-30 
4.335 2.13587e-30 
4.3325 2.43756e-30 
4.34 1.63885e-30 
4.3375 1.87112e-30 
4.345 1.25642e-30 
4.3425 1.4351e-30 
4.35 9.6241e-31 
4.3475 1.09975e-30 
4.355 7.36562e-31 
4.3525 8.42036e-31 
4.36 5.63221e-31 
4.3575 6.44156e-31 
4.365 4.30295e-31 
4.3625 4.92345e-31 
4.37 3.28448e-31 
4.3675 3.75979e-31 
4.375 2.50483e-31 
4.3725 2.8686e-31 
4.38 1.90852e-31 
4.3775 2.18668e-31 
4.385 1.45285e-31 
4.3825 1.66536e-31 
4.39 1.10497e-31 
4.3875 1.26717e-31 
4.395 8.39607e-32 
4.3925 9.63299e-32 
4.4 6.37385e-32 
4.3975 7.31624e-32 
4.405 4.83419e-32 
4.4025 5.55152e-32 
4.41 3.66302e-32 
4.4075 4.20853e-32 
4.415 2.77298e-32 
4.4125 3.18744e-32 
4.42 2.09722e-32 
4.4175 2.41182e-32 
4.425 1.58464e-32 
4.4225 1.82322e-32 
4.43 1.1962e-32 
4.4275 1.37695e-32 
4.435 9.02116e-33 
4.4325 1.03892e-32 
4.44 6.7968e-33 
4.4375 7.83131e-33 
4.445 5.11598e-33 
4.4425 5.89749e-33 
4.45 3.8471e-33 
4.4475 4.43692e-33 
4.455 2.89013e-33 
4.4525 3.33485e-33 
4.46 2.1691e-33 
4.4575 2.50409e-33 
4.465 1.62637e-33 
4.4625 1.87845e-33 
4.47 1.21824e-33 
4.4675 1.40776e-33 
4.475 9.11637e-34 
4.4725 1.05397e-33 
4.48 6.81528e-34 
4.4775 7.88324e-34 
4.485 5.09e-34 
4.4825 5.89051e-34 
4.49 3.79772e-34 
4.4875 4.39716e-34 
4.495 2.83073e-34 
4.4925 3.27916e-34 
4.5 2.10786e-34 
4.4975 2.44299e-34 
4.505 1.56803e-34 
4.5025 1.81824e-34 
4.51 1.16529e-34 
4.5075 1.3519e-34 
4.515 8.65124e-35 
4.5125 1.00417e-34 
4.52 6.41637e-35 
4.5175 7.45138e-35 
4.525 4.75406e-35 
4.5225 5.5237e-35 
4.53 3.51888e-35 
4.5275 4.0906e-35 
4.535 2.60199e-35 
4.5325 3.02627e-35 
4.54 1.92208e-35 
4.5375 2.23662e-35 
4.545 1.41839e-35 
4.5425 1.65134e-35 
4.55 1.04564e-35 
4.5475 1.21799e-35 
4.555 7.70071e-36 
4.5525 8.9745e-36 
4.56 5.66549e-36 
4.5575 6.60598e-36 
4.565 4.16393e-36 
4.5625 4.85762e-36 
4.57 3.05723e-36 
4.5675 3.56836e-36 
4.575 2.24238e-36 
4.5725 2.61862e-36 
4.58 1.64305e-36 
4.5775 1.9197e-36 
4.585 1.20267e-36 
4.5825 1.40589e-36 
4.59 8.79425e-37 
4.5875 1.02855e-36 
4.595 6.42403e-37 
4.5925 7.51721e-37 
4.6 4.68783e-37 
4.5975 5.48837e-37 
4.605 3.41736e-37 
4.6025 4.00299e-37 
4.61 2.48865e-37 
4.6075 2.91663e-37 
4.615 1.81047e-37 
4.6125 2.12291e-37 
4.62 1.31575e-37 
4.6175 1.54361e-37 
4.625 9.55234e-38 
4.6225 1.12123e-37 
4.63 6.92785e-38 
4.6275 8.13594e-38 
4.635 5.01926e-38 
4.6325 5.89756e-38 
4.64 3.63273e-38 
4.6375 4.27061e-38 
4.645 2.62651e-38 
4.6425 3.0893e-38 
4.65 1.89705e-38 
4.6475 2.23245e-38 
4.655 1.36876e-38 
4.6525 1.6116e-38 
4.66 9.86574e-39 
4.6575 1.1622e-38 
4.665 7.10367e-39 
4.6625 8.37259e-39 
4.67 5.1096e-39 
4.6675 6.02543e-39 
4.675 3.67149e-39 
4.6725 4.33179e-39 
4.68 2.63541e-39 
4.6775 3.11099e-39 
4.685 1.88975e-39 
4.6825 2.23192e-39 
4.69 1.35366e-39 
4.6875 1.5996e-39 
4.695 9.68652e-40 
4.6925 1.14523e-39 
4.7 6.92429e-40 
4.6975 8.19077e-40 
4.705 4.94461e-40 
4.7025 5.85204e-40 
4.71 3.52728e-40 
4.7075 4.17676e-40 
4.715 2.5136e-40 
4.7125 2.97798e-40 
4.72 1.78939e-40 
4.7175 2.12106e-40 
4.725 1.27251e-40 
4.7225 1.50916e-40 
4.73 9.03997e-41 
4.7275 1.07267e-40 
4.735 6.41539e-41 
4.7325 7.61637e-41 
4.74 4.54809e-41 
4.7375 5.4023e-41 
4.745 3.22095e-41 
4.7425 3.82789e-41 
4.75 2.27871e-41 
4.7475 2.7095e-41 
4.755 1.61043e-41 
4.7525 1.91588e-41 
4.76 1.13696e-41 
4.7575 1.35331e-41 
4.765 8.01864e-42 
4.7625 9.54942e-42 
4.77 5.64942e-42 
4.7675 6.7314e-42 
4.775 3.97609e-42 
4.7725 4.74005e-42 
4.78 2.7955e-42 
4.7775 3.33435e-42 
4.785 1.96341e-42 
4.7825 2.34308e-42 
4.79 1.37757e-42 
4.7875 1.64481e-42 
4.795 9.65528e-43 
4.7925 1.15343e-42 
4.8 6.76031e-43 
4.7975 8.08013e-43 
4.805 4.72845e-43 
4.8025 5.65451e-43 
4.81 3.30385e-43 
4.8075 3.95296e-43 
4.815 2.30607e-43 
4.8125 2.76057e-43 
4.82 1.60796e-43 
4.8175 1.92587e-43 
4.825 1.12003e-43 
4.8225 1.34216e-43 
4.83 7.79348e-44 
4.8275 9.34398e-44 
4.835 5.41733e-44 
4.8325 6.49846e-44 
4.84 3.76175e-44 
4.8375 4.51481e-44 
4.845 2.60943e-44 
4.8425 3.13343e-44 
4.85 1.80823e-44 
4.8475 2.17246e-44 
4.855 1.25173e-44 
4.8525 1.50464e-44 
4.86 8.65605e-45 
4.8575 1.04104e-44 
4.865 5.97972e-45 
4.8625 7.19536e-45 
4.87 4.12661e-45 
4.8675 4.96809e-45 
4.875 2.84484e-45 
4.8725 3.42671e-45 
4.88 1.95918e-45 
4.8775 2.36112e-45 
4.885 1.34786e-45 
4.8825 1.62521e-45 
4.89 9.26328e-46 
4.8875 1.11752e-45 
4.895 6.35973e-46 
4.8925 7.67632e-46 
4.9 4.3618e-46 
4.8975 5.26749e-46 
4.905 2.98845e-46 
4.9025 3.61083e-46 
4.91 2.0454e-46 
4.9075 2.47265e-46 
4.915 1.39851e-46 
4.9125 1.6915e-46 
4.92 9.55226e-47 
4.9175 1.15594e-46 
4.925 6.51781e-47 
4.9225 7.89141e-47 
4.93 4.44277e-47 
4.9275 5.38181e-47 
4.935 3.02527e-47 
4.9325 3.66656e-47 
4.94 2.05796e-47 
4.9375 2.49546e-47 
4.945 1.39858e-47 
4.9425 1.69672e-47 
4.95 9.49593e-48 
4.9475 1.15254e-47 
4.955 6.44235e-48 
4.9525 7.8221e-48 
4.96 4.36848e-48 
4.9575 5.30515e-48 
4.965 2.96256e-48 
4.9625 3.59717e-48 
4.97 2.01211e-48 
4.9675 2.4407e-48 
4.975 1.37275e-48 
4.9725 1.66052e-48 
4.98 9.46833e-49 
4.9775 1.1378e-48 
4.985 6.69035e-49 
4.9825 7.92524e-49 
4.99 4.9655e-49 
4.9875 5.71609e-49 
4.995 4.02711e-49 
4.9925 4.40954e-49 
5 3.7297e-49 
4.9975 3.8033e-49 
