0 9.69005e-16 
0.005 9.73547e-16 
0.0025 9.70141e-16 
0.01 9.87181e-16 
0.0075 9.79227e-16 
0.015 1.00993e-15 
0.0125 9.97413e-16 
0.02 1.04182e-15 
0.0175 1.02473e-15 
0.025 1.0829e-15 
0.0225 1.06121e-15 
0.03 1.13323e-15 
0.0275 1.1069e-15 
0.035 1.19286e-15 
0.0325 1.16187e-15 
0.04 1.26186e-15 
0.0375 1.22618e-15 
0.045 1.3403e-15 
0.0425 1.29989e-15 
0.05 1.42823e-15 
0.0475 1.38307e-15 
0.055 1.52572e-15 
0.0525 1.47578e-15 
0.06 1.63281e-15 
0.0575 1.57806e-15 
0.065 1.74951e-15 
0.0625 1.68996e-15 
0.07 1.87584e-15 
0.0675 1.81147e-15 
0.075 2.01176e-15 
0.0725 1.9426e-15 
0.08 2.15721e-15 
0.0775 2.0833e-15 
0.085 2.31208e-15 
0.0825 2.23348e-15 
0.09 2.47624e-15 
0.0875 2.39301e-15 
0.095 2.64946e-15 
0.0925 2.56173e-15 
0.1 2.83149e-15 
0.0975 2.73939e-15 
0.105 3.02199e-15 
0.1025 2.92571e-15 
0.11 3.22057e-15 
0.1075 3.1203e-15 
0.115 3.42675e-15 
0.1125 3.32274e-15 
0.12 3.63996e-15 
0.1175 3.53251e-15 
0.125 3.85956e-15 
0.1225 3.749e-15 
0.13 4.08481e-15 
0.1275 3.97153e-15 
0.135 4.3149e-15 
0.1325 4.19931e-15 
0.14 4.5489e-15 
0.1375 4.43147e-15 
0.145 4.7858e-15 
0.1425 4.66706e-15 
0.15 5.0245e-15 
0.1475 4.905e-15 
0.155 5.26381e-15 
0.1525 5.14416e-15 
0.16 5.50244e-15 
0.1575 5.38329e-15 
0.165 5.73904e-15 
0.1625 5.62108e-15 
0.17 5.97218e-15 
0.1675 5.85613e-15 
0.175 6.20036e-15 
0.1725 6.08699e-15 
0.18 6.42205e-15 
0.1775 6.31212e-15 
0.185 6.63565e-15 
0.1825 6.52996e-15 
0.19 6.83956e-15 
0.1875 6.73892e-15 
0.195 7.03216e-15 
0.1925 6.93737e-15 
0.2 7.21185e-15 
0.1975 7.12371e-15 
0.205 7.37705e-15 
0.2025 7.29635e-15 
0.21 7.52625e-15 
0.2075 7.45374e-15 
0.215 7.658e-15 
0.2125 7.59439e-15 
0.22 7.77098e-15 
0.2175 7.71692e-15 
0.225 7.86395e-15 
0.2225 7.82003e-15 
0.23 7.93587e-15 
0.2275 7.9026e-15 
0.235 7.98585e-15 
0.2325 7.96365e-15 
0.24 8.0132e-15 
0.2375 8.00238e-15 
0.245 8.01747e-15 
0.2425 8.01824e-15 
0.25 7.99846e-15 
0.2475 8.01088e-15 
0.255 7.95621e-15 
0.2525 7.98022e-15 
0.26 7.89108e-15 
0.2575 7.92648e-15 
0.265 7.8037e-15 
0.2625 7.85012e-15 
0.27 7.69501e-15 
0.2675 7.75195e-15 
0.275 7.56625e-15 
0.2725 7.63305e-15 
0.28 7.41898e-15 
0.2775 7.49482e-15 
0.285 7.25503e-15 
0.2825 7.33896e-15 
0.29 7.07654e-15 
0.2875 7.16746e-15 
0.295 6.88587e-15 
0.2925 6.98257e-15 
0.3 6.68562e-15 
0.2975 6.78677e-15 
0.305 6.4786e-15 
0.3025 6.58278e-15 
0.31 6.26773e-15 
0.3075 6.37345e-15 
0.315 6.05608e-15 
0.3125 6.16181e-15 
0.32 5.84674e-15 
0.3175 5.95093e-15 
0.325 5.64284e-15 
0.3225 5.74392e-15 
0.33 5.44746e-15 
0.3275 5.5439e-15 
0.335 5.26358e-15 
0.3325 5.3539e-15 
0.34 5.09406e-15 
0.3375 5.17685e-15 
0.345 4.94162e-15 
0.3425 5.01555e-15 
0.35 4.80877e-15 
0.3475 4.8726e-15 
0.355 4.69781e-15 
0.3525 4.75042e-15 
0.36 4.61084e-15 
0.3575 4.6512e-15 
0.365 4.54974e-15 
0.3625 4.57695e-15 
0.37 4.51621e-15 
0.3675 4.52943e-15 
0.375 4.51177e-15 
0.3725 4.51027e-15 
0.38 4.5378e-15 
0.3775 4.52089e-15 
0.385 4.59558e-15 
0.3825 4.56264e-15 
0.39 4.68634e-15 
0.3875 4.63676e-15 
0.395 4.81133e-15 
0.3925 4.74448e-15 
0.4 4.97182e-15 
0.3975 4.88705e-15 
0.405 5.1692e-15 
0.4025 5.0658e-15 
0.41 5.40503e-15 
0.4075 5.2822e-15 
0.415 5.68108e-15 
0.4125 5.53791e-15 
0.42 5.99939e-15 
0.4175 5.83481e-15 
0.425 6.36232e-15 
0.4225 6.17511e-15 
0.43 6.77264e-15 
0.4275 6.56137e-15 
0.435 7.23354e-15 
0.4325 6.99655e-15 
0.44 7.74871e-15 
0.4375 7.48409e-15 
0.445 8.32243e-15 
0.4425 8.02796e-15 
0.45 8.95961e-15 
0.4475 8.63275e-15 
0.455 9.66589e-15 
0.4525 9.30373e-15 
0.46 1.04477e-14 
0.4575 1.00469e-14 
0.465 1.13125e-14 
0.4625 1.08692e-14 
0.47 1.22685e-14 
0.4675 1.17785e-14 
0.475 1.33255e-14 
0.4725 1.27838e-14 
0.48 1.44943e-14 
0.4775 1.38952e-14 
0.485 1.57874e-14 
0.4825 1.51245e-14 
0.49 1.72187e-14 
0.4875 1.64848e-14 
0.495 1.88045e-14 
0.4925 1.79912e-14 
0.5 2.0563e-14 
0.4975 1.96609e-14 
0.505 2.25148e-14 
0.5025 2.15133e-14 
0.51 2.46837e-14 
0.5075 2.35705e-14 
0.515 2.70965e-14 
0.5125 2.58578e-14 
0.52 2.97838e-14 
0.5175 2.84038e-14 
0.525 3.27802e-14 
0.5225 3.1241e-14 
0.53 3.61252e-14 
0.5275 3.44064e-14 
0.535 3.98637e-14 
0.5325 3.79422e-14 
0.54 4.40466e-14 
0.5375 4.18961e-14 
0.545 4.87319e-14 
0.5425 4.63226e-14 
0.55 5.39854e-14 
0.5475 5.12832e-14 
0.555 5.98817e-14 
0.5525 5.68481e-14 
0.56 6.65057e-14 
0.5575 6.3097e-14 
0.565 7.39536e-14 
0.5625 7.01201e-14 
0.57 8.23347e-14 
0.5675 7.80201e-14 
0.575 9.17729e-14 
0.5725 8.69132e-14 
0.58 1.02409e-13 
0.5775 9.69316e-14 
0.585 1.14402e-13 
0.5825 1.08225e-13 
0.59 1.27933e-13 
0.5875 1.20963e-13 
0.595 1.43207e-13 
0.5925 1.35338e-13 
0.6 1.60456e-13 
0.5975 1.51569e-13 
0.605 1.79944e-13 
0.6025 1.69902e-13 
0.61 2.01969e-13 
0.6075 1.90619e-13 
0.615 2.2687e-13 
0.6125 2.14037e-13 
0.62 2.5503e-13 
0.6175 2.40517e-13 
0.625 2.86884e-13 
0.6225 2.70466e-13 
0.63 3.22925e-13 
0.6275 3.04348e-13 
0.635 3.6371e-13 
0.6325 3.42687e-13 
0.64 4.09873e-13 
0.6375 3.86076e-13 
0.645 4.62129e-13 
0.6425 4.35191e-13 
0.65 5.21292e-13 
0.6475 4.90792e-13 
0.655 5.88281e-13 
0.6525 5.53746e-13 
0.66 6.6414e-13 
0.6575 6.25031e-13 
0.665 7.5005e-13 
0.6625 7.05759e-13 
0.67 8.47351e-13 
0.6675 7.97186e-13 
0.675 9.5756e-13 
0.6725 9.0074e-13 
0.68 1.0824e-12 
0.6775 1.01803e-12 
0.685 1.22381e-12 
0.6825 1.1509e-12 
0.69 1.38401e-12 
0.6875 1.30141e-12 
0.695 1.5655e-12 
0.6925 1.47192e-12 
0.7 1.7711e-12 
0.6975 1.66509e-12 
0.705 2.00405e-12 
0.7025 1.88394e-12 
0.71 2.26797e-12 
0.7075 2.13189e-12 
0.715 2.56699e-12 
0.7125 2.41282e-12 
0.72 2.9058e-12 
0.7175 2.73111e-12 
0.725 3.28968e-12 
0.7225 3.09174e-12 
0.73 3.72464e-12 
0.7275 3.50037e-12 
0.735 4.21748e-12 
0.7325 3.96336e-12 
0.74 4.77592e-12 
0.7375 4.48798e-12 
0.745 5.40869e-12 
0.7425 5.08242e-12 
0.75 6.1257e-12 
0.7475 5.756e-12 
0.755 6.93815e-12 
0.7525 6.51923e-12 
0.76 7.85877e-12 
0.7575 7.38408e-12 
0.765 8.90197e-12 
0.7625 8.36407e-12 
0.77 1.00841e-11 
0.7675 9.47455e-12 
0.775 1.14236e-11 
0.7725 1.07329e-11 
0.78 1.29414e-11 
0.7775 1.21588e-11 
0.785 1.46614e-11 
0.7825 1.37745e-11 
0.79 1.66105e-11 
0.7875 1.56055e-11 
0.795 1.88191e-11 
0.7925 1.76803e-11 
0.8 2.13218e-11 
0.7975 2.00313e-11 
0.805 2.41579e-11 
0.8025 2.26955e-11 
0.81 2.73717e-11 
0.8075 2.57146e-11 
0.815 3.10135e-11 
0.8125 2.91357e-11 
0.82 3.51404e-11 
0.8175 3.30124e-11 
0.825 3.98169e-11 
0.8225 3.74056e-11 
0.83 4.51164e-11 
0.8275 4.23838e-11 
0.835 5.11217e-11 
0.8325 4.80252e-11 
0.84 5.79269e-11 
0.8375 5.44179e-11 
0.845 6.56386e-11 
0.8425 6.16622e-11 
0.85 7.43775e-11 
0.8475 6.98715e-11 
0.855 8.42806e-11 
0.8525 7.91743e-11 
0.86 9.55027e-11 
0.8575 8.97163e-11 
0.865 1.0822e-10 
0.8625 1.01663e-10 
0.87 1.22631e-10 
0.8675 1.152e-10 
0.875 1.38962e-10 
0.8725 1.30541e-10 
0.88 1.57468e-10 
0.8775 1.47926e-10 
0.885 1.7844e-10 
0.8825 1.67626e-10 
0.89 2.02205e-10 
0.8875 1.89951e-10 
0.895 2.29137e-10 
0.8925 2.1525e-10 
0.9 2.59656e-10 
0.8975 2.4392e-10 
0.905 2.94242e-10 
0.9025 2.76408e-10 
0.91 3.33434e-10 
0.9075 3.13225e-10 
0.915 3.77849e-10 
0.9125 3.54947e-10 
0.92 4.2818e-10 
0.9175 4.02228e-10 
0.925 4.85217e-10 
0.9225 4.55807e-10 
0.93 5.49853e-10 
0.9275 5.16525e-10 
0.935 6.231e-10 
0.9325 5.85332e-10 
0.94 7.06106e-10 
0.9375 6.63306e-10 
0.945 8.00172e-10 
0.9425 7.51669e-10 
0.95 9.0677e-10 
0.9475 8.51805e-10 
0.955 1.02757e-09 
0.9525 9.65282e-10 
0.96 1.16447e-09 
0.9575 1.09388e-09 
0.965 1.3196e-09 
0.9625 1.23961e-09 
0.97 1.49541e-09 
0.9675 1.40476e-09 
0.975 1.69464e-09 
0.9725 1.59191e-09 
0.98 1.92042e-09 
0.9775 1.804e-09 
0.985 2.17627e-09 
0.9825 2.04435e-09 
0.99 2.46623e-09 
0.9875 2.31672e-09 
0.995 2.79481e-09 
0.9925 2.62538e-09 
1 3.16718e-09 
0.9975 2.97518e-09 
1.005 3.58917e-09 
1.0025 3.37158e-09 
1.01 4.06739e-09 
1.0075 3.82081e-09 
1.015 4.60934e-09 
1.0125 4.32989e-09 
1.02 5.22349e-09 
1.0175 4.90681e-09 
1.025 5.91949e-09 
1.0225 5.56061e-09 
1.03 6.70824e-09 
1.0275 6.30153e-09 
1.035 7.60209e-09 
1.0325 7.14119e-09 
1.04 8.61505e-09 
1.0375 8.09273e-09 
1.045 9.763e-09 
1.0425 9.17108e-09 
1.05 1.10639e-08 
1.0475 1.03931e-08 
1.055 1.25382e-08 
1.0525 1.1778e-08 
1.06 1.4209e-08 
1.0575 1.33475e-08 
1.065 1.61024e-08 
1.0625 1.51261e-08 
1.07 1.82482e-08 
1.0675 1.71418e-08 
1.075 2.06799e-08 
1.0725 1.94261e-08 
1.08 2.34358e-08 
1.0775 2.20148e-08 
1.085 2.65589e-08 
1.0825 2.49485e-08 
1.09 3.00982e-08 
1.0875 2.82732e-08 
1.095 3.41092e-08 
1.0925 3.2041e-08 
1.1 3.86548e-08 
1.0975 3.6311e-08 
1.105 4.38063e-08 
1.1025 4.115e-08 
1.11 4.96444e-08 
1.1075 4.66341e-08 
1.115 5.62606e-08 
1.1125 5.28491e-08 
1.12 6.37587e-08 
1.1175 5.98924e-08 
1.125 7.22562e-08 
1.1225 6.78746e-08 
1.13 8.18864e-08 
1.1275 7.69207e-08 
1.135 9.28002e-08 
1.1325 8.71726e-08 
1.14 1.05169e-07 
1.1375 9.87911e-08 
1.145 1.19186e-07 
1.1425 1.11958e-07 
1.15 1.35072e-07 
1.1475 1.26881e-07 
1.155 1.53076e-07 
1.1525 1.43792e-07 
1.16 1.7348e-07 
1.1575 1.62959e-07 
1.165 1.96603e-07 
1.1625 1.8468e-07 
1.17 2.2281e-07 
1.1675 2.09297e-07 
1.175 2.52511e-07 
1.1725 2.37196e-07 
1.18 2.86171e-07 
1.1775 2.68815e-07 
1.185 3.2432e-07 
1.1825 3.04649e-07 
1.19 3.67556e-07 
1.1875 3.45262e-07 
1.195 4.16556e-07 
1.1925 3.91289e-07 
1.2 4.72091e-07 
1.1975 4.43455e-07 
1.205 5.35032e-07 
1.2025 5.02577e-07 
1.21 6.06366e-07 
1.2075 5.69583e-07 
1.215 6.87215e-07 
1.2125 6.45526e-07 
1.22 7.78848e-07 
1.2175 7.31598e-07 
1.225 8.82703e-07 
1.2225 8.29151e-07 
1.23 1.00041e-06 
1.2275 9.39716e-07 
1.235 1.13383e-06 
1.2325 1.06503e-06 
1.24 1.28504e-06 
1.2375 1.20707e-06 
1.245 1.45643e-06 
1.2425 1.36805e-06 
1.25 1.6507e-06 
1.2475 1.55052e-06 
1.255 1.87089e-06 
1.2525 1.75735e-06 
1.26 2.12047e-06 
1.2575 1.99177e-06 
1.265 2.40338e-06 
1.2625 2.2575e-06 
1.27 2.72406e-06 
1.2675 2.5587e-06 
1.275 3.08756e-06 
1.2725 2.90012e-06 
1.28 3.49962e-06 
1.2775 3.28714e-06 
1.285 3.96673e-06 
1.2825 3.72586e-06 
1.29 4.49626e-06 
1.2875 4.2232e-06 
1.295 5.09657e-06 
1.2925 4.787e-06 
1.3 5.77714e-06 
1.2975 5.42618e-06 
1.305 6.54872e-06 
1.3025 6.15082e-06 
1.31 7.42353e-06 
1.3075 6.97239e-06 
1.315 8.41541e-06 
1.3125 7.90389e-06 
1.32 9.54008e-06 
1.3175 8.96008e-06 
1.325 1.08154e-05 
1.3225 1.01577e-05 
1.33 1.22616e-05 
1.3275 1.15158e-05 
1.335 1.39017e-05 
1.3325 1.30558e-05 
1.34 1.57618e-05 
1.3375 1.48025e-05 
1.345 1.78716e-05 
1.3425 1.67835e-05 
1.35 2.02647e-05 
1.3475 1.90305e-05 
1.355 2.29796e-05 
1.3525 2.15794e-05 
1.36 2.60597e-05 
1.3575 2.44711e-05 
1.365 2.95545e-05 
1.3625 2.77519e-05 
1.37 3.35204e-05 
1.3675 3.14748e-05 
1.375 3.80214e-05 
1.3725 3.56997e-05 
1.38 4.31304e-05 
1.3775 4.04949e-05 
1.385 4.89304e-05 
1.3825 4.59384e-05 
1.39 5.55161e-05 
1.3875 5.21186e-05 
1.395 6.29951e-05 
1.3925 5.91366e-05 
1.4 7.14904e-05 
1.3975 6.71073e-05 
1.405 8.11421e-05 
1.4025 7.61621e-05 
1.41 9.21103e-05 
1.4075 8.64508e-05 
1.415 0.000104578 
1.4125 9.81442e-05 
1.42 0.000118753 
1.4175 0.000111438 
1.425 0.000134876 
1.4225 0.000126555 
1.43 0.000153219 
1.4275 0.000143751 
1.435 0.000174096 
1.4325 0.000163319 
1.44 0.000197865 
1.4375 0.000185594 
1.445 0.00022494 
1.4425 0.000210961 
1.45 0.000255792 
1.4475 0.000239861 
1.455 0.000290966 
1.4525 0.000272802 
1.46 0.000331088 
1.4575 0.000310366 
1.465 0.000376877 
1.4625 0.000353225 
1.47 0.000429166 
1.4675 0.000402153 
1.475 0.000488912 
1.4725 0.000458041 
1.48 0.000557221 
1.4775 0.00052192 
1.485 0.000635374 
1.4825 0.00059498 
1.49 0.000724851 
1.4875 0.000678596 
1.495 0.000827366 
1.4925 0.000774361 
1.5 0.000944904 
1.4975 0.000884121 
1.505 0.00107977 
1.5025 0.00101001 
1.51 0.00123463 
1.5075 0.00115452 
1.515 0.00141259 
1.5125 0.00132051 
1.52 0.00161724 
1.5175 0.00151133 
1.525 0.00185277 
1.5225 0.00173086 
1.53 0.00212401 
1.5275 0.00198359 
1.535 0.00243659 
1.5325 0.00227475 
1.54 0.00279702 
1.5375 0.00261038 
1.545 0.00321285 
1.5425 0.0029975 
1.55 0.00369281 
1.5475 0.00344422 
1.555 0.00424697 
1.5525 0.00395993 
1.56 0.00488693 
1.5575 0.00455543 
1.565 0.00562603 
1.5625 0.00524318 
1.57 0.00647955 
1.5675 0.00603745 
1.575 0.00746495 
1.5725 0.00695459 
1.58 0.00860205 
1.5775 0.0080132 
1.585 0.00991332 
1.5825 0.00923441 
1.59 0.011424 
1.5875 0.0106421 
1.595 0.0131625 
1.5925 0.0122629 
1.6 0.0151601 
1.5975 0.0141268 
1.605 0.0174516 
1.6025 0.0162668 
1.61 0.0200749 
1.6075 0.0187193 
1.615 0.023071 
1.6125 0.0215237 
1.62 0.0264841 
1.6175 0.0247226 
1.625 0.0303609 
1.6225 0.0283615 
1.63 0.0347503 
1.6275 0.0324884 
1.635 0.039703 
1.6325 0.037153 
1.64 0.0452708 
1.6375 0.0424068 
1.645 0.0515055 
1.6425 0.0483015 
1.65 0.0584589 
1.6475 0.0548892 
1.655 0.0661809 
1.6525 0.0622207 
1.66 0.07472 
1.6575 0.0703454 
1.665 0.0841214 
1.6625 0.0793102 
1.67 0.094427 
1.6675 0.0891587 
1.675 0.105674 
1.6725 0.0999307 
1.68 0.117896 
1.6775 0.111661 
1.685 0.131119 
1.6825 0.124381 
1.69 0.145365 
1.6875 0.138113 
1.695 0.160647 
1.6925 0.152876 
1.7 0.17697 
1.6975 0.168678 
1.705 0.194333 
1.7025 0.185522 
1.71 0.212722 
1.7075 0.2034 
1.715 0.232114 
1.7125 0.222294 
1.72 0.252476 
1.7175 0.242177 
1.725 0.273761 
1.7225 0.263006 
1.73 0.295911 
1.7275 0.284732 
1.735 0.318855 
1.7325 0.307288 
1.74 0.342512 
1.7375 0.3306 
1.745 0.366787 
1.7425 0.354578 
1.75 0.391578 
1.7475 0.379125 
1.755 0.416771 
1.7525 0.404132 
1.76 0.442248 
1.7575 0.429482 
1.765 0.467885 
1.7625 0.455055 
1.77 0.493555 
1.7675 0.480724 
1.775 0.519131 
1.7725 0.506362 
1.78 0.544491 
1.7775 0.531846 
1.785 0.569514 
1.7825 0.557052 
1.79 0.594089 
1.7875 0.581864 
1.795 0.618111 
1.7925 0.606175 
1.8 0.641489 
1.7975 0.629886 
1.805 0.664139 
1.8025 0.652909 
1.81 0.685992 
1.8075 0.675169 
1.815 0.706992 
1.8125 0.696602 
1.82 0.727093 
1.8175 0.717157 
1.825 0.746263 
1.8225 0.736796 
1.83 0.764482 
1.8275 0.755492 
1.835 0.781738 
1.8325 0.77323 
1.84 0.798032 
1.8375 0.790005 
1.845 0.813372 
1.8425 0.805821 
1.85 0.827775 
1.8475 0.82069 
1.855 0.841262 
1.8525 0.834631 
1.86 0.853861 
1.8575 0.847671 
1.865 0.865605 
1.8625 0.859838 
1.87 0.876528 
1.8675 0.871167 
1.875 0.886668 
1.8725 0.881694 
1.88 0.896065 
1.8775 0.891457 
1.885 0.904758 
1.8825 0.900497 
1.89 0.912788 
1.8875 0.908854 
1.895 0.920195 
1.8925 0.916567 
1.9 0.927019 
1.8975 0.923678 
1.905 0.933297 
1.9025 0.930224 
1.91 0.939067 
1.9075 0.936243 
1.915 0.944365 
1.9125 0.941773 
1.92 0.949225 
1.9175 0.946848 
1.925 0.953679 
1.9225 0.951501 
1.93 0.957758 
1.9275 0.955763 
1.935 0.961491 
1.9325 0.959666 
1.94 0.964905 
1.9375 0.963236 
1.945 0.968026 
1.9425 0.966501 
1.95 0.970877 
1.9475 0.969484 
1.955 0.973479 
1.9525 0.972208 
1.96 0.975855 
1.9575 0.974694 
1.965 0.978022 
1.9625 0.976963 
1.97 0.979998 
1.9675 0.979033 
1.975 0.9818 
1.9725 0.98092 
1.98 0.983442 
1.9775 0.98264 
1.985 0.984937 
1.9825 0.984207 
1.99 0.9863 
1.9875 0.985634 
1.995 0.98754 
1.9925 0.986935 
2 0.98867 
1.9975 0.988118 
2.005 0.989698 
2.0025 0.989196 
2.01 0.990633 
2.0075 0.990177 
2.015 0.991485 
2.0125 0.991069 
2.02 0.992259 
2.0175 0.991881 
2.025 0.992963 
2.0225 0.99262 
2.03 0.993604 
2.0275 0.993291 
2.035 0.994187 
2.0325 0.993903 
2.04 0.994717 
2.0375 0.994458 
2.045 0.995199 
2.0425 0.994963 
2.05 0.995637 
2.0475 0.995423 
2.055 0.996035 
2.0525 0.995841 
2.06 0.996397 
2.0575 0.99622 
2.065 0.996726 
2.0625 0.996565 
2.07 0.997025 
2.0675 0.996879 
2.075 0.997297 
2.0725 0.997164 
2.08 0.997544 
2.0775 0.997423 
2.085 0.997768 
2.0825 0.997659 
2.09 0.997972 
2.0875 0.997873 
2.095 0.998158 
2.0925 0.998067 
2.1 0.998326 
2.0975 0.998244 
2.105 0.998479 
2.1025 0.998405 
2.11 0.998618 
2.1075 0.99855 
2.115 0.998745 
2.1125 0.998683 
2.12 0.998859 
2.1175 0.998803 
2.125 0.998964 
2.1225 0.998913 
2.13 0.999058 
2.1275 0.999012 
2.135 0.999145 
2.1325 0.999103 
2.14 0.999223 
2.1375 0.999185 
2.145 0.999294 
2.1425 0.999259 
2.15 0.999358 
2.1475 0.999327 
2.155 0.999417 
2.1525 0.999388 
2.16 0.99947 
2.1575 0.999444 
2.165 0.999518 
2.1625 0.999495 
2.17 0.999562 
2.1675 0.999541 
2.175 0.999602 
2.1725 0.999582 
2.18 0.999638 
2.1775 0.99962 
2.185 0.999671 
2.1825 0.999655 
2.19 0.999701 
2.1875 0.999686 
2.195 0.999728 
2.1925 0.999714 
2.2 0.999752 
2.1975 0.99974 
2.205 0.999774 
2.2025 0.999763 
2.21 0.999794 
2.2075 0.999784 
2.215 0.999812 
2.2125 0.999804 
2.22 0.999829 
2.2175 0.999821 
2.225 0.999844 
2.2225 0.999837 
2.23 0.999857 
2.2275 0.999851 
2.235 0.999869 
2.2325 0.999863 
2.24 0.99988 
2.2375 0.999875 
2.245 0.99989 
2.2425 0.999885 
2.25 0.999899 
2.2475 0.999895 
2.255 0.999907 
2.2525 0.999903 
2.26 0.999914 
2.2575 0.99991 
2.265 0.99992 
2.2625 0.999917 
2.27 0.999926 
2.2675 0.999923 
2.275 0.99993 
2.2725 0.999928 
2.28 0.999935 
2.2775 0.999933 
2.285 0.999938 
2.2825 0.999936 
2.29 0.999941 
2.2875 0.99994 
2.295 0.999944 
2.2925 0.999943 
2.3 0.999946 
2.2975 0.999945 
2.305 0.999947 
2.3025 0.999947 
2.31 0.999948 
2.3075 0.999948 
2.315 0.999949 
2.3125 0.999949 
2.32 0.999949 
2.3175 0.999949 
2.325 0.999948 
2.3225 0.999949 
2.33 0.999948 
2.3275 0.999948 
2.335 0.999946 
2.3325 0.999947 
2.34 0.999945 
2.3375 0.999945 
2.345 0.999942 
2.3425 0.999943 
2.35 0.99994 
2.3475 0.999941 
2.355 0.999936 
2.3525 0.999938 
2.36 0.999932 
2.3575 0.999934 
2.365 0.999928 
2.3625 0.99993 
2.37 0.999923 
2.3675 0.999925 
2.375 0.999917 
2.3725 0.99992 
2.38 0.999911 
2.3775 0.999914 
2.385 0.999903 
2.3825 0.999907 
2.39 0.999895 
2.3875 0.999899 
2.395 0.999886 
2.3925 0.999891 
2.4 0.999876 
2.3975 0.999881 
2.405 0.999865 
2.4025 0.999871 
2.41 0.999853 
2.4075 0.999859 
2.415 0.999839 
2.4125 0.999846 
2.42 0.999824 
2.4175 0.999832 
2.425 0.999808 
2.4225 0.999816 
2.43 0.99979 
2.4275 0.999799 
2.435 0.99977 
2.4325 0.99978 
2.44 0.999748 
2.4375 0.999759 
2.445 0.999724 
2.4425 0.999736 
2.45 0.999697 
2.4475 0.999711 
2.455 0.999668 
2.4525 0.999683 
2.46 0.999636 
2.4575 0.999652 
2.465 0.999601 
2.4625 0.999619 
2.47 0.999562 
2.4675 0.999582 
2.475 0.99952 
2.4725 0.999541 
2.48 0.999473 
2.4775 0.999497 
2.485 0.999422 
2.4825 0.999448 
2.49 0.999366 
2.4875 0.999394 
2.495 0.999304 
2.4925 0.999336 
2.5 0.999236 
2.4975 0.999271 
2.505 0.999162 
2.5025 0.9992 
2.51 0.99908 
2.5075 0.999122 
2.515 0.998991 
2.5125 0.999037 
2.52 0.998893 
2.5175 0.998943 
2.525 0.998785 
2.5225 0.99884 
2.53 0.998667 
2.5275 0.998727 
2.535 0.998537 
2.5325 0.998603 
2.54 0.998394 
2.5375 0.998467 
2.545 0.998238 
2.5425 0.998318 
2.55 0.998066 
2.5475 0.998154 
2.555 0.997878 
2.5525 0.997974 
2.56 0.997671 
2.5575 0.997777 
2.565 0.997445 
2.5625 0.997561 
2.57 0.997196 
2.5675 0.997323 
2.575 0.996923 
2.5725 0.997063 
2.58 0.996624 
2.5775 0.996777 
2.585 0.996295 
2.5825 0.996463 
2.59 0.995935 
2.5875 0.99612 
2.595 0.99554 
2.5925 0.995742 
2.6 0.995107 
2.5975 0.995328 
2.605 0.994631 
2.6025 0.994875 
2.61 0.99411 
2.6075 0.994377 
2.615 0.993538 
2.6125 0.993831 
2.62 0.992912 
2.6175 0.993232 
2.625 0.992224 
2.6225 0.992576 
2.63 0.991471 
2.6275 0.991856 
2.635 0.990645 
2.6325 0.991067 
2.64 0.98974 
2.6375 0.990203 
2.645 0.988748 
2.6425 0.989255 
2.65 0.987661 
2.6475 0.988217 
2.655 0.98647 
2.6525 0.987079 
2.66 0.985166 
2.6575 0.985833 
2.665 0.983738 
2.6625 0.984469 
2.67 0.982175 
2.6675 0.982974 
2.675 0.980464 
2.6725 0.981339 
2.68 0.978592 
2.6775 0.979549 
2.685 0.976544 
2.6825 0.977591 
2.69 0.974305 
2.6875 0.975449 
2.695 0.971857 
2.6925 0.973108 
2.7 0.969183 
2.6975 0.970549 
2.705 0.966262 
2.7025 0.967754 
2.71 0.963073 
2.7075 0.964702 
2.715 0.959595 
2.7125 0.961372 
2.72 0.955802 
2.7175 0.957739 
2.725 0.95167 
2.7225 0.95378 
2.73 0.94717 
2.7275 0.949468 
2.735 0.942275 
2.7325 0.944774 
2.74 0.936953 
2.7375 0.939669 
2.745 0.931174 
2.7425 0.934123 
2.75 0.924903 
2.7475 0.928102 
2.755 0.918108 
2.7525 0.921574 
2.76 0.910753 
2.7575 0.914503 
2.765 0.902802 
2.7625 0.906854 
2.77 0.89422 
2.7675 0.898592 
2.775 0.88497 
2.7725 0.889681 
2.78 0.875018 
2.7775 0.880084 
2.785 0.864329 
2.7825 0.869768 
2.79 0.852871 
2.7875 0.858698 
2.795 0.840614 
2.7925 0.846844 
2.8 0.827533 
2.7975 0.834178 
2.805 0.813605 
2.8025 0.820676 
2.81 0.798813 
2.8075 0.806318 
2.815 0.783147 
2.8125 0.79109 
2.82 0.766603 
2.8175 0.774984 
2.825 0.749185 
2.8225 0.758003 
2.83 0.730907 
2.8275 0.740152 
2.835 0.71179 
2.8325 0.721452 
2.84 0.691868 
2.8375 0.701928 
2.845 0.671184 
2.8425 0.681618 
2.85 0.64979 
2.8475 0.660572 
2.855 0.627751 
2.8525 0.638847 
2.86 0.605141 
2.8575 0.616513 
2.865 0.582042 
2.8625 0.593647 
2.87 0.558545 
2.8675 0.570337 
2.875 0.534749 
2.8725 0.546678 
2.88 0.510756 
2.8775 0.52277 
2.885 0.486672 
2.8825 0.498719 
2.89 0.462607 
2.8875 0.474631 
2.895 0.438667 
2.8925 0.450614 
2.9 0.414958 
2.8975 0.426777 
2.905 0.391581 
2.9025 0.403222 
2.91 0.368632 
2.9075 0.380047 
2.915 0.3462 
2.9125 0.357346 
2.92 0.324364 
2.9175 0.335203 
2.925 0.303194 
2.9225 0.313692 
2.93 0.282752 
2.9275 0.292879 
2.935 0.263087 
2.9325 0.272819 
2.94 0.244239 
2.9375 0.253558 
2.945 0.226238 
2.9425 0.235131 
2.95 0.209103 
2.9475 0.217561 
2.955 0.192847 
2.9525 0.200865 
2.96 0.17747 
2.9575 0.185049 
2.965 0.162969 
2.9625 0.170111 
2.97 0.149331 
2.9675 0.156043 
2.975 0.13654 
2.9725 0.142831 
2.98 0.124573 
2.9775 0.130455 
2.985 0.113405 
2.9825 0.118891 
2.99 0.103006 
2.9875 0.108111 
2.995 0.0933469 
2.9925 0.0980862 
3 0.0843942 
2.9975 0.0887843 
3.005 0.0761149 
3.0025 0.0801725 
3.01 0.0684752 
3.0075 0.0722172 
3.015 0.0614416 
3.0125 0.0648847 
3.02 0.0549811 
3.0175 0.0581418 
3.025 0.0490613 
3.0225 0.0519556 
3.03 0.0436508 
3.0275 0.0462943 
3.035 0.038719 
3.0325 0.0411269 
3.04 0.0342365 
3.0375 0.0364234 
3.045 0.0301752 
3.0425 0.032155 
3.05 0.0265075 
3.0475 0.0282938 
3.055 0.0232071 
3.0525 0.024813 
3.06 0.0202484 
3.0575 0.0216866 
3.065 0.0176066 
3.0625 0.0188894 
3.07 0.0152574 
3.0675 0.0163969 
3.075 0.0131775 
3.0725 0.0141852 
3.08 0.0113438 
3.0775 0.0122313 
3.085 0.00973449 
3.0825 0.0105125 
3.09 0.00832811 
3.0875 0.00900722 
3.095 0.00710433 
3.0925 0.00769462 
3.1 0.00604383 
3.0975 0.00655483 
3.105 0.00512845 
3.1025 0.00556909 
3.11 0.00434129 
3.1075 0.00471985 
3.115 0.00366675 
3.1125 0.00399086 
3.12 0.0030906 
3.1175 0.00336721 
3.125 0.00259997 
3.1225 0.00283534 
3.13 0.00218333 
3.1275 0.00238307 
3.135 0.00183042 
3.1325 0.0019995 
3.14 0.00153219 
3.1375 0.00167499 
3.145 0.0012807 
3.1425 0.00140105 
3.15 0.00106904 
3.1475 0.00117028 
3.155 0.000891217 
3.1525 0.000976237 
3.16 0.000742075 
3.1575 0.000813354 
3.165 0.000617178 
3.1625 0.000676847 
3.17 0.000512732 
3.1675 0.000562612 
3.175 0.000425507 
3.1725 0.000467149 
3.18 0.000352754 
3.1775 0.000387476 
3.185 0.000292144 
3.1825 0.000321061 
3.19 0.000241709 
3.1875 0.000265765 
3.195 0.000199786 
3.1925 0.000219776 
3.2 0.000164975 
3.1975 0.00018157 
3.205 0.000136101 
3.2025 0.000149862 
3.21 0.000112174 
3.2075 0.000123574 
3.215 9.23666e-05 
3.2125 0.000101801 
3.22 7.59855e-05 
3.2175 8.37863e-05 
3.225 6.2451e-05 
3.2225 6.88947e-05 
3.23 5.12792e-05 
3.2275 5.65967e-05 
3.235 4.20665e-05 
3.2325 4.64504e-05 
3.24 3.44765e-05 
3.2375 3.80873e-05 
3.245 2.82292e-05 
3.2425 3.12005e-05 
3.25 2.30922e-05 
3.2475 2.55348e-05 
3.255 1.88719e-05 
3.2525 2.08781e-05 
3.26 1.54083e-05 
3.2575 1.70544e-05 
3.265 1.25682e-05 
3.2625 1.39177e-05 
3.27 1.02418e-05 
3.2675 1.13469e-05 
3.275 8.33788e-06 
3.2725 9.24204e-06 
3.28 6.78128e-06 
3.2775 7.52032e-06 
3.285 5.50989e-06 
3.2825 6.11336e-06 
3.29 4.47245e-06 
3.2875 4.96475e-06 
3.295 3.62675e-06 
3.2925 4.02796e-06 
3.3 2.93804e-06 
3.2975 3.26469e-06 
3.305 2.37773e-06 
3.3025 2.64341e-06 
3.31 1.92235e-06 
3.3075 2.13822e-06 
3.315 1.55261e-06 
3.3125 1.72783e-06 
3.32 1.25271e-06 
3.3175 1.39479e-06 
3.325 1.00971e-06 
3.3225 1.12481e-06 
3.33 8.13008e-07 
3.3275 9.0615e-07 
3.335 6.53955e-07 
3.3325 7.29251e-07 
3.34 5.25475e-07 
3.3375 5.86281e-07 
3.345 4.21798e-07 
3.3425 4.70852e-07 
3.35 3.38225e-07 
3.3475 3.77756e-07 
3.355 2.70926e-07 
3.3525 3.0275e-07 
3.36 2.16791e-07 
3.3575 2.42383e-07 
3.365 1.7329e-07 
3.3625 1.93849e-07 
3.37 1.38371e-07 
3.3675 1.5487e-07 
3.375 1.10371e-07 
3.3725 1.23597e-07 
3.38 8.79439e-08 
3.3775 9.85346e-08 
3.385 6.99989e-08 
3.3825 7.84704e-08 
3.39 5.56559e-08 
3.3875 6.2425e-08 
3.395 4.42043e-08 
3.3925 4.96073e-08 
3.4 3.50712e-08 
3.3975 3.93791e-08 
3.405 2.7795e-08 
3.4025 3.1226e-08 
3.41 2.20046e-08 
3.4075 2.47342e-08 
3.415 1.74015e-08 
3.4125 1.95708e-08 
3.42 1.37464e-08 
3.4175 1.54684e-08 
3.425 1.08472e-08 
3.4225 1.22127e-08 
3.43 8.55011e-09 
3.4275 9.63171e-09 
3.435 6.73209e-09 
3.4325 7.58787e-09 
3.44 5.29483e-09 
3.4375 5.97118e-09 
3.445 4.15984e-09 
3.4425 4.69378e-09 
3.45 3.26454e-09 
3.4475 3.6856e-09 
3.455 2.55911e-09 
3.4525 2.89078e-09 
3.46 2.0039e-09 
3.4575 2.26487e-09 
3.465 1.56742e-09 
3.4625 1.77251e-09 
3.47 1.22464e-09 
3.4675 1.38566e-09 
3.475 9.55771e-10 
3.4725 1.08203e-09 
3.48 7.45101e-10 
3.4775 8.44003e-10 
3.485 5.80221e-10 
3.4825 6.57603e-10 
3.49 4.51324e-10 
3.4875 5.11801e-10 
3.495 3.50671e-10 
3.4925 3.97882e-10 
3.5 2.72161e-10 
3.4975 3.08974e-10 
3.505 2.10993e-10 
3.5025 2.39666e-10 
3.51 1.63389e-10 
3.5075 1.85697e-10 
3.515 1.26384e-10 
3.5125 1.4372e-10 
3.52 9.76512e-11 
3.5175 1.11108e-10 
3.525 7.5366e-11 
3.5225 8.57998e-11 
3.53 5.81013e-11 
3.5275 6.61821e-11 
3.535 4.47415e-11 
3.5325 5.09927e-11 
3.54 3.44149e-11 
3.5375 3.92454e-11 
3.545 2.64421e-11 
3.5425 3.01704e-11 
3.55 2.02935e-11 
3.5475 2.31679e-11 
3.555 1.55572e-11 
3.5525 1.77707e-11 
3.56 1.19129e-11 
3.5575 1.36155e-11 
3.565 9.11205e-12 
3.5625 1.04202e-11 
3.57 6.96187e-12 
3.5675 7.96583e-12 
3.575 5.3131e-12 
3.5725 6.08271e-12 
3.58 4.05025e-12 
3.5775 4.63954e-12 
3.585 3.08409e-12 
3.5825 3.5348e-12 
3.59 2.34577e-12 
3.5875 2.69009e-12 
3.595 1.78219e-12 
3.5925 2.04494e-12 
3.6 1.3525e-12 
3.5975 1.55277e-12 
3.605 1.02525e-12 
3.6025 1.17773e-12 
3.61 7.76315e-13 
3.6075 8.92266e-13 
3.615 5.87161e-13 
3.6125 6.75239e-13 
3.62 4.43598e-13 
3.6175 5.10426e-13 
3.625 3.34761e-13 
3.6225 3.85409e-13 
3.63 2.52344e-13 
3.6275 2.90685e-13 
3.635 1.90005e-13 
3.6325 2.18997e-13 
3.64 1.42906e-13 
3.6375 1.64804e-13 
3.645 1.07362e-13 
3.6425 1.23883e-13 
3.65 8.05691e-14 
3.6475 9.30186e-14 
3.655 6.03948e-14 
3.6525 6.97659e-14 
3.66 4.52217e-14 
3.6575 5.22675e-14 
3.665 3.38229e-14 
3.6625 3.91145e-14 
3.67 2.52692e-14 
3.6675 2.92388e-14 
3.675 1.88578e-14 
3.6725 2.18323e-14 
3.68 1.40575e-14 
3.6775 1.62839e-14 
3.685 1.04676e-14 
3.6825 1.21321e-14 
3.69 7.7858e-15 
3.6875 9.02885e-15 
3.695 5.78472e-15 
3.6925 6.71198e-15 
3.7 4.29324e-15 
3.6975 4.98416e-15 
3.705 3.18281e-15 
3.7025 3.69705e-15 
3.71 2.35702e-15 
3.7075 2.73933e-15 
3.715 1.74358e-15 
3.7125 2.02749e-15 
3.72 1.2884e-15 
3.7175 1.499e-15 
3.725 9.51014e-16 
3.7225 1.10707e-15 
3.73 7.01225e-16 
3.7275 8.1673e-16 
3.735 5.16491e-16 
3.7325 6.01889e-16 
3.74 3.80019e-16 
3.7375 4.43088e-16 
3.745 2.79311e-16 
3.7425 3.25838e-16 
3.75 2.05075e-16 
3.7475 2.39362e-16 
3.755 1.50413e-16 
3.7525 1.75652e-16 
3.76 1.10207e-16 
3.7575 1.28766e-16 
3.765 8.0665e-17 
3.7625 9.42975e-17 
3.77 5.89823e-17 
3.7675 6.89853e-17 
3.775 4.30847e-17 
3.7725 5.04167e-17 
3.78 3.14408e-17 
3.7775 3.68095e-17 
3.785 2.29215e-17 
3.7825 2.68484e-17 
3.79 1.66946e-17 
3.7875 1.9564e-17 
3.795 1.21479e-17 
3.7925 1.42425e-17 
3.8 8.83135e-18 
3.7975 1.03588e-17 
3.805 6.41454e-18 
3.8025 7.52735e-18 
3.81 4.65509e-18 
3.8075 5.46501e-18 
3.815 3.37541e-18 
3.8125 3.96433e-18 
3.82 2.44555e-18 
3.8175 2.87337e-18 
3.825 1.77049e-18 
3.8225 2.081e-18 
3.83 1.28084e-18 
3.8275 1.50601e-18 
3.835 9.25982e-19 
3.8325 1.08913e-18 
3.84 6.6902e-19 
3.8375 7.87138e-19 
3.845 4.83093e-19 
3.8425 5.6854e-19 
3.85 3.48662e-19 
3.8475 4.10431e-19 
3.855 2.51533e-19 
3.8525 2.96154e-19 
3.86 1.81399e-19 
3.8575 2.13614e-19 
3.865 1.30788e-19 
3.8625 1.54032e-19 
3.87 9.42834e-20 
3.8675 1.11046e-19 
3.875 6.79654e-20 
3.8725 8.00493e-20 
3.88 4.8998e-20 
3.8775 5.77061e-20 
3.885 3.5332e-20 
3.8825 4.16059e-20 
3.89 2.54873e-20 
3.8875 3.00067e-20 
3.895 1.83956e-20 
3.8925 2.16512e-20 
3.9 1.32867e-20 
3.8975 1.56321e-20 
3.905 9.60548e-21 
3.9025 1.12956e-20 
3.91 6.95197e-21 
3.9075 8.17042e-21 
3.915 5.03825e-21 
3.9125 5.91714e-21 
3.92 3.65707e-21 
3.9175 4.29153e-21 
3.925 2.65934e-21 
3.9225 3.11778e-21 
3.93 1.93779e-21 
3.9275 2.26944e-21 
3.935 1.41528e-21 
3.9325 1.65554e-21 
3.94 1.0363e-21 
3.9375 1.21064e-21 
3.945 7.60926e-22 
3.9425 8.87674e-22 
3.95 5.60418e-22 
3.9475 6.52762e-22 
3.955 4.14083e-22 
3.9525 4.81522e-22 
3.96 3.07009e-22 
3.9575 3.56391e-22 
3.965 2.2844e-22 
3.9625 2.64704e-22 
3.97 1.70611e-22 
3.9675 1.97325e-22 
3.975 1.27907e-22 
3.9725 1.47652e-22 
3.98 9.62621e-23 
3.9775 1.10908e-22 
3.985 7.27273e-23 
3.9825 8.36306e-23 
3.99 5.51576e-23 
3.9875 6.33057e-23 
3.995 4.19902e-23 
3.9925 4.81031e-23 
4 3.20833e-23 
3.9975 3.66874e-23 
4.005 2.46001e-23 
4.0025 2.80815e-23 
4.01 1.89255e-23 
4.0075 2.15682e-23 
4.015 1.46059e-23 
4.0125 1.66196e-23 
4.02 1.13055e-23 
4.0175 1.28456e-23 
4.025 8.77473e-24 
4.0225 9.95677e-24 
4.03 6.82752e-24 
4.0275 7.7378e-24 
4.035 5.32449e-24 
4.0325 6.02771e-24 
4.04 4.16084e-24 
4.0375 4.70569e-24 
4.045 3.25743e-24 
4.0425 3.68073e-24 
4.05 2.55429e-24 
4.0475 2.88397e-24 
4.055 2.00576e-24 
4.0525 2.2631e-24 
4.06 1.57695e-24 
4.0575 1.77822e-24 
4.065 1.24111e-24 
4.0625 1.39882e-24 
4.07 9.77659e-25 
4.0675 1.10143e-24 
4.075 7.70692e-25 
4.0725 8.67956e-25 
4.08 6.079e-25 
4.0775 6.84427e-25 
4.085 4.79718e-25 
4.0825 5.39991e-25 
4.09 3.78699e-25 
4.0875 4.26209e-25 
4.095 2.99027e-25 
4.0925 3.36504e-25 
4.1 2.36154e-25 
4.0975 2.65733e-25 
4.105 1.86514e-25 
4.1025 2.0987e-25 
4.11 1.47308e-25 
4.1075 1.65756e-25 
4.115 1.16335e-25 
4.1125 1.3091e-25 
4.12 9.18617e-26 
4.1175 1.03378e-25 
4.125 7.25235e-26 
4.1225 8.1624e-26 
4.13 5.72427e-26 
4.1275 6.44337e-26 
4.135 4.51688e-26 
4.1325 5.08505e-26 
4.14 3.563e-26 
4.1375 4.01185e-26 
4.145 2.80956e-26 
4.1425 3.16407e-26 
4.15 2.21456e-26 
4.1475 2.4945e-26 
4.155 1.74483e-26 
4.1525 1.96582e-26 
4.16 1.37412e-26 
4.1575 1.54851e-26 
4.165 1.08165e-26 
4.1625 1.21922e-26 
4.17 8.51001e-27 
4.1675 9.59478e-27 
4.175 6.69186e-27 
4.1725 7.54687e-27 
4.18 5.2593e-27 
4.1775 5.9329e-27 
4.185 4.13109e-27 
4.1825 4.66151e-27 
4.19 3.24302e-27 
4.1875 3.66048e-27 
4.195 2.54434e-27 
4.1925 2.87273e-27 
4.2 1.99496e-27 
4.1975 2.25314e-27 
4.205 1.56323e-27 
4.2025 1.76609e-27 
4.21 1.22414e-27 
4.2075 1.38344e-27 
4.215 9.57981e-28 
4.2125 1.083e-27 
4.22 7.4919e-28 
4.2175 8.47247e-28 
4.225 5.85508e-28 
4.2225 6.62367e-28 
4.23 4.57271e-28 
4.2275 5.17476e-28 
4.235 3.56869e-28 
4.2325 4.03998e-28 
4.24 2.78314e-28 
4.2375 3.15181e-28 
4.245 2.16894e-28 
4.2425 2.45714e-28 
4.25 1.68905e-28 
4.2475 1.91419e-28 
4.255 1.31436e-28 
4.2525 1.49011e-28 
4.26 1.02202e-28 
4.2575 1.15911e-28 
4.265 7.94095e-29 
4.2625 9.00961e-29 
4.27 6.16527e-29 
4.2675 6.99767e-29 
4.275 4.78293e-29 
4.2725 5.43081e-29 
4.28 3.70761e-29 
4.2775 4.21149e-29 
4.285 2.87177e-29 
4.2825 3.26335e-29 
4.29 2.22257e-29 
4.2875 2.52665e-29 
4.295 1.71874e-29 
4.2925 1.95468e-29 
4.3 1.32803e-29 
4.2975 1.51096e-29 
4.305 1.0253e-29 
4.3025 1.16701e-29 
4.31 7.90913e-30 
4.3075 9.00603e-30 
4.315 6.09598e-30 
4.3125 6.94434e-30 
4.32 4.69452e-30 
4.3175 5.35011e-30 
4.325 3.61218e-30 
4.3225 4.11838e-30 
4.33 2.77699e-30 
4.3275 3.16751e-30 
4.335 2.13307e-30 
4.3325 2.43408e-30 
4.34 1.63703e-30 
4.3375 1.86886e-30 
4.345 1.25524e-30 
4.3425 1.43363e-30 
4.35 9.61645e-31 
4.3475 1.0988e-30 
4.355 7.36067e-31 
4.3525 8.41421e-31 
4.36 5.62902e-31 
4.3575 6.43758e-31 
4.365 4.30088e-31 
4.3625 4.92088e-31 
4.37 3.28315e-31 
4.3675 3.75813e-31 
4.375 2.50397e-31 
4.3725 2.86753e-31 
4.38 1.90797e-31 
4.3775 2.18599e-31 
4.385 1.4525e-31 
4.3825 1.66491e-31 
4.39 1.10474e-31 
4.3875 1.26688e-31 
4.395 8.3946e-32 
4.3925 9.63116e-32 
4.4 6.37291e-32 
4.3975 7.31507e-32 
4.405 4.83358e-32 
4.4025 5.55077e-32 
4.41 3.66263e-32 
4.4075 4.20805e-32 
4.415 2.77273e-32 
4.4125 3.18714e-32 
4.42 2.09707e-32 
4.4175 2.41163e-32 
4.425 1.58454e-32 
4.4225 1.82309e-32 
4.43 1.19614e-32 
4.4275 1.37687e-32 
4.435 9.02075e-33 
4.4325 1.03887e-32 
4.44 6.79654e-33 
4.4375 7.83098e-33 
4.445 5.11581e-33 
4.4425 5.89729e-33 
4.45 3.84699e-33 
4.4475 4.43679e-33 
4.455 2.89006e-33 
4.4525 3.33477e-33 
4.46 2.16906e-33 
4.4575 2.50404e-33 
4.465 1.62634e-33 
4.4625 1.87842e-33 
4.47 1.21822e-33 
4.4675 1.40774e-33 
4.475 9.11626e-34 
4.4725 1.05396e-33 
4.48 6.81521e-34 
4.4775 7.88315e-34 
4.485 5.08996e-34 
4.4825 5.89045e-34 
4.49 3.79769e-34 
4.4875 4.39713e-34 
4.495 2.83071e-34 
4.4925 3.27914e-34 
4.5 2.10785e-34 
4.4975 2.44298e-34 
4.505 1.56802e-34 
4.5025 1.81823e-34 
4.51 1.16528e-34 
4.5075 1.3519e-34 
4.515 8.65122e-35 
4.5125 1.00417e-34 
4.52 6.41635e-35 
4.5175 7.45136e-35 
4.525 4.75405e-35 
4.5225 5.52368e-35 
4.53 3.51887e-35 
4.5275 4.09059e-35 
4.535 2.60199e-35 
4.5325 3.02627e-35 
4.54 1.92207e-35 
4.5375 2.23661e-35 
4.545 1.41839e-35 
4.5425 1.65134e-35 
4.55 1.04564e-35 
4.5475 1.21799e-35 
4.555 7.70071e-36 
4.5525 8.97449e-36 
4.56 5.66549e-36 
4.5575 6.60598e-36 
4.565 4.16393e-36 
4.5625 4.85762e-36 
4.57 3.05723e-36 
4.5675 3.56836e-36 
4.575 2.24238e-36 
4.5725 2.61862e-36 
4.58 1.64305e-36 
4.5775 1.9197e-36 
4.585 1.20267e-36 
4.5825 1.40589e-36 
4.59 8.79425e-37 
4.5875 1.02855e-36 
4.595 6.42403e-37 
4.5925 7.51721e-37 
4.6 4.68783e-37 
4.5975 5.48836e-37 
4.605 3.41736e-37 
4.6025 4.00299e-37 
4.61 2.48865e-37 
4.6075 2.91663e-37 
4.615 1.81047e-37 
4.6125 2.12291e-37 
4.62 1.31575e-37 
4.6175 1.54361e-37 
4.625 9.55234e-38 
4.6225 1.12123e-37 
4.63 6.92785e-38 
4.6275 8.13593e-38 
4.635 5.01926e-38 
4.6325 5.89756e-38 
4.64 3.63273e-38 
4.6375 4.27061e-38 
4.645 2.62651e-38 
4.6425 3.0893e-38 
4.65 1.89705e-38 
4.6475 2.23245e-38 
4.655 1.36876e-38 
4.6525 1.6116e-38 
4.66 9.86574e-39 
4.6575 1.1622e-38 
4.665 7.10367e-39 
4.6625 8.37259e-39 
4.67 5.1096e-39 
4.6675 6.02543e-39 
4.675 3.67149e-39 
4.6725 4.33179e-39 
4.68 2.63541e-39 
4.6775 3.11099e-39 
4.685 1.88975e-39 
4.6825 2.23192e-39 
4.69 1.35366e-39 
4.6875 1.5996e-39 
4.695 9.68652e-40 
4.6925 1.14523e-39 
4.7 6.92429e-40 
4.6975 8.19077e-40 
4.705 4.94461e-40 
4.7025 5.85204e-40 
4.71 3.52728e-40 
4.7075 4.17676e-40 
4.715 2.5136e-40 
4.7125 2.97798e-40 
4.72 1.78939e-40 
4.7175 2.12106e-40 
4.725 1.27251e-40 
4.7225 1.50916e-40 
4.73 9.03997e-41 
4.7275 1.07267e-40 
4.735 6.41539e-41 
4.7325 7.61637e-41 
4.74 4.54809e-41 
4.7375 5.4023e-41 
4.745 3.22095e-41 
4.7425 3.82789e-41 
4.75 2.27871e-41 
4.7475 2.7095e-41 
4.755 1.61043e-41 
4.7525 1.91588e-41 
4.76 1.13696e-41 
4.7575 1.35331e-41 
4.765 8.01864e-42 
4.7625 9.54942e-42 
4.77 5.64942e-42 
4.7675 6.7314e-42 
4.775 3.97609e-42 
4.7725 4.74005e-42 
4.78 2.7955e-42 
4.7775 3.33435e-42 
4.785 1.96341e-42 
4.7825 2.34308e-42 
4.79 1.37757e-42 
4.7875 1.64481e-42 
4.795 9.65528e-43 
4.7925 1.15343e-42 
4.8 6.76031e-43 
4.7975 8.08013e-43 
4.805 4.72845e-43 
4.8025 5.65451e-43 
4.81 3.30385e-43 
4.8075 3.95296e-43 
4.815 2.30607e-43 
4.8125 2.76057e-43 
4.82 1.60796e-43 
4.8175 1.92587e-43 
4.825 1.12003e-43 
4.8225 1.34216e-43 
4.83 7.79348e-44 
4.8275 9.34398e-44 
4.835 5.41733e-44 
4.8325 6.49846e-44 
4.84 3.76175e-44 
4.8375 4.51481e-44 
4.845 2.60943e-44 
4.8425 3.13343e-44 
4.85 1.80823e-44 
4.8475 2.17246e-44 
4.855 1.25173e-44 
4.8525 1.50464e-44 
4.86 8.65605e-45 
4.8575 1.04104e-44 
4.865 5.97972e-45 
4.8625 7.19536e-45 
4.87 4.12661e-45 
4.8675 4.96809e-45 
4.875 2.84484e-45 
4.8725 3.42671e-45 
4.88 1.95918e-45 
4.8775 2.36112e-45 
4.885 1.34786e-45 
4.8825 1.62521e-45 
4.89 9.26328e-46 
4.8875 1.11752e-45 
4.895 6.35973e-46 
4.8925 7.67632e-46 
4.9 4.3618e-46 
4.8975 5.26749e-46 
4.905 2.98845e-46 
4.9025 3.61083e-46 
4.91 2.0454e-46 
4.9075 2.47265e-46 
4.915 1.39851e-46 
4.9125 1.6915e-46 
4.92 9.55226e-47 
4.9175 1.15594e-46 
4.925 6.51781e-47 
4.9225 7.89141e-47 
4.93 4.44277e-47 
4.9275 5.38181e-47 
4.935 3.02527e-47 
4.9325 3.66656e-47 
4.94 2.05796e-47 
4.9375 2.49546e-47 
4.945 1.39858e-47 
4.9425 1.69672e-47 
4.95 9.49593e-48 
4.9475 1.15254e-47 
4.955 6.44235e-48 
4.9525 7.8221e-48 
4.96 4.36848e-48 
4.9575 5.30515e-48 
4.965 2.96256e-48 
4.9625 3.59717e-48 
4.97 2.01211e-48 
4.9675 2.4407e-48 
4.975 1.37275e-48 
4.9725 1.66052e-48 
4.98 9.46833e-49 
4.9775 1.1378e-48 
4.985 6.69035e-49 
4.9825 7.92524e-49 
4.99 4.9655e-49 
4.9875 5.71609e-49 
4.995 4.02711e-49 
4.9925 4.40954e-49 
5 3.7297e-49 
4.9975 3.8033e-49 
