0 1.33322e-15 
0.005 1.34246e-15 
0.0025 1.33553e-15 
0.01 1.37026e-15 
0.0075 1.35403e-15 
0.015 1.41679e-15 
0.0125 1.39117e-15 
0.02 1.48238e-15 
0.0175 1.44718e-15 
0.025 1.56745e-15 
0.0225 1.52245e-15 
0.03 1.67256e-15 
0.0275 1.61746e-15 
0.035 1.79837e-15 
0.0325 1.73283e-15 
0.04 1.94567e-15 
0.0375 1.86928e-15 
0.045 2.11534e-15 
0.0425 2.02765e-15 
0.05 2.30836e-15 
0.0475 2.20886e-15 
0.055 2.52582e-15 
0.0525 2.41396e-15 
0.06 2.76888e-15 
0.0575 2.64407e-15 
0.065 3.03877e-15 
0.0625 2.90039e-15 
0.07 3.3368e-15 
0.0675 3.18419e-15 
0.075 3.66432e-15 
0.0725 3.49679e-15 
0.08 4.02273e-15 
0.0775 3.83958e-15 
0.085 4.41342e-15 
0.0825 4.21395e-15 
0.09 4.83784e-15 
0.0875 4.62133e-15 
0.095 5.29738e-15 
0.0925 5.06313e-15 
0.1 5.79342e-15 
0.0975 5.54075e-15 
0.105 6.3273e-15 
0.1025 6.05555e-15 
0.11 6.90026e-15 
0.1075 6.60882e-15 
0.115 7.51347e-15 
0.1125 7.20177e-15 
0.12 8.16795e-15 
0.1175 7.83549e-15 
0.125 8.8646e-15 
0.1225 8.51096e-15 
0.13 9.60412e-15 
0.1275 9.22896e-15 
0.135 1.0387e-14 
0.1325 9.99013e-15 
0.14 1.12136e-14 
0.1375 1.07949e-14 
0.145 1.20839e-14 
0.1425 1.16433e-14 
0.15 1.29976e-14 
0.1475 1.25353e-14 
0.155 1.39542e-14 
0.1525 1.34706e-14 
0.16 1.49527e-14 
0.1575 1.44482e-14 
0.165 1.59919e-14 
0.1625 1.54673e-14 
0.17 1.70701e-14 
0.1675 1.65262e-14 
0.175 1.81854e-14 
0.1725 1.76233e-14 
0.18 1.93352e-14 
0.1775 1.87561e-14 
0.185 2.05166e-14 
0.1825 1.99221e-14 
0.19 2.17264e-14 
0.1875 2.11182e-14 
0.195 2.29607e-14 
0.1925 2.23407e-14 
0.2 2.42155e-14 
0.1975 2.35858e-14 
0.205 2.54861e-14 
0.2025 2.48491e-14 
0.21 2.67676e-14 
0.2075 2.61258e-14 
0.215 2.80546e-14 
0.2125 2.74107e-14 
0.22 2.93414e-14 
0.2175 2.86984e-14 
0.225 3.06221e-14 
0.2225 2.99829e-14 
0.23 3.18906e-14 
0.2275 3.12583e-14 
0.235 3.31405e-14 
0.2325 3.25183e-14 
0.24 3.43653e-14 
0.2375 3.37564e-14 
0.245 3.55587e-14 
0.2425 3.49664e-14 
0.25 3.67144e-14 
0.2475 3.61417e-14 
0.255 3.78262e-14 
0.2525 3.72762e-14 
0.26 3.88884e-14 
0.2575 3.83638e-14 
0.265 3.98954e-14 
0.2625 3.93991e-14 
0.27 4.08426e-14 
0.2675 4.03768e-14 
0.275 4.17258e-14 
0.2725 4.12925e-14 
0.28 4.25417e-14 
0.2775 4.21423e-14 
0.285 4.32878e-14 
0.2825 4.29236e-14 
0.29 4.39629e-14 
0.2875 4.36343e-14 
0.295 4.45668e-14 
0.2925 4.42737e-14 
0.3 4.51008e-14 
0.2975 4.48424e-14 
0.305 4.55674e-14 
0.3025 4.53423e-14 
0.31 4.59708e-14 
0.3075 4.57767e-14 
0.315 4.63165e-14 
0.3125 4.61504e-14 
0.32 4.66118e-14 
0.3175 4.64699e-14 
0.325 4.68655e-14 
0.3225 4.67432e-14 
0.33 4.70882e-14 
0.3275 4.698e-14 
0.335 4.72918e-14 
0.3325 4.71915e-14 
0.34 4.74899e-14 
0.3375 4.73906e-14 
0.345 4.76974e-14 
0.3425 4.75915e-14 
0.35 4.79307e-14 
0.3475 4.78098e-14 
0.355 4.82072e-14 
0.3525 4.80624e-14 
0.36 4.85453e-14 
0.3575 4.83673e-14 
0.365 4.89645e-14 
0.3625 4.87435e-14 
0.37 4.94848e-14 
0.3675 4.92107e-14 
0.375 5.0127e-14 
0.3725 4.97893e-14 
0.38 5.09122e-14 
0.3775 5.05003e-14 
0.385 5.1862e-14 
0.3825 5.13651e-14 
0.39 5.29984e-14 
0.3875 5.24055e-14 
0.395 5.43437e-14 
0.3925 5.36435e-14 
0.4 5.59207e-14 
0.3975 5.51018e-14 
0.405 5.77526e-14 
0.4025 5.68033e-14 
0.41 5.98633e-14 
0.4075 5.87716e-14 
0.415 6.22778e-14 
0.4125 6.1031e-14 
0.42 6.5022e-14 
0.4175 6.3607e-14 
0.425 6.81237e-14 
0.4225 6.65264e-14 
0.43 7.16123e-14 
0.4275 6.98177e-14 
0.435 7.55198e-14 
0.4325 7.35115e-14 
0.44 7.9881e-14 
0.4375 7.76414e-14 
0.445 8.47343e-14 
0.4425 8.22436e-14 
0.45 9.01221e-14 
0.4475 8.73586e-14 
0.455 9.60915e-14 
0.4525 9.30309e-14 
0.46 1.02695e-13 
0.4575 9.93105e-14 
0.465 1.09992e-13 
0.4625 1.06253e-13 
0.47 1.1805e-13 
0.4675 1.13922e-13 
0.475 1.26942e-13 
0.4725 1.22386e-13 
0.48 1.36753e-13 
0.4775 1.31727e-13 
0.485 1.4758e-13 
0.4825 1.42033e-13 
0.49 1.59529e-13 
0.4875 1.53407e-13 
0.495 1.72723e-13 
0.4925 1.65962e-13 
0.5 1.87301e-13 
0.4975 1.7983e-13 
0.505 2.03419e-13 
0.5025 1.95157e-13 
0.51 2.21255e-13 
0.5075 2.12111e-13 
0.515 2.4101e-13 
0.5125 2.30879e-13 
0.52 2.62912e-13 
0.5175 2.51677e-13 
0.525 2.8722e-13 
0.5225 2.74748e-13 
0.53 3.14226e-13 
0.5275 3.00366e-13 
0.535 3.44262e-13 
0.5325 3.28843e-13 
0.54 3.77704e-13 
0.5375 3.60532e-13 
0.545 4.14978e-13 
0.5425 3.95833e-13 
0.55 4.56565e-13 
0.5475 4.35199e-13 
0.555 5.03011e-13 
0.5525 4.79144e-13 
0.56 5.54933e-13 
0.5575 5.28245e-13 
0.565 6.13028e-13 
0.5625 5.83161e-13 
0.57 6.78086e-13 
0.5675 6.44633e-13 
0.575 7.50999e-13 
0.5725 7.13501e-13 
0.58 8.32776e-13 
0.5775 7.90712e-13 
0.585 9.24554e-13 
0.5825 8.77338e-13 
0.59 1.02762e-12 
0.5875 9.7459e-13 
0.595 1.14343e-12 
0.5925 1.08384e-12 
0.6 1.27363e-12 
0.5975 1.20662e-12 
0.605 1.42006e-12 
0.6025 1.34469e-12 
0.61 1.58481e-12 
0.6075 1.5e-12 
0.615 1.77026e-12 
0.6125 1.67479e-12 
0.62 1.97907e-12 
0.6175 1.87157e-12 
0.625 2.21423e-12 
0.6225 2.09315e-12 
0.63 2.47916e-12 
0.6275 2.34275e-12 
0.635 2.77767e-12 
0.6325 2.62396e-12 
0.64 3.1141e-12 
0.6375 2.94086e-12 
0.645 3.49333e-12 
0.6425 3.29804e-12 
0.65 3.92085e-12 
0.6475 3.70068e-12 
0.655 4.40289e-12 
0.6525 4.15463e-12 
0.66 4.94645e-12 
0.6575 4.66651e-12 
0.665 5.55946e-12 
0.6625 5.24374e-12 
0.67 6.25084e-12 
0.6675 5.89475e-12 
0.675 7.03066e-12 
0.6725 6.62902e-12 
0.68 7.91031e-12 
0.6775 7.45724e-12 
0.685 8.90261e-12 
0.6825 8.39152e-12 
0.69 1.00221e-11 
0.6875 9.44547e-12 
0.695 1.1285e-11 
0.6925 1.06345e-11 
0.7 1.27098e-11 
0.6975 1.19759e-11 
0.705 1.43174e-11 
0.7025 1.34894e-11 
0.71 1.61312e-11 
0.7075 1.51969e-11 
0.715 1.81777e-11 
0.7125 1.71236e-11 
0.72 2.04869e-11 
0.7175 1.92975e-11 
0.725 2.30925e-11 
0.7225 2.17504e-11 
0.73 2.60326e-11 
0.7275 2.45182e-11 
0.735 2.93502e-11 
0.7325 2.76413e-11 
0.74 3.30937e-11 
0.7375 3.11654e-11 
0.745 3.73181e-11 
0.7425 3.51421e-11 
0.75 4.2085e-11 
0.7475 3.96296e-11 
0.755 4.74643e-11 
0.7525 4.46934e-11 
0.76 5.35345e-11 
0.7575 5.04077e-11 
0.765 6.03846e-11 
0.7625 5.68561e-11 
0.77 6.81148e-11 
0.7675 6.4133e-11 
0.775 7.68382e-11 
0.7725 7.23448e-11 
0.78 8.66826e-11 
0.7775 8.16117e-11 
0.785 9.77919e-11 
0.7825 9.20694e-11 
0.79 1.10329e-10 
0.7875 1.03871e-10 
0.795 1.24477e-10 
0.7925 1.17189e-10 
0.8 1.40443e-10 
0.7975 1.32219e-10 
0.805 1.58462e-10 
0.8025 1.4918e-10 
0.81 1.78796e-10 
0.8075 1.68322e-10 
0.815 2.01744e-10 
0.8125 1.89924e-10 
0.82 2.27642e-10 
0.8175 2.14302e-10 
0.825 2.56869e-10 
0.8225 2.41814e-10 
0.83 2.89853e-10 
0.8275 2.72863e-10 
0.835 3.27078e-10 
0.8325 3.07903e-10 
0.84 3.69087e-10 
0.8375 3.47448e-10 
0.845 4.16498e-10 
0.8425 3.92076e-10 
0.85 4.70004e-10 
0.8475 4.42442e-10 
0.855 5.3039e-10 
0.8525 4.99284e-10 
0.86 5.98539e-10 
0.8575 5.63434e-10 
0.865 6.75452e-10 
0.8625 6.35833e-10 
0.87 7.62253e-10 
0.8675 7.1754e-10 
0.875 8.60217e-10 
0.8725 8.09754e-10 
0.88 9.70777e-10 
0.8775 9.13826e-10 
0.885 1.09556e-09 
0.8825 1.03128e-09 
0.89 1.23638e-09 
0.8875 1.16384e-09 
0.895 1.39532e-09 
0.8925 1.31344e-09 
0.9 1.57469e-09 
0.8975 1.48229e-09 
0.905 1.77713e-09 
0.9025 1.67285e-09 
0.91 2.00562e-09 
0.9075 1.88792e-09 
0.915 2.26348e-09 
0.9125 2.13065e-09 
0.92 2.55452e-09 
0.9175 2.4046e-09 
0.925 2.88299e-09 
0.9225 2.71379e-09 
0.93 3.25371e-09 
0.9275 3.06274e-09 
0.935 3.67212e-09 
0.9325 3.45659e-09 
0.94 4.14435e-09 
0.9375 3.90109e-09 
0.945 4.67733e-09 
0.9425 4.40278e-09 
0.95 5.27887e-09 
0.9475 4.969e-09 
0.955 5.9578e-09 
0.9525 5.60806e-09 
0.96 6.72407e-09 
0.9575 6.32934e-09 
0.965 7.58893e-09 
0.9625 7.14342e-09 
0.97 8.56506e-09 
0.9675 8.06223e-09 
0.975 9.66677e-09 
0.9725 9.09925e-09 
0.98 1.09102e-08 
0.9775 1.02697e-08 
0.985 1.23137e-08 
0.9825 1.15908e-08 
0.99 1.38978e-08 
0.9875 1.30818e-08 
0.995 1.56857e-08 
0.9925 1.47647e-08 
1 1.77036e-08 
0.9975 1.66641e-08 
1.005 1.99812e-08 
1.0025 1.8808e-08 
1.01 2.2552e-08 
1.0075 2.12277e-08 
1.015 2.54536e-08 
1.0125 2.39589e-08 
1.02 2.87285e-08 
1.0175 2.70415e-08 
1.025 3.2425e-08 
1.0225 3.05209e-08 
1.03 3.65972e-08 
1.0275 3.4448e-08 
1.035 4.13064e-08 
1.0325 3.88806e-08 
1.04 4.66218e-08 
1.0375 4.38837e-08 
1.045 5.26213e-08 
1.0425 4.95307e-08 
1.05 5.9393e-08 
1.0475 5.59047e-08 
1.055 6.70364e-08 
1.0525 6.3099e-08 
1.06 7.56637e-08 
1.0575 7.12195e-08 
1.065 8.54016e-08 
1.0625 8.03853e-08 
1.07 9.6393e-08 
1.0675 9.0731e-08 
1.075 1.088e-07 
1.0725 1.02409e-07 
1.08 1.22803e-07 
1.0775 1.15589e-07 
1.085 1.3861e-07 
1.0825 1.30467e-07 
1.09 1.56452e-07 
1.0875 1.47261e-07 
1.095 1.7659e-07 
1.0925 1.66216e-07 
1.1 1.99322e-07 
1.0975 1.87612e-07 
1.105 2.24981e-07 
1.1025 2.11763e-07 
1.11 2.53944e-07 
1.1075 2.39024e-07 
1.115 2.86637e-07 
1.1125 2.69795e-07 
1.12 3.23539e-07 
1.1175 3.04529e-07 
1.125 3.65194e-07 
1.1225 3.43736e-07 
1.13 4.12213e-07 
1.1275 3.87991e-07 
1.135 4.65287e-07 
1.1325 4.37947e-07 
1.14 5.25198e-07 
1.1375 4.94336e-07 
1.145 5.92825e-07 
1.1425 5.57987e-07 
1.15 6.69162e-07 
1.1475 6.29837e-07 
1.155 7.55332e-07 
1.1525 7.10942e-07 
1.16 8.52603e-07 
1.1575 8.02495e-07 
1.165 9.62403e-07 
1.1625 9.0584e-07 
1.17 1.08635e-06 
1.1675 1.0225e-06 
1.175 1.22626e-06 
1.1725 1.15419e-06 
1.18 1.3842e-06 
1.1775 1.30284e-06 
1.185 1.5625e-06 
1.1825 1.47065e-06 
1.19 1.76376e-06 
1.1875 1.66008e-06 
1.195 1.99096e-06 
1.1925 1.87392e-06 
1.2 2.24744e-06 
1.1975 2.11531e-06 
1.205 2.53697e-06 
1.2025 2.38782e-06 
1.21 2.86382e-06 
1.2075 2.69544e-06 
1.215 3.2328e-06 
1.2125 3.04272e-06 
1.22 3.64934e-06 
1.2175 3.43475e-06 
1.225 4.11958e-06 
1.2225 3.87733e-06 
1.23 4.65044e-06 
1.2275 4.37696e-06 
1.235 5.24975e-06 
1.2325 4.94101e-06 
1.24 5.92635e-06 
1.2375 5.57779e-06 
1.245 6.6902e-06 
1.2425 6.29669e-06 
1.25 7.55256e-06 
1.2475 7.10831e-06 
1.255 8.52617e-06 
1.2525 8.02461e-06 
1.26 9.62538e-06 
1.2575 9.05911e-06 
1.265 1.08664e-05 
1.2625 1.02271e-05 
1.27 1.22676e-05 
1.2675 1.15458e-05 
1.275 1.38496e-05 
1.2725 1.30346e-05 
1.28 1.56359e-05 
1.2775 1.47157e-05 
1.285 1.76528e-05 
1.2825 1.66137e-05 
1.29 1.99301e-05 
1.2875 1.87569e-05 
1.295 2.25016e-05 
1.2925 2.11768e-05 
1.3 2.54053e-05 
1.2975 2.39094e-05 
1.305 2.86842e-05 
1.3025 2.6995e-05 
1.31 3.2387e-05 
1.3075 3.04794e-05 
1.315 3.65685e-05 
1.3125 3.44142e-05 
1.32 4.12909e-05 
1.3175 3.88579e-05 
1.325 4.66242e-05 
1.3225 4.38764e-05 
1.33 5.26478e-05 
1.3275 4.95444e-05 
1.335 5.94514e-05 
1.3325 5.59461e-05 
1.34 6.71362e-05 
1.3375 6.31768e-05 
1.345 7.5817e-05 
1.3425 7.13444e-05 
1.35 8.56233e-05 
1.3475 8.05707e-05 
1.355 9.67018e-05 
1.3525 9.09936e-05 
1.36 0.000109218 
1.3575 0.000102769 
1.365 0.000123361 
1.3625 0.000116074 
1.37 0.000139341 
1.3675 0.000131107 
1.375 0.0001574 
1.3725 0.000148095 
1.38 0.00017781 
1.3775 0.000167293 
1.385 0.000200879 
1.3825 0.000188991 
1.39 0.000226957 
1.3875 0.000213518 
1.395 0.000256438 
1.3925 0.000241245 
1.4 0.000289772 
1.3975 0.000272593 
1.405 0.000327467 
1.4025 0.00030804 
1.41 0.0003701 
1.4075 0.000348128 
1.415 0.000418325 
1.4125 0.00039347 
1.42 0.000472884 
1.4175 0.000444763 
1.425 0.000534621 
1.4225 0.000502798 
1.43 0.000604491 
1.4275 0.000568474 
1.435 0.000683584 
1.4325 0.000642811 
1.44 0.000773134 
1.4375 0.000726968 
1.445 0.000874549 
1.4425 0.000822263 
1.45 0.000989426 
1.4475 0.000930196 
1.455 0.00111959 
1.4525 0.00105247 
1.46 0.0012671 
1.4575 0.00119103 
1.465 0.00143433 
1.4625 0.00134809 
1.47 0.00162396 
1.4675 0.00152616 
1.475 0.00183905 
1.4725 0.00172811 
1.48 0.00208311 
1.4775 0.00195723 
1.485 0.00236012 
1.4825 0.00221723 
1.49 0.00267462 
1.4875 0.00251237 
1.495 0.00303179 
1.4925 0.00284752 
1.5 0.00343757 
1.4975 0.00322821 
1.505 0.0038987 
1.5025 0.00366076 
1.51 0.00442289 
1.5075 0.00415239 
1.515 0.00501892 
1.5125 0.00471133 
1.52 0.00569681 
1.5175 0.00534695 
1.525 0.00646798 
1.5225 0.00606996 
1.53 0.0073454 
1.5275 0.00689253 
1.535 0.00834386 
1.5325 0.0078285 
1.54 0.00948012 
1.5375 0.00889363 
1.545 0.0107732 
1.5425 0.0101058 
1.55 0.0122446 
1.5475 0.0114852 
1.555 0.0139186 
1.5525 0.0130546 
1.56 0.0158225 
1.5575 0.0148399 
1.565 0.0179869 
1.5625 0.0168701 
1.57 0.0204461 
1.5675 0.0191773 
1.575 0.0232381 
1.5725 0.0217979 
1.58 0.0264051 
1.5775 0.0247719 
1.585 0.0299934 
1.5825 0.0281435 
1.59 0.0340536 
1.5875 0.0319612 
1.595 0.0386407 
1.5925 0.0362777 
1.6 0.0438137 
1.5975 0.0411501 
1.605 0.0496354 
1.6025 0.0466394 
1.61 0.0561719 
1.6075 0.0528101 
1.615 0.0634917 
1.6125 0.0597295 
1.62 0.071665 
1.6175 0.0674672 
1.625 0.0807621 
1.6225 0.0760937 
1.63 0.0908523 
1.6275 0.0856789 
1.635 0.102002 
1.6325 0.0962907 
1.64 0.114272 
1.6375 0.107993 
1.645 0.127718 
1.6425 0.120845 
1.65 0.142384 
1.6475 0.134896 
1.655 0.158304 
1.6525 0.150186 
1.66 0.1755 
1.6575 0.166742 
1.665 0.193976 
1.6625 0.184578 
1.67 0.21372 
1.6675 0.203691 
1.675 0.234703 
1.6725 0.22406 
1.68 0.256875 
1.6775 0.245644 
1.685 0.280168 
1.6825 0.268386 
1.69 0.304492 
1.6875 0.292207 
1.695 0.329743 
1.6925 0.317009 
1.7 0.355797 
1.6975 0.342678 
1.705 0.382516 
1.7025 0.369082 
1.71 0.409749 
1.7075 0.396078 
1.715 0.437339 
1.7125 0.42351 
1.72 0.46512 
1.7175 0.451216 
1.725 0.492927 
1.7225 0.479031 
1.73 0.520595 
1.7275 0.506788 
1.735 0.547966 
1.7325 0.534327 
1.74 0.57489 
1.7375 0.561493 
1.745 0.60123 
1.7425 0.588141 
1.75 0.62686 
1.7475 0.614141 
1.755 0.651673 
1.7525 0.639375 
1.76 0.675577 
1.7575 0.663743 
1.765 0.698497 
1.7625 0.687164 
1.77 0.720378 
1.7675 0.709571 
1.775 0.741177 
1.7725 0.730915 
1.78 0.760871 
1.7775 0.751164 
1.785 0.779449 
1.7825 0.7703 
1.79 0.796913 
1.7875 0.78832 
1.795 0.813277 
1.7925 0.805232 
1.8 0.828564 
1.7975 0.821053 
1.805 0.842804 
1.8025 0.835813 
1.81 0.856036 
1.8075 0.849544 
1.815 0.868301 
1.8125 0.862286 
1.82 0.879644 
1.8175 0.874085 
1.825 0.890115 
1.8225 0.884986 
1.83 0.899761 
1.8275 0.895038 
1.835 0.908634 
1.8325 0.904291 
1.84 0.916782 
1.8375 0.912795 
1.845 0.924253 
1.8425 0.920599 
1.85 0.931096 
1.8475 0.92775 
1.855 0.937355 
1.8525 0.934296 
1.86 0.943075 
1.8575 0.94028 
1.865 0.948296 
1.8625 0.945745 
1.87 0.953058 
1.8675 0.950732 
1.875 0.957398 
1.8725 0.955279 
1.88 0.96135 
1.8775 0.959421 
1.885 0.964947 
1.8825 0.963191 
1.89 0.968217 
1.8875 0.966621 
1.895 0.971191 
1.8925 0.96974 
1.9 0.973892 
1.8975 0.972574 
1.905 0.976345 
1.9025 0.975148 
1.91 0.978572 
1.9075 0.977485 
1.915 0.980592 
1.9125 0.979607 
1.92 0.982425 
1.9175 0.981531 
1.925 0.984087 
1.9225 0.983277 
1.93 0.985594 
1.9275 0.984859 
1.935 0.98696 
1.9325 0.986294 
1.94 0.988197 
1.9375 0.987594 
1.945 0.989319 
1.9425 0.988772 
1.95 0.990334 
1.9475 0.989839 
1.955 0.991254 
1.9525 0.990805 
1.96 0.992087 
1.9575 0.991681 
1.965 0.992841 
1.9625 0.992473 
1.97 0.993523 
1.9675 0.99319 
1.975 0.994141 
1.9725 0.99384 
1.98 0.9947 
1.9775 0.994427 
1.985 0.995206 
1.9825 0.994959 
1.99 0.995664 
1.9875 0.995441 
1.995 0.996078 
1.9925 0.995876 
2 0.996453 
1.9975 0.99627 
2.005 0.996792 
2.0025 0.996627 
2.01 0.997099 
2.0075 0.996949 
2.015 0.997376 
2.0125 0.997241 
2.02 0.997627 
2.0175 0.997505 
2.025 0.997854 
2.0225 0.997744 
2.03 0.99806 
2.0275 0.99796 
2.035 0.998245 
2.0325 0.998155 
2.04 0.998413 
2.0375 0.998332 
2.045 0.998565 
2.0425 0.998491 
2.05 0.998703 
2.0475 0.998636 
2.055 0.998827 
2.0525 0.998766 
2.06 0.998939 
2.0575 0.998884 
2.065 0.999041 
2.0625 0.998991 
2.07 0.999133 
2.0675 0.999088 
2.075 0.999216 
2.0725 0.999175 
2.08 0.999291 
2.0775 0.999254 
2.085 0.999359 
2.0825 0.999325 
2.09 0.99942 
2.0875 0.99939 
2.095 0.999475 
2.0925 0.999448 
2.1 0.999525 
2.0975 0.999501 
2.105 0.999571 
2.1025 0.999549 
2.11 0.999612 
2.1075 0.999592 
2.115 0.999649 
2.1125 0.999631 
2.12 0.999682 
2.1175 0.999666 
2.125 0.999712 
2.1225 0.999698 
2.13 0.99974 
2.1275 0.999726 
2.135 0.999764 
2.1325 0.999752 
2.14 0.999786 
2.1375 0.999776 
2.145 0.999807 
2.1425 0.999797 
2.15 0.999825 
2.1475 0.999816 
2.155 0.999841 
2.1525 0.999833 
2.16 0.999856 
2.1575 0.999848 
2.165 0.999869 
2.1625 0.999862 
2.17 0.999881 
2.1675 0.999875 
2.175 0.999891 
2.1725 0.999886 
2.18 0.999901 
2.1775 0.999896 
2.185 0.99991 
2.1825 0.999905 
2.19 0.999917 
2.1875 0.999914 
2.195 0.999924 
2.1925 0.999921 
2.2 0.99993 
2.1975 0.999927 
2.205 0.999936 
2.2025 0.999933 
2.21 0.99994 
2.2075 0.999938 
2.215 0.999944 
2.2125 0.999942 
2.22 0.999948 
2.2175 0.999946 
2.225 0.999951 
2.2225 0.999949 
2.23 0.999953 
2.2275 0.999952 
2.235 0.999956 
2.2325 0.999955 
2.24 0.999957 
2.2375 0.999956 
2.245 0.999958 
2.2425 0.999958 
2.25 0.999959 
2.2475 0.999959 
2.255 0.99996 
2.2525 0.99996 
2.26 0.99996 
2.2575 0.99996 
2.265 0.999959 
2.2625 0.99996 
2.27 0.999959 
2.2675 0.999959 
2.275 0.999958 
2.2725 0.999958 
2.28 0.999956 
2.2775 0.999957 
2.285 0.999954 
2.2825 0.999955 
2.29 0.999952 
2.2875 0.999953 
2.295 0.999949 
2.2925 0.99995 
2.3 0.999946 
2.2975 0.999947 
2.305 0.999942 
2.3025 0.999944 
2.31 0.999938 
2.3075 0.99994 
2.315 0.999933 
2.3125 0.999935 
2.32 0.999927 
2.3175 0.99993 
2.325 0.999921 
2.3225 0.999924 
2.33 0.999914 
2.3275 0.999918 
2.335 0.999906 
2.3325 0.99991 
2.34 0.999898 
2.3375 0.999902 
2.345 0.999889 
2.3425 0.999893 
2.35 0.999878 
2.3475 0.999883 
2.355 0.999867 
2.3525 0.999872 
2.36 0.999854 
2.3575 0.99986 
2.365 0.99984 
2.3625 0.999847 
2.37 0.999824 
2.3675 0.999832 
2.375 0.999807 
2.3725 0.999816 
2.38 0.999788 
2.3775 0.999798 
2.385 0.999767 
2.3825 0.999778 
2.39 0.999744 
2.3875 0.999756 
2.395 0.999719 
2.3925 0.999732 
2.4 0.999691 
2.3975 0.999706 
2.405 0.999661 
2.4025 0.999676 
2.41 0.999627 
2.4075 0.999644 
2.415 0.99959 
2.4125 0.999609 
2.42 0.999549 
2.4175 0.99957 
2.425 0.999505 
2.4225 0.999528 
2.43 0.999455 
2.4275 0.999481 
2.435 0.999401 
2.4325 0.999429 
2.44 0.999342 
2.4375 0.999372 
2.445 0.999276 
2.4425 0.99931 
2.45 0.999204 
2.4475 0.999241 
2.455 0.999125 
2.4525 0.999165 
2.46 0.999038 
2.4575 0.999082 
2.465 0.998942 
2.4625 0.998991 
2.47 0.998837 
2.4675 0.99889 
2.475 0.998721 
2.4725 0.99878 
2.48 0.998593 
2.4775 0.998658 
2.485 0.998453 
2.4825 0.998525 
2.49 0.998299 
2.4875 0.998378 
2.495 0.99813 
2.4925 0.998216 
2.5 0.997943 
2.4975 0.998039 
2.505 0.997738 
2.5025 0.997843 
2.51 0.997513 
2.5075 0.997629 
2.515 0.997266 
2.5125 0.997392 
2.52 0.996993 
2.5175 0.997133 
2.525 0.996694 
2.5225 0.996847 
2.53 0.996365 
2.5275 0.996534 
2.535 0.996004 
2.5325 0.996189 
2.54 0.995606 
2.5375 0.995809 
2.545 0.995169 
2.5425 0.995393 
2.55 0.994689 
2.5475 0.994935 
2.555 0.994161 
2.5525 0.994431 
2.56 0.993581 
2.5575 0.993878 
2.565 0.992943 
2.5625 0.993269 
2.57 0.992243 
2.5675 0.992601 
2.575 0.991473 
2.5725 0.991867 
2.58 0.990627 
2.5775 0.99106 
2.585 0.989699 
2.5825 0.990174 
2.59 0.988678 
2.5875 0.9892 
2.595 0.987558 
2.5925 0.988131 
2.6 0.986328 
2.5975 0.986957 
2.605 0.984978 
2.6025 0.985669 
2.61 0.983495 
2.6075 0.984254 
2.615 0.981869 
2.6125 0.982701 
2.62 0.980084 
2.6175 0.980997 
2.625 0.978127 
2.6225 0.979128 
2.63 0.975981 
2.6275 0.977079 
2.635 0.973629 
2.6325 0.974832 
2.64 0.971051 
2.6375 0.97237 
2.645 0.968228 
2.6425 0.969672 
2.65 0.965138 
2.6475 0.966718 
2.655 0.961756 
2.6525 0.963485 
2.66 0.958057 
2.6575 0.959948 
2.665 0.954015 
2.6625 0.956081 
2.67 0.949599 
2.6675 0.951855 
2.675 0.94478 
2.6725 0.947242 
2.68 0.939523 
2.6775 0.942208 
2.685 0.933796 
2.6825 0.936721 
2.69 0.927562 
2.6875 0.930745 
2.695 0.920783 
2.6925 0.924243 
2.7 0.91342 
2.6975 0.917177 
2.705 0.905434 
2.7025 0.909507 
2.71 0.896783 
2.7075 0.901194 
2.715 0.887427 
2.7125 0.892196 
2.72 0.877326 
2.7175 0.882472 
2.725 0.86644 
2.7225 0.871983 
2.73 0.85473 
2.7275 0.86069 
2.735 0.842163 
2.7325 0.848556 
2.74 0.828706 
2.7375 0.835547 
2.745 0.814332 
2.7425 0.821635 
2.75 0.79902 
2.7475 0.806794 
2.755 0.782754 
2.7525 0.791007 
2.76 0.765529 
2.7575 0.774262 
2.765 0.747347 
2.7625 0.756557 
2.77 0.728221 
2.7675 0.737901 
2.775 0.708175 
2.7725 0.718311 
2.78 0.687244 
2.7775 0.697817 
2.785 0.665476 
2.7825 0.676461 
2.79 0.642932 
2.7875 0.654296 
2.795 0.619684 
2.7925 0.631391 
2.8 0.595818 
2.7975 0.607823 
2.805 0.571428 
2.8025 0.583682 
2.81 0.54662 
2.8075 0.559069 
2.815 0.521505 
2.8125 0.534093 
2.82 0.496204 
2.8175 0.50887 
2.825 0.470836 
2.8225 0.48352 
2.83 0.445527 
2.8275 0.458167 
2.835 0.420398 
2.8325 0.432933 
2.84 0.395568 
2.8375 0.407939 
2.845 0.371151 
2.8425 0.383301 
2.85 0.347251 
2.8475 0.35913 
2.855 0.323966 
2.8525 0.335526 
2.86 0.301381 
2.8575 0.312581 
2.865 0.279571 
2.8625 0.290375 
2.87 0.258599 
2.8675 0.268977 
2.875 0.238516 
2.8725 0.248444 
2.88 0.219361 
2.8775 0.228821 
2.885 0.201161 
2.8825 0.21014 
2.89 0.183933 
2.8875 0.192425 
2.895 0.167684 
2.8925 0.175686 
2.9 0.152412 
2.8975 0.159926 
2.905 0.138109 
2.9025 0.14514 
2.91 0.124759 
2.9075 0.131316 
2.915 0.112339 
2.9125 0.118434 
2.92 0.100826 
2.9175 0.106471 
2.925 0.0901881 
2.9225 0.0953993 
2.93 0.0803947 
2.9275 0.085188 
2.935 0.0714112 
2.9325 0.0758039 
2.94 0.0632017 
2.9375 0.067212 
2.945 0.055729 
2.9425 0.0593756 
2.95 0.0489553 
2.9475 0.0522572 
2.955 0.0428417 
2.9525 0.0458185 
2.96 0.0373489 
2.9575 0.0400202 
2.965 0.032437 
2.9625 0.0348228 
2.97 0.0280658 
2.9675 0.0301863 
2.975 0.024195 
2.9725 0.0260703 
2.98 0.0207843 
2.9775 0.0224346 
2.985 0.0177939 
2.9825 0.019239 
2.99 0.0151847 
2.9875 0.016444 
2.995 0.0129189 
2.9925 0.0140112 
3 0.0109602 
2.9975 0.0119034 
3.005 0.00927409 
3.0025 0.0100851 
3.01 0.00782848 
3.0075 0.00852314 
3.015 0.00659363 
3.0125 0.00718647 
3.02 0.00554237 
3.0175 0.00604665 
3.025 0.00465018 
3.0225 0.00507782 
3.03 0.00389509 
3.0275 0.00425677 
3.035 0.00325764 
3.0325 0.00356278 
3.04 0.00272073 
3.0375 0.0029776 
3.045 0.00226941 
3.0425 0.00248523 
3.05 0.00189074 
3.0475 0.00207174 
3.055 0.00157355 
3.0525 0.0017251 
3.06 0.00130824 
3.0575 0.00143495 
3.065 0.00108664 
3.0625 0.00119244 
3.07 0.000901762 
3.0675 0.00099 
3.075 0.000747704 
3.0725 0.000821213 
3.08 0.000619461 
3.0775 0.000680636 
3.085 0.000512811 
3.0825 0.000563673 
3.09 0.0004242 
3.0875 0.00046645 
3.095 0.000350641 
3.0925 0.000385706 
3.1 0.000289627 
3.0975 0.000318705 
3.105 0.000239059 
3.1025 0.000263154 
3.11 0.000197181 
3.1075 0.000217131 
3.115 0.000162525 
3.1125 0.000179032 
3.12 0.000133867 
3.1175 0.000147514 
3.125 0.000110186 
3.1225 0.000121461 
3.13 9.06316e-05 
3.1275 9.99403e-05 
3.135 7.44958e-05 
3.1325 8.21756e-05 
3.14 6.11902e-05 
3.1375 6.75218e-05 
3.145 5.02262e-05 
3.1425 5.54426e-05 
3.15 4.11979e-05 
3.1475 4.54926e-05 
3.155 3.37687e-05 
3.1525 3.73021e-05 
3.16 2.76597e-05 
3.1575 3.05647e-05 
3.165 2.26398e-05 
3.1625 2.50264e-05 
3.17 1.85177e-05 
3.1675 2.04771e-05 
3.175 1.51352e-05 
3.1725 1.67427e-05 
3.18 1.23615e-05 
3.1775 1.36795e-05 
3.185 1.00888e-05 
3.1825 1.11685e-05 
3.19 8.22791e-06 
3.1875 9.11182e-06 
3.195 6.70527e-06 
3.1925 7.42836e-06 
3.2 5.46032e-06 
3.1975 6.05142e-06 
3.205 4.44317e-06 
3.2025 4.92602e-06 
3.21 3.61276e-06 
3.2075 4.00689e-06 
3.215 2.9353e-06 
3.2125 3.25677e-06 
3.22 2.38304e-06 
3.2175 2.64505e-06 
3.225 1.93319e-06 
3.2225 2.14657e-06 
3.23 1.56703e-06 
3.2275 1.74067e-06 
3.235 1.26922e-06 
3.2325 1.41042e-06 
3.24 1.0272e-06 
3.2375 1.14193e-06 
3.245 8.30663e-07 
3.2425 9.2381e-07 
3.25 6.71191e-07 
3.2475 7.46756e-07 
3.255 5.41896e-07 
3.2525 6.03149e-07 
3.26 4.37151e-07 
3.2575 4.86763e-07 
3.265 3.52364e-07 
3.2625 3.92515e-07 
3.27 2.83787e-07 
3.2675 3.16254e-07 
3.275 2.28367e-07 
3.2725 2.546e-07 
3.28 1.83617e-07 
3.2775 2.04794e-07 
3.285 1.47511e-07 
3.2825 1.64594e-07 
3.29 1.18405e-07 
3.2875 1.32173e-07 
3.295 9.49614e-08 
3.2925 1.06049e-07 
3.3 7.60943e-08 
3.2975 8.5015e-08 
3.305 6.09233e-08 
3.3025 6.80948e-08 
3.31 4.87349e-08 
3.3075 5.44952e-08 
3.315 3.8951e-08 
3.3125 4.35738e-08 
3.32 3.11041e-08 
3.3175 3.48109e-08 
3.325 2.48162e-08 
3.3225 2.77858e-08 
3.33 1.9782e-08 
3.3275 2.2159e-08 
3.335 1.5755e-08 
3.3325 1.7656e-08 
3.34 1.25367e-08 
3.3375 1.40556e-08 
3.345 9.96683e-09 
3.3425 1.11794e-08 
3.35 7.91665e-09 
3.3475 8.88377e-09 
3.355 6.28252e-09 
3.3525 7.0532e-09 
3.36 4.98119e-09 
3.3575 5.59477e-09 
3.365 3.94582e-09 
3.3625 4.43388e-09 
3.37 3.1228e-09 
3.3675 3.51067e-09 
3.375 2.46919e-09 
3.3725 2.77715e-09 
3.38 1.95058e-09 
3.3775 2.19487e-09 
3.385 1.53948e-09 
3.3825 1.73308e-09 
3.39 1.2139e-09 
3.3875 1.36719e-09 
3.395 9.56285e-10 
3.3925 1.07754e-09 
3.4 7.52641e-10 
3.3975 8.48472e-10 
3.405 5.9181e-10 
3.4025 6.67475e-10 
3.41 4.64912e-10 
3.4075 5.24598e-10 
3.415 3.64881e-10 
3.4125 4.11919e-10 
3.42 2.86104e-10 
3.4175 3.23138e-10 
3.425 2.24123e-10 
3.4225 2.53254e-10 
3.43 1.75404e-10 
3.4275 1.98296e-10 
3.435 1.37145e-10 
3.4325 1.55118e-10 
3.44 1.0713e-10 
3.4375 1.21226e-10 
3.445 8.36044e-11 
3.4425 9.46501e-11 
3.45 6.5183e-11 
3.4475 7.383e-11 
3.455 5.07722e-11 
3.4525 5.75349e-11 
3.46 3.95098e-11 
3.4575 4.47936e-11 
3.465 3.07163e-11 
3.4625 3.48408e-11 
3.47 2.38572e-11 
3.4675 2.70735e-11 
3.475 1.85121e-11 
3.4725 2.10178e-11 
3.48 1.43509e-11 
3.4775 1.63011e-11 
3.485 1.11144e-11 
3.4825 1.26309e-11 
3.49 8.59964e-12 
3.4875 9.77764e-12 
3.495 6.64755e-12 
3.4925 7.56174e-12 
3.5 5.13369e-12 
3.4975 5.84247e-12 
3.505 3.96083e-12 
3.5025 4.50981e-12 
3.51 3.05303e-12 
3.5075 3.47783e-12 
3.515 2.35107e-12 
3.5125 2.67946e-12 
3.52 1.8088e-12 
3.5175 2.06242e-12 
3.525 1.39029e-12 
3.5225 1.58598e-12 
3.53 1.06762e-12 
3.5275 1.21846e-12 
3.535 8.19072e-13 
3.5325 9.35231e-13 
3.54 6.27805e-13 
3.5375 7.17171e-13 
3.545 4.80758e-13 
3.5425 5.49445e-13 
3.55 3.67815e-13 
3.5475 4.20558e-13 
3.555 2.81149e-13 
3.5525 3.21611e-13 
3.56 2.1471e-13 
3.5575 2.45721e-13 
3.565 1.63824e-13 
3.5625 1.8757e-13 
3.57 1.24887e-13 
3.5675 1.43052e-13 
3.575 9.51211e-14 
3.5725 1.09004e-13 
3.58 7.23867e-14 
3.5775 8.29876e-14 
3.585 5.50387e-14 
3.5825 6.3126e-14 
3.59 4.1813e-14 
3.5875 4.79771e-14 
3.595 3.1739e-14 
3.5925 3.64331e-14 
3.6 2.40726e-14 
3.5975 2.7644e-14 
3.605 1.82433e-14 
3.6025 2.09582e-14 
3.61 1.38149e-14 
3.6075 1.58769e-14 
3.615 1.04534e-14 
3.6125 1.20183e-14 
3.62 7.90404e-15 
3.6175 9.09059e-15 
3.625 5.97212e-15 
3.6225 6.87109e-15 
3.63 4.5093e-15 
3.6275 5.18984e-15 
3.635 3.40252e-15 
3.6325 3.91732e-15 
3.64 2.56577e-15 
3.6375 2.95489e-15 
3.645 1.93364e-15 
3.6425 2.22755e-15 
3.65 1.45642e-15 
3.6475 1.67826e-15 
3.655 1.09641e-15 
3.6525 1.26373e-15 
3.66 8.24986e-16 
3.6575 9.51115e-16 
3.665 6.20484e-16 
3.6625 7.155e-16 
3.67 4.66493e-16 
3.6675 5.38029e-16 
3.675 3.50602e-16 
3.6725 4.04431e-16 
3.68 2.63427e-16 
3.6775 3.03913e-16 
3.685 1.97885e-16 
3.6825 2.28321e-16 
3.69 1.48627e-16 
3.6875 1.71498e-16 
3.695 1.11621e-16 
3.6925 1.28802e-16 
3.7 8.38275e-17 
3.6975 9.67302e-17 
3.705 6.2959e-17 
3.7025 7.26465e-17 
3.71 4.72927e-17 
3.7075 5.45649e-17 
3.715 3.55331e-17 
3.7125 4.09917e-17 
3.72 2.67063e-17 
3.7175 3.08036e-17 
3.725 2.00808e-17 
3.7225 2.31563e-17 
3.73 1.51068e-17 
3.7275 1.74158e-17 
3.735 1.1372e-17 
3.7325 1.31059e-17 
3.74 8.56683e-18 
3.7375 9.86926e-18 
3.745 6.45901e-18 
3.7425 7.43777e-18 
3.75 4.87443e-18 
3.7475 5.61034e-18 
3.755 3.68247e-18 
3.7525 4.23613e-18 
3.76 2.78522e-18 
3.7575 3.20208e-18 
3.765 2.10927e-18 
3.7625 2.42339e-18 
3.77 1.59956e-18 
3.7675 1.83649e-18 
3.775 1.21481e-18 
3.7725 1.3937e-18 
3.78 9.24046e-19 
3.7775 1.05928e-18 
3.785 7.04038e-19 
3.7825 8.06402e-19 
3.79 5.3734e-19 
3.7875 6.1493e-19 
3.795 4.10848e-19 
3.7925 4.69748e-19 
3.8 3.14716e-19 
3.7975 3.59498e-19 
3.805 2.41535e-19 
3.8025 2.75641e-19 
3.81 1.8573e-19 
3.8075 2.1175e-19 
3.815 1.43097e-19 
3.8125 1.62985e-19 
3.82 1.10468e-19 
3.8175 1.25697e-19 
3.825 8.54455e-20 
3.8225 9.71303e-20 
3.83 6.62199e-20 
3.8275 7.52026e-20 
3.835 5.14186e-20 
3.8325 5.83378e-20 
3.84 4.00007e-20 
3.8375 4.53411e-20 
3.845 3.11752e-20 
3.8425 3.53053e-20 
3.85 2.434e-20 
3.8475 2.75404e-20 
3.855 1.90359e-20 
3.8525 2.15207e-20 
3.86 1.4912e-20 
3.8575 1.68449e-20 
3.865 1.16997e-20 
3.8625 1.32061e-20 
3.87 9.19298e-21 
3.8675 1.0369e-20 
3.875 7.23337e-21 
3.8725 8.15313e-21 
3.88 5.69892e-21 
3.8775 6.41944e-21 
3.885 4.49546e-21 
3.8825 5.06079e-21 
3.89 3.55015e-21 
3.8875 3.99439e-21 
3.895 2.80656e-21 
3.8925 3.15613e-21 
3.9 2.22086e-21 
3.8975 2.4963e-21 
3.905 1.75894e-21 
3.9025 1.97624e-21 
3.91 1.39422e-21 
3.9075 1.56585e-21 
3.915 1.10593e-21 
3.9125 1.24163e-21 
3.92 8.77831e-22 
3.9175 9.85225e-22 
3.925 6.97187e-22 
3.9225 7.82257e-22 
3.93 5.54007e-22 
3.9275 6.21448e-22 
3.935 4.40437e-22 
3.9325 4.93941e-22 
3.94 3.5029e-22 
3.9375 3.92766e-22 
3.945 2.78692e-22 
3.9425 3.12434e-22 
3.95 2.21796e-22 
3.9475 2.48613e-22 
3.955 1.76561e-22 
3.9525 1.97884e-22 
3.96 1.40581e-22 
3.9575 1.57543e-22 
3.965 1.11952e-22 
3.9625 1.2545e-22 
3.97 8.91647e-23 
3.9675 9.99091e-23 
3.975 7.10227e-23 
3.9725 7.95775e-23 
3.98 5.65755e-23 
3.9775 6.33884e-23 
3.985 4.50685e-23 
3.9825 5.04951e-23 
3.99 3.5902e-23 
3.9875 4.0225e-23 
3.995 2.85991e-23 
3.9925 3.20433e-23 
4 2.27805e-23 
3.9975 2.55247e-23 
4.005 1.81444e-23 
4.0025 2.03309e-23 
4.01 1.44503e-23 
4.0075 1.61926e-23 
4.015 1.1507e-23 
4.0125 1.28951e-23 
4.02 9.16181e-24 
4.0175 1.02678e-23 
4.025 7.29343e-24 
4.0225 8.17458e-24 
4.03 5.80502e-24 
4.0275 6.50695e-24 
4.035 4.61944e-24 
4.0325 5.17854e-24 
4.04 3.67519e-24 
4.0375 4.12046e-24 
4.045 2.92327e-24 
4.0425 3.27784e-24 
4.05 2.32461e-24 
4.0475 2.60689e-24 
4.055 1.84805e-24 
4.0525 2.07275e-24 
4.06 1.46878e-24 
4.0575 1.6476e-24 
4.065 1.167e-24 
4.0625 1.30927e-24 
4.07 9.26929e-25 
4.0675 1.0401e-24 
4.075 7.36006e-25 
4.0725 8.26003e-25 
4.08 5.84209e-25 
4.0775 6.55757e-25 
4.085 4.63554e-25 
4.0825 5.20419e-25 
4.09 3.67681e-25 
4.0875 4.12863e-25 
4.095 2.91525e-25 
4.0925 3.27412e-25 
4.1 2.31051e-25 
4.0975 2.59546e-25 
4.105 1.83047e-25 
4.1025 2.05664e-25 
4.11 1.44955e-25 
4.1075 1.629e-25 
4.115 1.14739e-25 
4.1125 1.28972e-25 
4.12 9.07812e-26 
4.1175 1.02065e-25 
4.125 7.17924e-26 
4.1225 8.0735e-26 
4.13 5.67485e-26 
4.1275 6.38325e-26 
4.135 4.48351e-26 
4.1325 5.04443e-26 
4.14 3.5405e-26 
4.1375 3.98445e-26 
4.145 2.79439e-26 
4.1425 3.1456e-26 
4.15 2.20435e-26 
4.1475 2.48206e-26 
4.155 1.73797e-26 
4.1525 1.95745e-26 
4.16 1.36951e-26 
4.1575 1.54288e-26 
4.165 1.07855e-26 
4.1625 1.21544e-26 
4.17 8.48927e-27 
4.1675 9.56944e-27 
4.175 6.67797e-27 
4.1725 7.52989e-27 
4.18 5.25001e-27 
4.1775 5.92154e-27 
4.185 4.12488e-27 
4.1825 4.65391e-27 
4.19 3.23887e-27 
4.1875 3.65541e-27 
4.195 2.54158e-27 
4.1925 2.86934e-27 
4.2 1.99312e-27 
4.1975 2.25088e-27 
4.205 1.562e-27 
4.2025 1.76459e-27 
4.21 1.22333e-27 
4.2075 1.38244e-27 
4.215 9.57439e-28 
4.2125 1.08234e-27 
4.22 7.48831e-28 
4.2175 8.46806e-28 
4.225 5.8527e-28 
4.2225 6.62075e-28 
4.23 4.57113e-28 
4.2275 5.17282e-28 
4.235 3.56765e-28 
4.2325 4.03869e-28 
4.24 2.78245e-28 
4.2375 3.15097e-28 
4.245 2.16849e-28 
4.2425 2.45658e-28 
4.25 1.68875e-28 
4.2475 1.91382e-28 
4.255 1.31416e-28 
4.2525 1.48986e-28 
4.26 1.02189e-28 
4.2575 1.15895e-28 
4.265 7.94009e-29 
4.2625 9.00855e-29 
4.27 6.16471e-29 
4.2675 6.99698e-29 
4.275 4.78256e-29 
4.2725 5.43036e-29 
4.28 3.70737e-29 
4.2775 4.21119e-29 
4.285 2.87161e-29 
4.2825 3.26316e-29 
4.29 2.22247e-29 
4.2875 2.52652e-29 
4.295 1.71867e-29 
4.2925 1.9546e-29 
4.3 1.32799e-29 
4.2975 1.5109e-29 
4.305 1.02527e-29 
4.3025 1.16697e-29 
4.31 7.90894e-30 
4.3075 9.0058e-30 
4.315 6.09586e-30 
4.3125 6.94419e-30 
4.32 4.69445e-30 
4.3175 5.35001e-30 
4.325 3.61213e-30 
4.3225 4.11831e-30 
4.33 2.77696e-30 
4.3275 3.16747e-30 
4.335 2.13304e-30 
4.3325 2.43406e-30 
4.34 1.63701e-30 
4.3375 1.86884e-30 
4.345 1.25523e-30 
4.3425 1.43362e-30 
4.35 9.61639e-31 
4.3475 1.09879e-30 
4.355 7.36063e-31 
4.3525 8.41416e-31 
4.36 5.62899e-31 
4.3575 6.43755e-31 
4.365 4.30087e-31 
4.3625 4.92086e-31 
4.37 3.28314e-31 
4.3675 3.75812e-31 
4.375 2.50396e-31 
4.3725 2.86752e-31 
4.38 1.90796e-31 
4.3775 2.18599e-31 
4.385 1.45249e-31 
4.3825 1.66491e-31 
4.39 1.10474e-31 
4.3875 1.26688e-31 
4.395 8.39459e-32 
4.3925 9.63115e-32 
4.4 6.3729e-32 
4.3975 7.31506e-32 
4.405 4.83358e-32 
4.4025 5.55076e-32 
4.41 3.66263e-32 
4.4075 4.20805e-32 
4.415 2.77273e-32 
4.4125 3.18713e-32 
4.42 2.09706e-32 
4.4175 2.41163e-32 
4.425 1.58454e-32 
4.4225 1.82309e-32 
4.43 1.19614e-32 
4.4275 1.37687e-32 
4.435 9.02075e-33 
4.4325 1.03887e-32 
4.44 6.79654e-33 
4.4375 7.83098e-33 
4.445 5.11581e-33 
4.4425 5.89728e-33 
4.45 3.84699e-33 
4.4475 4.43679e-33 
4.455 2.89006e-33 
4.4525 3.33477e-33 
4.46 2.16906e-33 
4.4575 2.50404e-33 
4.465 1.62634e-33 
4.4625 1.87842e-33 
4.47 1.21822e-33 
4.4675 1.40773e-33 
4.475 9.11626e-34 
4.4725 1.05396e-33 
4.48 6.81521e-34 
4.4775 7.88315e-34 
4.485 5.08996e-34 
4.4825 5.89045e-34 
4.49 3.79769e-34 
4.4875 4.39713e-34 
4.495 2.83071e-34 
4.4925 3.27914e-34 
4.5 2.10785e-34 
4.4975 2.44298e-34 
4.505 1.56802e-34 
4.5025 1.81823e-34 
4.51 1.16528e-34 
4.5075 1.3519e-34 
4.515 8.65122e-35 
4.5125 1.00417e-34 
4.52 6.41635e-35 
4.5175 7.45136e-35 
4.525 4.75405e-35 
4.5225 5.52368e-35 
4.53 3.51887e-35 
4.5275 4.09059e-35 
4.535 2.60199e-35 
4.5325 3.02627e-35 
4.54 1.92207e-35 
4.5375 2.23661e-35 
4.545 1.41839e-35 
4.5425 1.65134e-35 
4.55 1.04564e-35 
4.5475 1.21799e-35 
4.555 7.70071e-36 
4.5525 8.97449e-36 
4.56 5.66549e-36 
4.5575 6.60598e-36 
4.565 4.16393e-36 
4.5625 4.85762e-36 
4.57 3.05723e-36 
4.5675 3.56836e-36 
4.575 2.24238e-36 
4.5725 2.61862e-36 
4.58 1.64305e-36 
4.5775 1.9197e-36 
4.585 1.20267e-36 
4.5825 1.40589e-36 
4.59 8.79425e-37 
4.5875 1.02855e-36 
4.595 6.42403e-37 
4.5925 7.51721e-37 
4.6 4.68783e-37 
4.5975 5.48836e-37 
4.605 3.41736e-37 
4.6025 4.00299e-37 
4.61 2.48865e-37 
4.6075 2.91663e-37 
4.615 1.81047e-37 
4.6125 2.12291e-37 
4.62 1.31575e-37 
4.6175 1.54361e-37 
4.625 9.55234e-38 
4.6225 1.12123e-37 
4.63 6.92785e-38 
4.6275 8.13593e-38 
4.635 5.01926e-38 
4.6325 5.89756e-38 
4.64 3.63273e-38 
4.6375 4.27061e-38 
4.645 2.62651e-38 
4.6425 3.0893e-38 
4.65 1.89705e-38 
4.6475 2.23245e-38 
4.655 1.36876e-38 
4.6525 1.6116e-38 
4.66 9.86574e-39 
4.6575 1.1622e-38 
4.665 7.10367e-39 
4.6625 8.37259e-39 
4.67 5.1096e-39 
4.6675 6.02543e-39 
4.675 3.67149e-39 
4.6725 4.33179e-39 
4.68 2.63541e-39 
4.6775 3.11099e-39 
4.685 1.88975e-39 
4.6825 2.23192e-39 
4.69 1.35366e-39 
4.6875 1.5996e-39 
4.695 9.68652e-40 
4.6925 1.14523e-39 
4.7 6.92429e-40 
4.6975 8.19077e-40 
4.705 4.94461e-40 
4.7025 5.85204e-40 
4.71 3.52728e-40 
4.7075 4.17676e-40 
4.715 2.5136e-40 
4.7125 2.97798e-40 
4.72 1.78939e-40 
4.7175 2.12106e-40 
4.725 1.27251e-40 
4.7225 1.50916e-40 
4.73 9.03997e-41 
4.7275 1.07267e-40 
4.735 6.41539e-41 
4.7325 7.61637e-41 
4.74 4.54809e-41 
4.7375 5.4023e-41 
4.745 3.22095e-41 
4.7425 3.82789e-41 
4.75 2.27871e-41 
4.7475 2.7095e-41 
4.755 1.61043e-41 
4.7525 1.91588e-41 
4.76 1.13696e-41 
4.7575 1.35331e-41 
4.765 8.01864e-42 
4.7625 9.54942e-42 
4.77 5.64942e-42 
4.7675 6.7314e-42 
4.775 3.97609e-42 
4.7725 4.74005e-42 
4.78 2.7955e-42 
4.7775 3.33435e-42 
4.785 1.96341e-42 
4.7825 2.34308e-42 
4.79 1.37757e-42 
4.7875 1.64481e-42 
4.795 9.65528e-43 
4.7925 1.15343e-42 
4.8 6.76031e-43 
4.7975 8.08013e-43 
4.805 4.72845e-43 
4.8025 5.65451e-43 
4.81 3.30385e-43 
4.8075 3.95296e-43 
4.815 2.30607e-43 
4.8125 2.76057e-43 
4.82 1.60796e-43 
4.8175 1.92587e-43 
4.825 1.12003e-43 
4.8225 1.34216e-43 
4.83 7.79348e-44 
4.8275 9.34398e-44 
4.835 5.41733e-44 
4.8325 6.49846e-44 
4.84 3.76175e-44 
4.8375 4.51481e-44 
4.845 2.60943e-44 
4.8425 3.13343e-44 
4.85 1.80823e-44 
4.8475 2.17246e-44 
4.855 1.25173e-44 
4.8525 1.50464e-44 
4.86 8.65605e-45 
4.8575 1.04104e-44 
4.865 5.97972e-45 
4.8625 7.19536e-45 
4.87 4.12661e-45 
4.8675 4.96809e-45 
4.875 2.84484e-45 
4.8725 3.42671e-45 
4.88 1.95918e-45 
4.8775 2.36112e-45 
4.885 1.34786e-45 
4.8825 1.62521e-45 
4.89 9.26328e-46 
4.8875 1.11752e-45 
4.895 6.35973e-46 
4.8925 7.67632e-46 
4.9 4.3618e-46 
4.8975 5.26749e-46 
4.905 2.98845e-46 
4.9025 3.61083e-46 
4.91 2.0454e-46 
4.9075 2.47265e-46 
4.915 1.39851e-46 
4.9125 1.6915e-46 
4.92 9.55226e-47 
4.9175 1.15594e-46 
4.925 6.51781e-47 
4.9225 7.89141e-47 
4.93 4.44277e-47 
4.9275 5.38181e-47 
4.935 3.02527e-47 
4.9325 3.66656e-47 
4.94 2.05796e-47 
4.9375 2.49546e-47 
4.945 1.39858e-47 
4.9425 1.69672e-47 
4.95 9.49593e-48 
4.9475 1.15254e-47 
4.955 6.44235e-48 
4.9525 7.8221e-48 
4.96 4.36848e-48 
4.9575 5.30515e-48 
4.965 2.96256e-48 
4.9625 3.59717e-48 
4.97 2.01211e-48 
4.9675 2.4407e-48 
4.975 1.37275e-48 
4.9725 1.66052e-48 
4.98 9.46833e-49 
4.9775 1.1378e-48 
4.985 6.69035e-49 
4.9825 7.92524e-49 
4.99 4.9655e-49 
4.9875 5.71609e-49 
4.995 4.02711e-49 
4.9925 4.40954e-49 
5 3.7297e-49 
4.9975 3.8033e-49 
