0 7.26029e-16 
0.005 7.28654e-16 
0.0025 7.26685e-16 
0.01 7.36525e-16 
0.0075 7.31934e-16 
0.015 7.49633e-16 
0.0125 7.42425e-16 
0.02 7.67961e-16 
0.0175 7.58146e-16 
0.025 7.91486e-16 
0.0225 7.79076e-16 
0.03 8.20174e-16 
0.0275 8.05187e-16 
0.035 8.53985e-16 
0.0325 8.36442e-16 
0.04 8.92864e-16 
0.0375 8.72795e-16 
0.045 9.36747e-16 
0.0425 9.14185e-16 
0.05 9.85553e-16 
0.0475 9.6054e-16 
0.055 1.03919e-15 
0.0525 1.01177e-15 
0.06 1.09753e-15 
0.0575 1.06778e-15 
0.065 1.16045e-15 
0.0625 1.12843e-15 
0.07 1.22779e-15 
0.0675 1.19358e-15 
0.075 1.29936e-15 
0.0725 1.26306e-15 
0.08 1.37496e-15 
0.0775 1.33667e-15 
0.085 1.45435e-15 
0.0825 1.4142e-15 
0.09 1.53724e-15 
0.0875 1.49537e-15 
0.095 1.62335e-15 
0.0925 1.57991e-15 
0.1 1.71233e-15 
0.0975 1.6675e-15 
0.105 1.8038e-15 
0.1025 1.75778e-15 
0.11 1.89737e-15 
0.1075 1.85035e-15 
0.115 1.99257e-15 
0.1125 1.94479e-15 
0.12 2.08892e-15 
0.1175 2.04063e-15 
0.125 2.18592e-15 
0.1225 2.13738e-15 
0.13 2.28299e-15 
0.1275 2.23448e-15 
0.135 2.37955e-15 
0.1325 2.33137e-15 
0.14 2.47498e-15 
0.1375 2.42745e-15 
0.145 2.56864e-15 
0.1425 2.52207e-15 
0.15 2.65985e-15 
0.1475 2.61459e-15 
0.155 2.74793e-15 
0.1525 2.70432e-15 
0.16 2.83216e-15 
0.1575 2.79057e-15 
0.165 2.91185e-15 
0.1625 2.87262e-15 
0.17 2.98629e-15 
0.1675 2.94977e-15 
0.175 3.05477e-15 
0.1725 3.02132e-15 
0.18 3.11662e-15 
0.1775 3.08657e-15 
0.185 3.17117e-15 
0.1825 3.14484e-15 
0.19 3.2178e-15 
0.1875 3.19551e-15 
0.195 3.25594e-15 
0.1925 3.23797e-15 
0.2 3.28507e-15 
0.1975 3.27166e-15 
0.205 3.30475e-15 
0.2025 3.29612e-15 
0.21 3.31458e-15 
0.2075 3.31091e-15 
0.215 3.31429e-15 
0.2125 3.31572e-15 
0.22 3.3037e-15 
0.2175 3.31029e-15 
0.225 3.2827e-15 
0.2225 3.2945e-15 
0.23 3.25135e-15 
0.2275 3.26832e-15 
0.235 3.20979e-15 
0.2325 3.23183e-15 
0.24 3.15829e-15 
0.2375 3.18526e-15 
0.245 3.09726e-15 
0.2425 3.12893e-15 
0.25 3.02723e-15 
0.2475 3.06333e-15 
0.255 2.94887e-15 
0.2525 2.98905e-15 
0.26 2.86295e-15 
0.2575 2.9068e-15 
0.265 2.77036e-15 
0.2625 2.81743e-15 
0.27 2.67211e-15 
0.2675 2.72188e-15 
0.275 2.56929e-15 
0.2725 2.6212e-15 
0.28 2.46304e-15 
0.2775 2.51652e-15 
0.285 2.3546e-15 
0.2825 2.40902e-15 
0.29 2.24522e-15 
0.2875 2.29995e-15 
0.295 2.13616e-15 
0.2925 2.19057e-15 
0.3 2.02867e-15 
0.2975 2.08214e-15 
0.305 1.92399e-15 
0.3025 1.97591e-15 
0.31 1.8233e-15 
0.3075 1.87308e-15 
0.315 1.72768e-15 
0.3125 1.77479e-15 
0.32 1.63818e-15 
0.3175 1.68211e-15 
0.325 1.55568e-15 
0.3225 1.596e-15 
0.33 1.48102e-15 
0.3275 1.51733e-15 
0.335 1.41486e-15 
0.3325 1.44684e-15 
0.34 1.35781e-15 
0.3375 1.38517e-15 
0.345 1.31032e-15 
0.3425 1.33284e-15 
0.35 1.27277e-15 
0.3475 1.29028e-15 
0.355 1.24544e-15 
0.3525 1.25781e-15 
0.36 1.22854e-15 
0.3575 1.23567e-15 
0.365 1.22223e-15 
0.3625 1.22405e-15 
0.37 1.22663e-15 
0.3675 1.22308e-15 
0.375 1.24185e-15 
0.3725 1.23288e-15 
0.38 1.26801e-15 
0.3775 1.25356e-15 
0.385 1.30523e-15 
0.3825 1.28523e-15 
0.39 1.3537e-15 
0.3875 1.32804e-15 
0.395 1.41365e-15 
0.3925 1.38222e-15 
0.4 1.48539e-15 
0.3975 1.44802e-15 
0.405 1.56933e-15 
0.4025 1.52581e-15 
0.41 1.66598e-15 
0.4075 1.61603e-15 
0.415 1.77595e-15 
0.4125 1.71925e-15 
0.42 1.9e-15 
0.4175 1.83616e-15 
0.425 2.03905e-15 
0.4225 1.96759e-15 
0.43 2.19415e-15 
0.4275 2.11452e-15 
0.435 2.36655e-15 
0.4325 2.2781e-15 
0.44 2.55769e-15 
0.4375 2.45968e-15 
0.445 2.76925e-15 
0.4425 2.66081e-15 
0.45 3.00314e-15 
0.4475 2.88327e-15 
0.455 3.26153e-15 
0.4525 3.12912e-15 
0.46 3.54693e-15 
0.4575 3.40069e-15 
0.465 3.86219e-15 
0.4625 3.70064e-15 
0.47 4.21054e-15 
0.4675 4.03201e-15 
0.475 4.59568e-15 
0.4725 4.39826e-15 
0.48 5.02179e-15 
0.4775 4.80332e-15 
0.485 5.49364e-15 
0.4825 5.25167e-15 
0.49 6.01666e-15 
0.4875 5.74838e-15 
0.495 6.59702e-15 
0.4925 6.29925e-15 
0.5 7.24175e-15 
0.4975 6.91086e-15 
0.505 7.95882e-15 
0.5025 7.5907e-15 
0.51 8.75734e-15 
0.5075 8.34728e-15 
0.515 9.64765e-15 
0.5125 9.19032e-15 
0.52 1.06415e-14 
0.5175 1.01308e-14 
0.525 1.17524e-14 
0.5225 1.11814e-14 
0.53 1.29954e-14 
0.5275 1.23563e-14 
0.535 1.4388e-14 
0.5325 1.36718e-14 
0.54 1.59499e-14 
0.5375 1.51464e-14 
0.545 1.77035e-14 
0.5425 1.68012e-14 
0.55 1.96743e-14 
0.5475 1.866e-14 
0.555 2.18914e-14 
0.5525 2.07501e-14 
0.56 2.43876e-14 
0.5575 2.31023e-14 
0.565 2.72005e-14 
0.5625 2.57519e-14 
0.57 3.03726e-14 
0.5675 2.87388e-14 
0.575 3.39522e-14 
0.5725 3.21082e-14 
0.58 3.79942e-14 
0.5775 3.59117e-14 
0.585 4.2561e-14 
0.5825 4.02078e-14 
0.59 4.77233e-14 
0.5875 4.50629e-14 
0.595 5.35614e-14 
0.5925 5.05524e-14 
0.6 6.01665e-14 
0.5975 5.67619e-14 
0.605 6.76422e-14 
0.6025 6.37886e-14 
0.61 7.6106e-14 
0.6075 7.17427e-14 
0.615 8.56912e-14 
0.6125 8.07494e-14 
0.62 9.65491e-14 
0.6175 9.09508e-14 
0.625 1.08852e-13 
0.6225 1.02508e-13 
0.63 1.22793e-13 
0.6275 1.15604e-13 
0.635 1.38596e-13 
0.6325 1.30447e-13 
0.64 1.5651e-13 
0.6375 1.47272e-13 
0.645 1.76821e-13 
0.6425 1.66346e-13 
0.65 1.99851e-13 
0.6475 1.87974e-13 
0.655 2.25968e-13 
0.6525 2.12499e-13 
0.66 2.55588e-13 
0.6575 2.40312e-13 
0.665 2.89183e-13 
0.6625 2.71857e-13 
0.67 3.27289e-13 
0.6675 3.07636e-13 
0.675 3.70516e-13 
0.6725 3.48221e-13 
0.68 4.19552e-13 
0.6775 3.94261e-13 
0.685 4.75181e-13 
0.6825 4.46489e-13 
0.69 5.38293e-13 
0.6875 5.05742e-13 
0.695 6.09897e-13 
0.6925 5.72965e-13 
0.7 6.91136e-13 
0.6975 6.49234e-13 
0.705 7.83311e-13 
0.7025 7.35769e-13 
0.71 8.87895e-13 
0.7075 8.33952e-13 
0.715 1.00656e-12 
0.7125 9.45355e-13 
0.72 1.14121e-12 
0.7175 1.07176e-12 
0.725 1.29399e-12 
0.7225 1.21519e-12 
0.73 1.46736e-12 
0.7275 1.37794e-12 
0.735 1.66408e-12 
0.7325 1.56261e-12 
0.74 1.88731e-12 
0.7375 1.77217e-12 
0.745 2.14061e-12 
0.7425 2.00996e-12 
0.75 2.42804e-12 
0.7475 2.27978e-12 
0.755 2.75421e-12 
0.7525 2.58598e-12 
0.76 3.12434e-12 
0.7575 2.93343e-12 
0.765 3.54435e-12 
0.7625 3.32771e-12 
0.77 4.02097e-12 
0.7675 3.77513e-12 
0.775 4.56182e-12 
0.7725 4.28285e-12 
0.78 5.17558e-12 
0.7775 4.859e-12 
0.785 5.87207e-12 
0.7825 5.51282e-12 
0.79 6.66243e-12 
0.7875 6.25476e-12 
0.795 7.55934e-12 
0.7925 7.09671e-12 
0.8 8.57715e-12 
0.7975 8.05216e-12 
0.805 9.73217e-12 
0.8025 9.13641e-12 
0.81 1.10429e-11 
0.8075 1.03668e-11 
0.815 1.25303e-11 
0.8125 1.17631e-11 
0.82 1.42182e-11 
0.8175 1.33476e-11 
0.825 1.61337e-11 
0.8225 1.51457e-11 
0.83 1.83074e-11 
0.8275 1.71862e-11 
0.835 2.07742e-11 
0.8325 1.95018e-11 
0.84 2.35735e-11 
0.8375 2.21296e-11 
0.845 2.67502e-11 
0.8425 2.51116e-11 
0.85 3.03552e-11 
0.8475 2.84957e-11 
0.855 3.44462e-11 
0.8525 3.2336e-11 
0.86 3.90887e-11 
0.8575 3.66941e-11 
0.865 4.43571e-11 
0.8625 4.16397e-11 
0.87 5.03359e-11 
0.8675 4.7252e-11 
0.875 5.71207e-11 
0.8725 5.36211e-11 
0.88 6.48202e-11 
0.8775 6.08488e-11 
0.885 7.35579e-11 
0.8825 6.9051e-11 
0.89 8.34735e-11 
0.8875 7.8359e-11 
0.895 9.47261e-11 
0.8925 8.89219e-11 
0.9 1.07496e-10 
0.8975 1.00909e-10 
0.905 1.21987e-10 
0.9025 1.14512e-10 
0.91 1.38432e-10 
0.9075 1.2995e-10 
0.915 1.57095e-10 
0.9125 1.47468e-10 
0.92 1.78273e-10 
0.9175 1.67349e-10 
0.925 2.02307e-10 
0.9225 1.8991e-10 
0.93 2.29582e-10 
0.9275 2.15513e-10 
0.935 2.60534e-10 
0.9325 2.44568e-10 
0.94 2.95659e-10 
0.9375 2.77541e-10 
0.945 3.3552e-10 
0.9425 3.14959e-10 
0.95 3.80755e-10 
0.9475 3.57422e-10 
0.955 4.3209e-10 
0.9525 4.05611e-10 
0.96 4.90346e-10 
0.9575 4.60297e-10 
0.965 5.56457e-10 
0.9625 5.22356e-10 
0.97 6.31482e-10 
0.9675 5.92783e-10 
0.975 7.16622e-10 
0.9725 6.72706e-10 
0.98 8.13243e-10 
0.9775 7.63405e-10 
0.985 9.22891e-10 
0.9825 8.66333e-10 
0.99 1.04732e-09 
0.9875 9.8314e-10 
0.995 1.18853e-09 
0.9925 1.1157e-09 
1 1.34878e-09 
0.9975 1.26613e-09 
1.005 1.53064e-09 
1.0025 1.43684e-09 
1.01 1.73702e-09 
1.0075 1.63057e-09 
1.015 1.97123e-09 
1.0125 1.85042e-09 
1.02 2.23701e-09 
1.0175 2.09992e-09 
1.025 2.53864e-09 
1.0225 2.38306e-09 
1.03 2.88093e-09 
1.0275 2.70437e-09 
1.035 3.26938e-09 
1.0325 3.06902e-09 
1.04 3.71021e-09 
1.0375 3.48283e-09 
1.045 4.21048e-09 
1.0425 3.95244e-09 
1.05 4.77821e-09 
1.0475 4.48537e-09 
1.055 5.42249e-09 
1.0525 5.09016e-09 
1.06 6.15365e-09 
1.0575 5.77651e-09 
1.065 6.98339e-09 
1.0625 6.5554e-09 
1.07 7.92503e-09 
1.0675 7.43933e-09 
1.075 8.99364e-09 
1.0725 8.44244e-09 
1.08 1.02064e-08 
1.0775 9.58083e-09 
1.085 1.15826e-08 
1.0825 1.08727e-08 
1.09 1.31444e-08 
1.0875 1.23388e-08 
1.095 1.49169e-08 
1.0925 1.40026e-08 
1.1 1.69283e-08 
1.0975 1.58908e-08 
1.105 1.9211e-08 
1.1025 1.80336e-08 
1.11 2.18015e-08 
1.1075 2.04653e-08 
1.115 2.47414e-08 
1.1125 2.3225e-08 
1.12 2.80777e-08 
1.1175 2.63568e-08 
1.125 3.1864e-08 
1.1225 2.9911e-08 
1.13 3.61608e-08 
1.1275 3.39445e-08 
1.135 4.10372e-08 
1.1325 3.85219e-08 
1.14 4.65712e-08 
1.1375 4.37167e-08 
1.145 5.28515e-08 
1.1425 4.96121e-08 
1.15 5.99789e-08 
1.1475 5.63025e-08 
1.155 6.80675e-08 
1.1525 6.38953e-08 
1.16 7.72471e-08 
1.1575 7.25122e-08 
1.165 8.76648e-08 
1.1625 8.22912e-08 
1.17 9.94876e-08 
1.1675 9.33893e-08 
1.175 1.12905e-07 
1.1725 1.05984e-07 
1.18 1.28133e-07 
1.1775 1.20278e-07 
1.185 1.45414e-07 
1.1825 1.365e-07 
1.19 1.65027e-07 
1.1875 1.5491e-07 
1.195 1.87285e-07 
1.1925 1.75804e-07 
1.2 2.12547e-07 
1.1975 1.99517e-07 
1.205 2.41217e-07 
1.2025 2.26428e-07 
1.21 2.73754e-07 
1.2075 2.56971e-07 
1.215 3.10683e-07 
1.2125 2.91634e-07 
1.22 3.52594e-07 
1.2175 3.30975e-07 
1.225 4.00162e-07 
1.2225 3.75625e-07 
1.23 4.54149e-07 
1.2275 4.26301e-07 
1.235 5.15423e-07 
1.2325 4.83816e-07 
1.24 5.84968e-07 
1.2375 5.49095e-07 
1.245 6.63902e-07 
1.2425 6.23185e-07 
1.25 7.53493e-07 
1.2475 7.07279e-07 
1.255 8.55182e-07 
1.2525 8.02728e-07 
1.26 9.70604e-07 
1.2575 9.11066e-07 
1.265 1.10162e-06 
1.2625 1.03404e-06 
1.27 1.25033e-06 
1.2675 1.17362e-06 
1.275 1.41914e-06 
1.2725 1.33206e-06 
1.28 1.61076e-06 
1.2775 1.51192e-06 
1.285 1.82829e-06 
1.2825 1.71608e-06 
1.29 2.07523e-06 
1.2875 1.94785e-06 
1.295 2.35558e-06 
1.2925 2.21096e-06 
1.3 2.67386e-06 
1.2975 2.50967e-06 
1.305 3.03521e-06 
1.3025 2.8488e-06 
1.31 3.4455e-06 
1.3075 3.23384e-06 
1.315 3.91136e-06 
1.3125 3.67103e-06 
1.32 4.44036e-06 
1.3175 4.16746e-06 
1.325 5.04109e-06 
1.3225 4.73118e-06 
1.33 5.72333e-06 
1.3275 5.37136e-06 
1.335 6.49819e-06 
1.3325 6.09843e-06 
1.34 7.37832e-06 
1.3375 6.92424e-06 
1.345 8.37812e-06 
1.3425 7.86229e-06 
1.35 9.51398e-06 
1.3475 8.92793e-06 
1.355 1.08045e-05 
1.3525 1.01387e-05 
1.36 1.22711e-05 
1.3575 1.15144e-05 
1.365 1.39378e-05 
1.3625 1.30778e-05 
1.37 1.58324e-05 
1.3675 1.48547e-05 
1.375 1.79862e-05 
1.3725 1.68747e-05 
1.38 2.04353e-05 
1.3775 1.91714e-05 
1.385 2.32207e-05 
1.3825 2.17832e-05 
1.39 2.63892e-05 
1.3875 2.47539e-05 
1.395 2.99945e-05 
1.3925 2.81337e-05 
1.4 3.40979e-05 
1.3975 3.19798e-05 
1.405 3.87694e-05 
1.4025 3.63578e-05 
1.41 4.40895e-05 
1.4075 4.13429e-05 
1.415 5.01504e-05 
1.4125 4.70211e-05 
1.42 5.70579e-05 
1.4175 5.34911e-05 
1.425 6.49333e-05 
1.4225 6.08663e-05 
1.43 7.39166e-05 
1.4275 6.9277e-05 
1.435 8.41684e-05 
1.4325 7.8873e-05 
1.44 9.58742e-05 
1.4375 8.98269e-05 
1.445 0.000109248 
1.4425 0.000102338 
1.45 0.000124536 
1.4475 0.000116636 
1.455 0.000142026 
1.4525 0.000132986 
1.46 0.000162046 
1.4575 0.000151697 
1.465 0.000184982 
1.4625 0.000173124 
1.47 0.000211279 
1.4675 0.00019768 
1.475 0.000241455 
1.4725 0.000225847 
1.48 0.000276113 
1.4775 0.000258183 
1.485 0.000315957 
1.4825 0.000295339 
1.49 0.000361805 
1.4875 0.000338074 
1.495 0.000414618 
1.4925 0.000387275 
1.5 0.000475515 
1.4975 0.000443979 
1.505 0.000545809 
1.5025 0.000509397 
1.51 0.000627035 
1.5075 0.00058495 
1.515 0.000720996 
1.5125 0.0006723 
1.52 0.000829802 
1.5175 0.000773398 
1.525 0.000955929 
1.5225 0.00089053 
1.53 0.00110228 
1.5275 0.00102638 
1.535 0.00127226 
1.5325 0.00118408 
1.54 0.00146986 
1.5375 0.00136734 
1.545 0.00169975 
1.5425 0.00158045 
1.55 0.00196738 
1.5475 0.00182847 
1.555 0.00227912 
1.5525 0.0021173 
1.56 0.00264239 
1.5575 0.00245381 
1.565 0.00306583 
1.5625 0.002846 
1.57 0.0035594 
1.5675 0.00330316 
1.575 0.00413465 
1.5725 0.00383603 
1.58 0.00480484 
1.5775 0.00445698 
1.585 0.00558512 
1.5825 0.00518019 
1.59 0.00649277 
1.5875 0.00602187 
1.595 0.00754729 
1.5925 0.00700036 
1.6 0.00877061 
1.5975 0.00813639 
1.605 0.0101871 
1.6025 0.00945309 
1.61 0.0118237 
1.6075 0.0109761 
1.615 0.0137099 
1.6125 0.0127337 
1.62 0.0158774 
1.6175 0.0147564 
1.625 0.0183602 
1.6225 0.0170772 
1.63 0.0211941 
1.6275 0.019731 
1.635 0.0244163 
1.6325 0.0227543 
1.64 0.028065 
1.6375 0.0261849 
1.645 0.0321789 
1.6425 0.0300614 
1.65 0.0367966 
1.6475 0.0344223 
1.655 0.0419563 
1.6525 0.0393063 
1.66 0.0476954 
1.6575 0.0447511 
1.665 0.0540501 
1.6625 0.0507936 
1.67 0.0610555 
1.6675 0.0574693 
1.675 0.0687453 
1.6725 0.0648128 
1.68 0.0771519 
1.6775 0.072857 
1.685 0.0863064 
1.6825 0.0816337 
1.69 0.0962385 
1.6875 0.0911734 
1.695 0.106976 
1.6925 0.101505 
1.7 0.118546 
1.6975 0.112656 
1.705 0.130972 
1.7025 0.124651 
1.71 0.144275 
1.7075 0.137513 
1.715 0.158473 
1.7125 0.151261 
1.72 0.173577 
1.7175 0.165911 
1.725 0.189594 
1.7225 0.181471 
1.73 0.206527 
1.7275 0.197947 
1.735 0.224365 
1.7325 0.215333 
1.74 0.243095 
1.7375 0.23362 
1.745 0.26269 
1.7425 0.252786 
1.75 0.283113 
1.7475 0.2728 
1.755 0.304319 
1.7525 0.293622 
1.76 0.32625 
1.7575 0.315198 
1.765 0.348838 
1.7625 0.337467 
1.77 0.372003 
1.7675 0.360353 
1.775 0.395657 
1.7725 0.383775 
1.78 0.419704 
1.7775 0.407638 
1.785 0.444041 
1.7825 0.431843 
1.79 0.468558 
1.7875 0.456284 
1.795 0.493144 
1.7925 0.48085 
1.8 0.517685 
1.7975 0.505427 
1.805 0.54207 
1.8025 0.529904 
1.81 0.566189 
1.8075 0.55417 
1.815 0.589939 
1.8125 0.578117 
1.82 0.613221 
1.8175 0.601644 
1.825 0.635947 
1.8225 0.624659 
1.83 0.658037 
1.8275 0.647076 
1.835 0.679421 
1.8325 0.668821 
1.84 0.700041 
1.8375 0.68983 
1.845 0.719848 
1.8425 0.710048 
1.85 0.738805 
1.8475 0.729435 
1.855 0.756887 
1.8525 0.747957 
1.86 0.774077 
1.8575 0.765594 
1.865 0.790368 
1.8625 0.782335 
1.87 0.805762 
1.8675 0.798177 
1.875 0.820266 
1.8725 0.813124 
1.88 0.833898 
1.8775 0.82719 
1.885 0.846678 
1.8825 0.840393 
1.89 0.858631 
1.8875 0.852756 
1.895 0.869787 
1.8925 0.864307 
1.9 0.880179 
1.8975 0.875077 
1.905 0.88984 
1.9025 0.885099 
1.91 0.898807 
1.9075 0.894408 
1.915 0.907116 
1.9125 0.903042 
1.92 0.914804 
1.9175 0.911035 
1.925 0.921907 
1.9225 0.918426 
1.93 0.928462 
1.9275 0.925251 
1.935 0.934503 
1.9325 0.931544 
1.94 0.940066 
1.9375 0.937342 
1.945 0.945182 
1.9425 0.942677 
1.95 0.949884 
1.9475 0.947583 
1.955 0.954201 
1.9525 0.952088 
1.96 0.958161 
1.9575 0.956224 
1.965 0.961792 
1.9625 0.960016 
1.97 0.965119 
1.9675 0.963492 
1.975 0.968166 
1.9725 0.966676 
1.98 0.970954 
1.9775 0.969591 
1.985 0.973504 
1.9825 0.972257 
1.99 0.975835 
1.9875 0.974696 
1.995 0.977966 
1.9925 0.976925 
2 0.979913 
1.9975 0.978962 
2.005 0.981691 
2.0025 0.980822 
2.01 0.983314 
2.0075 0.982521 
2.015 0.984795 
2.0125 0.984071 
2.02 0.986146 
2.0175 0.985486 
2.025 0.987379 
2.0225 0.986777 
2.03 0.988504 
2.0275 0.987954 
2.035 0.989529 
2.0325 0.989028 
2.04 0.990464 
2.0375 0.990007 
2.045 0.991316 
2.0425 0.990899 
2.05 0.992092 
2.0475 0.991713 
2.055 0.992799 
2.0525 0.992454 
2.06 0.993444 
2.0575 0.993129 
2.065 0.994031 
2.0625 0.993744 
2.07 0.994566 
2.0675 0.994305 
2.075 0.995053 
2.0725 0.994815 
2.08 0.995497 
2.0775 0.99528 
2.085 0.995901 
2.0825 0.995704 
2.09 0.996269 
2.0875 0.996089 
2.095 0.996604 
2.0925 0.99644 
2.1 0.996909 
2.0975 0.99676 
2.105 0.997187 
2.1025 0.997051 
2.11 0.997439 
2.1075 0.997316 
2.115 0.99767 
2.1125 0.997557 
2.12 0.997879 
2.1175 0.997777 
2.125 0.99807 
2.1225 0.997977 
2.13 0.998243 
2.1275 0.998159 
2.135 0.998401 
2.1325 0.998324 
2.14 0.998545 
2.1375 0.998475 
2.145 0.998676 
2.1425 0.998612 
2.15 0.998795 
2.1475 0.998737 
2.155 0.998903 
2.1525 0.99885 
2.16 0.999002 
2.1575 0.998954 
2.165 0.999092 
2.1625 0.999048 
2.17 0.999173 
2.1675 0.999133 
2.175 0.999247 
2.1725 0.999211 
2.18 0.999315 
2.1775 0.999282 
2.185 0.999377 
2.1825 0.999347 
2.19 0.999432 
2.1875 0.999405 
2.195 0.999483 
2.1925 0.999459 
2.2 0.99953 
2.1975 0.999507 
2.205 0.999572 
2.2025 0.999551 
2.21 0.99961 
2.2075 0.999591 
2.215 0.999645 
2.2125 0.999628 
2.22 0.999676 
2.2175 0.999661 
2.225 0.999705 
2.2225 0.999691 
2.23 0.999731 
2.2275 0.999719 
2.235 0.999755 
2.2325 0.999743 
2.24 0.999777 
2.2375 0.999766 
2.245 0.999796 
2.2425 0.999787 
2.25 0.999814 
2.2475 0.999805 
2.255 0.99983 
2.2525 0.999822 
2.26 0.999845 
2.2575 0.999837 
2.265 0.999858 
2.2625 0.999851 
2.27 0.99987 
2.2675 0.999864 
2.275 0.99988 
2.2725 0.999875 
2.28 0.99989 
2.2775 0.999885 
2.285 0.999899 
2.2825 0.999894 
2.29 0.999907 
2.2875 0.999903 
2.295 0.999913 
2.2925 0.99991 
2.3 0.99992 
2.2975 0.999917 
2.305 0.999925 
2.3025 0.999923 
2.31 0.99993 
2.3075 0.999928 
2.315 0.999934 
2.3125 0.999932 
2.32 0.999938 
2.3175 0.999936 
2.325 0.999941 
2.3225 0.999939 
2.33 0.999943 
2.3275 0.999942 
2.335 0.999946 
2.3325 0.999945 
2.34 0.999947 
2.3375 0.999946 
2.345 0.999948 
2.3425 0.999948 
2.35 0.999949 
2.3475 0.999949 
2.355 0.999949 
2.3525 0.999949 
2.36 0.999949 
2.3575 0.999949 
2.365 0.999948 
2.3625 0.999949 
2.37 0.999947 
2.3675 0.999948 
2.375 0.999945 
2.3725 0.999946 
2.38 0.999943 
2.3775 0.999944 
2.385 0.999941 
2.3825 0.999942 
2.39 0.999938 
2.3875 0.999939 
2.395 0.999934 
2.3925 0.999936 
2.4 0.99993 
2.3975 0.999932 
2.405 0.999925 
2.4025 0.999927 
2.41 0.99992 
2.4075 0.999922 
2.415 0.999913 
2.4125 0.999917 
2.42 0.999907 
2.4175 0.99991 
2.425 0.999899 
2.4225 0.999903 
2.43 0.99989 
2.4275 0.999895 
2.435 0.999881 
2.4325 0.999886 
2.44 0.99987 
2.4375 0.999876 
2.445 0.999859 
2.4425 0.999865 
2.45 0.999846 
2.4475 0.999852 
2.455 0.999832 
2.4525 0.999839 
2.46 0.999816 
2.4575 0.999824 
2.465 0.999799 
2.4625 0.999807 
2.47 0.99978 
2.4675 0.999789 
2.475 0.999759 
2.4725 0.99977 
2.48 0.999736 
2.4775 0.999748 
2.485 0.999711 
2.4825 0.999724 
2.49 0.999683 
2.4875 0.999697 
2.495 0.999653 
2.4925 0.999668 
2.5 0.999619 
2.4975 0.999636 
2.505 0.999583 
2.5025 0.999602 
2.51 0.999543 
2.5075 0.999563 
2.515 0.999499 
2.5125 0.999521 
2.52 0.99945 
2.5175 0.999475 
2.525 0.999397 
2.5225 0.999424 
2.53 0.999339 
2.5275 0.999368 
2.535 0.999275 
2.5325 0.999307 
2.54 0.999205 
2.5375 0.99924 
2.545 0.999128 
2.5425 0.999167 
2.55 0.999043 
2.5475 0.999086 
2.555 0.99895 
2.5525 0.998998 
2.56 0.998849 
2.5575 0.998901 
2.565 0.998737 
2.5625 0.998794 
2.57 0.998615 
2.5675 0.998677 
2.575 0.998481 
2.5725 0.998549 
2.58 0.998334 
2.5775 0.998409 
2.585 0.998172 
2.5825 0.998255 
2.59 0.997995 
2.5875 0.998086 
2.595 0.997801 
2.5925 0.9979 
2.6 0.997588 
2.5975 0.997697 
2.605 0.997355 
2.6025 0.997474 
2.61 0.997099 
2.6075 0.99723 
2.615 0.996818 
2.6125 0.996962 
2.62 0.99651 
2.6175 0.996668 
2.625 0.996173 
2.6225 0.996345 
2.63 0.995803 
2.6275 0.995992 
2.635 0.995397 
2.6325 0.995604 
2.64 0.994952 
2.6375 0.99518 
2.645 0.994465 
2.6425 0.994714 
2.65 0.99393 
2.6475 0.994204 
2.655 0.993345 
2.6525 0.993644 
2.66 0.992703 
2.6575 0.993031 
2.665 0.992 
2.6625 0.99236 
2.67 0.99123 
2.6675 0.991624 
2.675 0.990386 
2.6725 0.990817 
2.68 0.989461 
2.6775 0.989934 
2.685 0.988449 
2.6825 0.988967 
2.69 0.987341 
2.6875 0.987907 
2.695 0.986127 
2.6925 0.986748 
2.7 0.984799 
2.6975 0.985478 
2.705 0.983346 
2.7025 0.984089 
2.71 0.981756 
2.7075 0.982569 
2.715 0.980018 
2.7125 0.980907 
2.72 0.978117 
2.7175 0.979089 
2.725 0.976039 
2.7225 0.977101 
2.73 0.973769 
2.7275 0.974929 
2.735 0.97129 
2.7325 0.972557 
2.74 0.968584 
2.7375 0.969967 
2.745 0.965631 
2.7425 0.96714 
2.75 0.962411 
2.7475 0.964056 
2.755 0.958902 
2.7525 0.960694 
2.76 0.955079 
2.7575 0.957031 
2.765 0.950918 
2.7625 0.953042 
2.77 0.946392 
2.7675 0.948702 
2.775 0.941474 
2.7725 0.943984 
2.78 0.936134 
2.7775 0.938859 
2.785 0.930341 
2.7825 0.933296 
2.79 0.924065 
2.7875 0.927266 
2.795 0.917271 
2.7925 0.920734 
2.8 0.909927 
2.7975 0.91367 
2.805 0.901999 
2.8025 0.906038 
2.81 0.893453 
2.8075 0.897806 
2.815 0.884256 
2.8125 0.888938 
2.82 0.874373 
2.8175 0.879402 
2.825 0.863774 
2.8225 0.869165 
2.83 0.852429 
2.8275 0.858197 
2.835 0.840311 
2.8325 0.846469 
2.84 0.827397 
2.8375 0.833955 
2.845 0.813665 
2.8425 0.820634 
2.85 0.799103 
2.8475 0.806489 
2.855 0.783702 
2.8525 0.791508 
2.86 0.767458 
2.8575 0.775685 
2.865 0.750379 
2.8625 0.759022 
2.87 0.732476 
2.8675 0.741529 
2.875 0.713774 
2.8725 0.723223 
2.88 0.694303 
2.8775 0.704132 
2.885 0.674104 
2.8825 0.684292 
2.89 0.653229 
2.8875 0.663748 
2.895 0.631738 
2.8925 0.642556 
2.9 0.609699 
2.8975 0.620782 
2.905 0.58719 
2.9025 0.598498 
2.91 0.564297 
2.9075 0.575786 
2.915 0.54111 
2.9125 0.552734 
2.92 0.517726 
2.9175 0.529436 
2.925 0.494243 
2.9225 0.50599 
2.93 0.470763 
2.9275 0.482496 
2.935 0.447386 
2.9325 0.459055 
2.94 0.424211 
2.9375 0.435767 
2.945 0.401334 
2.9425 0.412729 
2.95 0.378845 
2.9475 0.390035 
2.955 0.356828 
2.9525 0.367773 
2.96 0.33536 
2.9575 0.346021 
2.965 0.31451 
2.9625 0.324854 
2.97 0.294336 
2.9675 0.304335 
2.975 0.274889 
2.9725 0.284519 
2.98 0.256209 
2.9775 0.265451 
2.985 0.238326 
2.9825 0.247166 
2.99 0.221264 
2.9875 0.229692 
2.995 0.205036 
2.9925 0.213045 
3 0.189646 
2.9975 0.197236 
3.005 0.175093 
3.0025 0.182265 
3.01 0.161369 
3.0075 0.168128 
3.015 0.148459 
3.0125 0.154813 
3.02 0.136344 
3.0175 0.142303 
3.025 0.125001 
3.0225 0.130578 
3.03 0.114405 
3.0275 0.119612 
3.035 0.104526 
3.0325 0.109378 
3.04 0.0953341 
3.0375 0.0998464 
3.045 0.0867968 
3.0425 0.0909856 
3.05 0.0788818 
3.0475 0.0827636 
3.055 0.0715563 
3.0525 0.0751474 
3.06 0.0647878 
3.0575 0.0681045 
3.065 0.0585442 
3.0625 0.0616024 
3.07 0.0527943 
3.0675 0.0556095 
3.075 0.0475077 
3.0725 0.0500949 
3.08 0.0426555 
3.0775 0.0450291 
3.085 0.0382098 
3.0825 0.0403835 
3.09 0.0341442 
3.0875 0.0361311 
3.095 0.0304336 
3.0925 0.032246 
3.1 0.0270543 
3.0975 0.028704 
3.105 0.0239838 
3.1025 0.0254818 
3.11 0.0212011 
3.1075 0.0225578 
3.115 0.018686 
3.1125 0.0199113 
3.12 0.0164195 
3.1175 0.0175228 
3.125 0.0143835 
3.1225 0.0153738 
3.13 0.0125609 
3.1275 0.0134466 
3.135 0.0109352 
3.1325 0.0117245 
3.14 0.00949037 
3.1375 0.0101911 
3.145 0.00821138 
3.1425 0.00883107 
3.15 0.00708361 
3.1475 0.00762948 
3.155 0.00609311 
3.1525 0.00657205 
3.16 0.00522658 
3.1575 0.00564515 
3.165 0.00447143 
3.1625 0.00483584 
3.17 0.00381579 
3.1675 0.00413188 
3.175 0.00324857 
3.1725 0.00352178 
3.18 0.00275952 
3.1775 0.00299488 
3.185 0.00233921 
3.1825 0.00254133 
3.19 0.00197906 
3.1875 0.00215212 
3.195 0.00167131 
3.1925 0.00181909 
3.2 0.00140902 
3.1975 0.00153489 
3.205 0.001186 
3.2025 0.00129296 
3.21 0.000996784 
3.2075 0.00108748 
3.215 0.000836575 
3.2125 0.000913329 
3.22 0.000701178 
3.2175 0.000766015 
3.225 0.000586949 
3.2225 0.000641625 
3.23 0.000490732 
3.2275 0.000536768 
3.235 0.00040981 
3.2325 0.000448513 
3.24 0.000341846 
3.2375 0.00037434 
3.245 0.000284841 
3.2425 0.000312087 
3.25 0.00023709 
3.2475 0.000259905 
3.255 0.000197137 
3.2525 0.00021622 
3.26 0.000163749 
3.2575 0.000179692 
3.265 0.000135877 
3.2625 0.000149182 
3.27 0.000112636 
3.2675 0.000123727 
3.275 9.3277e-05 
3.2725 0.000102513 
3.28 7.71685e-05 
3.2775 8.48518e-05 
3.285 6.37785e-05 
3.2825 7.01634e-05 
3.29 5.26597e-05 
3.2875 5.79602e-05 
3.295 4.34361e-05 
3.2925 4.7832e-05 
3.3 3.57924e-05 
3.2975 3.94344e-05 
3.305 2.94644e-05 
3.3025 3.24787e-05 
3.31 2.42309e-05 
3.3075 2.67231e-05 
3.315 1.99069e-05 
3.3125 2.19655e-05 
3.32 1.63379e-05 
3.3175 1.80366e-05 
3.325 1.33952e-05 
3.3225 1.47954e-05 
3.33 1.09712e-05 
3.3275 1.21243e-05 
3.335 8.97666e-06 
3.3325 9.92524e-06 
3.34 7.3371e-06 
3.3375 8.11663e-06 
3.345 5.99074e-06 
3.3425 6.63069e-06 
3.35 4.88631e-06 
3.3475 5.41113e-06 
3.355 3.98128e-06 
3.3525 4.41123e-06 
3.36 3.24044e-06 
3.3575 3.59229e-06 
3.365 2.63463e-06 
3.3625 2.92226e-06 
3.37 2.13978e-06 
3.3675 2.37467e-06 
3.375 1.73599e-06 
3.3725 1.9276e-06 
3.38 1.40687e-06 
3.3775 1.56301e-06 
3.385 1.1389e-06 
3.3825 1.26599e-06 
3.39 9.20961e-07 
3.3875 1.02429e-06 
3.395 7.43902e-07 
3.3925 8.27825e-07 
3.4 6.00216e-07 
3.3975 6.683e-07 
3.405 4.83742e-07 
3.4025 5.38916e-07 
3.41 3.89434e-07 
3.4075 4.34095e-07 
3.415 3.13158e-07 
3.4125 3.49268e-07 
3.42 2.51537e-07 
3.4175 2.80701e-07 
3.425 2.01812e-07 
3.4225 2.25339e-07 
3.43 1.61732e-07 
3.4275 1.80689e-07 
3.435 1.29463e-07 
3.4325 1.44721e-07 
3.44 1.03514e-07 
3.4375 1.1578e-07 
3.445 8.26699e-08 
3.4425 9.25198e-08 
3.45 6.59469e-08 
3.4475 7.38471e-08 
3.455 5.25455e-08 
3.4525 5.88746e-08 
3.46 4.18187e-08 
3.4575 4.68831e-08 
3.465 3.32428e-08 
3.4625 3.72904e-08 
3.47 2.63946e-08 
3.4675 2.96258e-08 
3.475 2.09325e-08 
3.4725 2.35089e-08 
3.48 1.65812e-08 
3.4775 1.8633e-08 
3.485 1.31188e-08 
3.4825 1.47509e-08 
3.49 1.03672e-08 
3.4875 1.16638e-08 
3.495 8.18292e-09 
3.4925 9.21187e-09 
3.5 6.45118e-09 
3.4975 7.26671e-09 
3.505 5.07986e-09 
3.5025 5.72545e-09 
3.51 3.99526e-09 
3.5075 4.5057e-09 
3.515 3.13846e-09 
3.5125 3.54157e-09 
3.52 2.46245e-09 
3.5175 2.7804e-09 
3.525 1.92973e-09 
3.5225 2.1802e-09 
3.53 1.51043e-09 
3.5275 1.70751e-09 
3.535 1.18082e-09 
3.5325 1.33569e-09 
3.54 9.22015e-10 
3.5375 1.04358e-09 
3.545 7.19066e-10 
3.5425 8.14363e-10 
3.55 5.6011e-10 
3.5475 6.34725e-10 
3.555 4.35763e-10 
3.5525 4.94114e-10 
3.56 3.38611e-10 
3.5575 3.84185e-10 
3.565 2.62798e-10 
3.5625 2.98351e-10 
3.57 2.03712e-10 
3.5675 2.31411e-10 
3.575 1.57718e-10 
3.5725 1.79273e-10 
3.58 1.2196e-10 
3.5775 1.38712e-10 
3.585 9.41937e-11 
3.5825 1.07197e-10 
3.59 7.26604e-11 
3.5875 8.27418e-11 
3.595 5.59813e-11 
3.5925 6.37875e-11 
3.6 4.30782e-11 
3.5975 4.91151e-11 
3.605 3.31086e-11 
3.6025 3.77715e-11 
3.61 2.54152e-11 
3.6075 2.90123e-11 
3.615 1.94856e-11 
3.6125 2.22571e-11 
3.62 1.49212e-11 
3.6175 1.70539e-11 
3.625 1.1412e-11 
3.6225 1.30511e-11 
3.63 8.7174e-12 
3.6275 9.9756e-12 
3.635 6.65091e-12 
3.6325 7.61551e-12 
3.64 5.06807e-12 
3.6375 5.80667e-12 
3.645 3.85721e-12 
3.6425 4.42205e-12 
3.65 2.93205e-12 
3.6475 3.36347e-12 
3.655 2.22606e-12 
3.6525 2.55517e-12 
3.66 1.688e-12 
3.6575 1.93874e-12 
3.665 1.27842e-12 
3.6625 1.46923e-12 
3.67 9.67044e-13 
3.6675 1.11205e-12 
3.675 7.3061e-13 
3.6725 8.40681e-13 
3.68 5.51307e-13 
3.6775 6.34753e-13 
3.685 4.155e-13 
3.6825 4.78682e-13 
3.69 3.12764e-13 
3.6875 3.60544e-13 
3.695 2.35142e-13 
3.6925 2.71231e-13 
3.7 1.76569e-13 
3.6975 2.03792e-13 
3.705 1.32425e-13 
3.7025 1.52935e-13 
3.71 9.91957e-14 
3.7075 1.14629e-13 
3.715 7.42141e-14 
3.7125 8.58132e-14 
3.72 5.54563e-14 
3.7175 6.41628e-14 
3.725 4.13891e-14 
3.7225 4.79162e-14 
3.73 3.08526e-14 
3.7275 3.57399e-14 
3.735 2.29704e-14 
3.7325 2.66253e-14 
3.74 1.70812e-14 
3.7375 1.98111e-14 
3.745 1.26864e-14 
3.7425 1.47229e-14 
3.75 9.41095e-15 
3.7475 1.09283e-14 
3.755 6.9727e-15 
3.7525 8.1018e-15 
3.76 5.1599e-15 
3.7575 5.99909e-15 
3.765 3.81378e-15 
3.7625 4.43673e-15 
3.77 2.81543e-15 
3.7675 3.27728e-15 
3.775 2.07591e-15 
3.7725 2.41791e-15 
3.78 1.52879e-15 
3.7775 1.78173e-15 
3.785 1.12451e-15 
3.7825 1.31135e-15 
3.79 8.26143e-16 
3.7875 9.6399e-16 
3.795 6.06212e-16 
3.7925 7.07788e-16 
3.8 4.44295e-16 
3.7975 5.19052e-16 
3.805 3.25234e-16 
3.8025 3.80187e-16 
3.81 2.37794e-16 
3.8075 2.78139e-16 
3.815 1.73654e-16 
3.8125 2.03239e-16 
3.82 1.26663e-16 
3.8175 1.48331e-16 
3.825 9.22777e-17 
3.8225 1.08127e-16 
3.83 6.71467e-17 
3.8275 7.87269e-17 
3.835 4.88019e-17 
3.8325 5.72523e-17 
3.84 3.54268e-17 
3.8375 4.15859e-17 
3.845 2.5687e-17 
3.8425 3.01706e-17 
3.85 1.86028e-17 
3.8475 2.18629e-17 
3.855 1.34565e-17 
3.8525 1.5824e-17 
3.86 9.72243e-18 
3.8575 1.14397e-17 
3.865 7.01627e-18 
3.8625 8.26042e-18 
3.87 5.05742e-18 
3.8675 5.95771e-18 
3.875 3.6412e-18 
3.8725 4.29188e-18 
3.88 2.61851e-18 
3.8775 3.08823e-18 
3.885 1.88088e-18 
3.8825 2.21956e-18 
3.89 1.34947e-18 
3.8875 1.59339e-18 
3.895 9.67092e-19 
3.8925 1.14255e-18 
3.9 6.92268e-19 
3.8975 8.18334e-19 
3.905 4.94979e-19 
3.9025 5.8545e-19 
3.91 3.53514e-19 
3.9075 4.18365e-19 
3.915 2.52197e-19 
3.9125 2.98628e-19 
3.92 1.79716e-19 
3.9175 2.12922e-19 
3.925 1.27925e-19 
3.9225 1.51645e-19 
3.93 9.09589e-20 
3.9275 1.07884e-19 
3.935 6.46051e-20 
3.9325 7.66675e-20 
3.94 4.58378e-20 
3.9375 5.44251e-20 
3.945 3.2488e-20 
3.9425 3.85946e-20 
3.95 2.30024e-20 
3.9475 2.73401e-20 
3.955 1.62697e-20 
3.9525 1.93476e-20 
3.96 1.14963e-20 
3.9575 1.36779e-20 
3.965 8.11553e-21 
3.9625 9.6602e-21 
3.97 5.72359e-21 
3.9675 6.81615e-21 
3.975 4.033e-21 
3.9725 4.80499e-21 
3.98 2.83931e-21 
3.9775 3.38426e-21 
3.985 1.9973e-21 
3.9825 2.3816e-21 
3.99 1.40391e-21 
3.9875 1.67467e-21 
3.995 9.86119e-22 
3.9925 1.17671e-21 
4 6.92213e-22 
3.9975 8.26255e-22 
4.005 4.85628e-22 
4.0025 5.79825e-22 
4.01 3.40534e-22 
4.0075 4.06679e-22 
4.015 2.38699e-22 
4.0125 2.85115e-22 
4.02 1.67272e-22 
4.0175 1.99823e-22 
4.025 1.17202e-22 
4.0225 1.40017e-22 
4.03 8.212e-23 
4.0275 9.81035e-23 
4.035 5.75482e-23 
4.0325 6.87421e-23 
4.04 4.03426e-23 
4.0375 4.81804e-23 
4.045 2.82964e-23 
4.0425 3.37838e-23 
4.05 1.98625e-23 
4.0475 2.37045e-23 
4.055 1.39565e-23 
4.0525 1.66471e-23 
4.06 9.81917e-24 
4.0575 1.17043e-23 
4.065 6.91922e-24 
4.0625 8.24078e-24 
4.07 4.88492e-24 
4.0675 5.81223e-24 
4.075 3.45636e-24 
4.0725 4.10776e-24 
4.08 2.45182e-24 
4.0775 2.91006e-24 
4.085 1.74429e-24 
4.0825 2.0672e-24 
4.09 1.24498e-24 
4.0875 1.473e-24 
4.095 8.91798e-25 
4.0925 1.05319e-24 
4.1 6.41316e-25 
4.0975 7.55866e-25 
4.105 4.63135e-25 
4.1025 5.44691e-25 
4.11 3.35958e-25 
4.1075 3.94225e-25 
4.115 2.44847e-25 
4.1125 2.86634e-25 
4.12 1.7931e-25 
4.1175 2.09402e-25 
4.125 1.31963e-25 
4.1225 1.53729e-25 
4.13 9.75991e-26 
4.1275 1.13417e-25 
4.135 7.25386e-26 
4.1325 8.40894e-26 
4.14 5.41718e-26 
4.1375 6.26488e-26 
4.145 4.06428e-26 
4.1425 4.68955e-26 
4.15 3.06271e-26 
4.1475 3.52623e-26 
4.155 2.31751e-26 
4.1525 2.66284e-26 
4.16 1.76037e-26 
4.1575 2.01889e-26 
4.165 1.34188e-26 
4.1625 1.5363e-26 
4.17 1.02614e-26 
4.1675 1.17299e-26 
4.175 7.86923e-27 
4.1725 8.98301e-27 
4.18 6.04993e-27 
4.1775 6.89783e-27 
4.185 4.66144e-27 
4.1825 5.30913e-27 
4.19 3.59838e-27 
4.1875 4.09466e-27 
4.195 2.7822e-27 
4.1925 3.1635e-27 
4.2 2.154e-27 
4.1975 2.44765e-27 
4.205 1.66944e-27 
4.2025 1.89607e-27 
4.21 1.295e-27 
4.2075 1.47021e-27 
4.215 1.00521e-27 
4.2125 1.14086e-27 
4.22 7.80629e-28 
4.2175 8.85783e-28 
4.225 6.06414e-28 
4.2225 6.88007e-28 
4.23 4.71158e-28 
4.2275 5.34517e-28 
4.235 3.66085e-28 
4.2325 4.15312e-28 
4.24 2.84423e-28 
4.2375 3.22685e-28 
4.245 2.20939e-28 
4.2425 2.50685e-28 
4.25 1.7158e-28 
4.2475 1.94708e-28 
4.255 1.33203e-28 
4.2525 1.51186e-28 
4.26 1.03368e-28 
4.2575 1.17348e-28 
4.265 8.01787e-29 
4.2625 9.10435e-29 
4.27 6.21594e-29 
4.2675 7.06011e-29 
4.275 4.81626e-29 
4.2725 5.47191e-29 
4.28 3.72952e-29 
4.2775 4.23852e-29 
4.285 2.88615e-29 
4.2825 3.28111e-29 
4.29 2.232e-29 
4.2875 2.5383e-29 
4.295 1.72492e-29 
4.2925 1.96232e-29 
4.3 1.33208e-29 
4.2975 1.51596e-29 
4.305 1.02794e-29 
4.3025 1.17028e-29 
4.31 7.9264e-30 
4.3075 9.0274e-30 
4.315 6.10725e-30 
4.3125 6.95829e-30 
4.32 4.70187e-30 
4.3175 5.35921e-30 
4.325 3.61696e-30 
4.3225 4.1243e-30 
4.33 2.7801e-30 
4.3275 3.17136e-30 
4.335 2.13508e-30 
4.3325 2.43659e-30 
4.34 1.63834e-30 
4.3375 1.87048e-30 
4.345 1.25609e-30 
4.3425 1.43469e-30 
4.35 9.62195e-31 
4.3475 1.09948e-30 
4.355 7.36423e-31 
4.3525 8.41864e-31 
4.36 5.63132e-31 
4.3575 6.44044e-31 
4.365 4.30237e-31 
4.3625 4.92273e-31 
4.37 3.28411e-31 
4.3675 3.75932e-31 
4.375 2.50459e-31 
4.3725 2.8683e-31 
4.38 1.90837e-31 
4.3775 2.18649e-31 
4.385 1.45275e-31 
4.3825 1.66523e-31 
4.39 1.1049e-31 
4.3875 1.26709e-31 
4.395 8.39566e-32 
4.3925 9.63248e-32 
4.4 6.37358e-32 
4.3975 7.31591e-32 
4.405 4.83402e-32 
4.4025 5.55131e-32 
4.41 3.66291e-32 
4.4075 4.2084e-32 
4.415 2.77291e-32 
4.4125 3.18736e-32 
4.42 2.09718e-32 
4.4175 2.41177e-32 
4.425 1.58461e-32 
4.4225 1.82318e-32 
4.43 1.19618e-32 
4.4275 1.37693e-32 
4.435 9.02104e-33 
4.4325 1.03891e-32 
4.44 6.79672e-33 
4.4375 7.83121e-33 
4.445 5.11593e-33 
4.4425 5.89743e-33 
4.45 3.84707e-33 
4.4475 4.43689e-33 
4.455 2.89011e-33 
4.4525 3.33483e-33 
4.46 2.16909e-33 
4.4575 2.50408e-33 
4.465 1.62636e-33 
4.4625 1.87844e-33 
4.47 1.21824e-33 
4.4675 1.40775e-33 
4.475 9.11634e-34 
4.4725 1.05397e-33 
4.48 6.81526e-34 
4.4775 7.88321e-34 
4.485 5.08999e-34 
4.4825 5.89049e-34 
4.49 3.79771e-34 
4.4875 4.39715e-34 
4.495 2.83072e-34 
4.4925 3.27915e-34 
4.5 2.10786e-34 
4.4975 2.44299e-34 
4.505 1.56803e-34 
4.5025 1.81823e-34 
4.51 1.16529e-34 
4.5075 1.3519e-34 
4.515 8.65123e-35 
4.5125 1.00417e-34 
4.52 6.41636e-35 
4.5175 7.45137e-35 
4.525 4.75406e-35 
4.5225 5.52369e-35 
4.53 3.51887e-35 
4.5275 4.0906e-35 
4.535 2.60199e-35 
4.5325 3.02627e-35 
4.54 1.92208e-35 
4.5375 2.23661e-35 
4.545 1.41839e-35 
4.5425 1.65134e-35 
4.55 1.04564e-35 
4.5475 1.21799e-35 
4.555 7.70071e-36 
4.5525 8.9745e-36 
4.56 5.66549e-36 
4.5575 6.60598e-36 
4.565 4.16393e-36 
4.5625 4.85762e-36 
4.57 3.05723e-36 
4.5675 3.56836e-36 
4.575 2.24238e-36 
4.5725 2.61862e-36 
4.58 1.64305e-36 
4.5775 1.9197e-36 
4.585 1.20267e-36 
4.5825 1.40589e-36 
4.59 8.79425e-37 
4.5875 1.02855e-36 
4.595 6.42403e-37 
4.5925 7.51721e-37 
4.6 4.68783e-37 
4.5975 5.48836e-37 
4.605 3.41736e-37 
4.6025 4.00299e-37 
4.61 2.48865e-37 
4.6075 2.91663e-37 
4.615 1.81047e-37 
4.6125 2.12291e-37 
4.62 1.31575e-37 
4.6175 1.54361e-37 
4.625 9.55234e-38 
4.6225 1.12123e-37 
4.63 6.92785e-38 
4.6275 8.13593e-38 
4.635 5.01926e-38 
4.6325 5.89756e-38 
4.64 3.63273e-38 
4.6375 4.27061e-38 
4.645 2.62651e-38 
4.6425 3.0893e-38 
4.65 1.89705e-38 
4.6475 2.23245e-38 
4.655 1.36876e-38 
4.6525 1.6116e-38 
4.66 9.86574e-39 
4.6575 1.1622e-38 
4.665 7.10367e-39 
4.6625 8.37259e-39 
4.67 5.1096e-39 
4.6675 6.02543e-39 
4.675 3.67149e-39 
4.6725 4.33179e-39 
4.68 2.63541e-39 
4.6775 3.11099e-39 
4.685 1.88975e-39 
4.6825 2.23192e-39 
4.69 1.35366e-39 
4.6875 1.5996e-39 
4.695 9.68652e-40 
4.6925 1.14523e-39 
4.7 6.92429e-40 
4.6975 8.19077e-40 
4.705 4.94461e-40 
4.7025 5.85204e-40 
4.71 3.52728e-40 
4.7075 4.17676e-40 
4.715 2.5136e-40 
4.7125 2.97798e-40 
4.72 1.78939e-40 
4.7175 2.12106e-40 
4.725 1.27251e-40 
4.7225 1.50916e-40 
4.73 9.03997e-41 
4.7275 1.07267e-40 
4.735 6.41539e-41 
4.7325 7.61637e-41 
4.74 4.54809e-41 
4.7375 5.4023e-41 
4.745 3.22095e-41 
4.7425 3.82789e-41 
4.75 2.27871e-41 
4.7475 2.7095e-41 
4.755 1.61043e-41 
4.7525 1.91588e-41 
4.76 1.13696e-41 
4.7575 1.35331e-41 
4.765 8.01864e-42 
4.7625 9.54942e-42 
4.77 5.64942e-42 
4.7675 6.7314e-42 
4.775 3.97609e-42 
4.7725 4.74005e-42 
4.78 2.7955e-42 
4.7775 3.33435e-42 
4.785 1.96341e-42 
4.7825 2.34308e-42 
4.79 1.37757e-42 
4.7875 1.64481e-42 
4.795 9.65528e-43 
4.7925 1.15343e-42 
4.8 6.76031e-43 
4.7975 8.08013e-43 
4.805 4.72845e-43 
4.8025 5.65451e-43 
4.81 3.30385e-43 
4.8075 3.95296e-43 
4.815 2.30607e-43 
4.8125 2.76057e-43 
4.82 1.60796e-43 
4.8175 1.92587e-43 
4.825 1.12003e-43 
4.8225 1.34216e-43 
4.83 7.79348e-44 
4.8275 9.34398e-44 
4.835 5.41733e-44 
4.8325 6.49846e-44 
4.84 3.76175e-44 
4.8375 4.51481e-44 
4.845 2.60943e-44 
4.8425 3.13343e-44 
4.85 1.80823e-44 
4.8475 2.17246e-44 
4.855 1.25173e-44 
4.8525 1.50464e-44 
4.86 8.65605e-45 
4.8575 1.04104e-44 
4.865 5.97972e-45 
4.8625 7.19536e-45 
4.87 4.12661e-45 
4.8675 4.96809e-45 
4.875 2.84484e-45 
4.8725 3.42671e-45 
4.88 1.95918e-45 
4.8775 2.36112e-45 
4.885 1.34786e-45 
4.8825 1.62521e-45 
4.89 9.26328e-46 
4.8875 1.11752e-45 
4.895 6.35973e-46 
4.8925 7.67632e-46 
4.9 4.3618e-46 
4.8975 5.26749e-46 
4.905 2.98845e-46 
4.9025 3.61083e-46 
4.91 2.0454e-46 
4.9075 2.47265e-46 
4.915 1.39851e-46 
4.9125 1.6915e-46 
4.92 9.55226e-47 
4.9175 1.15594e-46 
4.925 6.51781e-47 
4.9225 7.89141e-47 
4.93 4.44277e-47 
4.9275 5.38181e-47 
4.935 3.02527e-47 
4.9325 3.66656e-47 
4.94 2.05796e-47 
4.9375 2.49546e-47 
4.945 1.39858e-47 
4.9425 1.69672e-47 
4.95 9.49593e-48 
4.9475 1.15254e-47 
4.955 6.44235e-48 
4.9525 7.8221e-48 
4.96 4.36848e-48 
4.9575 5.30515e-48 
4.965 2.96256e-48 
4.9625 3.59717e-48 
4.97 2.01211e-48 
4.9675 2.4407e-48 
4.975 1.37275e-48 
4.9725 1.66052e-48 
4.98 9.46833e-49 
4.9775 1.1378e-48 
4.985 6.69035e-49 
4.9825 7.92524e-49 
4.99 4.9655e-49 
4.9875 5.71609e-49 
4.995 4.02711e-49 
4.9925 4.40954e-49 
5 3.7297e-49 
4.9975 3.8033e-49 
